3 0.16299012708333332 0.4170390425925926 0.17738464635416668 0.41701054444444446 0.17733628854166666 0.49824451388888885 0.1539693734375 0.49818181851851856 0.1539875078125 0.48784268981481477 0.15148901875 0.48784268981481477 0.151470884375 0.501718437962963 0.181303646875 0.5017697351851851 0.18129357239583335 0.4169563981481481 0.19221237135416666 0.41701054444444446 0.19224864010416667 0.41148190370370374 0.159119484375 0.4113764601851852 0.15902478333333334 0.4279082361111111 0.15152730208333332 0.4278284407407407 0.15156558541666668 0.433462525 0.1630082609375 0.43349387314814813 0.16299012708333332 0.4170390425925926
3 0.18117469270833333 0.5744001138888889 0.18253072760416666 0.5744742092592593 0.18272214375 0.5240524370370371 0.17878097916666666 0.524032487962963 0.17893008281249997 0.5683556564814815 0.1719867015625 0.568261612962963 0.1719867015625 0.5739555425925926 0.17721942395833334 0.5739355944444445 0.17715696145833335 0.5981020231481482 0.1721982671875 0.5980279277777778 0.17213379010416666 0.6036392138888889 0.1853919 0.6036221148148148 0.18536167656250002 0.5981162722222222 0.18110820052083335 0.598079225 0.18117469270833333 0.5744001138888889
4 0.31311908125 0.5980393277777778 0.2846141447916667 0.5981077231481481 0.28467459218749996 0.6048902824074075 0.31303848489583336 0.6049073814814815 0.31311908125 0.5980393277777778
4 0.3128249041666667 0.5659361638888889 0.28477735260416664 0.565950412962963 0.28480354635416666 0.5744856083333334 0.3127705015625 0.5744941583333334 0.3128249041666667 0.5659361638888889
4 0.27231513177083333 0.565958962962963 0.24454966770833333 0.5659447138888889 0.24452750364583334 0.5744884583333334 0.27232722135416665 0.5744115129629629 0.27231513177083333 0.565958962962963
4 0.27129155729166665 0.5980022796296296 0.24275639739583335 0.598079225 0.24274833750000002 0.6060359074074074 0.271162603125 0.6059903101851851 0.27129155729166665 0.5980022796296296
4 0.23242192239583334 0.598062125925926 0.18536167656250002 0.5981162722222222 0.18542816822916666 0.6048731833333334 0.23229296770833333 0.6048874324074074 0.23242192239583334 0.598062125925926
4 0.2319867015625 0.5659789111111111 0.18566995781249998 0.5659105157407407 0.18574853906250002 0.5745141064814815 0.23200080572916668 0.5744884583333334 0.2319867015625 0.5659789111111111
4 0.14835381822916668 0.57384155 0.1719867015625 0.5739555425925926 0.1719867015625 0.566332287962963 0.14840620572916666 0.5662980907407408 0.14835381822916668 0.57384155
4 0.1721982671875 0.5980279277777778 0.14890187395833332 0.5980906240740741 0.148837396875 0.6049330296296296 0.17215192447916666 0.6048418351851852 0.1721982671875 0.5980279277777778
4 0.1443038484375 0.5980564259259259 0.1314406609375 0.598067825925926 0.13145879531250002 0.6072613277777777 0.14425347552083334 0.607500712037037 0.1443038484375 0.5980564259259259
4 0.15152730208333332 0.4278284407407407 0.13625226666666668 0.42791393518518517 0.13625226666666668 0.4334739240740741 0.15156558541666668 0.433462525 0.15152730208333332 0.4278284407407407
4 0.19221237135416666 0.41701054444444446 0.21453959322916666 0.41699059537037036 0.21450533958333334 0.41000285000000003 0.19229296770833332 0.40993445462962963 0.19221237135416666 0.41701054444444446
4 0.243260125 0.4114847537037037 0.2373000203125 0.4114391564814815 0.2373000203125 0.41704759166666666 0.24327221458333334 0.4170219435185185 0.243260125 0.4114847537037037
4 0.2582168041666667 0.41147335462962964 0.24615756614583334 0.4114648046296296 0.2461233125 0.41703049259259256 0.2582611322916667 0.4170162435185185 0.2582168041666667 0.41147335462962964
2 0.21173483802083334 0.44030493055555553 0.22553092864583332 0.4402678824074074 0.22540801927083332 0.41777714444444447 0.21157364479166668 0.4176831009259259 0.21173483802083334 0.44030493055555553
2 0.25552085416666664 0.5212795666666666 0.24181744895833335 0.5212795666666666 0.24181744895833335 0.5438985462962963 0.2552528713541667 0.5439640925925926 0.25552085416666664 0.5212795666666666
3 0.32167640520833335 0.5659361638888889 0.3128249041666667 0.5659361638888889 0.3127705015625 0.5744941583333334 0.3216582713541667 0.5744941583333334 0.32167640520833335 0.5659361638888889
3 0.7408724562500001 0.6048076379629629 0.7543098932291666 0.6047620407407408 0.7542897442708333 0.5981077231481481 0.7407898447916667 0.5980079796296296 0.7408724562500001 0.6048076379629629
4 0.6180294177083333 0.57384155 0.6416623010416667 0.5739555425925926 0.6416623010416667 0.566332287962963 0.6180818052083333 0.5662980907407408 0.6180294177083333 0.57384155
4 0.6139794479166666 0.5980564259259259 0.6011162604166667 0.598067825925926 0.6011343942708333 0.6072613277777777 0.6139290749999999 0.607500712037037 0.6139794479166666 0.5980564259259259
3 0.6508502921874999 0.5744001138888889 0.6522063265625 0.5744742092592593 0.6523977432291667 0.5240524370370371 0.6484565786458333 0.524032487962963 0.6486056822916667 0.5683556564814815 0.6416623010416667 0.568261612962963 0.6416623010416667 0.5739555425925926 0.6468950229166667 0.5739355944444445 0.6468325609375001 0.5981020231481482 0.6418738666666666 0.5980279277777778 0.6418093895833333 0.6036392138888889 0.6550674994791666 0.6036221148148148 0.6550372760416666 0.5981162722222222 0.6507837999999999 0.598079225 0.6508502921874999 0.5744001138888889
4 0.7129357244791666 0.4114847537037037 0.7069756197916667 0.4114391564814815 0.7069756197916667 0.41704759166666666 0.7129478140625001 0.4170219435185185 0.7129357244791666 0.4114847537037037
4 0.6418738666666666 0.5980279277777778 0.6185774734374999 0.5980906240740741 0.6185129963541667 0.6049330296296296 0.6418275234375 0.6048418351851852 0.6418738666666666 0.5980279277777778
3 0.6326657265625 0.4170390425925926 0.6470602458333333 0.41701054444444446 0.6470118880208333 0.49824451388888885 0.6237960911458333 0.49822456574074075 0.6238101953124999 0.4843089203703704 0.6211605885416667 0.4843260185185185 0.6211464838541667 0.501718437962963 0.6509792463541667 0.5017697351851851 0.6509691718749999 0.4169563981481481 0.6619544630208334 0.4170133944444444 0.6619242395833334 0.41148190370370374 0.6287950838541666 0.4113764601851852 0.6287003828125 0.4279082361111111 0.6212029015625 0.4278284407407407 0.6212411848958334 0.433462525 0.6326838604166666 0.43349387314814813 0.6326657265625 0.4170390425925926
3 0.6154422729166666 0.5907352518518518 0.6154281682291667 0.5980934740740741 0.6139794479166666 0.5980564259259259 0.6139915375 0.6035195212962963 0.6185250854166667 0.6035822175925926 0.6186137416666667 0.5907181537037037 0.6154422729166666 0.5907352518518518
3 0.7019927463541666 0.6047249925925926 0.7123937135416667 0.6047249925925926 0.712431996875 0.598079225 0.7019544630208333 0.598062125925926 0.7019927463541666 0.6047249925925926
3 0.7593350796874999 0.46276717037037035 0.7915051380208333 0.4626816759259259 0.7913076765625 0.5217041888888889 0.7655671973958333 0.5216842407407408 0.7655309286458334 0.5253234537037037 0.7913963328125 0.52538615 0.7913157364583333 0.598076375 0.7827080395833333 0.5980421768518518 0.7827302036458333 0.6035964666666667 0.7953012291666667 0.6036905101851853 0.7953415270833334 0.46282131666666665 0.8271972598958333 0.4628669138888889 0.8271670359375 0.46171558888888886 0.8284525489583333 0.4617583361111111 0.8283860567708333 0.45719293240740744 0.7954261536458334 0.45716728425925923 0.7582127744791667 0.4572071814814815 0.7582268786458334 0.4615132518518518 0.7593612734375 0.4615132518518518 0.7593350796874999 0.46276717037037035
3 0.7394197057291667 0.40891992037037034 0.7769111427083334 0.4087831287037037 0.7768849484375 0.4031661444444445 0.7394197057291667 0.40308065000000004 0.7394217208333332 0.3804873185185185 0.7771710661458333 0.3805357648148148 0.777144871875 0.36458250185185187 0.7732299010416667 0.36461954999999996 0.7731815432291668 0.3748361361111111 0.7394358249999999 0.374810487037037 0.7394479145833334 0.324049587037037 0.7731835583333333 0.32397834166666667 0.7731835583333333 0.3396665712962963 0.7771126333333334 0.33964662314814814 0.7771025588541666 0.31824166388888886 0.7354704817708334 0.3181561694444444 0.7354825708333333 0.41145055555555554 0.7278924036458334 0.41147335462962964 0.7279367317708334 0.4170162435185185 0.7306467864583334 0.41698489629629626 0.7306911140625 0.4587033342592593 0.7001208947916666 0.4587346824074074 0.7001430588541666 0.46424622407407407 0.7314084223958334 0.46418352777777777 0.7314970781250001 0.47289256203703706 0.7312290953125 0.47346252499999997 0.7311726776041667 0.4985750925925926 0.7351138421875 0.49859504166666674 0.7349466046875001 0.4627244231481481 0.741329840625 0.46278996851851856 0.741329840625 0.4614904527777778 0.7424481161458334 0.4614904527777778 0.7424340114583334 0.4573240240740741 0.7346161593749999 0.4572955259259259 0.7345798911458333 0.4170048444444444 0.7394479145833334 0.4169279 0.7394197057291667 0.40891992037037034
4 0.8525891598958334 0.34070390462962963 0.8526093088541666 0.3238985462962963 0.8486097119791667 0.3239498435185185 0.8486238161458334 0.34070390462962963 0.8525891598958334 0.34070390462962963
4 0.8054563770833333 0.3182502138888889 0.7771025588541666 0.31824166388888886 0.7770944994791668 0.3235594185185185 0.8054321984375 0.32349672314814815 0.8054563770833333 0.3182502138888889
2 0.8053919 0.3968794527777778 0.8054201088541666 0.4202792814814815 0.8255631671875 0.420199487037037 0.8255631671875 0.39699629537037034 0.8053919 0.3968794527777778
2 0.8284525489583333 0.4617583361111111 0.8439069109375 0.4616101453703704 0.8439935520833333 0.4374180675925926 0.828299415625 0.43754630925925925 0.8284525489583333 0.4617583361111111
3 0.8452609307291666 0.46283271574074075 0.8559822687499999 0.4628042175925926 0.8559540598958333 0.4114277574074074 0.8525710255208333 0.41150755185185184 0.8525891598958334 0.34070390462962963 0.8486238161458334 0.34070390462962963 0.8486056822916667 0.42009404351851853 0.8054201088541666 0.4202792814814815 0.8054402578125 0.42591336574074073 0.8520451338541667 0.4258877175925926 0.8520451338541667 0.4572784268518519 0.8439250453124999 0.45728697592592593 0.8439069109375 0.4616101453703704 0.8452951843750001 0.4616044453703704 0.8452609307291666 0.46283271574074075
3 0.8525750552083333 0.3182958111111111 0.8054563770833333 0.3182502138888889 0.8053919 0.3968794527777778 0.8095164213541667 0.39678540925925926 0.8094841828125 0.32403533796296297 0.8526093088541666 0.3238985462962963 0.8525750552083333 0.3182958111111111
3 0.5982228489583333 0.5739384444444444 0.6180294177083333 0.57384155 0.6180294177083333 0.5683756055555556 0.5979427765625 0.5683357083333332 0.5979427765625 0.5598090620370371 0.5982429984375001 0.5594585351851852 0.5981765062500001 0.4334511259259259 0.6059278661458334 0.4334739240740741 0.6059278661458334 0.42791393518518517 0.5941366109375 0.42782559166666667 0.5941487005208334 0.6035822175925926 0.6011424541666667 0.6035622685185186 0.6011162604166667 0.598067825925926 0.5982067296875001 0.598067825925926 0.5982228489583333 0.5739384444444444
3 0.7069756197916667 0.4114391564814815 0.6842192223958333 0.41145625555555554 0.6842151921874999 0.41699059537037036 0.7069756197916667 0.41704759166666666 0.7069756197916667 0.4114391564814815
3 0.715833165625 0.4114648046296296 0.7129357244791666 0.4114847537037037 0.7129478140625001 0.4170219435185185 0.7157989119791667 0.41703049259259256 0.715833165625 0.4114648046296296
3 0.7407213380208333 0.49542604722222217 0.7351219020833334 0.49536905092592587 0.7351219020833334 0.49782559166666673 0.7407374572916667 0.49787403796296303 0.7407213380208333 0.49542604722222217
2 0.6376949427083333 0.46791678518518515 0.6469856942708333 0.46774009722222226 0.6469856942708333 0.4551410657407407 0.6377392708333333 0.45529780555555555 0.6376949427083333 0.46791678518518515
2 0.6205440260416667 0.4640239388888889 0.608158371875 0.46415218055555557 0.6082268786458334 0.47053291574074074 0.6205480557291666 0.47053291574074074 0.6205440260416667 0.4640239388888889
2 0.7194217208333333 0.49463664907407406 0.7083215796875 0.49469934444444447 0.708325609375 0.5034425759259259 0.719427765625 0.503282987037037 0.7194217208333333 0.49463664907407406
4 0.7080012088541667 0.4315987462962963 0.7080213578125 0.43491593055555555 0.7306407416666667 0.43495297777777775 0.7306407416666667 0.4316471925925926 0.7080012088541667 0.4315987462962963
3 0.7655289140625 0.4978626388888889 0.7654866010416667 0.5046309490740741 0.7681624015625 0.5046879453703704 0.768105984375 0.4733257342592593 0.7914749145833333 0.4733228842592593 0.7914749145833333 0.4703134796296296 0.7677352406250001 0.470387575 0.7677493453125 0.4633542324074074 0.7656699578125 0.4633912796296296 0.7655168244791667 0.4954431462962963 0.7596957484375 0.4953519518518518 0.7596574651041668 0.4978056425925926 0.7655289140625 0.4978626388888889
2 0.6989260526041666 0.4391792537037037 0.6989462020833332 0.4587403814814815 0.7149183963541667 0.4587403814814815 0.7150130968749999 0.43925619814814815 0.6989260526041666 0.4391792537037037
3 0.5982651619791667 0.49890852129629626 0.5982490427083333 0.5014106583333333 0.6070985291666666 0.5013451129629629 0.6070985291666666 0.4989968648148148 0.5982651619791667 0.49890852129629626
2 0.6212411848958334 0.4677913935185185 0.6211605885416667 0.4843260185185185 0.634537578125 0.48416072962962964 0.634652428125 0.46792818425925925 0.6212411848958334 0.4677913935185185
3 0.6081805359375 0.46482758611111114 0.5982006848958333 0.46472214351851854 0.598210759375 0.4668965518518518 0.60822889375 0.4668110574074074 0.6081805359375 0.46482758611111114
3 0.7061535359375 0.49862068981481483 0.7083175500000001 0.49865773703703703 0.7082450130208334 0.46513536574074077 0.7061313723958332 0.4651581648148148 0.7061535359375 0.49862068981481483
3 0.7251742895833334 0.5248532342592592 0.7483054604166667 0.5247876888888889 0.7482671770833333 0.5962581935185185 0.7500423130208334 0.5962211453703704 0.7500020151041666 0.5220376175925926 0.7252206328124999 0.5219464231481481 0.7251742895833334 0.5248532342592592
3 0.7114990932291666 0.5214106583333333 0.7071771104166668 0.5214391564814814 0.7071952447916666 0.567127387037037 0.7075700182291667 0.5671017379629629 0.7075700182291667 0.5962040462962962 0.7111223052083333 0.5961783981481481 0.7110658875 0.567127387037037 0.7114990932291666 0.5670760898148148 0.7114990932291666 0.5214106583333333
3 0.6288313520833333 0.4639925907407408 0.6205440260416667 0.4640239388888889 0.6205339510416666 0.4677343972222222 0.6376949427083333 0.46791678518518515 0.6377211364583334 0.4664776287037037 0.6312492442708333 0.46646052962962964 0.6312190208333334 0.4476888 0.6470118880208333 0.4477429462962963 0.6469997984375 0.4444599601851852 0.6311303645833333 0.4444400111111111 0.6310779770833334 0.4346394981481482 0.6290429177083333 0.4346765462962963 0.6288313520833333 0.4639925907407408
2 0.7424481161458334 0.4614904527777778 0.7582268786458334 0.4615132518518518 0.7582127744791667 0.4374807638888889 0.7424259520833334 0.4373240240740741 0.7424481161458334 0.4614904527777778
3 0.7640116864583334 0.5247905388888888 0.7655248843750001 0.524824736111111 0.7655792869791667 0.5220376175925926 0.7640056416666667 0.5220347675925926 0.7640116864583334 0.5247905388888888
2 0.7639834776041667 0.5212453694444444 0.7500725369791666 0.5212824166666666 0.7500846260416666 0.5439070962962963 0.764035865625 0.5440324879629629 0.7639834776041667 0.5212453694444444
2 0.7251964536458334 0.5212795666666666 0.7114930484375 0.5212795666666666 0.7114930484375 0.5438985462962963 0.7249284708333333 0.5439640925925926 0.7251964536458334 0.5212795666666666
2 0.6186137416666667 0.5907181537037037 0.6184928468750001 0.5738557990740741 0.6042111625000001 0.5739441435185185 0.6041648197916667 0.5906668564814815 0.6186137416666667 0.5907181537037037
2 0.6524944588541667 0.524046737037037 0.652510578125 0.5018238814814815 0.6339693734375 0.5017782842592593 0.6339048963541667 0.5240552861111111 0.6524944588541667 0.524046737037037
2 0.7652468265625 0.5046309490740741 0.7652730203125 0.5216842407407408 0.7791376182291666 0.5215816472222222 0.7790288130208334 0.5047791398148148 0.7652468265625 0.5046309490740741
4 0.7278924036458334 0.41147335462962964 0.715833165625 0.4114648046296296 0.7157989119791667 0.41703049259259256 0.7279367317708334 0.4170162435185185 0.7278924036458334 0.41147335462962964
4 0.7826556520833333 0.5951467657407408 0.7542836994791667 0.5950726703703704 0.7543501916666667 0.6048902824074075 0.782714084375 0.6049073814814815 0.7826556520833333 0.5951467657407408
4 0.7407777552083333 0.5950897694444445 0.712405803125 0.5950527212962963 0.7124239369791667 0.6060359074074074 0.7408382026041667 0.6059903101851851 0.7407777552083333 0.5950897694444445
4 0.7019141645833333 0.5950897694444445 0.655039290625 0.5950356222222222 0.6551037677083333 0.6048731833333334 0.7019685671875 0.6048874324074074 0.7019141645833333 0.5950897694444445
4 0.6212029015625 0.4278284407407407 0.6059278661458334 0.42791393518518517 0.6059701791666666 0.43626389259259263 0.6212391697916666 0.43626389259259263 0.6212029015625 0.4278284407407407
4 0.6619685671875001 0.420205187037037 0.6842192223958333 0.420188087962963 0.6841809390625 0.41000285000000003 0.6619685671875001 0.40993445462962963 0.6619685671875001 0.420205187037037
3 0.7023715494791667 0.43912225740740746 0.7023836390625 0.4349900259259259 0.7080213578125 0.43491593055555555 0.7080012088541667 0.4315987462962963 0.7023272213541667 0.43157024814814815 0.702405803125 0.41706469074074076 0.7002317145833333 0.4170133944444444 0.70030828125 0.4391051583333333 0.7023715494791667 0.43912225740740746
3 0.6629719927083334 0.5013821601851852 0.6629075156249999 0.4989626675925926 0.6509792463541667 0.4990196638888889 0.6509530526041666 0.5013622111111111 0.6629719927083334 0.5013821601851852
2 0.15139431770833334 0.4707779990740741 0.15138021354166667 0.48785123981481476 0.16508361875000002 0.48788828703703707 0.16501712656249998 0.4707779990740741 0.15139431770833334 0.4707779990740741
2 0.14893814218749998 0.5907181537037037 0.14881724739583332 0.5738557990740741 0.13453556302083333 0.5739441435185185 0.13448922031250002 0.5906668564814815 0.14893814218749998 0.5907181537037037
3 0.29433608697916663 0.5247905388888888 0.29584928489583334 0.524824736111111 0.2959036875 0.5220376175925926 0.29433004218750003 0.5220347675925926 0.29433608697916663 0.5247905388888888
2 0.182818859375 0.524046737037037 0.18283497864583334 0.5018238814814815 0.16429377395833333 0.5017782842592593 0.16422929687499999 0.5240552861111111 0.182818859375 0.524046737037037
2 0.29557122708333333 0.5046309490740741 0.29559742083333335 0.5216842407407408 0.30946201874999996 0.5215816472222222 0.30935321354166667 0.5047791398148148 0.29557122708333333 0.5046309490740741
2 0.2727725166666667 0.4614904527777778 0.2885512796875 0.4615132518518518 0.288537175 0.4374807638888889 0.27275035260416663 0.4373240240740741 0.2727725166666667 0.4614904527777778
2 0.29430787812500003 0.5212453694444444 0.2803969375 0.5212824166666666 0.2804090265625 0.5439070962962963 0.2943602661458333 0.5440324879629629 0.29430787812500003 0.5212453694444444
3 0.2896594802083333 0.46276717037037035 0.3218295385416667 0.4626816759259259 0.3216320776041667 0.5217041888888889 0.29589159791666664 0.5216842407407408 0.2958553296875 0.5253234537037037 0.32172073333333334 0.52538615 0.3216401369791667 0.598076375 0.31311908125 0.5980393277777778 0.3130546041666667 0.6035964666666667 0.32573241979166667 0.6036078657407407 0.3254583921875 0.462690225 0.3576062864583333 0.46269592499999995 0.35761031614583333 0.4616414935185185 0.358811203125 0.46166144166666667 0.35875881510416663 0.45722997962962963 0.28856336875 0.4572014814814815 0.2885512796875 0.4615132518518518 0.28968567395833333 0.4615132518518518 0.2896594802083333 0.46276717037037035
3 0.2697541807291667 0.4089398685185185 0.30723151302083335 0.40883442592592595 0.30726778177083336 0.40318324351851853 0.269780375 0.40305785092592594 0.26968970364583333 0.3804930175925926 0.3075216604166667 0.3804616703703704 0.30742494479166665 0.36454830462962967 0.3035281078125 0.3644542601851852 0.3035281078125 0.37490738148148145 0.269788434375 0.37496722685185185 0.2697541807291667 0.32397264166666667 0.30353213802083334 0.3238757481481481 0.3035986296875 0.33968082037037034 0.3074491234375 0.3397463666666667 0.30726778177083336 0.3182359648148148 0.2658029416666667 0.3182929611111111 0.2658029416666667 0.41149330277777774 0.2582168041666667 0.41147335462962964 0.2582611322916667 0.4170162435185185 0.26097118697916666 0.41698489629629626 0.26101551458333333 0.4587033342592593 0.2304452953125 0.4587346824074074 0.230467459375 0.46424622407407407 0.26173282291666666 0.46418352777777777 0.2618214791666667 0.47289256203703706 0.2615534958333333 0.47346252499999997 0.2615091677083333 0.49826731296296295 0.2654503322916667 0.4982331148148148 0.26527100520833335 0.4627244231481481 0.2716542411458333 0.46278996851851856 0.2716542411458333 0.4614904527777778 0.2727725166666667 0.4614904527777778 0.2727463229166667 0.4572670277777778 0.264942575 0.45724992870370373 0.264942575 0.41710458796296296 0.2697844046875 0.41706754074074076 0.2697541807291667 0.4089398685185185
2 0.3357928671875 0.39700199444444445 0.33577876302083337 0.42041892314814816 0.355629659375 0.4202792814814815 0.3553495869791667 0.3968652037037037 0.3357928671875 0.39700199444444445
2 0.358811203125 0.46166144166666667 0.37423735625 0.46175263611111106 0.37423937135416663 0.43744941574074075 0.3588494859375 0.43738956944444446 0.358811203125 0.46166144166666667
4 0.3828873666666667 0.3407779990740741 0.3827705015625 0.3238985462962963 0.3789723958333333 0.32402393888888886 0.3789623213541667 0.3407779990740741 0.3828873666666667 0.3407779990740741
4 0.3359278661458333 0.3183499574074074 0.30726778177083336 0.3182359648148148 0.30722748333333333 0.32348247407407404 0.33588958281250003 0.32348247407407404 0.3359278661458333 0.3183499574074074
3 0.3827705015625 0.3238985462962963 0.3827966953125 0.3182359648148148 0.3359278661458333 0.3183499574074074 0.3357928671875 0.39700199444444445 0.33985291145833335 0.39688515277777775 0.3397964942708333 0.32397549166666667 0.3827705015625 0.3238985462962963
3 0.3755369734375 0.46274152222222226 0.3862421921875 0.46287831296296295 0.3862704010416667 0.4170390425925926 0.38890791875 0.4170048444444444 0.38897642552083334 0.41145625555555554 0.3828873666666667 0.41139070925925925 0.3828873666666667 0.3407779990740741 0.3789623213541667 0.3407779990740741 0.3789623213541667 0.4201310916666667 0.33577876302083337 0.42041892314814816 0.3358694338541667 0.4259019666666667 0.382369534375 0.42603305740740743 0.3823916984375 0.4572584777777778 0.37430183333333333 0.45728697592592593 0.37424944583333336 0.46175263611111106 0.3755410036458333 0.46178968333333337 0.3755369734375 0.46274152222222226
2 0.13004634270833332 0.4707324027777778 0.1436953453125 0.47075235092592593 0.14362683854166666 0.4487403814814815 0.13000604479166666 0.44854944444444445 0.13004634270833332 0.4707324027777778
3 0.23267378593750002 0.4289455685185185 0.23273020364583333 0.41706469074074076 0.2303042515625 0.41706469074074076 0.2302861171875 0.42886862314814816 0.23267378593750002 0.4289455685185185
3 0.2304452953125 0.4587346824074074 0.23268184583333335 0.45870903425925924 0.23268184583333335 0.43181533240740744 0.22547854114583332 0.43174123703703704 0.22553092864583332 0.4402678824074074 0.22667942760416665 0.4403419777777778 0.22666733854166665 0.46677400925925927 0.22926254270833332 0.4669222 0.229198065625 0.45964947314814814 0.23042514583333332 0.45968652037037033 0.2304452953125 0.4587346824074074
3 0.2116441666666667 0.43175833611111114 0.1813258109375 0.43174123703703704 0.181303646875 0.4402935305555556 0.21173483802083334 0.44030493055555553 0.2116441666666667 0.43175833611111114
3 0.1596030625 0.44766030185185185 0.1764356234375 0.44765175277777774 0.17640942968749998 0.4444998574074074 0.16181341927083331 0.4444770592592593 0.16184767291666666 0.4335309203703704 0.15953657083333334 0.4335138212962963 0.1596030625 0.44766030185185185
3 0.14363288333333332 0.46240239351851853 0.1436953453125 0.47075235092592593 0.177374571875 0.47068395555555553 0.177348378125 0.4623966944444445 0.14363288333333332 0.46240239351851853
3 0.13004634270833332 0.4707324027777778 0.12999395520833332 0.4623710462962963 0.12855530937499998 0.4624166425925926 0.12836389270833334 0.46305215185185183 0.12831150520833334 0.4707324027777778 0.13004634270833332 0.4707324027777778
3 0.18566995781249998 0.5659105157407407 0.1825770703125 0.5658934166666667 0.18253878697916667 0.5744770592592592 0.18574853906250002 0.5745141064814815 0.18566995781249998 0.5659105157407407
3 0.2614849890625 0.4950498712962963 0.25731009479166667 0.49506982037037034 0.25727785625 0.4658107722222222 0.255321378125 0.4658278712962963 0.25526093072916667 0.49805927592592586 0.26152528697916666 0.49805927592592586 0.2614849890625 0.4950498712962963
1 0 0 0 1 1 1 1 0 0 0
3 0.719453959375 0.49859504166666674 0.7311585734375 0.4985750925925926 0.7311605885416667 0.4950498712962963 0.7269856942708334 0.49506982037037034 0.7269836791666666 0.46487318333333333 0.7249083213541667 0.4649102305555556 0.7249284708333333 0.49463664907407406 0.7194217208333333 0.49463664907407406 0.719453959375 0.49859504166666674
3 0.2554946604166667 0.5247734398148148 0.2785935927083333 0.5248275861111111 0.2786036671875 0.5659760611111111 0.27231513177083333 0.565958962962963 0.27232722135416665 0.5744115129629629 0.28480354635416666 0.5744856083333334 0.28477735260416664 0.565950412962963 0.2803304453125 0.5659276148148148 0.28034051979166663 0.5219920203703704 0.25552286927083334 0.5220034194444444 0.2554946604166667 0.5247734398148148
3 0.24181744895833335 0.5214448564814814 0.23748539166666666 0.5214078083333333 0.23750755572916665 0.5641521805555556 0.23778158385416667 0.564836136111111 0.23775539010416666 0.5659789111111111 0.2319867015625 0.5659789111111111 0.23200080572916668 0.5744884583333334 0.24452750364583334 0.5744884583333334 0.24454966770833333 0.5659447138888889 0.24156155572916665 0.5659817611111111 0.24154946614583334 0.564781988888889 0.24187588177083336 0.564411512962963 0.24181744895833335 0.5214448564814814
3 0.19079185989583333 0.5013622111111111 0.19079185989583333 0.4990196638888889 0.181303646875 0.4990196638888889 0.181277453125 0.5013622111111111 0.19079185989583333 0.5013622111111111
3 0.2710457385416667 0.49542604722222217 0.2654463026041667 0.49536905092592587 0.2654463026041667 0.49782559166666673 0.2710618578125 0.49787403796296303 0.2710457385416667 0.49542604722222217
3 0.29585331458333336 0.4978626388888889 0.2958110015625 0.5046309490740741 0.29848680208333334 0.5046879453703704 0.29843038489583334 0.4733257342592593 0.32179931510416665 0.4733228842592593 0.32179931510416665 0.4703134796296296 0.29805964114583333 0.470387575 0.29807374583333335 0.4633542324074074 0.2959943583333333 0.4633912796296296 0.295841225 0.4954431462962963 0.29002014895833333 0.4953519518518518 0.289981865625 0.4978056425925926 0.29585331458333336 0.4978626388888889
3 0.24615756614583334 0.4114648046296296 0.243260125 0.4114847537037037 0.24327221458333334 0.4170219435185185 0.2461233125 0.41703049259259256 0.24615756614583334 0.4114648046296296
3 0.2373000203125 0.4114391564814815 0.21454362291666668 0.41145625555555554 0.21453959322916666 0.41699059537037036 0.2373000203125 0.41704759166666666 0.2373000203125 0.4114391564814815
3 0.1457666734375 0.5907352518518518 0.14575256927083335 0.5980934740740741 0.1443038484375 0.5980564259259259 0.1443159380208333 0.6035195212962963 0.1488494859375 0.6035822175925926 0.14893814218749998 0.5907181537037037 0.1457666734375 0.5907352518518518
3 0.2711968567708333 0.6048076379629629 0.28463429375 0.6047620407407408 0.2846141447916667 0.5981077231481481 0.27129155729166665 0.5980022796296296 0.2711968567708333 0.6048076379629629
3 0.12854724947916668 0.5739384444444444 0.14835381822916668 0.57384155 0.14835381822916668 0.5683756055555556 0.12826717708333332 0.5683357083333332 0.12826717708333332 0.5598090620370371 0.12856739895833333 0.5594585351851852 0.12850292187499998 0.4723225990740741 0.1282772515625 0.4717497861111111 0.1283659078125 0.46304360185185184 0.12854724947916668 0.4625021370370371 0.12850090677083334 0.4334511259259259 0.13625226666666668 0.4334739240740741 0.13625226666666668 0.42791393518518517 0.12446101145833333 0.42782559166666667 0.12447310104166666 0.6035822175925926 0.1314668546875 0.6035622685185186 0.1314406609375 0.598067825925926 0.12853113020833334 0.598067825925926 0.12854724947916668 0.5739384444444444
3 0.232317146875 0.6047249925925926 0.2427181140625 0.6047249925925926 0.24275639739583335 0.598079225 0.23242192239583334 0.598062125925926 0.232317146875 0.6047249925925926