1 0 0 0 1 1 1 1 0 0 0
2 0.5972384598958332 0.4555302166666667 0.6187421890625 0.45557582685185183 0.618641403125 0.4215963509259259 0.5973190890625 0.42140821018518515 0.5972384598958332 0.4555302166666667
2 0.6426002822916667 0.5077907638888889 0.6245555333333334 0.5077907638888889 0.6243620255208333 0.5364564185185186 0.6425519046874999 0.5363141388888889 0.6426002822916667 0.5077907638888889
2 0.6021084458333333 0.5305302166666667 0.5808506348958333 0.5306157351851851 0.5809514208333333 0.5650513111111111 0.6021366661458334 0.5650228046296297 0.6021084458333333 0.5305302166666667
2 0.44483773437499996 0.6723774231481481 0.44479741979166665 0.6480330675925926 0.4264745010416667 0.6480900796296296 0.42650675260416665 0.6723204101851852 0.44483773437499996 0.6723774231481481
2 0.4853456963541667 0.5309293046296296 0.46381777864583335 0.5309578111111111 0.4637976213541667 0.5646807296296297 0.48510380989583335 0.564880274074074 0.4853456963541667 0.5309293046296296
2 0.4537290869791667 0.5321294185185186 0.453489215625 0.5058779935185186 0.4339850838541667 0.5056584944444444 0.43395283229166665 0.5320324972222222 0.4537290869791667 0.5321294185185186
2 0.453934690625 0.43906784537037036 0.47778673645833336 0.43885404814814816 0.47784720833333333 0.4045039907407407 0.45404152395833336 0.4046465222222222 0.453934690625 0.43906784537037036
2 0.566067325 0.382331812962963 0.5443942755208333 0.3826026222222222 0.5442249546875 0.41088939537037034 0.5660955453125 0.41125997685185184 0.566067325 0.382331812962963
4 0.5011167104166667 0.6480615731481482 0.5009957671875 0.6603762824074073 0.5645877848958333 0.6602052453703704 0.5645434390625 0.6480615731481482 0.5011167104166667 0.6480615731481482
3 0.5653960895833333 0.34997149351851853 0.5626385807291666 0.3498888259259259 0.5627292885416666 0.38232611203703704 0.5653698848958334 0.382269099074074 0.5653960895833333 0.34997149351851853
3 0.5969522276041667 0.3501425314814815 0.5946301151041666 0.3500997722222222 0.5947268697916667 0.41141676203703703 0.5627494458333333 0.41148802777777777 0.5627333197916666 0.41461801574074075 0.5967365447916666 0.4143358037037037 0.5969522276041667 0.3501425314814815
3 0.5922354364583333 0.4904760546296297 0.57199758125 0.49063568981481476 0.5719693609375 0.49429874537037033 0.5922354364583333 0.494258837037037 0.5922354364583333 0.4904760546296297
3 0.48466035052083334 0.6522805018518518 0.48681717395833335 0.6522805018518518 0.4869381171875 0.641476625 0.47994557552083333 0.6413683009259259 0.47992340260416666 0.6488597490740741 0.48470066510416665 0.6488597490740741 0.48466035052083334 0.6522805018518518
3 0.4792561984375 0.44378278240740743 0.4940959484375 0.4437343212962963 0.4937129609375 0.34580672777777777 0.5278129411458333 0.34566134537037035 0.5277766578125 0.33832098055555554 0.49688167708333336 0.33846921296296295 0.49684740989583337 0.290342075 0.490576496875 0.290342075 0.4907155817708333 0.3334920185185185 0.433872203125 0.33393671574074074 0.433872203125 0.3156613453703703 0.42763555729166663 0.3156613453703703 0.42760129010416664 0.3427052453703704 0.48765168333333336 0.3427052453703704 0.4875831484375 0.4351767388888889 0.47790767968750003 0.4351197259259259 0.47790767968750003 0.4381128851851852 0.4792582140625 0.4381128851851852 0.4792561984375 0.44378278240740743
4 0.6019754083333333 0.6480330675925926 0.6020157223958333 0.6604618018518519 0.6372707114583334 0.6603477768518519 0.6373916546875 0.6480615731481482 0.6019754083333333 0.6480330675925926
4 0.44484982864583333 0.6489167620370371 0.47986293072916664 0.6489167620370371 0.47987099375 0.6366647666666666 0.4448699859375 0.6366020527777778 0.44484982864583333 0.6489167620370371
4 0.4447692 0.6848346638888889 0.4447248536458333 0.6934236027777777 0.4800080630208334 0.6934777648148148 0.48000403125 0.6847491444444445 0.4447692 0.6848346638888889
4 0.415932271875 0.6861202962962962 0.4159181614583333 0.693586088888889 0.43652489427083335 0.6935575824074074 0.436585365625 0.6861174462962963 0.415932271875 0.6861202962962962
4 0.6466841364583333 0.3383409351851852 0.6117818989583333 0.3382155074074074 0.6117315057291666 0.350513112962963 0.64658335 0.3504561 0.6466841364583333 0.3383409351851852
4 0.5656037088541667 0.3383865453703704 0.5655714572916666 0.35048460648148144 0.584196734375 0.350513112962963 0.5842370489583334 0.33842645370370367 0.5656037088541667 0.3383865453703704
4 0.52780689375 0.3383808435185185 0.5278169723958334 0.35042759444444443 0.5511187260416667 0.35062713796296296 0.5511388833333334 0.3382839222222222 0.52780689375 0.3383808435185185
3 0.5922011692708333 0.43292189259259256 0.5751259828124999 0.4329247435185185 0.575166296875 0.41456670462962963 0.5724249145833333 0.41453819814814813 0.5724450713541667 0.4366590648148148 0.5922193104166666 0.4366590648148148 0.5922011692708333 0.43292189259259256
3 0.597159846875 0.4143557583333333 0.5922495463541666 0.4143899657407407 0.5922838135416666 0.49441847222222224 0.5972828057291667 0.49441847222222224 0.597159846875 0.4143557583333333
3 0.6519250151041667 0.48107183611111115 0.6518847005208334 0.4544469787037037 0.6496875630208333 0.45447548425925927 0.6496270911458333 0.4847776509259259 0.6611973390625 0.4848061574074074 0.6611973390625 0.4809863166666667 0.6519250151041667 0.48107183611111115
3 0.661157025 0.45077252037037036 0.6189477927083333 0.4507696694444444 0.6189477927083333 0.45424743425925923 0.661157025 0.45447548425925927 0.661157025 0.45077252037037036
3 0.6241544041666667 0.4543443555555556 0.6211449302083333 0.45433295370370375 0.6208889338541667 0.5355872296296297 0.6242148760416666 0.5356442416666667 0.6241544041666667 0.4543443555555556
3 0.6208143520833332 0.5308950972222223 0.6021769802083334 0.5310433296296296 0.6021971374999999 0.5357753703703704 0.6208143520833332 0.535684150925926 0.6208143520833332 0.5308950972222223
3 0.6611550088541667 0.5316191564814815 0.6426506755208333 0.5314367157407407 0.6426103609375 0.5353705814814815 0.6611550088541667 0.5355416194444444 0.6611550088541667 0.5316191564814815
3 0.5807901630208333 0.5309863166666667 0.5753920578125 0.5310062712962963 0.5754484984375 0.6484606611111111 0.5808103203125 0.6483751425925925 0.5807901630208333 0.5309863166666667
3 0.4441443255208333 0.6724914481481481 0.44106430156250004 0.6724629416666668 0.44102398697916667 0.6860775370370371 0.4442249546875 0.6860319268518519 0.4441443255208333 0.6724914481481481
3 0.4141806088541667 0.6414737740740741 0.41417053020833333 0.6480330675925926 0.4447692 0.6479190425925926 0.4447692 0.6412770805555555 0.4141806088541667 0.6414737740740741
3 0.49014513177083335 0.5312941842592593 0.4853799635416667 0.5313540481481482 0.48518443854166665 0.6373432157407408 0.49014311614583334 0.6374002277777778 0.49014513177083335 0.5312941842592593
3 0.41389236041666666 0.5322462944444445 0.413868171875 0.5353192703703704 0.4637452125 0.5352907638888889 0.4637452125 0.5320752564814815 0.41389236041666666 0.5322462944444445
3 0.45333602083333335 0.5056727481481482 0.4532150776041667 0.4507981759259259 0.45082644635416663 0.4508152796296296 0.45088691770833333 0.4560889398148148 0.41380769999999995 0.45624287314814815 0.4137673854166667 0.4597491444444444 0.45091715364583335 0.4595496009259259 0.450836525 0.5056442416666667 0.45333602083333335 0.5056727481481482
3 0.5646039104166667 0.6524230333333334 0.5646240677083333 0.6602337518518518 0.6019552510416666 0.6604332953703704 0.6019754083333333 0.6522234888888889 0.5646039104166667 0.6524230333333334
3 0.5009473895833333 0.6602907638888889 0.500967546875 0.6522805018518518 0.48514412395833334 0.6523375138888888 0.48516428125 0.6856613453703704 0.480124975 0.6856328388888889 0.4801189276041667 0.6936488027777779 0.4902237453125 0.6936431018518519 0.49024390260416667 0.6602337518518518 0.5009473895833333 0.6602907638888889
3 0.43662568020833337 0.6860319268518519 0.43660552291666666 0.6934150509259259 0.44464825625 0.6934150509259259 0.44472888541666666 0.6860604333333333 0.43662568020833337 0.6860319268518519
3 0.40778068958333336 0.6480330675925926 0.40959483958333337 0.648004561111111 0.4096351541666667 0.6860860888888889 0.405940334375 0.6860575824074074 0.405873815625 0.6934948685185185 0.41587784739583333 0.6935547324074075 0.41589195729166667 0.6860889398148148 0.41213465052083337 0.6861145953703705 0.4120338640625 0.6478591787037037 0.4140092723958333 0.6478050166666667 0.4136867567708334 0.44874572407407404 0.45138076979166664 0.44891676203703706 0.45134045572916665 0.4388825537037037 0.4538802661458333 0.4388825537037037 0.4538802661458333 0.43523375185185187 0.4452731302083333 0.4351482324074074 0.4452932875 0.4395952111111111 0.37740374947916666 0.43965222314814817 0.3773231203125 0.4490592925925926 0.40780084635416664 0.4490592925925926 0.40778068958333336 0.6480330675925926
3 0.6374118119791666 0.6522805018518518 0.6373714979166666 0.6603477768518519 0.6955654104166666 0.6603477768518519 0.6956863536458333 0.6522519953703704 0.6715178390625 0.6521949833333334 0.6715662166666667 0.34616020555555554 0.6858496270833334 0.34598061574074074 0.685869784375 0.33825541574074075 0.6467244505208334 0.3380558722222222 0.6466841364583333 0.34572405925925925 0.6612981255208333 0.34572405925925925 0.6611449302083333 0.6523945268518518 0.6374118119791666 0.6522805018518518
3 0.5842773635416666 0.33842645370370367 0.5842773635416666 0.3458950972222222 0.6117113484375001 0.34598061574074074 0.6117315057291666 0.33845496018518517 0.5842773635416666 0.33842645370370367
3 0.5511993552083333 0.3382269101851852 0.5511953234375 0.3458950972222222 0.5655311427083334 0.34583808425925927 0.5655513 0.33842645370370367 0.5511993552083333 0.3382269101851852
2 0.6248538598958333 0.48603192685185187 0.6414029427083333 0.48574686388888894 0.6412819994791668 0.4739452675925926 0.6248941744791666 0.47414481203703707 0.6248538598958333 0.48603192685185187
3 0.6490828463541667 0.48429304444444443 0.6414231 0.48432155092592594 0.6414231 0.4856898518518518 0.6491030036458334 0.4856613453703704 0.6490828463541667 0.48429304444444443
3 0.4960088692708334 0.44655074074074075 0.49193307812500003 0.4464908777777778 0.49191695208333336 0.49452679629629626 0.49606934062499997 0.49449828981481475 0.4960088692708334 0.44655074074074075