1 0 0 0 1 1 1 1 0 0 0
3 0.5398911510416667 0.6612029648148148 0.5434992942708334 0.6612257694444444 0.5433723041666667 0.5624543898148148 0.5384801453125 0.5624857472222222 0.5385003026041667 0.567847776851852 0.5399314656249999 0.567787912962963 0.5398911510416667 0.6612029648148148
3 0.5350735739583333 0.6611459518518519 0.5351138885416666 0.6685005703703705 0.5660229791666667 0.6683238314814816 0.5660229791666667 0.6614481185185185 0.5350735739583333 0.6611459518518519
3 0.3980447489583333 0.40721208703703704 0.3952630515625 0.4072405925925926 0.39536383802083336 0.4187856324074074 0.39810522083333333 0.41875712685185185 0.3980447489583333 0.40721208703703704
3 0.3953436807291667 0.42460091203703704 0.4344144328125 0.42425883703703704 0.434384196875 0.4188683009259259 0.39536383802083336 0.4187856324074074 0.3953436807291667 0.42460091203703704
3 0.5051884703125 0.5152451537037037 0.50516025 0.5096066138888888 0.5010683328125 0.5096351194444445 0.5010078614583333 0.5138825537037037 0.4850634953125 0.5140136833333333 0.4851360614583333 0.5188369444444444 0.5434549484375 0.5189395666666667 0.5434549484375 0.5154503990740741 0.5051884703125 0.5152451537037037
2 0.2948236244791667 0.35163055833333334 0.30784922395833336 0.35175313611111114 0.30775851666666665 0.3450370583333333 0.29501108645833335 0.34538198425925926 0.2948236244791667 0.35163055833333334
2 0.31032050000000005 0.391248575 0.2970772020833333 0.39122006851851854 0.2971376739583333 0.3968072972222222 0.31030034270833334 0.39714937314814813 0.31032050000000005 0.391248575
2 0.3189054625 0.3390763972222222 0.31882483385416666 0.39137970370370373 0.32310824427083334 0.39118301018518514 0.32308405572916665 0.33917616851851856 0.3189054625 0.3390763972222222
2 0.325478734375 0.36237172222222225 0.3465873817708333 0.36237172222222225 0.34636162083333333 0.33018814166666666 0.325357790625 0.3300741166666667 0.325478734375 0.36237172222222225
2 0.365996775 0.296932725 0.3939608947916666 0.29698973796296296 0.39359000208333333 0.26365450370370375 0.3657891552083333 0.26359464074074074 0.365996775 0.296932725
2 0.3988913526041667 0.2970923601851852 0.4127595244791667 0.2970638537037037 0.4128744203125 0.28377708055555556 0.3988268494791667 0.2837343212962963 0.3988913526041667 0.2970923601851852
4 0.4995363838541667 0.6683295324074073 0.5351138885416666 0.6685005703703705 0.5351058255208333 0.6617730898148148 0.49943761354166666 0.6617217787037037 0.4995363838541667 0.6683295324074073
4 0.5659604916666667 0.7112884833333333 0.61516428125 0.7112884833333333 0.6151945171875001 0.7023916759259259 0.56600080625 0.7025142527777777 0.5659604916666667 0.7112884833333333
4 0.5660229791666667 0.6683238314814816 0.6152086270833333 0.6683067277777778 0.6153356177083332 0.6613312425925926 0.5660229791666667 0.6614481185185185 0.5660229791666667 0.6683238314814816
4 0.6547067125 0.6745439000000001 0.6544325739583333 0.5445610037037037 0.6480749848958334 0.5445610037037037 0.6481354567708333 0.6746294185185185 0.6547067125 0.6745439000000001
4 0.6214231 0.5450456101851852 0.6216508770833333 0.6447748 0.6261479541666667 0.6446607750000001 0.6260874822916667 0.5449486888888889 0.6214231 0.5450456101851852
4 0.654642209375 0.5076054731481482 0.6546361619791666 0.437668187037037 0.6481556135416666 0.4377423037037037 0.6482866359375 0.5075883694444444 0.654642209375 0.5076054731481482
3 0.366127796875 0.2999230333333333 0.36597863333333336 0.29306442407407407 0.26663777447916664 0.2932725203703704 0.26666196354166666 0.3000969212962963 0.366127796875 0.2999230333333333
3 0.26663777447916664 0.2932725203703704 0.2616992541666667 0.2933238314814815 0.26114493020833335 0.3925342074074074 0.26727272708333333 0.39241448148148145 0.26663777447916664 0.2932725203703704
3 0.36204394270833334 0.29994298703703703 0.3619633140625 0.3137685287037037 0.364644225 0.31374002314814814 0.36462406770833333 0.29994298703703703 0.36204394270833334 0.29994298703703703
3 0.6546502718749999 0.7118015962962962 0.6547873411458334 0.6879703537037036 0.623543640625 0.6876510833333334 0.6236645838541667 0.7116305583333333 0.6546502718749999 0.7118015962962962
3 0.6236041119791668 0.7024800453703703 0.6151985484375 0.7025655648148148 0.6152187057291666 0.7118301027777778 0.6236645838541667 0.7116305583333333 0.6236041119791668 0.7024800453703703
3 0.6260774036458333 0.6682582666666667 0.6261479541666667 0.6446607750000001 0.6212699052083334 0.6447805018518519 0.621354565625 0.6612713796296297 0.6153356177083332 0.6613312425925926 0.6152086270833333 0.6683067277777778 0.6260774036458333 0.6682582666666667
3 0.5348518442708333 0.7025142527777777 0.5349526307291667 0.7117445842592593 0.5660149161458333 0.7117445842592593 0.56600080625 0.7025142527777777 0.5348518442708333 0.7025142527777777
3 0.4935496875 0.6677594074074074 0.47669824635416663 0.6677023944444445 0.47667808906250003 0.7118871148148148 0.493481153125 0.7120068416666667 0.4935496875 0.6677594074074074
3 0.493489215625 0.7114595212962962 0.49989921406250004 0.7113454962962963 0.49982664791666664 0.7024942990740741 0.4935093729166667 0.7025370583333332 0.493489215625 0.7114595212962962
3 0.4688812739583333 0.711872862037037 0.47667808906250003 0.7118871148148148 0.4766921989583333 0.7023489166666667 0.46911711354166663 0.7023489166666667 0.4688812739583333 0.711872862037037
3 0.5011711348958333 0.42424458425925926 0.5011711348958333 0.4512001138888889 0.5049788348958333 0.4511402509259259 0.5050836526041667 0.42424458425925926 0.5011711348958333 0.42424458425925926
3 0.41769401354166663 0.7024885972222222 0.4177988307291667 0.7118985175925926 0.43371699270833336 0.7117502851851851 0.4338560776041666 0.7025883694444445 0.41769401354166663 0.7024885972222222
3 0.37740374947916666 0.7118015962962962 0.38969764166666665 0.7116875712962962 0.38969764166666665 0.7027594074074074 0.3773856078125 0.7026567842592593 0.37740374947916666 0.7118015962962962
3 0.3465470671875 0.702445837962963 0.3464825640625 0.7118015962962962 0.35626486614583336 0.7118529074074075 0.3562265671875 0.7027423037037037 0.3465470671875 0.702445837962963
3 0.3061499697916667 0.7026140249999999 0.3061842369791667 0.7119241731481482 0.31823624270833334 0.711872862037037 0.31823624270833334 0.7027109462962963 0.3061499697916667 0.7026140249999999
3 0.29512195104166666 0.44409920185185187 0.31888732135416664 0.44424173333333333 0.3188671640625 0.4381128851851852 0.29512195104166666 0.43805587222222225 0.29512195104166666 0.44409920185185187
3 0.3466156015625 0.3567075259259259 0.3465873817708333 0.36237172222222225 0.364644225 0.36240022777777775 0.36464220937499997 0.3566248574074074 0.3466156015625 0.3567075259259259
3 0.3552690989583333 0.5265735462962963 0.3552690989583333 0.5247947546296297 0.3606611567708333 0.5247548462962963 0.3606530942708333 0.5193557583333334 0.3474904255208333 0.5194127703703704 0.3474561578125 0.5246921324074074 0.351737553125 0.5246237175925926 0.35171336406250003 0.5266761685185185 0.3552690989583333 0.5265735462962963
3 0.355291271875 0.5622862027777777 0.355291271875 0.567901938888889 0.40356782916666667 0.5679304444444444 0.40346301145833335 0.5624629416666667 0.355291271875 0.5622862027777777
3 0.3553033661458333 0.5935319268518519 0.35141503749999997 0.5936145953703703 0.35156218489583335 0.6612029648148148 0.35549284427083333 0.6612029648148148 0.3553033661458333 0.5935319268518519
3 0.3809917354166667 0.6695553018518519 0.3810118927083333 0.6712371722222222 0.38697843177083335 0.6712086657407407 0.38701874635416667 0.6684150509259259 0.3896190286458333 0.6683580388888889 0.38965934270833336 0.6613169898148148 0.3467042932291667 0.6611459518518519 0.34660350729166667 0.6682725203703704 0.3493852046875 0.6682725203703704 0.34940536197916666 0.6696978333333333 0.3809917354166667 0.6695553018518519
3 0.3810723645833333 0.6959806157407408 0.38105220729166667 0.7026795898148148 0.3870590604166667 0.7027080953703704 0.3870389036458333 0.6958950972222222 0.3810723645833333 0.6959806157407408
3 0.34940536197916666 0.6696978333333333 0.34940536197916666 0.7025370583333332 0.35543237239583336 0.7027366018518518 0.35535174375 0.6696693268518519 0.34940536197916666 0.6696978333333333
3 0.31001814166666664 0.6959521092592593 0.31001814166666664 0.7026510833333333 0.31570247916666666 0.7026795898148148 0.31566216510416667 0.6960091222222222 0.31001814166666664 0.6959521092592593
3 0.42475307395833334 0.5625427592592593 0.42479338854166665 0.567958950925926 0.4547268697916667 0.5678734324074074 0.4547268697916667 0.5624857472222222 0.42475307395833334 0.5625427592592593
3 0.4257528723958333 0.5679247435185185 0.4257810927083333 0.6612884833333333 0.42977222343750004 0.6613169898148148 0.42979238072916665 0.5679247435185185 0.4257528723958333 0.5679247435185185
3 0.39391251770833335 0.2929874574074074 0.3939548479166667 0.3000399083333333 0.3989316671875 0.30002850648148144 0.3988913526041667 0.2930159638888889 0.39391251770833335 0.2929874574074074
3 0.4127635557291667 0.293067275 0.4127877442708333 0.30014823240740746 0.4393065916666667 0.30017103796296296 0.4392259625 0.2931299888888889 0.4127635557291667 0.293067275
3 0.43936706302083334 0.42425883703703704 0.4393065916666667 0.30017103796296296 0.43434186666666663 0.30015393425925924 0.4344144328125 0.42425883703703704 0.43936706302083334 0.42425883703703704
3 0.6234569640625 0.4177052453703704 0.48665591614583337 0.4175313564814815 0.4866458375 0.41915051296296296 0.45546865572916667 0.41932155092592593 0.45540818385416665 0.41736316944444446 0.4393368270833333 0.4172776509259259 0.43936706302083334 0.42425883703703704 0.6483148557291667 0.42434435555555555 0.648254384375 0.41923603148148153 0.6235174359375001 0.41906499444444445 0.6234569640625 0.4177052453703704
3 0.45539810520833335 0.39185860925925925 0.45546865572916667 0.41932155092592593 0.4866458375 0.41915051296296296 0.4867184036458333 0.39194127685185187 0.45539810520833335 0.39185860925925925
3 0.6234730901041666 0.39541049074074075 0.6235174359375001 0.41906499444444445 0.6546119734375 0.41929019351851854 0.6545716588541667 0.3954703537037037 0.6234730901041666 0.39541049074074075
3 0.30781898802083335 0.3501539342592593 0.30784922395833336 0.35175313611111114 0.31898810729166666 0.35168187037037035 0.31893569843749997 0.3501539342592593 0.30781898802083335 0.3501539342592593
3 0.3205523078125 0.46944982870370366 0.32306994583333337 0.46944982870370366 0.32310824427083334 0.39118301018518514 0.31882483385416666 0.39137970370370373 0.31888732135416664 0.44424173333333333 0.32056641822916665 0.44416761666666665 0.3205523078125 0.46944982870370366
3 0.2797823020833333 0.3922462944444444 0.2796835317708333 0.3964652222222222 0.2950816369791667 0.3965222351851852 0.29501108645833335 0.39222919074074075 0.2797823020833333 0.3922462944444444
3 0.29512195104166666 0.44409920185185187 0.2950816369791667 0.3965222351851852 0.29166700260416667 0.3964652222222222 0.2915339651041667 0.4441847203703704 0.29512195104166666 0.44409920185185187
3 0.36462809895833337 0.524720638888889 0.364644225 0.36240022777777775 0.3608304776041667 0.36237172222222225 0.3606611567708333 0.5247548462962963 0.36462809895833337 0.524720638888889
3 0.36077000625 0.42506841481481483 0.3488208020833333 0.42506841481481483 0.34880064479166667 0.42984606574074075 0.36077000625 0.4298916759259259 0.36077000625 0.42506841481481483
3 0.4935496875 0.6677594074074074 0.4935496875 0.668301025925926 0.4995363838541667 0.6683295324074073 0.49947591197916663 0.6612884833333333 0.46915944374999996 0.6611174462962963 0.469098971875 0.668301025925926 0.47669824635416663 0.6683295324074073 0.47669824635416663 0.6677023944444445 0.4935496875 0.6677594074074074
3 0.5386615604166667 0.6685005703703705 0.538641403125 0.7024515388888889 0.5434791375 0.7025085518518519 0.5434388229166667 0.6684720638888889 0.5386615604166667 0.6685005703703705
3 0.3953477119791666 0.3000798175925926 0.39540415260416667 0.31704675 0.3988107234375 0.3170752564814815 0.39878250364583334 0.3000456101851852 0.3953477119791666 0.3000798175925926
3 0.47327151770833337 0.4439566703703704 0.4417335213541667 0.4439367157407408 0.4417053015625 0.4478905361111111 0.47327151770833337 0.4477765111111111 0.47327151770833337 0.4439566703703704
3 0.47327151770833337 0.4439566703703704 0.4733118322916667 0.4242873435185185 0.47004636145833334 0.4242303305555556 0.47006651875000005 0.4439566703703704 0.47327151770833337 0.4439566703703704
4 0.6132815963541667 0.4377423037037037 0.6133098166666666 0.507557012962963 0.6178996171875001 0.5075826685185185 0.6180104817708333 0.43777080925925926 0.6132815963541667 0.4377423037037037
2 0.5384801453125 0.5624857472222222 0.5174924411458333 0.5625114027777778 0.5177182020833333 0.5944982898148148 0.5385003026041667 0.5945553018518519 0.5384801453125 0.5624857472222222
2 0.4758093125 0.562388825925926 0.4547268697916667 0.5624857472222222 0.45482564010416665 0.5945524518518519 0.47581132812500004 0.5947548462962963 0.4758093125 0.562388825925926
2 0.5011711348958333 0.4512001138888889 0.5010683328125 0.5096351194444445 0.50516025 0.5096066138888888 0.5049788348958333 0.4511402509259259 0.5011711348958333 0.4512001138888889
2 0.4850634953125 0.5140136833333333 0.4437008666666667 0.5140336370370371 0.443680709375 0.5189281638888888 0.4851360614583333 0.5188369444444444 0.4850634953125 0.5140136833333333
2 0.4013162666666667 0.5188911064814814 0.4188127395833333 0.5188568981481482 0.41870590625 0.49116305555555556 0.4010884901041667 0.49107753703703705 0.4013162666666667 0.5188911064814814
3 0.266639790625 0.4440421888888889 0.2915339651041667 0.4441847203703704 0.29151380781249997 0.4396066138888889 0.266643821875 0.43980330648148147 0.266639790625 0.4440421888888889
3 0.3205301348958333 0.4944754842592592 0.3205442453125 0.5195381981481482 0.32308405572916665 0.5195381981481482 0.32306994583333337 0.4944498287037037 0.3205301348958333 0.4944754842592592
3 0.3001632734375 0.5193842648148148 0.266639790625 0.5193557583333334 0.266639790625 0.5247434435185185 0.30026002812499997 0.5248574685185184 0.3001632734375 0.5193842648148148
3 0.3100100786458333 0.6712314712962962 0.3156460390625 0.6711630555555556 0.3156460390625 0.6683922462962962 0.31813747239583334 0.6683238314814816 0.31811328385416665 0.6612086657407408 0.26668816770833337 0.6612428731481481 0.26668413645833333 0.667673887962963 0.27259020364583336 0.6676710379629629 0.27259020364583336 0.6695210944444444 0.3100584557291667 0.6695553018518519 0.3100100786458333 0.6712314712962962
3 0.418060875 0.6612029648148148 0.4179641203125 0.6683922462962962 0.4337351338541667 0.6683922462962962 0.43363837916666664 0.6613454962962964 0.418060875 0.6612029648148148
3 0.42979238072916665 0.7025085518518519 0.4297319088541667 0.6683580388888889 0.42493448906250003 0.6683865453703705 0.42493448906250003 0.7024800453703703 0.42979238072916665 0.7025085518518519
3 0.4758093125 0.562388825925926 0.47586776875 0.5677651083333334 0.5175771015625 0.567844925925926 0.5174924411458333 0.5625114027777778 0.4758093125 0.562388825925926
3 0.47682322135416666 0.5677480046296297 0.47685950416666667 0.6611516537037037 0.48084861927083333 0.6611801592592592 0.4807639588541667 0.567787912962963 0.47682322135416666 0.5677480046296297
3 0.3988107234375 0.3170752564814815 0.41983471093749997 0.3170752564814815 0.41983471093749997 0.3121436712962963 0.39883088072916667 0.31228620277777774 0.3988107234375 0.3170752564814815
3 0.4196936104166667 0.41887115185185186 0.41983471093749997 0.3170752564814815 0.41658939739583334 0.31710376296296294 0.4168917557291667 0.41884264537037036 0.4196936104166667 0.41887115185185186
3 0.39522273750000003 0.3818700111111111 0.3980447489583333 0.38204104907407405 0.39810522083333333 0.36659065 0.39542430937499995 0.366647662037037 0.39522273750000003 0.3818700111111111
3 0.416710340625 0.36653363703703706 0.39810522083333333 0.36659065 0.39810522083333333 0.37058152777777775 0.41673049791666666 0.3705530212962963 0.416710340625 0.36653363703703706
3 0.39968554739583334 0.5133950972222223 0.3995182421875 0.4245524518518518 0.3953436807291667 0.42460091203703704 0.39542229375000004 0.5190108324074074 0.4013162666666667 0.5188911064814814 0.40127393645833337 0.5135119722222222 0.39968554739583334 0.5133950972222223
3 0.4437008666666667 0.5140336370370371 0.4188127395833333 0.5140678453703703 0.4188127395833333 0.5188568981481482 0.443680709375 0.5189281638888888 0.4437008666666667 0.5140336370370371
3 0.4410602703125 0.42425883703703704 0.43808707916666667 0.4242360314814815 0.4380165291666666 0.5140250851851852 0.4417053015625 0.5140250851851852 0.4417335213541667 0.4439367157407408 0.4409453739583334 0.4439623712962963 0.4410602703125 0.42425883703703704
2 0.3474904255208333 0.5194127703703704 0.3001632734375 0.5193842648148148 0.30026002812499997 0.5248574685185184 0.3474561578125 0.5246921324074074 0.3474904255208333 0.5194127703703704
2 0.35171336406250003 0.5266761685185185 0.35141503749999997 0.5936145953703703 0.3553033661458333 0.5935319268518519 0.3552690989583333 0.5265735462962963 0.35171336406250003 0.5266761685185185
2 0.42475307395833334 0.5625427592592593 0.40346301145833335 0.5624629416666667 0.40401128802083336 0.5940706953703704 0.42495464635416663 0.5944982898148148 0.42475307395833334 0.5625427592592593
4 0.30609151406249996 0.7032155074074075 0.28502318072916666 0.7031813 0.2850131020833333 0.71159065 0.3061842369791667 0.7119241731481482 0.30609151406249996 0.7032155074074075
4 0.31813747239583334 0.6683238314814816 0.34660350729166667 0.6682725203703704 0.34666599479166665 0.6618386546296297 0.318133440625 0.6619213231481482 0.31813747239583334 0.6683238314814816
2 0.31120338645833334 0.6712086657407407 0.3113283614583333 0.6959806157407408 0.331163071875 0.6964082101851852 0.33128199947916664 0.6711687574074074 0.31120338645833334 0.6712086657407407
4 0.3182060067708333 0.7113768527777778 0.3464765166666667 0.7116077537037038 0.3465470671875 0.702445837962963 0.31823624270833334 0.7027109462962963 0.3182060067708333 0.7113768527777778
4 0.3562789760416667 0.7113169898148148 0.37734529322916666 0.7113255416666666 0.37734529322916666 0.7031157351851852 0.3562386614583334 0.7031641962962963 0.3562789760416667 0.7113169898148148
2 0.3825075588541667 0.6711801592592592 0.3826123765625 0.69590935 0.40260028229166667 0.6960946407407407 0.40243902447916663 0.6712656787037038 0.3825075588541667 0.6711801592592592
4 0.3896190286458333 0.6683580388888889 0.4179641203125 0.6683922462962962 0.41804071770833334 0.6617160777777777 0.38966337447916666 0.661927024074074 0.3896190286458333 0.6683580388888889
4 0.38969764166666665 0.7116875712962962 0.4177988307291667 0.7118985175925926 0.41769401354166663 0.7024885972222222 0.3897198145833333 0.7025655648148148 0.38969764166666665 0.7116875712962962
4 0.43368675677083335 0.7114253138888889 0.46890546250000004 0.7112884833333333 0.46911711354166663 0.7023489166666667 0.4338560776041666 0.7025883694444445 0.43368675677083335 0.7114253138888889
4 0.4337351338541667 0.6683922462962962 0.469098971875 0.668301025925926 0.46917153802083333 0.6617559861111111 0.43366256822916666 0.6618586092592592 0.4337351338541667 0.6683922462962962
4 0.49989921406250004 0.7113454962962963 0.5349526307291667 0.7117445842592593 0.5348518442708333 0.7025142527777777 0.49982664791666664 0.7024942990740741 0.49989921406250004 0.7113454962962963
3 0.648254384375 0.41923603148148153 0.6483954848958333 0.437668187037037 0.6546361619791666 0.437668187037037 0.6546119734375 0.41929019351851854 0.648254384375 0.41923603148148153
3 0.6130155208333333 0.4243158490740741 0.6130094739583334 0.43779931574074077 0.6180104817708333 0.43777080925925926 0.6179701671875001 0.4243158490740741 0.6130155208333333 0.4243158490740741
3 0.6482866359375 0.5075883694444444 0.6483168713541667 0.5446408212962963 0.6547470265625001 0.5445838083333334 0.654642209375 0.5076054731481482 0.6482866359375 0.5075883694444444
3 0.6260874822916667 0.5449486888888889 0.6259967750000001 0.5144013685185186 0.6178976010416667 0.5143187 0.6178996171875001 0.5075826685185185 0.6129631124999999 0.5075826685185185 0.6129631124999999 0.5213683009259259 0.6212598265625 0.5212656787037038 0.6214231 0.5450456101851852 0.6260874822916667 0.5449486888888889
3 0.6481354567708333 0.6746294185185185 0.6482564 0.6879133407407407 0.6547873411458334 0.6879703537037036 0.6547067125 0.6745439000000001 0.6481354567708333 0.6746294185185185
3 0.27259020364583336 0.6676710379629629 0.2559000203125 0.6676710379629629 0.2557750453125 0.7117730898148148 0.2726385807291667 0.7116647666666667 0.27259020364583336 0.6676710379629629
3 0.2726385807291667 0.7116647666666667 0.2850131020833333 0.71159065 0.285099778125 0.7026396805555556 0.272648659375 0.7026824398148148 0.2726385807291667 0.7116647666666667
3 0.26724450729166666 0.3911545037037037 0.26727272708333333 0.39241448148148145 0.26114493020833335 0.3925342074074074 0.26114694635416663 0.391197262962963 0.24859907291666666 0.39122006851851854 0.24872001614583333 0.4192702398148148 0.27974198749999996 0.4192702398148148 0.2797823020833333 0.3911545037037037 0.26724450729166666 0.3911545037037037
3 0.3188691796875 0.30006556481481483 0.3189054625 0.3390763972222222 0.32308405572916665 0.33917616851851856 0.32334206822916667 0.30002850648148144 0.3188691796875 0.30006556481481483
3 0.3254585770833333 0.35701254259259263 0.3228139489583333 0.3570239453703704 0.3228462005208333 0.3623204101851852 0.325478734375 0.36237172222222225 0.3254585770833333 0.35701254259259263
3 0.29485990729166667 0.3502565564814815 0.26698246302083334 0.350513112962963 0.26702277760416665 0.35176738888888887 0.2948236244791667 0.35163055833333334 0.29485990729166667 0.3502565564814815
3 0.2970772020833333 0.39122006851851854 0.27976214479166667 0.3914481185185185 0.2797823020833333 0.3922462944444444 0.297097359375 0.39218928148148147 0.2970772020833333 0.39122006851851854
3 0.31032050000000005 0.391248575 0.3103164682291667 0.39223489166666664 0.31880669218749996 0.39213226944444446 0.31880669218749996 0.3911630555555555 0.31032050000000005 0.391248575
3 0.2616811125 0.4192417333333333 0.2617536786458333 0.667673887962963 0.26668413645833333 0.667673887962963 0.266643821875 0.41929019351851854 0.2616811125 0.4192417333333333