1 0.012716646354166666 0 0 0.00026795925925925926 0 1 1 1 1 0 0.012716646354166666 0
3 0.47793228541666666 0.624600912037037 0.47797259166666667 0.5794754842592593 0.47239016510416665 0.5796180157407407 0.47253123750000003 0.6246864305555555 0.47793228541666666 0.624600912037037
3 0.5684885125 0.5698147092592593 0.5635449416666667 0.5699657925925925 0.5635066505208334 0.6151539342592593 0.5684159614583333 0.6150855185185186 0.5684885125 0.5698147092592593
3 0.5529262395833333 0.6280786768518518 0.5529665458333334 0.6357440138888889 0.572450625 0.6356128851851851 0.5724748083333334 0.6261374 0.5671704958333332 0.6261117444444445 0.5671503427083333 0.6282497148148148 0.5529262395833333 0.6280786768518518
3 0.38510278124999997 0.6282554157407407 0.39061467135416666 0.6282383120370371 0.39041314010416667 0.37039623703703706 0.385100765625 0.37044184722222223 0.38510278124999997 0.6282554157407407
3 0.3851471182291667 0.36297035370370373 0.38518742447916665 0.37046750277777774 0.395284159375 0.3704104907407408 0.39526400624999997 0.3627708092592593 0.3851471182291667 0.36297035370370373
4 0.4886134625 0.6230330675925926 0.4885409109375 0.6356128851851851 0.5529403468749999 0.6357098064814815 0.5529020557291666 0.6228335231481482 0.4886134625 0.6230330675925926
4 0.45489721875 0.6356898518518518 0.45489721875 0.6229190425925926 0.4116686817708333 0.6229475481481482 0.41181781562499997 0.6357155074074075 0.45489721875 0.6356898518518518
3 0.5682789197916667 0.5150513111111111 0.5635106812499999 0.5150598629629629 0.5635449416666667 0.5699657925925925 0.5684885125 0.5698147092592593 0.5682789197916667 0.5150513111111111
3 0.47793228541666666 0.5239452675925926 0.4725392984375 0.5238198407407407 0.47239016510416665 0.5796180157407407 0.47797259166666667 0.5794754842592593 0.47793228541666666 0.5239452675925926
3 0.4177549375 0.5277736601851851 0.41779524375 0.5240592925925925 0.3930874645833333 0.5240022805555555 0.39314993958333333 0.5276767388888889 0.4177549375 0.5277736601851851
3 0.3931076177083333 0.5240022805555555 0.395243853125 0.5240022805555555 0.395243853125 0.4839509694444445 0.3931882307291667 0.4839794759259259 0.3931076177083333 0.5240022805555555
3 0.395243853125 0.4839794759259259 0.395243853125 0.48768529074074074 0.4169286578125 0.48779931574074076 0.41694881093749997 0.48403648796296295 0.395243853125 0.4839794759259259
3 0.4058242645833333 0.48400798148148144 0.4057839583333333 0.4681299888888889 0.4032567515625 0.4681641962962963 0.40330511874999997 0.4839509694444445 0.4058242645833333 0.48400798148148144
3 0.3932809348958333 0.4640763972222222 0.39322047552083333 0.468124287037037 0.4510278114583333 0.46804446944444444 0.45104796458333335 0.46416761666666667 0.3932809348958333 0.4640763972222222
3 0.4509834744791667 0.5281128851851852 0.45100765833333334 0.4682525657407407 0.44816203125 0.4682782212962963 0.448020959375 0.5281128851851852 0.4509834744791667 0.5281128851851852
3 0.4480048369791667 0.5280216648148148 0.4480249901041667 0.5241163055555556 0.43486497395833335 0.5240592925925925 0.43492543333333333 0.5279361462962963 0.4480048369791667 0.5280216648148148
2 0.41773881510416666 0.5283038768518519 0.4349093109375 0.528295325 0.4345828296875 0.5025085518518518 0.417940346875 0.5021550740740741 0.41773881510416666 0.5283038768518519
2 0.47253123750000003 0.5239737740740741 0.45099153541666664 0.5240108324074074 0.45128174114583336 0.5562770805555556 0.47237001197916667 0.5563568981481481 0.47253123750000003 0.5239737740740741
3 0.472632003125 0.48705815277777775 0.47793228541666666 0.48697263425925924 0.47793833125 0.3270524518518519 0.4723962114583333 0.3269954388888889 0.472632003125 0.48705815277777775
2 0.4510137041666667 0.4872006842592593 0.47263401875 0.4869498287037037 0.4724969770833333 0.4548460657407407 0.4510681177083333 0.4554732037037037 0.4510137041666667 0.4872006842592593
3 0.42386537708333333 0.36017103796296296 0.42386940729166667 0.37043329537037034 0.4289762192708333 0.3703933861111111 0.42900040312500004 0.3603477768518518 0.42386537708333333 0.36017103796296296
3 0.43182184583333333 0.37118015925925923 0.4319024588541666 0.37551311296296297 0.47261185 0.375570125 0.47259169687499997 0.3716362601851852 0.43182184583333333 0.37118015925925923
4 0.395284159375 0.37574116296296295 0.42386134635416667 0.37565564444444444 0.42384522395833335 0.3632497148148148 0.39528819010416666 0.3631014824074074 0.395284159375 0.37574116296296295
3 0.42373035052083335 0.3265849490740741 0.42375856510416665 0.33393386574074074 0.42899234166666667 0.33396237129629625 0.4288956067708333 0.3265849490740741 0.42373035052083335 0.3265849490740741
4 0.43256751302083335 0.3604047888888889 0.432305521875 0.33392246296296296 0.42374042708333337 0.3338939564814815 0.423794840625 0.36020524537037035 0.43256751302083335 0.3604047888888889
3 0.4317210802083334 0.3270581527777778 0.4317795244791667 0.3312200685185185 0.4560056427083333 0.33112884814814814 0.4559653364583333 0.3269669324074074 0.4317210802083334 0.3270581527777778
2 0.4723962114583333 0.3269954388888889 0.4559653364583333 0.3269669324074074 0.4560338572916667 0.35226909907407405 0.4724788390625 0.3526453824074074 0.4723962114583333 0.3269954388888889
3 0.5175574364583333 0.2648004564814815 0.5146795645833333 0.2648004564814815 0.5147279322916667 0.2880615731481481 0.517613865625 0.28805587222222223 0.5175574364583333 0.2648004564814815
3 0.517613865625 0.28805587222222223 0.5293833130208333 0.28834093518518517 0.5294236192708334 0.28417901944444446 0.517613865625 0.28440706944444444 0.517613865625 0.28805587222222223
3 0.5663018942708333 0.41421037592592597 0.5663422005208333 0.41817274814814814 0.5923821041666667 0.4181584944444445 0.5923216442708333 0.41419612314814813 0.5663018942708333 0.41421037592592597
3 0.5663825072916667 0.42437856296296295 0.5664228135416667 0.42831242870370373 0.6232769046875001 0.42816419629629626 0.6232365979166666 0.4244013685185185 0.5663825072916667 0.42437856296296295
3 0.6231962916666667 0.42816419629629626 0.6204735994791667 0.4282183583333333 0.6205159208333334 0.48084378518518517 0.6232970578125 0.4808152796296296 0.6231962916666667 0.42816419629629626
3 0.63722289375 0.4809007981481482 0.56618500625 0.48088939537037034 0.566164853125 0.4796921324074074 0.5635650947916666 0.4796636259259259 0.5636033859374999 0.48486316944444446 0.637202740625 0.4849486888888889 0.63722289375 0.4809007981481482
3 0.5920858526041666 0.4849144814814815 0.5922007255208332 0.5053591787037037 0.5951189036458333 0.50522805 0.5949072953125001 0.4848574685185185 0.5920858526041666 0.4849144814814815
2 0.5634864973958333 0.45580387685185186 0.5635429260416667 0.4796322694444444 0.5823841192708333 0.4795923601851852 0.5822974609375 0.4559064990740741 0.5634864973958333 0.45580387685185186
2 0.5644639260416666 0.48490022777777775 0.564469971875 0.5150228046296297 0.5870878677083333 0.5150712657407408 0.5873841192708333 0.4848916759259259 0.5644639260416666 0.48490022777777775
3 0.5812535265625001 0.618523375 0.5670697296875 0.6186716074074075 0.5671301895833333 0.626083237962963 0.5812978635416666 0.6261687574074074 0.5812535265625001 0.618523375
3 0.6372269244791667 0.6264595212962963 0.63722289375 0.6188996583333334 0.6242926239583333 0.6188996583333334 0.6243107619791667 0.6264253138888889 0.6372269244791667 0.6264595212962963
3 0.6426904473958334 0.42200399074074074 0.6372571541666667 0.42200399074074074 0.6372752921875 0.6264224629629629 0.6427609833333333 0.6264737740740741 0.6426904473958334 0.42200399074074074
3 0.5944377265625 0.36033352314814815 0.5944538494791666 0.3775228046296296 0.5998186213541667 0.37757981759259257 0.5998387744791667 0.36031927037037037 0.5944377265625 0.36033352314814815
3 0.6785852479166666 0.4220980611111111 0.6785348651041667 0.4147919046296296 0.5945364770833332 0.41429589537037037 0.5945364770833332 0.4221693268518519 0.6785852479166666 0.4220980611111111
2 0.6488250703124999 0.3488825537037037 0.6488754536458334 0.3158751425925926 0.6208706166666667 0.31633409351851854 0.6207980651041667 0.349429875 0.6488250703124999 0.3488825537037037
3 0.6488311166666667 0.3489452675925926 0.643450221875 0.34903078703703705 0.6436255541666667 0.36030501666666664 0.6488270859374999 0.36017388796296296 0.6488311166666667 0.3489452675925926
3 0.5367210802083334 0.3601567842592593 0.6436195083333334 0.3604047888888889 0.6434985890624999 0.35248004537037037 0.5367190651041667 0.35248004537037037 0.5367210802083334 0.3601567842592593
3 0.6487162432291667 0.3158751425925926 0.6561809755208333 0.315849487037037 0.6561809755208333 0.31202964629629626 0.6487162432291667 0.3119042185185185 0.6487162432291667 0.3158751425925926
3 0.6589943572916667 0.26124287314814815 0.6559713822916666 0.26124287314814815 0.6561729140625 0.31620296481481486 0.6590346635416666 0.31614595185185185 0.6589943572916667 0.26124287314814815
3 0.6487787182291667 0.26089794722222226 0.64343006875 0.26088939537037037 0.6434421604166667 0.3158922462962963 0.6487162432291667 0.3159378564814815 0.6487787182291667 0.26089794722222226
3 0.5311467151041667 0.2607497148148148 0.5312172510416667 0.360057012962963 0.5367976619791667 0.360057012962963 0.5366444984375 0.2607753703703704 0.5311467151041667 0.2607497148148148
3 0.5309673520833333 0.25317559907407405 0.5309411526041666 0.26084948703703703 0.6782789197916668 0.26090935000000004 0.6781882307291667 0.2533409351851852 0.5309673520833333 0.25317559907407405
3 0.42908706145833336 0.2532440138888889 0.4290709390625 0.26084948703703703 0.5309270453125 0.26084948703703703 0.5309532447916667 0.25317559907407405 0.42908706145833336 0.2532440138888889
4 0.5812172510416667 0.6134834666666666 0.5813341395833334 0.6261202962962963 0.624304715625 0.6263397944444444 0.6243248687499999 0.6134264537037037 0.5812172510416667 0.6134834666666666
3 0.42359129375000004 0.2962400231481482 0.4289903265625 0.2963312425925926 0.42908706145833336 0.2532440138888889 0.4236235390625 0.2531527935185185 0.42359129375000004 0.2962400231481482
3 0.4886819828125 0.6356071833333333 0.4887162432291667 0.6279732037037037 0.4550060458333334 0.6281698972222223 0.4550060458333334 0.6356556444444444 0.4886819828125 0.6356071833333333
3 0.4118299072916667 0.6356328388888889 0.41174929479166666 0.6281071833333334 0.38514308750000004 0.6282810722222222 0.38514308750000004 0.6356100342592593 0.4118299072916667 0.6356328388888889
2 0.5959854895833333 0.3774230333333333 0.5959008463541667 0.4141733185185185 0.6259169687499999 0.4143671611111111 0.6251914552083334 0.3773945268518519 0.5959854895833333 0.3774230333333333
4 0.4327085854166667 0.3266248574074074 0.43262797239583334 0.29632269074074075 0.42381096354166664 0.2962884833333333 0.42378274895833334 0.32659350092592593 0.4327085854166667 0.3266248574074074
3 0.5148931880208333 0.3599771953703704 0.5148931880208333 0.3637115166666667 0.52893994375 0.36356898518518516 0.52893994375 0.3598346638888889 0.5148931880208333 0.3599771953703704
3 0.5372309552083333 0.3626767388888889 0.5345949213541666 0.36264253148148146 0.5346211203125001 0.4242958953703704 0.5374828697916667 0.42432440092592594 0.5372309552083333 0.3626767388888889
3 0.5663160015625 0.4141904222222222 0.5636033859374999 0.4142018240740741 0.5636759369791666 0.4558323833333333 0.5666384520833333 0.45589509722222227 0.5663160015625 0.4141904222222222
2 0.5374627166666667 0.42445838055555557 0.5636094317708333 0.42448403611111113 0.5635671098958334 0.41975484629629634 0.53749093125 0.4196949833333333 0.5374627166666667 0.42445838055555557