1 0 0 0 0.5768015962962963 0.0002277765625 0.9994441277777778 0.3650816369791666 1 1 1 1 0 0 0
3 0.38381173125 0.5700769666666667 0.38645434375 0.5703620296296297 0.38625478750000003 0.525627137962963 0.3838923604166667 0.525741162962963 0.38381173125 0.5700769666666667
3 0.5671759723958334 0.3473717222222222 0.5949707718749999 0.3476653361111111 0.5949707718749999 0.34387115185185185 0.5672505541666666 0.3438255416666667 0.5671759723958334 0.3473717222222222
3 0.5925257005208333 0.34765108333333333 0.592453134375 0.37778791296296294 0.5948478130208333 0.3776852907407407 0.5949929447916666 0.34775370555555557 0.5925257005208333 0.34765108333333333
3 0.59483975 0.37773660185185187 0.6067728281250001 0.37802736574074075 0.6068131427083333 0.37414481203703703 0.5948800645833334 0.3740877990740741 0.59483975 0.37773660185185187
3 0.5670892963541667 0.4204247435185185 0.5644184640625001 0.42050741203703706 0.5644184640625001 0.42559578148148147 0.6083652489583333 0.42576111759259255 0.6084055635416666 0.4217217787037037 0.5671477526041666 0.42153363703703706 0.5670892963541667 0.4204247435185185
3 0.5333783510416666 0.3955986314814815 0.5644628098958333 0.39563854074074073 0.564446684375 0.3914595212962963 0.5334126182291666 0.39165621481481483 0.5333783510416666 0.3955986314814815
3 0.5298528520833333 0.42554161944444446 0.5332634552083333 0.4256442416666667 0.5333360208333333 0.3916419611111111 0.5300705505208333 0.39140250833333334 0.5298528520833333 0.42554161944444446
3 0.3837048984375 0.5256898518518519 0.38635355781249997 0.5258380842592593 0.386387825 0.4319498287037037 0.3838943760416667 0.4319840361111111 0.3837048984375 0.5256898518518519
3 0.38645434375 0.4354332953703704 0.42127595260416667 0.4351824398148148 0.4213243296875 0.4318956666666667 0.38643015520833335 0.4319270240740741 0.38645434375 0.4354332953703704
3 0.3515823421875 0.4350855185185185 0.3619431567708334 0.4351767388888889 0.36220116927083335 0.4318358037037037 0.35155815364583337 0.43193842685185185 0.3515823421875 0.4350855185185185
3 0.6032553921874999 0.37810148240740743 0.6035758921875 0.4217388824074074 0.6060129005208333 0.42169612314814814 0.6064200765625 0.37810148240740743 0.6032553921874999 0.37810148240740743
3 0.39283410625 0.3946436712962963 0.4259786333333333 0.39458380833333334 0.42589598854166666 0.3906841509259259 0.39287442031250003 0.39056442407407405 0.39283410625 0.3946436712962963
3 0.44315057447916667 0.39055302129629627 0.44607538802083335 0.3906727481481481 0.4459504130208333 0.3440935009259259 0.44335819375 0.34415051296296295 0.44315057447916667 0.39055302129629627
3 0.4563797619791667 0.34399942962962965 0.45639588802083336 0.390738312037037 0.45921789947916664 0.3906870009259259 0.45962709114583333 0.34421607777777774 0.4563797619791667 0.34399942962962965
3 0.4428844989583334 0.3948090083333333 0.4591009875 0.3948118583333334 0.45919774218750004 0.3907468638888889 0.4428844989583334 0.39058152777777777 0.4428844989583334 0.3948090083333333
2 0.3220096755208333 0.38729190462962965 0.34945777083333335 0.3878876851851852 0.3495162265625 0.35341220092592596 0.3226164078125 0.3531641962962963 0.3220096755208333 0.38729190462962965
2 0.38377544843750006 0.43116305555555556 0.3621447286458333 0.43116305555555556 0.36172747447916664 0.4644127703703704 0.38374118124999995 0.46381984074074073 0.38377544843750006 0.43116305555555556
2 0.42125377968750005 0.43101482314814815 0.4212658739583333 0.46308437870370367 0.4427454140625 0.4641647666666667 0.4428502317708333 0.43125997685185186 0.42125377968750005 0.43101482314814815
2 0.5529530338541666 0.4257440138888889 0.5296855473958334 0.4256442416666667 0.529614996875 0.4557924740740741 0.5531546057291667 0.4559293046296296 0.5529530338541666 0.4257440138888889
2 0.5641866557291666 0.42050741203703706 0.582124571875 0.4201767388888889 0.5821003828125 0.3968928166666667 0.5640415239583334 0.3968215509259259 0.5641866557291666 0.42050741203703706
2 0.5712195119791666 0.3770182444444445 0.5672485385416667 0.37695838055555553 0.5672485385416667 0.3786145953703704 0.5921185244791667 0.3784350055555556 0.5921185244791667 0.3637770805555556 0.5713868171875001 0.3637770805555556 0.5712195119791666 0.3770182444444445
2 0.5298810723958334 0.3914395666666667 0.5478109250000001 0.3913226907407408 0.5478955854166667 0.3659036490740741 0.5297137671875 0.3667901935185185 0.5298810723958334 0.3914395666666667
2 0.4259221932291667 0.39515393425925927 0.4428844989583334 0.3952052453703704 0.4430235838541667 0.3697862027777778 0.42627091302083336 0.37022805 0.4259221932291667 0.39515393425925927
3 0.34419068750000004 0.3536801592592593 0.34926627708333335 0.35360034166666665 0.34914936510416666 0.30565564444444443 0.34396089479166664 0.30573546203703705 0.34419068750000004 0.3536801592592593
3 0.3492178994791667 0.3129446981481482 0.6134428541666667 0.31322976018518517 0.6134428541666667 0.3056984037037037 0.34913727083333335 0.3056984037037037 0.3492178994791667 0.3129446981481482
3 0.6082039911458333 0.3131984037037037 0.6086293088541667 0.5818557583333334 0.6134347911458333 0.5819241731481481 0.6134650270833333 0.3131698972222222 0.6082039911458333 0.3131984037037037
3 0.5937814958333333 0.5816875712962963 0.6086010885416666 0.5818842648148148 0.6086293088541667 0.5742958953703703 0.5938379359375 0.5742559861111111 0.5937814958333333 0.5816875712962963
3 0.5228865145833334 0.5823118583333333 0.5442249546875 0.5821835805555556 0.5441443255208332 0.5743329537037037 0.5229207822916666 0.5743329537037037 0.5228865145833334 0.5823118583333333
3 0.4335819390625 0.5821379703703704 0.45916750677083334 0.5821379703703704 0.45904656302083335 0.574324400925926 0.4335013104166666 0.574324400925926 0.4335819390625 0.5821379703703704
3 0.37439024374999996 0.581992587962963 0.39085466614583336 0.5820980611111111 0.39077000625 0.5743842648148149 0.37433985104166667 0.5741733185185185 0.37439024374999996 0.581992587962963
3 0.31686151979166666 0.5817474342592592 0.33179600885416666 0.5822377425925926 0.3318524489583333 0.5742445842592593 0.31680306406250003 0.5745724055555556 0.31686151979166666 0.5817474342592592
3 0.316839346875 0.5745553018518519 0.3225458578125 0.5745553018518519 0.32275750833333333 0.42434435555555555 0.3169119130208333 0.424429875 0.316839346875 0.5745553018518519
3 0.32275750833333333 0.4317844925925926 0.34921386822916667 0.4317388824074074 0.34917355364583336 0.4243215509259259 0.3228260432291667 0.42437856296296295 0.32275750833333333 0.4317844925925926
3 0.3438822817708333 0.4242873435185185 0.34914331770833335 0.4242873435185185 0.3493852046875 0.38765678425925926 0.344063696875 0.38759977222222225 0.3438822817708333 0.4242873435185185
3 0.34931263854166666 0.3404874574074074 0.390002015625 0.34076396851851853 0.38996170104166666 0.3365735462962963 0.34922999374999997 0.33646807314814814 0.34931263854166666 0.3404874574074074
3 0.38994154427083333 0.3128905361111111 0.3900443458333333 0.39471208703703703 0.3927978229166667 0.3947605472222222 0.39262245520833333 0.31289338611111106 0.38994154427083333 0.3128905361111111
3 0.3926748640625 0.34411345462962967 0.5672586171875 0.3443329537037037 0.5673432776041667 0.34007696666666665 0.39273130416666663 0.339885975 0.3926748640625 0.34411345462962967
3 0.5302781697916666 0.339885975 0.5328905463541667 0.34008266851851854 0.5328905463541667 0.3130387685185185 0.5301733520833333 0.3131385407407407 0.5302781697916666 0.339885975
3 0.5646563192708334 0.3401311287037037 0.5674783307291666 0.3401311287037037 0.5672344286458333 0.3131385407407407 0.5645515015625 0.3131385407407407 0.5646563192708334 0.3401311287037037
3 0.5299496067708334 0.3667730898148148 0.5328038703125 0.3667730898148148 0.5329731911458333 0.34426453796296297 0.5297077203125 0.3443671611111111 0.5299496067708334 0.3667730898148148
3 0.5644829671875 0.39673033055555557 0.5672001614583333 0.3967787916666667 0.5672344286458333 0.3444184722222222 0.564446684375 0.3443671611111111 0.5644829671875 0.39673033055555557
3 0.5304978833333334 0.5702679592592593 0.5327554927083333 0.5703534777777778 0.5327151786458333 0.4560889398148148 0.529997984375 0.45603762870370373 0.5304978833333334 0.5702679592592593
3 0.4431163072916667 0.525627137962963 0.44763152604166667 0.5256556444444443 0.44771215468750003 0.4317559861111111 0.4428542630208333 0.43135689814814815 0.4431163072916667 0.525627137962963
4 0.33192501510416667 0.5813626000000001 0.37427937916666665 0.5815279361111111 0.37446079427083334 0.5696978333333332 0.33162668802083334 0.5699258833333333 0.33192501510416667 0.5813626000000001
4 0.39086877656249996 0.5813854046296296 0.4335678291666667 0.5813454962962963 0.4334609958333333 0.5698403648148148 0.39082846197916665 0.5697548462962964 0.39086877656249996 0.5813854046296296
4 0.4591997583333333 0.5813626000000001 0.5229429552083333 0.581422462962963 0.5227575083333333 0.5696408212962963 0.4592420885416667 0.5696693268518519 0.4591997583333333 0.5813626000000001
4 0.5442209234375 0.5813568981481482 0.5936383791666666 0.5814937287037037 0.5933682723958333 0.5700969212962963 0.5440838541666667 0.5696978333333332 0.5442209234375 0.5813568981481482
3 0.4429348921875 0.5703620296296297 0.4476617619791667 0.5706385407407407 0.4475791171875 0.5256927027777778 0.44301955260416664 0.5256527935185186 0.4429348921875 0.5703620296296297