4 0.6761777151041667 0.6213137648148148 0.6762139833333334 0.6094129379629629 0.6432460203125 0.6094129379629629 0.6432117671875001 0.6212710175925926 0.6761777151041667 0.6213137648148148
1 0 0 0 1 1 1 1 0 0 0
2 0.6949989927083333 0.519421487962963 0.6785331453125 0.5196722712962962 0.6786661291666667 0.5458848675925926 0.6949042916666667 0.5458478194444444 0.6949989927083333 0.519421487962963
2 0.30969574843750003 0.5481932175925925 0.309595003125 0.5684041037037038 0.32665323385416667 0.5683670564814814 0.32659077187499996 0.5481219722222223 0.30969574843750003 0.5481932175925925
2 0.24866209947916668 0.5686976342592592 0.23240580312499998 0.5688116268518518 0.23224058020833332 0.5938871472222221 0.2488253072916667 0.5931718435185185 0.24866209947916668 0.5686976342592592
2 0.28466653229166666 0.5684611 0.28462018958333335 0.595400399074074 0.3014043927083333 0.595198062037037 0.3013882734375 0.5685294953703703 0.28466653229166666 0.5684611
3 0.3103324604166666 0.5716386435185186 0.3419967760416667 0.5714876037037037 0.3419766270833334 0.5683015101851852 0.31030626614583334 0.5683471074074075 0.3103324604166666 0.5716386435185186
3 0.3014285713541666 0.5716585925925927 0.31040499687499995 0.5716557425925926 0.31040701197916665 0.5687745796296296 0.3014003625 0.568848675 0.3014285713541666 0.5716585925925927
3 0.3011746927083333 0.5332915361111111 0.30114043906250004 0.5366115703703703 0.31020350572916666 0.5365317749999999 0.31020350572916666 0.5329837564814816 0.3011746927083333 0.5332915361111111
3 0.3122788635416667 0.5095126814814814 0.34091476927083336 0.5095041324074074 0.3409752166666667 0.506517525925926 0.3123594598958333 0.5064405814814815 0.3122506546875 0.49174408703703704 0.30990932916666664 0.49170703888888884 0.3099415677083333 0.547882587962963 0.3123050572916667 0.547882587962963 0.3122788635416667 0.5095126814814814
3 0.22395929895833333 0.5338785981481482 0.2240137015625 0.48096608703703697 0.22222043125 0.48096608703703697 0.2223836390625 0.5365688231481481 0.233435421875 0.5367968083333333 0.23338504947916666 0.5339555425925926 0.22395929895833333 0.5338785981481482
3 0.27926254270833334 0.5249387287037036 0.27741084010416667 0.5249358796296296 0.2773443479166666 0.5341179824074075 0.2614587953125 0.5340837842592592 0.2619000604166667 0.49178113425925923 0.25938343750000004 0.49174408703703704 0.2596897036458333 0.5340239388888889 0.2506205921875 0.5343659166666667 0.2506326817708333 0.5368167564814815 0.27931090052083335 0.5367740092592592 0.27926254270833334 0.5249387287037036
3 0.276643159375 0.49177828425925924 0.276643159375 0.5013451129629629 0.2791235140625 0.501350812037037 0.2791235140625 0.49178113425925923 0.276643159375 0.49177828425925924
3 0.12776949427083334 0.5103818750000001 0.14609308906250001 0.5103277287037037 0.14614346145833332 0.5071615842592593 0.12980455364583332 0.5072527787037037 0.12979850885416666 0.49432316944444443 0.146115253125 0.4942889712962963 0.146115253125 0.4910857796296297 0.09884747135416667 0.4911256768518519 0.09895426145833335 0.5127187231481481 0.10113842447916667 0.5126702768518518 0.10107193229166667 0.4943032203703704 0.12774531510416667 0.4943032203703704 0.12776949427083334 0.5103818750000001
3 0.12734031822916667 0.5104160731481482 0.1273262140625 0.5174807638888889 0.12817449114583332 0.5174807638888889 0.1282248640625 0.5103989740740741 0.12734031822916667 0.5104160731481482
2 0.2801088052083333 0.45279851851851854 0.2801088052083333 0.4894870333333333 0.30050574270833336 0.48979481296296296 0.3005319364583333 0.45288971203703704 0.2801088052083333 0.45279851851851854
3 0.22440660885416666 0.5908064972222222 0.22465847291666666 0.665571387962963 0.22626435625000002 0.6656625814814815 0.22645577291666666 0.5907181537037037 0.22440660885416666 0.5908064972222222
3 0.28440862395833333 0.6660359074074074 0.2843743703125 0.5689598175925925 0.24881724739583333 0.5689598175925925 0.24875680052083335 0.5717127388888888 0.2825528911458333 0.5717127388888888 0.28290348593750003 0.665947562962963 0.28440862395833333 0.6660359074074074
3 0.20021559531250002 0.4183613564814815 0.20022768489583334 0.42551724166666666 0.229401571875 0.42535480185185187 0.2294398546875 0.4182017666666667 0.20021559531250002 0.4183613564814815
3 0.150493653125 0.4667597601851852 0.15022970000000002 0.42897406666666665 0.1477231515625 0.42897406666666665 0.1475639734375 0.4459447138888889 0.13193632864583332 0.4460957537037037 0.13198871666666667 0.429048162037037 0.12958895833333334 0.42897406666666665 0.12969776354166668 0.44918780277777776 0.1476163609375 0.44918780277777776 0.1477231515625 0.46691649999999996 0.150493653125 0.4667597601851852
3 0.12047753385416667 0.44905101203703707 0.12972395729166666 0.44942718703703705 0.12967962916666667 0.446725562962963 0.11856739895833333 0.446537475 0.11847874270833333 0.45942148796296295 0.12034454947916666 0.4594841833333333 0.12047753385416667 0.44905101203703707
3 0.11856538385416666 0.4804730694444445 0.11847471302083333 0.4911370759259259 0.12051178697916667 0.4911256768518519 0.12060245833333334 0.4805158166666667 0.11856538385416666 0.4804730694444445
2 0.12060044322916667 0.48049586759259255 0.120634696875 0.45947563425925925 0.114757203125 0.45948133333333335 0.11478339739583333 0.48026218333333337 0.12060044322916667 0.48049586759259255
3 0.14613943177083336 0.46695639814814816 0.14640137031249997 0.5381989166666666 0.150185371875 0.5382901111111111 0.15044730989583333 0.4666799657407407 0.14613943177083336 0.46695639814814816
3 0.22395929895833333 0.42545739537037036 0.22409026822916667 0.4474608148148148 0.22630263958333333 0.44738956944444447 0.22626435625000002 0.42545739537037036 0.22395929895833333 0.42545739537037036
2 0.22408019322916667 0.447309775 0.224035865625 0.4732088916666667 0.24150312291666667 0.4733969796296296 0.24155349583333333 0.4476232546296296 0.22408019322916667 0.447309775
3 0.226308684375 0.4739612425925926 0.226308684375 0.4732345398148148 0.2239955671875 0.4732345398148148 0.2239955671875 0.47690795092592597 0.26134193020833335 0.4769820462962963 0.26134193020833335 0.4739612425925926 0.226308684375 0.4739612425925926
4 0.3062583114583333 0.3384554 0.3063489822916667 0.344029637962963 0.3337618375 0.3441607296296296 0.333806165625 0.3383271583333333 0.3062583114583333 0.3384554
3 0.1362159984375 0.6296580222222222 0.14046544427083332 0.6298375601851852 0.14039290729166665 0.5635195212962963 0.13615152135416667 0.5635195212962963 0.1362159984375 0.6296580222222222
3 0.403999596875 0.33849529814814816 0.33379206145833334 0.33831006018518517 0.33366109218749995 0.3850983185185185 0.338881725 0.38519236203703705 0.338881725 0.34606155555555557 0.4040640739583334 0.34587916759259263 0.403999596875 0.33849529814814816
4 0.10260527916666667 0.6282274148148148 0.10250453333333334 0.6371701342592593 0.1305017125 0.6370447416666667 0.13049163802083333 0.6284611 0.10260527916666667 0.6282274148148148
2 0.09837799739583333 0.5346423481481481 0.11627443072916667 0.5345340555555556 0.11623614739583334 0.5132060416666666 0.09854523489583333 0.5127244231481481 0.09837799739583333 0.5346423481481481
4 0.4040842234375 0.3384554 0.4040842234375 0.34550584166666665 0.4260628651041667 0.34563978333333334 0.4260608505208333 0.33851809629629626 0.4040842234375 0.3384554
4 0.17817449114583334 0.4183072101851852 0.1780354625 0.4300398972222222 0.20021559531250002 0.4297720148148148 0.20017731197916666 0.4183984037037037 0.17817449114583334 0.4183072101851852
2 0.33385653854166664 0.38524365925925924 0.3339512390625 0.4136819611111111 0.35509167864583335 0.4136819611111111 0.35499899270833335 0.38537475092592594 0.33385653854166664 0.38524365925925924
2 0.14221035677083332 0.5635537194444444 0.1420491640625 0.5375434592592592 0.12043925052083333 0.5376004555555555 0.120300221875 0.5631262472222222 0.14221035677083332 0.5635537194444444
3 0.26686882916666665 0.4180222287037037 0.2669453958333333 0.41583927037037033 0.3064054 0.415953262962963 0.3064054 0.3914021092592592 0.30107596197916664 0.389817612037037 0.3009530526041667 0.4082416638888889 0.25871247239583334 0.40834995740740737 0.2587890390625 0.34599886018518516 0.3009530526041667 0.34599886018518516 0.30121499114583333 0.36495582777777774 0.3062220432291667 0.3629011111111111 0.30625226666666666 0.3385038472222222 0.253260125 0.33861213981481486 0.253260125 0.4182331148148148 0.26686882916666665 0.4180222287037037
3 0.10237557916666667 0.6320775148148149 0.0663751765625 0.6321715592592593 0.0663751765625 0.6353177546296297 0.09998589583333332 0.6354602453703704 0.10008059635416666 0.6397777148148148 0.10254281666666666 0.6397264175925926 0.10237557916666667 0.6320775148148149
3 0.0692685875 0.5378227416666667 0.08223050572916667 0.5376717009259259 0.08223252083333334 0.535189512962963 0.0692685875 0.5352579083333333 0.0692685875 0.5378227416666667
3 0.4313620791666667 0.4522086064814815 0.43127140833333333 0.3383927046296296 0.4260608505208333 0.338261612962963 0.42592383645833337 0.4136933601851852 0.3335804958333333 0.41375605555555556 0.3335804958333333 0.4213821601851852 0.4258774932291667 0.4213821601851852 0.4260608505208333 0.4522713027777778 0.4313620791666667 0.4522086064814815
3 0.07489220208333333 0.6693644916666667 0.06631069895833333 0.6694243370370371 0.06640338489583333 0.42579937314814814 0.08172073333333334 0.4255343398148148 0.08179528489583333 0.41811057314814815 0.06096715677083333 0.4179794814814815 0.061057828125000005 0.677115987037037 0.07478944166666666 0.677115987037037 0.07489220208333333 0.6693644916666667
3 0.2790650817708333 0.6695012824074074 0.2790650817708333 0.67692505 0.28805158177083334 0.6769649472222222 0.28811404375 0.6695069824074074 0.2790650817708333 0.6695012824074074
3 0.10928067708333335 0.4182017666666667 0.10928067708333335 0.425588487037037 0.1781805359375 0.4257509259259259 0.17817046145833335 0.4184098037037037 0.10928067708333335 0.4182017666666667
3 0.21344146666666666 0.6694271870370371 0.213445496875 0.6768538046296296 0.24573846458333334 0.6767683101851851 0.24586540416666666 0.6695069824074074 0.21344146666666666 0.6694271870370371
3 0.13073342760416667 0.6696266740740741 0.1307838 0.6771387861111111 0.15170662916666666 0.6770903388888889 0.1517449125 0.6695069824074074 0.13073342760416667 0.6696266740740741
3 0.09289341145833332 0.6694898833333334 0.092855128125 0.6770190935185185 0.1027705015625 0.6771074379629629 0.10276445677083333 0.669421487962963 0.09289341145833332 0.6694898833333334
3 0.27896433593750003 0.4892561981481482 0.27896433593750003 0.48479623796296295 0.28020955052083335 0.48479623796296295 0.28016522239583336 0.4815873472222222 0.26709852916666665 0.4815246509259259 0.26700987291666667 0.4179709314814815 0.23853919010416666 0.4179623824074074 0.23858150312499998 0.42499857500000005 0.26226677395833337 0.424819037037037 0.26176506145833334 0.4892561981481482 0.27896433593750003 0.4892561981481482
3 0.34571428593750003 0.6695782277777778 0.34598226875000004 0.5184155027777777 0.39110014114583336 0.517868338888889 0.39104976822916665 0.5140039898148149 0.39259117447916664 0.5141122824074074 0.3926415473958333 0.5108406953703704 0.34852307083333334 0.5105528638888889 0.34833366927083337 0.48190082685185187 0.3009329036458333 0.48174693611111113 0.30098327604166664 0.484628099074074 0.30187386666666666 0.4846224 0.3019282692708333 0.4892989453703704 0.343268184375 0.4893958388888889 0.34302841041666665 0.5108207462962964 0.3408341729166667 0.5108207462962964 0.34070320364583334 0.6694328870370371 0.3219000604166667 0.669398688888889 0.3218738666666667 0.6769763462962963 0.36946201875 0.677124537037037 0.36977835989583335 0.6695782277777778 0.34571428593750003 0.6695782277777778
4 0.08170259947916667 0.4301111425925926 0.10928269166666667 0.4300598462962963 0.10924440885416667 0.4183072101851852 0.08179528489583333 0.4183984037037037 0.08170259947916667 0.4301111425925926
4 0.22948619791666666 0.418079225 0.22949022760416668 0.42644628055555556 0.23850493645833334 0.4264633796296296 0.23845254895833332 0.4180963240740741 0.22948619791666666 0.418079225
3 0.09887568020833333 0.5378170416666667 0.14637920624999998 0.5377144481481481 0.14637920624999998 0.5344827583333334 0.09887568020833333 0.5345625537037036 0.09887568020833333 0.5378170416666667
3 0.13820269999999998 0.631929325 0.13045134010416667 0.6319321740740741 0.13044328020833335 0.6376460527777777 0.13619181927083332 0.6376945 0.13600241770833332 0.6690766601851852 0.13821478958333333 0.6690595611111111 0.13820269999999998 0.631929325
3 0.10011485 0.6604217722222222 0.10007656666666667 0.669398688888889 0.1023655046875 0.6693644916666667 0.10240378802083333 0.6604217722222222 0.10011485 0.6604217722222222
2 0.100159178125 0.6396808203703703 0.10019544635416668 0.6604246222222222 0.11260930885416666 0.6603676259259259 0.11263348802083333 0.6397805638888889 0.100159178125 0.6396808203703703
4 0.07477936718749999 0.6768139074074074 0.09284908333333333 0.6767597601851851 0.09284908333333333 0.6695269305555556 0.07481160572916666 0.6695810768518519 0.07477936718749999 0.6768139074074074
4 0.10275841250000001 0.6685437444444444 0.1028329640625 0.6779652324074074 0.13076566614583332 0.6779139351851852 0.13076566614583332 0.6685950416666666 0.10275841250000001 0.6685437444444444
4 0.15183356822916666 0.6647848388888888 0.15169453958333332 0.6779481333333334 0.2133165421875 0.677893987037037 0.21334072135416668 0.6647306925925925 0.15183356822916666 0.6647848388888888
4 0.24580294166666666 0.6650356222222222 0.24561354010416667 0.67769735 0.27903485781250004 0.6778227416666667 0.2790852307291667 0.6649985749999999 0.24580294166666666 0.6650356222222222
4 0.28817650625 0.6645198064814815 0.2880656859375 0.6778597888888889 0.32181341927083335 0.6778084925925926 0.3218517026041667 0.6644286120370371 0.28817650625 0.6645198064814815
2 0.233409228125 0.5334368768518518 0.233409228125 0.5411969222222222 0.2506447713541667 0.5412510685185186 0.250608503125 0.5333285833333333 0.233409228125 0.5334368768518518
2 0.2770864395833333 0.501527500925926 0.27722345364583334 0.5248361361111111 0.2830727380208333 0.5247762898148147 0.28311102135416666 0.5014534055555555 0.2770864395833333 0.501527500925926
3 0.8565323390625 0.584223425925926 0.8565121901041667 0.5783100601851853 0.8401370140625001 0.5783271583333334 0.8401370140625001 0.5842832712962963 0.8565323390625 0.584223425925926
3 0.8565645781250001 0.40640068425925924 0.7937114645833333 0.4064747787037037 0.7936328833333334 0.4143374185185185 0.856643159375 0.41437446574074077 0.856643159375 0.6136791111111112 0.8401249244791666 0.6137560555555556 0.8400483578125001 0.6216984898148148 0.856590771875 0.6217668851851852 0.856616965625 0.6874465657407407 0.862123715625 0.6874465657407407 0.862123715625 0.6479481333333333 0.8920149104166666 0.648281562037037 0.8919081203125 0.6361157027777777 0.8621015515625 0.6362211453703703 0.862097521875 0.355183812962963 0.8520814026041666 0.3551496148148148 0.8518960307291666 0.37461954999999997 0.856590771875 0.3747677398148148 0.8565645781250001 0.40640068425925924
4 0.7902498489583334 0.5747335425925926 0.7903143260416667 0.5840866342592593 0.8399335078125 0.5841407805555555 0.8399597015625001 0.5746622972222222 0.7902498489583334 0.5747335425925926
3 0.7106226072916667 0.6137931037037038 0.67626435625 0.6137418064814815 0.6762522666666667 0.6216813907407407 0.7106467864583333 0.6216272444444445 0.7106226072916667 0.6137931037037038
4 0.6333528109375001 0.6213109148148148 0.6334475114583333 0.6095012824074074 0.6005299213541666 0.6095896268518519 0.6005440260416666 0.6212909657407407 0.6333528109375001 0.6213109148148148
3 0.600493653125 0.6137589055555556 0.5812210354166666 0.6136876601851853 0.5810880515625 0.4024707898148148 0.6077553901041667 0.40253348518518517 0.6077997177083333 0.44867483611111114 0.6207777552083333 0.44848389814814815 0.6207777552083333 0.44508976944444445 0.6216602859375 0.44510116851851855 0.6216602859375 0.44095183796296294 0.6132661697916666 0.4409432888888889 0.6132218416666666 0.394801937962963 0.5452649609375 0.3950527212962963 0.5452206328125 0.4409432888888889 0.5367298005208333 0.4409432888888889 0.5367298005208333 0.44508976944444445 0.537709046875 0.44508976944444445 0.53766471875 0.44854944444444445 0.5507314124999999 0.44867483611111114 0.5507314124999999 0.40253348518518517 0.5773000203124999 0.40249643796296297 0.5772254682291666 0.6138130518518519 0.558105984375 0.6137589055555556 0.5581100140624999 0.6217326870370371 0.5770421114583333 0.6216072953703703 0.5771750958333333 0.6875463092592593 0.5813983479166667 0.6873582212962962 0.5813540197916667 0.6216699916666667 0.6004553697916666 0.6216443435185185 0.600493653125 0.6137589055555556
2 0.6992585130208333 0.42084924444444444 0.6992887364583333 0.3984183527777778 0.6794761234375 0.398258762962963 0.6793491838541666 0.42122257037037036 0.6992585130208333 0.42084924444444444
4 0.7715131979166666 0.6213194638888889 0.7716864802083333 0.6093046453703704 0.7105843239583333 0.609430037037037 0.7107475317708333 0.6212710175925926 0.7715131979166666 0.6213194638888889
3 0.5813076765624999 0.46123966944444444 0.6093209749999999 0.46123966944444444 0.60929478125 0.4982901111111111 0.6117590166666667 0.4983271583333333 0.6117247630208333 0.45076375 0.6093874671874999 0.45073240277777776 0.6093653031249999 0.45799658055555553 0.5813298406249999 0.4579652324074074 0.5813076765624999 0.46123966944444444
2 0.8173000203124999 0.4831490453703704 0.81733024375 0.4622228555555556 0.8005480557291667 0.46223140462962964 0.8005178317708334 0.4830607009259259 0.8173000203124999 0.4831490453703704
2 0.7828349786458334 0.4893388425925926 0.7826798307291667 0.515007124074074 0.8045013098958333 0.515012824074074 0.8044509369791667 0.48947278425925933 0.7828349786458334 0.4893388425925926
2 0.6371589765625 0.5197435166666666 0.6203566390625 0.519620975 0.6202961916666666 0.5458307212962963 0.6371166635416666 0.5456454833333333 0.6371589765625 0.5197435166666666
2 0.6117348380208333 0.5196466231481481 0.61182349375 0.49845255092592594 0.595383840625 0.49831006018518514 0.5952830947916666 0.519412937962963 0.6117348380208333 0.5196466231481481
3 0.7901994760416666 0.6136677120370371 0.7716663307291667 0.6137161583333334 0.7715897640624999 0.6218324305555556 0.7901672375000001 0.6217811342592593 0.7901994760416666 0.6136677120370371
3 0.6431210963541666 0.6137418064814815 0.6334676609375 0.6137161583333334 0.633409228125 0.621735537037037 0.6431593791666667 0.6216813907407407 0.6431210963541666 0.6137418064814815
2 0.6217247630208332 0.4446708462962963 0.6417308078125 0.4447107435185185 0.6417126739583333 0.41475919074074075 0.6216481968750001 0.4146765462962963 0.6217247630208332 0.4446708462962963
3 0.7775115859375 0.3550185240740741 0.7673060651041667 0.3551097175925926 0.7673060651041667 0.36827586203703705 0.6992826916666667 0.36818181851851856 0.6991295588541667 0.33835850648148147 0.6948700385416667 0.33835850648148147 0.6949566796875001 0.3683385583333333 0.6604976828125 0.3683385583333333 0.660519846875 0.3551410657407407 0.6503586541666666 0.35517241388888887 0.6503586541666666 0.4091963518518518 0.6524118479166667 0.40922485 0.65244005625 0.4410572814814815 0.6417690911458334 0.4410572814814815 0.6417489421875 0.4452921055555556 0.6425790854166666 0.4452921055555556 0.642687890625 0.4486320888888889 0.6604976828125 0.4485693925925926 0.66047551875 0.3760330574074074 0.7673947208333334 0.37609575370370374 0.7674813619791667 0.41429467129629627 0.7729014708333334 0.41429467129629627 0.7728571427083334 0.3747677398148148 0.7776203911458333 0.3746423481481482 0.7775115859375 0.3550185240740741
3 0.6524078177083333 0.4092647481481481 0.6507233526041667 0.4092419490740741 0.6507334276041666 0.4410059842592593 0.6524017729166667 0.44098603611111115 0.6524078177083333 0.4092647481481481
3 0.6115575255208333 0.5204160731481481 0.6115575255208333 0.5198062129629629 0.581366109375 0.5197862638888888 0.5812996171875 0.523092049074074 0.6203203708333334 0.5232231407407407 0.6203465645833333 0.5205044175925926 0.6115575255208333 0.5204160731481481
3 0.7867983072916667 0.5152465092592593 0.7826496072916667 0.515192362037037 0.7827040098958334 0.5751325166666666 0.7868164416666666 0.5750783694444445 0.7867983072916667 0.5152465092592593
3 0.6549909328125001 0.2874123685185185 0.6508744708333333 0.2871957824074074 0.6508744708333333 0.3551296666666666 0.6550674994791666 0.3551296666666666 0.6549909328125001 0.2874123685185185
3 0.6991073947916667 0.3781305212962963 0.6949647390625 0.378056425925926 0.6949929479166667 0.39804502685185184 0.69910135 0.3981333712962963 0.6991073947916667 0.3781305212962963
3 0.7978037479166668 0.44578797407407406 0.7978964338541666 0.419609575 0.8150070520833333 0.41963807314814816 0.8150191416666667 0.4620803648148148 0.8171932296875001 0.4620604157407407 0.8170380817708334 0.42563123425925925 0.8544428770833333 0.4257765740740741 0.8544569817708333 0.42257623240740744 0.8171730807291666 0.42252493611111114 0.8171086036458333 0.416337987962963 0.7955107796875001 0.41627244259259255 0.7953919 0.44244514074074076 0.7868849484375 0.44257338240740746 0.7867459197916666 0.4029837564814815 0.7826576666666667 0.40294955833333335 0.7826375177083332 0.4853434027777778 0.7677372557291666 0.48528925648148147 0.7676949427083334 0.4163094898148148 0.7653576463541667 0.41627244259259255 0.76541809375 0.48893131944444446 0.7868325609375 0.48898831574074075 0.7868466651041667 0.4865574240740741 0.8171771104166666 0.48658307222222225 0.8171509166666666 0.48357936759259257 0.7868466651041667 0.4835309203703704 0.786836590625 0.44577942407407406 0.7978037479166668 0.44578797407407406
3 0.5771489020833334 0.39484183518518523 0.5813721541666667 0.394807637962963 0.5813358854166667 0.36338273055555553 0.6120128953125 0.3633998287037037 0.6120370744791667 0.39475349074074073 0.6131251260416666 0.39473639259259263 0.6129115453125 0.3292932462962963 0.6087003828125 0.32920490185185186 0.6086117265625001 0.3574095185185185 0.57109208125 0.35744371574074074 0.5711686479166667 0.330564262962963 0.6086741890624999 0.3304559703703704 0.6086741890624999 0.3291137074074074 0.5669816640625 0.3290082648148148 0.5669574854166667 0.3576061555555556 0.5464215192708333 0.35733827314814814 0.5464718921874999 0.3353206037037037 0.5499113437500001 0.33047306944444443 0.5669192020833334 0.330564262962963 0.5669192020833334 0.3289712166666666 0.5494680635416667 0.3289541175925926 0.5454845859374999 0.3346053009259259 0.5454845859374999 0.3948247361111111 0.5464718921874999 0.3948788833333334 0.5464718921874999 0.36338273055555553 0.5771871854166667 0.3634197777777778 0.5771489020833334 0.39484183518518523
2 0.6873423333333334 0.49376745555555557 0.6873040499999999 0.4853063546296296 0.671559540625 0.48532345370370367 0.671585734375 0.49344542592592594 0.6873423333333334 0.49376745555555557
3 0.6615897640625 0.48556568796296296 0.644422728125 0.48549159259259256 0.644422728125 0.4764548305555556 0.6423876687500001 0.4764120833333333 0.6424178921875 0.488452550925926 0.6715091677083334 0.4883642064814815 0.6714708843749999 0.48552009074074076 0.6636066895833334 0.4855115416666667 0.6636550473958334 0.4535252212962963 0.6949204109375 0.45354231944444445 0.6950010072916667 0.4854773435185185 0.6873544229166666 0.4855400398148148 0.6873665119791668 0.4882388148148148 0.6991759015625 0.48882587592592597 0.69924239375 0.4209717870370371 0.6949586942708332 0.4210658305555556 0.694960709375 0.45034197777777774 0.6616844651041667 0.45041892314814813 0.6615897640625 0.48556568796296296
3 0.7901752973958334 0.5784895981481482 0.785242796875 0.5783984037037037 0.7852548859374999 0.6134197777777778 0.7874692723958333 0.6134368768518519 0.7874108401041667 0.5842547731481481 0.7902256697916666 0.5842661731481482 0.7901752973958334 0.5784895981481482
3 0.6992101552083334 0.5199116555555555 0.6950916786458333 0.5199515527777778 0.694827725 0.5843915648148148 0.6991658270833334 0.5844086638888888 0.6992101552083334 0.5199116555555555
4 0.7902961916666666 0.6138614990740741 0.7903284302083333 0.6212510685185185 0.8399919401041667 0.6212225703703704 0.8400544026041668 0.6139298944444445 0.7902961916666666 0.6138614990740741
3 0.6783538182291667 0.5203989740740741 0.6372053192708333 0.5205300657407407 0.6372395729166667 0.6098603592592592 0.6391617973958332 0.6098062129629629 0.6391114244791667 0.5232345398148148 0.6783437437500001 0.5231860925925926 0.6783538182291667 0.5203989740740741