1 0 0 0 0.9999430037037036 0.03603868645833333 1 1 1 1 0 0 0
3 0.35963127135416667 0.7976660018518519 0.35963127135416667 0.8105215157407407 0.3636006447916667 0.8105215157407407 0.36370542031249997 0.7977172981481482 0.35963127135416667 0.7976660018518519
3 0.45238766875 0.5206611574074074 0.4418093895833334 0.5206896555555556 0.4418295385416667 0.5223710462962963 0.45238766875 0.52231405 0.45238766875 0.5514391564814816 0.4418093895833334 0.5514676546296297 0.44178924062499997 0.5531205472222221 0.4523675197916667 0.553063550925926 0.45238766875 0.5666001712962963 0.4417690911458333 0.5666571675925925 0.44178924062499997 0.5705329157407408 0.45335482552083334 0.5705614138888889 0.45363691302083337 0.4882872611111111 0.4418093895833334 0.4883442574074074 0.4418295385416667 0.49153605 0.4523473703125 0.4915075518518519 0.45238766875 0.5206611574074074
4 0.3253415270833333 0.81077515 0.3254281682291667 0.819803362962963 0.35444287708333333 0.8199658018518519 0.35450130989583334 0.8108150472222222 0.3253415270833333 0.81077515
4 0.36797904479166665 0.8107609009259259 0.3680757604166667 0.8199943 0.40318355833333336 0.8198917074074074 0.40318355833333336 0.8108634935185185 0.36797904479166665 0.8107609009259259
4 0.42939754166666666 0.8196352240740741 0.4835180333333333 0.8196922203703704 0.4834575859375 0.8036192648148148 0.42935724375 0.8037047592592592 0.42939754166666666 0.8196352240740741
4 0.5418496875 0.8197777148148148 0.6406165625 0.8198432601851852 0.6406729802083333 0.8037161583333333 0.5418496875 0.8036762611111111 0.5418496875 0.8197777148148148
4 0.6640539994791667 0.7888572240740741 0.7173685270833333 0.7887717296296296 0.7172879307291667 0.7797093185185184 0.6639532541666667 0.7797378166666666 0.6640539994791667 0.7888572240740741
4 0.6635704213541668 0.7338842972222223 0.7176506145833332 0.7339127953703704 0.7176788234375 0.7187688796296297 0.6635099739583333 0.7186947851851853 0.6635704213541668 0.7338842972222223
4 0.7479347166666667 0.4225990314814815 0.7208160385416666 0.4227073240740741 0.7208160385416666 0.4387232833333333 0.7481402374999999 0.438840125 0.7479347166666667 0.4225990314814815
4 0.6587507557291666 0.4226845259259259 0.6588071729166667 0.4317526361111111 0.6940600442708333 0.43183528055555553 0.693973403125 0.4226446277777777 0.6587507557291666 0.4226845259259259
4 0.5930888572916667 0.3925220861111111 0.5574591979166666 0.39243944166666667 0.5574591979166666 0.40864918796296296 0.5930606489583333 0.4086919351851852 0.5930888572916667 0.3925220861111111
4 0.508079790625 0.45967512129629634 0.47166028593750003 0.45967512129629634 0.4716965546875 0.4759276148148149 0.508079790625 0.47597606111111107 0.508079790625 0.45967512129629634
4 0.36745919791666665 0.7675691083333334 0.40370743489583333 0.7675691083333334 0.40378803125 0.752094613888889 0.3674189 0.7521231120370371 0.36745919791666665 0.7675691083333334
2 0.364088253125 0.7682872611111111 0.34077372552083335 0.7682872611111111 0.3405661895833333 0.7975406101851852 0.3640459401041667 0.7977172981481482 0.364088253125 0.7682872611111111
2 0.4092484385416667 0.6618979768518519 0.4092121703125 0.6200797944444445 0.3843945192708333 0.620199487037037 0.3844448921875 0.6616984898148148 0.4092484385416667 0.6618979768518519
2 0.5054765260416667 0.6200227981481482 0.4788192625 0.6200227981481482 0.4788232921875 0.6621544601851852 0.5053919 0.6620974638888889 0.5054765260416667 0.6200227981481482
2 0.6433125125 0.5688458249999999 0.6432701994791666 0.6099743518518518 0.6778641947916667 0.6103904250000001 0.6780314328125 0.5687289824074074 0.6433125125 0.5688458249999999
2 0.37412049166666667 0.6167911083333334 0.37412049166666667 0.5863550870370371 0.3490630666666667 0.5862638925925926 0.34914366302083333 0.6168139074074075 0.37412049166666667 0.6167911083333334
2 0.6434817651041667 0.4686805361111111 0.6711686479166666 0.46889142222222224 0.6708039494791667 0.4362211453703704 0.6434213177083333 0.4361641490740741 0.6434817651041667 0.4686805361111111
2 0.672149909375 0.5562610425925926 0.6721740880208333 0.5293131944444444 0.6592786619791667 0.529410087962963 0.6593391093750001 0.5562553435185185 0.672149909375 0.5562610425925926
2 0.6967600239583334 0.5587631805555556 0.7215958088541666 0.558845825 0.7215393916666667 0.5283556564814814 0.6969171869791667 0.528042176851852 0.6967600239583334 0.5587631805555556
2 0.7474471088541667 0.5081248222222222 0.7219443885416666 0.5081647194444444 0.7219141645833334 0.5204360212962963 0.7473906911458333 0.5201082925925926 0.7474471088541667 0.5081248222222222
2 0.40535563177083334 0.4775634083333333 0.4348055609375 0.4776061555555556 0.43499899270833337 0.43277286944444443 0.4053636911458333 0.43322599074074075 0.40535563177083334 0.4775634083333333
3 0.6513802135416668 0.4218238814814815 0.6514084223958334 0.39166144166666667 0.5930888572916667 0.3915645481481481 0.5930888572916667 0.40134511296296294 0.6445033244791667 0.4012225703703704 0.6448317552083334 0.43613565092592593 0.6514205119791666 0.43619264722222223 0.6513520046875 0.43204046759259257 0.6588071729166667 0.4319578231481482 0.6587507557291666 0.42186377870370373 0.6513802135416668 0.4218238814814815
3 0.40318355833333336 0.8206611574074074 0.42939754166666666 0.8207466518518518 0.4293773927083333 0.8108862925925926 0.4031875880208334 0.8108150472222222 0.40318355833333336 0.8206611574074074
3 0.3138021359375 0.49808207499999996 0.3140197463541667 0.7682331148148148 0.31533749739583333 0.768264462962963 0.3153435421875 0.8104360212962963 0.3089341125 0.8104360212962963 0.30885351614583334 0.8207523509259259 0.32541607916666665 0.8207836990740741 0.3253354828125 0.810381875 0.31894620208333335 0.8104673694444444 0.31897239583333337 0.7682274148148148 0.36743904895833335 0.7683385583333333 0.3674189 0.7603020805555556 0.32034051979166667 0.7600170990740741 0.32074954687499996 0.626902250925926 0.3741708645833333 0.6270675407407407 0.374229296875 0.6168281564814815 0.32034051979166667 0.6169108009259259 0.32022365520833335 0.509809062037037 0.38970179322916665 0.5097264175925926 0.38970179322916665 0.4843744657407407 0.40277856145833335 0.4843744657407407 0.40277856145833335 0.47793388425925926 0.4053798104166667 0.4779424333333333 0.40539995989583333 0.4719863212962963 0.38146886979166666 0.4719891703703704 0.38141043697916666 0.4982473638888889 0.3138021359375 0.49808207499999996
3 0.6640539994791667 0.7897121685185186 0.6639693734375 0.7793986888888889 0.6471730807291666 0.7794670842592593 0.6471227078125 0.8105984611111111 0.6406548458333333 0.8105272157407407 0.6406044729166667 0.8207381018518518 0.6541910135416666 0.8207381018518518 0.654140640625 0.789609575 0.6640539994791667 0.7897121685185186
3 0.35450332447916666 0.8104844685185185 0.35439854947916666 0.8206782555555556 0.36811605885416665 0.8208264462962963 0.36797703020833333 0.8105842120370371 0.35450332447916666 0.8104844685185185
3 0.6940318354166667 0.4320005703703704 0.7208120088541666 0.43183528055555553 0.7208120088541666 0.42174123703703703 0.6939451942708333 0.42186377870370373 0.6940318354166667 0.4320005703703704
3 0.5377392708333333 0.8108577944444444 0.5377291958333333 0.802319749074074 0.5098166432291666 0.8022798518518518 0.5098166432291666 0.8106526074074074 0.48347773541666667 0.8106013111111111 0.48349788437499996 0.8207181537037036 0.5418496875 0.8207067537037037 0.5418496875 0.8108577944444444 0.5377392708333333 0.8108577944444444
3 0.7479347166666667 0.4217725851851852 0.7480153135416666 0.43149045277777776 0.7704795484375 0.4315332 0.7705500703125 0.7270504416666667 0.7176606890625 0.7270988888888889 0.7176606890625 0.7350270731481482 0.7703405197916666 0.7349786268518519 0.7703405197916666 0.7795440296296297 0.71727785625 0.7793986888888889 0.717348378125 0.7896409231481482 0.7805762645833333 0.7896893703703703 0.7805762645833333 0.4218295814814815 0.7479347166666667 0.4217725851851852
3 0.5080596411458334 0.45876318055555554 0.508079790625 0.4687375324074074 0.5226818458333333 0.46886007407407404 0.5222647593749999 0.5285437444444444 0.5291577677083333 0.5286919351851852 0.5292625427083333 0.45896266759259263 0.5254684666666667 0.45896266759259263 0.525885553125 0.4016899398148148 0.5574652427083334 0.40139355925925924 0.5574652427083334 0.3914477055555556 0.5184001609375 0.3914961527777778 0.5184344145833334 0.45881447685185184 0.5080596411458334 0.45876318055555554
3 0.4348377994791666 0.471929325 0.43480959114583334 0.4774665148148148 0.437638525 0.4774665148148148 0.437638525 0.48401823888888884 0.45364295781249997 0.48384725 0.45335482552083334 0.5705899120370371 0.46058835364583334 0.570390425 0.4602055208333333 0.47409518425925923 0.4574934515625 0.4741464805555556 0.4575518838541666 0.4687859787037037 0.47169050989583333 0.46887147314814814 0.4716502114583333 0.4588201768518519 0.44846866822916664 0.45899971481481483 0.4486479953125 0.4718495296296296 0.4348377994791666 0.471929325
3 0.4046564578125 0.5667141638888888 0.3940419098958333 0.5666115703703705 0.394114446875 0.5517041888888888 0.4047269796875 0.5517041888888888 0.4047269796875 0.550578512037037 0.3941869838541667 0.5506811055555555 0.3940419098958333 0.5214762037037037 0.4046564578125 0.5214762037037037 0.4046564578125 0.5198432601851851 0.394114446875 0.5197406666666667 0.394114446875 0.4906383583333333 0.4046564578125 0.4906383583333333 0.4047269796875 0.4877799944444445 0.39245416093749996 0.4877799944444445 0.3923090875 0.5130008546296296 0.3887003828125 0.5130008546296296 0.3887003828125 0.5637532064814815 0.37368325625 0.5636506129629629 0.37368325625 0.5125933314814816 0.3201833567708333 0.5127985185185185 0.3201833567708333 0.5175976064814815 0.36978440468749996 0.517700199074074 0.369736046875 0.5863778851851852 0.37428974427083334 0.5863493870370371 0.3742595203125 0.5701852379629629 0.40479951666666664 0.5698803074074074 0.4046564578125 0.5667141638888888
3 0.38438645989583337 0.620188087962963 0.37418496875 0.6201396407407407 0.37418496875 0.6266400685185185 0.38436429583333337 0.6267027638888889 0.38438645989583337 0.620188087962963
3 0.4058190609375 0.8108007981481481 0.4124299817708333 0.81077515 0.41245214583333334 0.7600740953703704 0.40374773333333336 0.7600170990740741 0.40370743489583333 0.7683385583333333 0.4058190609375 0.7684297518518518 0.4058190609375 0.8108007981481481
3 0.47884747135416666 0.6200398972222223 0.4092484385416667 0.6201766888888889 0.4093169453125 0.754234825 0.4164880114583333 0.7541835277777778 0.4164880114583333 0.626540325 0.47884747135416666 0.6266885148148148 0.47884747135416666 0.6200398972222223
3 0.5330002015624999 0.6194898833333333 0.5054442875 0.6195753777777777 0.5054442875 0.7973382731481481 0.5100161192708333 0.7971672842592592 0.5098952244791667 0.6425505842592593 0.5331795286458333 0.6423795953703704 0.5330002015624999 0.6194898833333333
3 0.647233528125 0.7580307777777777 0.647233528125 0.7794471361111112 0.6540016119791667 0.7794471361111112 0.6540721338541666 0.75923625 0.6545335484375 0.75923625 0.6546846666666667 0.7350812194444444 0.6635704213541668 0.7350812194444444 0.6635563166666666 0.7269136509259259 0.6488877692708334 0.726902250925926 0.6488877692708334 0.757888287037037 0.647233528125 0.7580307777777777
3 0.6431613942708334 0.720966087037037 0.6503808182291666 0.7211798231481481 0.6504815635416666 0.6100569962962963 0.6431110213541668 0.6099173555555555 0.6431613942708334 0.720966087037037
3 0.6417247630208334 0.4301538898148148 0.6149848880208334 0.42991735555555555 0.6150251864583333 0.40663436851851853 0.6110981260416666 0.40663436851851853 0.6111827526041667 0.4352351092592593 0.6417247630208334 0.4354716444444444 0.6417247630208334 0.4301538898148148
3 0.6401531333333333 0.565198062037037 0.6145839208333334 0.5651154175925927 0.6146423536458333 0.5687717296296296 0.7218577473958334 0.5687717296296296 0.7218577473958334 0.5588173268518518 0.6721599838541666 0.5587318324074074 0.6721599838541666 0.5562638925925926 0.6704211161458333 0.5562553435185185 0.6704755187500001 0.5586463379629629 0.6447249645833334 0.5586463379629629 0.6447249645833334 0.4892932462962963 0.7174047953125 0.4892106009259259 0.7173282286458333 0.5282986601851851 0.7219020755208334 0.5283841546296296 0.7219766270833333 0.4837617555555556 0.6447249645833334 0.48367911111111106 0.6446645171875001 0.4693815898148148 0.6145476526041667 0.46930749537037036 0.6145234739583334 0.47244514074074073 0.6401531333333333 0.4725306351851852 0.6401531333333333 0.565198062037037
3 0.7474309890625 0.5081561694444444 0.7474309890625 0.5147563407407408 0.7668587546875 0.5146565972222222 0.7668245015624999 0.5081077231481481 0.7474309890625 0.5081561694444444
3 0.744589965625 0.561932174074074 0.7445476526041667 0.5685522944444444 0.7669010677083333 0.5684924481481481 0.7668587546875 0.5619920203703703 0.744589965625 0.561932174074074
3 0.6711444692708334 0.4892476490740741 0.6675579286458333 0.4892476490740741 0.667594196875 0.5092903962962964 0.6447189197916666 0.509239099074074 0.6447189197916666 0.5140666861111111 0.6711807375000001 0.5141151324074074 0.6711444692708334 0.4892476490740741
3 0.672149909375 0.5147449416666666 0.67036066875 0.5147449416666666 0.67036066875 0.5293131944444444 0.6721740880208333 0.5293473925925927 0.672149909375 0.5147449416666666
3 0.6473121093749999 0.479814762037037 0.7057203302083334 0.47991735555555554 0.7057928671875 0.431923625 0.6990791859375 0.431923625 0.6988615755208334 0.4743003703703704 0.6508502921874999 0.4745055574074074 0.6508764859375 0.4687375324074074 0.6473846463541667 0.4686833851851852 0.6473121093749999 0.479814762037037