3 0.8031210963541666 0.5446964944444445 0.8209067098958334 0.4823339981481481 0.8163348781249999 0.4796950694444445 0.7966068911458334 0.5487033342592592 0.8081825510416666 0.5554032490740741 0.8101672375 0.5489256194444444 0.8031210963541666 0.5446964944444445
3 0.8440116864583334 0.5946594472222222 0.8458895828125 0.5881647194444445 0.8404996979166667 0.5848959814814815 0.8432278864583334 0.5754117981481481 0.8486560546875 0.5783984037037037 0.8566048760416667 0.5506070101851852 0.8579488213541667 0.5514391564814816 0.8598529114583333 0.5449786268518518 0.8539169859375 0.5414363064814814 0.8459339109375 0.5692818462962963 0.8354503322916667 0.563282987037037 0.8336228088541666 0.5699088055555556 0.8385694135416667 0.5727130240740741 0.8339492244791666 0.5887346824074073 0.8440116864583334 0.5946594472222222
3 0.8468224864583332 0.5774494157407407 0.8441084020833334 0.5870048444444445 0.8459077171874999 0.5881191222222222 0.8486238161458334 0.5784297518518519 0.8468224864583332 0.5774494157407407
3 0.8853898848958334 0.6108463953703703 0.8787991135416667 0.6067683101851852 0.8913036468750001 0.5629666574074075 0.8851299614583333 0.5593131944444445 0.8832863187500001 0.5656511824074074 0.8848519041666666 0.5667797092592592 0.8722768484375 0.6107694499999999 0.8835885552083333 0.6171416361111112 0.8853898848958334 0.6108463953703703
3 0.9663771911458333 0.5905728129629629 0.9618355833333333 0.5878597888888889 0.9603465645833332 0.5927529212962962 0.9321962520833333 0.5768196064814816 0.9173201692708334 0.6287717296296297 0.9106407416666666 0.6251182675925926 0.908837396875 0.6315930462962963 0.919955671875 0.6379794814814814 0.9348942171875 0.5860216583333334 0.9630828130208333 0.6020262185185185 0.9663771911458333 0.5905728129629629
3 0.9720914770833333 0.5514904527777778 0.9697944791666667 0.5600370472222223 0.9743360869791666 0.5627301222222222 0.9767640541666667 0.5541293814814815 0.9720914770833333 0.5514904527777778
3 0.6124803546875001 0.39301225462962963 0.6124803546875001 0.3956141351851852 0.6218496874999999 0.3956711314814815 0.6218496874999999 0.39304930185185183 0.6124803546875001 0.39301225462962963
3 0.6391859760416666 0.3924850388888889 0.6392000807291667 0.3566486175925926 0.6575176302083333 0.35673126203703703 0.657523675 0.35374750648148146 0.6371489020833334 0.35370190925925926 0.6371650213541666 0.3956312342592592 0.65772718125 0.3956312342592592 0.65772718125 0.39253063518518516 0.6391859760416666 0.3924850388888889
3 0.6571126333333334 0.37046167037037037 0.6571166635416666 0.37593331388888884 0.6393653031250001 0.3758877175925926 0.6393673182291667 0.3765802222222222 0.6577433005208333 0.376543175 0.657753375 0.37044457129629627 0.6571126333333334 0.37046167037037037
3 0.6571005442708333 0.39013679074074076 0.6570803947916667 0.3923197490740741 0.6577392708333334 0.3922969509259259 0.6577392708333334 0.3901196925925926 0.6571005442708333 0.39013679074074076
3 0.7331956479166667 0.38438016574074074 0.7332218416666667 0.3930920490740741 0.724035865625 0.3930550018518518 0.7240479546874999 0.35830151018518513 0.7218295385416666 0.3583186092592593 0.7218557322916667 0.39247933888888886 0.6830243802083333 0.3925648333333333 0.6830767682291667 0.3583442574074074 0.6808583515625001 0.3583442574074074 0.6808825307291666 0.3923254490740741 0.6705399958333333 0.3922741518518519 0.6705279062499999 0.3956711314814815 0.7350010072916666 0.39565688240740743 0.7349969776041667 0.3843630666666667 0.7331956479166667 0.38438016574074074
3 0.7331412453125 0.3584668 0.7331674390625 0.3671786833333333 0.7349828734375 0.3671986324074074 0.7350231713541666 0.35846395000000003 0.7331412453125 0.3584668
3 0.7636147489583334 0.39249928796296296 0.763576465625 0.3840096898148148 0.7615011083333333 0.3828099175925926 0.7615011083333333 0.39299800555555553 0.7547028005208334 0.39301510370370374 0.7547148901041666 0.39563693333333333 0.7831513197916667 0.39557993703703703 0.7784525489583333 0.39247933888888886 0.7636147489583334 0.39249928796296296
3 0.8818114041666667 0.488281562037037 0.8876969572916666 0.46766315185185187 0.9194076161458333 0.4857509259259259 0.9135341526041666 0.5064063833333333 0.9130505744791667 0.5061128527777778 0.9123473703124999 0.5089541175925926 0.9146161593750001 0.5102479342592593 0.932131775 0.44921630092592596 0.933163409375 0.44988030740740736 0.9344549666666667 0.4455428898148148 0.9333185572916667 0.44487888333333336 0.9428490833333334 0.4116642916666667 0.9277231515625 0.40295240833333335 0.9269655447916667 0.4056825305555556 0.9401994760416666 0.4132345398148148 0.9202659682291666 0.4831034481481481 0.8883497885416667 0.4648418351851852 0.8907152932291668 0.45677970925925926 0.8562119687499999 0.43716728425925927 0.8515393916666666 0.45342832685185186 0.8533870640625001 0.4546480481481482 0.8573987505208333 0.4406925046296296 0.8882571026041667 0.4583528074074074 0.8799415677083334 0.4873468222222222 0.8490912755208334 0.46953832962962966 0.8491376182291667 0.46929609537037037 0.84738263125 0.46834140740740743 0.8464174895833333 0.47143345648148144 0.8864698770833334 0.49418637777777774 0.8873040499999999 0.4914192074074074 0.8818114041666667 0.488281562037037
4 0.6360124921875 0.5020091194444445 0.6631170661458333 0.5019920203703704 0.6630646786458333 0.49071245370370375 0.6360366713541666 0.49071245370370375 0.6360124921875 0.5020091194444445
4 0.618105984375 0.3148874324074074 0.618158371875 0.3252750074074074 0.6315212572916666 0.32529210555555554 0.6315091677083333 0.3149615277777778 0.618105984375 0.3148874324074074
3 0.855514809375 0.5393131944444445 0.8645919807291667 0.5078426898148148 0.8365887567708333 0.4918124824074074 0.8353374973958334 0.4960587064814814 0.8603405197916667 0.5103989740740741 0.8525831151041667 0.5376090055555555 0.855514809375 0.5393131944444445
4 0.2718718515625 0.5909375888888888 0.32913560364583333 0.5908834425925926 0.32908321562500004 0.5779053861111112 0.2718577473958333 0.5778683388888889 0.2718718515625 0.5909375888888888
4 0.21694338125 0.5030607009259259 0.2508321578125 0.5030379027777778 0.25087044114583334 0.48903106296296295 0.21688696354166667 0.48910230833333335 0.21694338125 0.5030607009259259
4 0.15440862395833335 0.5712054712962963 0.188325609375 0.5712254203703704 0.18833769895833333 0.5571416361111111 0.15439451927083334 0.5571957824074074 0.15440862395833335 0.5712054712962963
3 0.45091476927083335 0.492496437962963 0.45093088854166663 0.4957138787037037 0.45334676614583336 0.4957138787037037 0.4533588557291666 0.49252208611111115 0.45091476927083335 0.492496437962963
3 0.38868023385416667 0.45916785370370367 0.38868023385416667 0.45889142222222223 0.40898650000000003 0.4589598175925926 0.4090026192708333 0.45524080925925925 0.40876888958333335 0.45524080925925925 0.40874471093750003 0.41611000277777777 0.4497118677083333 0.41613565092592597 0.44975821093749996 0.4552807064814815 0.42328027395833334 0.4552807064814815 0.4232963932291666 0.45892846944444443 0.42377392708333333 0.45892846944444443 0.4237840015625 0.48975206574074076 0.4180193432291667 0.4897349675925926 0.4180314328125 0.4957138787037037 0.43577876302083335 0.49566828148148145 0.4357606286458333 0.4897634657407407 0.4258815234375 0.48985180925925925 0.42587346354166666 0.4589227703703704 0.4522305057291666 0.45894271851851853 0.45220431197916666 0.4126588768518518 0.40630263958333335 0.4126075805555556 0.4062945796875 0.4553006555555556 0.39111626041666664 0.4553006555555556 0.391162603125 0.4130265037037037 0.3885129963541667 0.41300655462962965 0.38857545833333335 0.45601025925925925 0.38014507343750004 0.45597321203703706 0.38017126718750005 0.45911085740740737 0.38868023385416667 0.45916785370370367
3 0.3262542817708333 0.4552237101851852 0.32628047552083334 0.4261071527777778 0.3552206328125 0.4260615555555555 0.3552589161458333 0.4552436592592593 0.3437759421875 0.45526075833333335 0.34378803125 0.45889712129629634 0.3575821078125 0.45889712129629634 0.3575861375 0.4126275296296297 0.35523675208333333 0.41258193240740737 0.355268990625 0.42261612962962963 0.32628047552083334 0.4226816759259259 0.32626637135416664 0.4126047305555556 0.32378803125 0.4125676833333333 0.32377392708333336 0.4589341694444445 0.32890388854166663 0.45891707037037033 0.32890388854166663 0.45524080925925925 0.3262542817708333 0.4552237101851852
3 0.2018718515625 0.4861185518518518 0.20188394114583333 0.4895696777777777 0.20609913333333332 0.48953263055555557 0.20609913333333332 0.4861185518518518 0.2018718515625 0.4861185518518518
3 0.17741890000000002 0.41081504722222223 0.17741486979166668 0.4133770305555556 0.17802941770833333 0.4133770305555556 0.17805561145833335 0.41082929629629633 0.17741890000000002 0.41081504722222223
3 0.20446907135416667 0.4311684240740741 0.20446907135416667 0.4301738388888889 0.17733628854166666 0.4301168425925926 0.17737658697916667 0.437888287037037 0.17804150729166668 0.437888287037037 0.17798911927083333 0.43120547129629627 0.20446907135416667 0.4311684240740741
3 0.17760427135416668 0.4552550583333333 0.17761837604166666 0.45887147314814813 0.20478138229166667 0.45894841851851853 0.20479548645833334 0.4552180111111111 0.17760427135416668 0.4552550583333333
3 0.1775982270833333 0.40689940185185186 0.1775982270833333 0.4104217722222222 0.20472899479166667 0.410384725 0.2047430989583333 0.40688230277777776 0.1775982270833333 0.40689940185185186
3 0.137991134375 0.45529780555555555 0.137991134375 0.45891707037037033 0.14610920833333332 0.45895411759259264 0.14609711875 0.4591365064814815 0.16353213802083333 0.45911940740740736 0.16353213802083333 0.4560359074074074 0.1464094296875 0.45601880833333336 0.14645980260416666 0.42328868611111115 0.1635422125 0.42328868611111115 0.16352810781250002 0.4201709888888889 0.14646383229166665 0.42029638055555557 0.14646383229166665 0.4200057 0.13796695572916665 0.4199373037037037 0.13797904479166664 0.4234910231481481 0.14400765677083335 0.4234710740740741 0.14400765677083335 0.4552436592592593 0.137991134375 0.45529780555555555
3 0.41059036875000005 0.5909290398148148 0.41059036875000005 0.5821060129629629 0.3988192625 0.5820860648148148 0.3988394114583333 0.4936078657407407 0.38538182552083333 0.4936192648148148 0.3853959296875 0.5027358222222222 0.39256095104166666 0.5027187231481481 0.3926193833333333 0.5909290398148148 0.41059036875000005 0.5909290398148148
3 0.3514688697916667 0.5026816759259259 0.3514567802083333 0.49363921388888893 0.33802740260416664 0.493656312037037 0.3380415072916667 0.5820575666666666 0.3291557526041667 0.5820034194444444 0.3291819463541667 0.5909176407407407 0.3442413864583333 0.5909176407407407 0.34426556510416667 0.5026645768518518 0.3514688697916667 0.5026816759259259
3 0.2718355833333333 0.5909432888888889 0.2718194640625 0.5821060129629629 0.2629719927083333 0.5821060129629629 0.2629820671875 0.4931148472222222 0.2509006651041667 0.49308919907407406 0.25086238177083336 0.502117412037037 0.256721740625 0.5021345111111111 0.25672375572916667 0.5909204898148148 0.2718355833333333 0.5909432888888889
2 0.4179528510416667 0.4891650046296297 0.4002699979166667 0.48913080648148144 0.40025387864583334 0.5183927046296296 0.4180213578125 0.5183385583333333 0.4179528510416667 0.4891650046296297
3 0.137964940625 0.5612425194444445 0.13793270208333333 0.3671758333333333 0.18008865625 0.3671986324074074 0.18019947604166667 0.3850584212962963 0.182431996875 0.38508121944444446 0.18244005624999998 0.3672328296296296 0.18417489427083333 0.3672328296296296 0.1841628046875 0.3583186092592593 0.13166633072916667 0.35831290925925924 0.1317308078125 0.5702422342592592 0.154370340625 0.5702878314814814 0.15435422135416665 0.5612681675925926 0.137964940625 0.5612425194444445
1 0 0 0 1 1 1 1 0 0 0
3 0.18011485 0.4006526074074074 0.1801289541666667 0.40412083240740737 0.20476727760416666 0.4040837842592592 0.20483981458333334 0.4589341694444445 0.24430183333333336 0.4589569675925926 0.244334071875 0.45251068703703706 0.20905097708333334 0.45255628425925926 0.2090791859375 0.3947335425925926 0.20659883125 0.3947335425925926 0.20660286093750002 0.36717013425925926 0.21693129166666666 0.3671758333333333 0.2169071125 0.3583556564814815 0.20294176927083332 0.35833570833333334 0.20294579895833334 0.3666571675925926 0.20216401354166666 0.36667711574074074 0.20218416302083334 0.4006526074074074 0.18011485 0.4006526074074074
3 0.2656074953125 0.45898546574074073 0.26556921197916666 0.36715588518518516 0.27512190208333337 0.3671758333333333 0.27509570833333336 0.35838985462962963 0.250828128125 0.35828156203703704 0.25089260520833334 0.3672328296296296 0.261136409375 0.3672328296296296 0.26114446927083335 0.45894841851851853 0.2656074953125 0.45898546574074073
3 0.3558936125 0.4109860361111111 0.3558936125 0.4053946990740741 0.3590267984375 0.4053946990740741 0.35903888802083334 0.401923625 0.3300402984375 0.4018723287037037 0.33005843229166665 0.3583642064814815 0.309030828125 0.3582958111111111 0.30907314114583334 0.36717298333333337 0.32379206145833334 0.36715588518518516 0.32381825520833335 0.410948987962963 0.3558936125 0.4109860361111111
3 0.2168849484375 0.5020775148148148 0.21687084427083334 0.49312624722222226 0.20478742708333333 0.4931433453703704 0.20480354635416667 0.5612311203703704 0.18838605677083334 0.5611741240740741 0.18837396718750002 0.5702536333333333 0.21102760416666666 0.5702365342592592 0.21103767864583334 0.502114562962963 0.2168849484375 0.5020775148148148
2 0.3590973203125 0.4052550583333333 0.37962522656250003 0.4052208601851852 0.379665525 0.37384155 0.358942171875 0.37380450277777777 0.3590973203125 0.4052550583333333
3 0.45336893020833335 0.4109318898148148 0.45341124322916665 0.5820718157407407 0.44455168229166664 0.5820718157407407 0.444563771875 0.5909176407407407 0.4597541807291667 0.5909119407407407 0.459780375 0.4019093759259259 0.37970380833333334 0.40184098055555556 0.37970179322916664 0.40541464814814815 0.38278057604166665 0.4053946990740741 0.38279468072916667 0.4109318898148148 0.45336893020833335 0.4109318898148148
2 0.40904090260416665 0.4597036194444445 0.42321378177083335 0.45968652037037033 0.42322587135416667 0.4356540324074074 0.40913157343749995 0.4357110287037037 0.40904090260416665 0.4597036194444445
4 0.34429981875 0.5822428046296296 0.344307878125 0.5907210027777778 0.39252669739583335 0.5907438018518518 0.3925589359375 0.5821886574074073 0.34429981875 0.5822428046296296
2 0.34370945 0.45589341666666666 0.32895224687499997 0.45579082314814817 0.328978440625 0.46343972685185186 0.3437638526041667 0.46348817314814816 0.34370945 0.45589341666666666
2 0.2443622807291667 0.45913365648148147 0.26109208125 0.4590966083333333 0.2610799921875 0.42970646944444446 0.24446907135416665 0.42975491574074076 0.2443622807291667 0.45913365648148147
2 0.20645778750000002 0.4860074092592593 0.20647793697916667 0.4590225138888889 0.183374975 0.4590082648148148 0.1833528109375 0.48591336574074073 0.20645778750000002 0.4860074092592593
2 0.17742897447916667 0.4379424333333333 0.17741890000000002 0.4548104870370371 0.18257102552083332 0.4547591907407407 0.18258311510416667 0.43790538611111113 0.17742897447916667 0.4379424333333333
2 0.17740278072916665 0.4134511259259259 0.17738263125 0.43004274722222224 0.18251863802083335 0.43004274722222224 0.18251863802083335 0.4133941296296296 0.17740278072916665 0.4134511259259259
2 0.1768063671875 0.38502137314814816 0.17683860572916668 0.4005471648148148 0.191057828125 0.40052721574074074 0.19110417083333334 0.38548589351851853 0.1768063671875 0.38502137314814816
4 0.27514809583333333 0.35850099722222223 0.27518637916666666 0.3708321462962963 0.3089985895833333 0.37092333981481485 0.3089764255208333 0.3585351953703704 0.27514809583333333 0.35850099722222223
4 0.21695748541666668 0.35722713055555555 0.21700987291666665 0.3711826731481482 0.2508865604166667 0.3712197203703704 0.2507838 0.35728412685185185 0.21695748541666668 0.35722713055555555
4 0.18420108802083332 0.3583186092592593 0.18422728177083333 0.36667996574074074 0.20288938125 0.3666058703703704 0.20290147083333335 0.35837275555555553 0.18420108802083332 0.3583186092592593
4 0.41063268177083334 0.5920832148148149 0.4445234739583333 0.5920461666666667 0.4444791458333333 0.5779053861111112 0.41063268177083334 0.5778512398148148 0.41063268177083334 0.5920832148148149
4 0.3514950635416667 0.49583072129629624 0.3853415270833333 0.49588201759259265 0.3853334677083333 0.4896266740740741 0.35150916770833335 0.48964662314814816 0.3514950635416667 0.49583072129629624
3 0.6977896432291666 0.4247819888888889 0.6977775536458334 0.420205187037037 0.686854725 0.4201681388888889 0.6868406208333333 0.4154260472222222 0.6836308682291666 0.4154431462962963 0.6835663911458333 0.420205187037037 0.6703848479166666 0.42009404351851853 0.6704251458333333 0.49104588240740743 0.6738444489583333 0.49102593333333333 0.6738182552083334 0.4247819888888889 0.6977896432291666 0.4247819888888889
4 0.6797682854166667 0.5019549731481481 0.7066391296875001 0.5019549731481481 0.7066391296875001 0.4906868055555555 0.6797199276041667 0.4907295527777778 0.6797682854166667 0.5019549731481481
4 0.7245033244791668 0.4303562268518518 0.7702055208333333 0.4303761759259259 0.77011485 0.41996580185185184 0.7244992947916666 0.4200398972222222 0.7245033244791668 0.4303562268518518
4 0.8112210354166667 0.545770875 0.8080132984374999 0.5561328009259259 0.8333407213541667 0.5706526074074074 0.8362260729166666 0.5602308351851852 0.8112210354166667 0.545770875
4 0.8608502921875 0.5418210314814814 0.8577453151041666 0.5523254490740741 0.8829316947916667 0.5666856657407408 0.8859399557291667 0.556332287962963 0.8608502921875 0.5418210314814814
3 0.6180677010416668 0.3219749212962963 0.6180515817708333 0.3147677398148148 0.6052971994791666 0.3147221435185185 0.6052790651041666 0.3957480759259259 0.6103667135416667 0.3957908231481482 0.6103667135416667 0.3219834712962963 0.6180677010416668 0.3219749212962963
3 0.7244005640625001 0.4305044175925926 0.7244388473958333 0.4231205472222222 0.7140116864583334 0.4231205472222222 0.713999596875 0.4938501 0.7067036067708333 0.4938501 0.7067177109375 0.5012339694444444 0.7190489625 0.5012168712962962 0.71907515625 0.4305044175925926 0.7244005640625001 0.4305044175925926
2 0.9331472901041666 0.45012254166666665 0.9472798708333333 0.4580963240740741 0.95423735625 0.4335138212962963 0.9404896234375 0.4257851240740741 0.9331472901041666 0.45012254166666665
2 0.9128692322916667 0.5066600166666666 0.9001188796875 0.4993929898148148 0.8983054604166667 0.5052750074074074 0.9113943177083333 0.5124622398148148 0.9128692322916667 0.5066600166666666
2 0.9000947010416667 0.49933884259259254 0.8872254682291667 0.4919321740740741 0.8855813015624999 0.4972100314814815 0.8982792666666667 0.5052579083333333 0.9000947010416667 0.49933884259259254
2 0.8513056619791667 0.45333998333333336 0.8470965140625 0.4681390712962963 0.8598005239583333 0.4750641203703704 0.8635563166666667 0.461345112962963 0.8513056619791667 0.45333998333333336
2 0.8365887567708333 0.49158164722222225 0.8227040098958334 0.48392134537037035 0.8165303244791667 0.5055485888888889 0.8302881322916666 0.5129182101851852 0.8365887567708333 0.49158164722222225
2 0.8228490833333333 0.48338557962962964 0.8290993348958333 0.46178968333333337 0.8126838604166667 0.45210031388888894 0.8059359260416666 0.4734197777777778 0.8228490833333333 0.48338557962962964
4 0.8863106989583333 0.6078455398148148 0.8836409432291668 0.6171701342592593 0.9087890390625 0.631547449074074 0.9114124520833333 0.6222627527777778 0.8863106989583333 0.6078455398148148
4 0.9596252265624999 0.5864719296296296 0.9663207739583334 0.5904588203703703 0.9742554906249999 0.5627700203703704 0.9675075557291667 0.5587289824074074 0.9596252265624999 0.5864719296296296
4 0.9699617166666666 0.550202337037037 0.976731815625 0.5540182388888889 0.9938545234375 0.4939925907407407 0.9872113640625 0.4900256481481482 0.9699617166666666 0.550202337037037
4 0.9795808984375001 0.4567512111111111 0.9864698770833333 0.4606469083333334 0.9965061453125 0.42507836944444444 0.9898367921875 0.4213137648148148 0.9795808984375001 0.4567512111111111
2 0.6368607697916667 0.3363892842592593 0.636872859375 0.3487745796296296 0.6482792666666667 0.34870048425925926 0.6482651619791666 0.3364833287037037 0.6368607697916667 0.3363892842592593
2 0.6370824098958334 0.3930350527777777 0.6219181947916667 0.3930179537037037 0.6218839411458333 0.3992875462962963 0.6371468869791667 0.39927329722222227 0.6370824098958334 0.3930350527777777
2 0.6577392708333334 0.3704075231481481 0.65772718125 0.3567854092592592 0.653717509375 0.3567939583333333 0.6536812411458333 0.3704987175925926 0.6577392708333334 0.3704075231481481
2 0.6577392708333334 0.39007694537037035 0.657753375 0.37662866944444445 0.6538243 0.37662296944444446 0.6536288536458332 0.39006554537037036 0.6577392708333334 0.39007694537037035
2 0.6869856942708333 0.4153320037037037 0.6869675598958334 0.3957509259259259 0.6705097723958333 0.395773725 0.6702780578124999 0.4153833 0.6869856942708333 0.4153320037037037
2 0.7382067296875 0.35248503888888894 0.7544791458333333 0.35244799074074074 0.7546826515625 0.3274665148148148 0.7381664317708334 0.3272727268518518 0.7382067296875 0.35248503888888894
2 0.7118859562500001 0.41999715 0.6978440458333334 0.4199601027777778 0.69794680625 0.443277287037037 0.71191215 0.44345397592592595 0.7118859562500001 0.41999715
4 0.605410034375 0.3959105157407407 0.6054221239583334 0.4210173842592593 0.6127181140625001 0.4210373324074074 0.6126919203125 0.3959105157407407 0.605410034375 0.3959105157407407
3 0.9486641145833333 0.4534853231481481 0.9474632281250001 0.4579139351851852 0.9750775739583334 0.4738985462962963 0.9762663713541666 0.46941293796296296 0.9486641145833333 0.4534853231481481
3 0.9491859760416667 0.38349387314814815 0.9465444286458333 0.3927529212962963 0.9481241182291666 0.39376745555555553 0.9508523072916667 0.38442861203703704 0.9491859760416667 0.38349387314814815
4 0.6426415473958333 0.31473924166666667 0.6426939348958334 0.3219749212962963 0.657453153125 0.3219749212962963 0.657453153125 0.31473924166666667 0.6426415473958333 0.31473924166666667
3 0.6392000807291667 0.348851525 0.6392000807291667 0.35168424074074073 0.6588998588541667 0.3516642916666667 0.6589462020833333 0.3570247935185185 0.7354402578125 0.3570988888888889 0.7354402578125 0.35287261296296296 0.7381543421875 0.35287261296296296 0.7381503125 0.34987745833333334 0.6640177312500001 0.34992020555555553 0.6640137015625 0.3147648907407407 0.6574914364583333 0.31473924166666667 0.6575055411458333 0.32195497314814814 0.6589280677083333 0.32195497314814814 0.6589462020833333 0.3487831287037037 0.6392000807291667 0.348851525
3 0.9893753776041667 0.4912596185185185 0.9939149708333334 0.4939555425925926 0.9989865000000001 0.47645768055555554 0.9844227281250001 0.46798518055555555 0.9864718921875001 0.46076659999999997 0.9818134192708333 0.45812767129629633 0.977902478125 0.4718609287037037 0.9924803546875 0.48029638055555557 0.9893753776041667 0.4912596185185185
3 0.6412794682291667 0.3363664861111111 0.6413197661458334 0.32196922222222224 0.6426415473958333 0.32202906851851854 0.6426113239583333 0.3147534907407407 0.6315474510416668 0.31474209166666667 0.6315615557291667 0.32201481944444443 0.6391819463541667 0.3220347675925926 0.6392444088541667 0.3363664861111111 0.6412794682291667 0.3363664861111111
3 0.6631392302083333 0.49380450277777777 0.6631694541666667 0.5011969222222222 0.6796735843749999 0.5012054712962963 0.6796876890625001 0.49386149907407406 0.6631392302083333 0.49380450277777777
3 1 0.40476284907407406 0.9316340921874999 0.36556283796296296 0.9058089864583334 0.4558022231481481 0.7677473302083333 0.37684240555555554 0.7678178520833333 0.3498261611111111 0.7545536973958333 0.34974921666666664 0.754537578125 0.35276147037037037 0.7567620390625 0.35276147037037037 0.7567620390625 0.35703619259259256 0.7626657265625 0.35705899074074077 0.7627543822916666 0.3816471925925926 0.9085512796875 0.46507267037037037 0.934307878125 0.3749814759259259 0.995603465625 0.409797662962963 0.9920169249999999 0.42244514074074074 0.9965887567708334 0.4250384722222222 1 0.4133775824074074 1 0.40476284907407406
3 0.6103364901041667 0.49388999722222227 0.6103727583333334 0.42111142777777777 0.6052851098958333 0.42111712777777777 0.6053133187499999 0.5011997722222222 0.6359540598958334 0.5012168712962962 0.6359540598958334 0.49385294999999996 0.6103364901041667 0.49388999722222227
3 0.8225428166666667 0.4578027925925926 0.8270058432291666 0.4604616703703704 0.8290670963541668 0.4536306638888889 0.7760628651041667 0.4231889425925926 0.770211565625 0.42310344814814815 0.770263953125 0.4305044175925926 0.7752750354166668 0.43052436574074077 0.82260729375 0.45750926203703707 0.8225428166666667 0.4578027925925926