1 0 0 0 1 1 1 1 0 0 0
3 0.27289542604166667 0.39232829907407407 0.26867620416666665 0.3923112 0.26866411458333334 0.4049472787037037 0.2729437838541667 0.4049643777777778 0.27289542604166667 0.39232829907407407
3 0.2729679630208333 0.39892846944444443 0.2729800526041667 0.4049814759259259 0.2927825911458333 0.4049643777777778 0.2927705015625 0.39892846944444443 0.2729679630208333 0.39892846944444443
3 0.29276244218749997 0.4050356222222222 0.28864195052083336 0.4050356222222222 0.2886540401041667 0.4214847537037037 0.29278662083333334 0.4214876037037037 0.29276244218749997 0.4050356222222222
3 0.29277654635416667 0.45437731574074075 0.28864195052083336 0.45436306666666665 0.28861575677083334 0.4645169564814815 0.2927503526041667 0.46453405555555555 0.29277654635416667 0.45437731574074075
3 0.2928108 0.4584838981481481 0.29279871041666666 0.4645540037037037 0.313832359375 0.46459105185185184 0.3138363890625 0.45850099722222226 0.2928108 0.4584838981481481
3 0.3138363890625 0.4646708462962963 0.30961515208333334 0.46465374722222225 0.3095808984375 0.48478198888888885 0.3138363890625 0.4847506416666667 0.3138363890625 0.4646708462962963
3 0.3138243 0.5031746935185185 0.3095808984375 0.5031319462962963 0.30957888385416665 0.5185636935185186 0.31382026979166666 0.5185209462962963 0.3138243 0.5031746935185185
3 0.31384041927083334 0.543066400925926 0.3095587348958333 0.5430521518518518 0.30957686875 0.5926332287037037 0.3138424338541667 0.5925904814814814 0.31384041927083334 0.543066400925926
3 0.28516824479166664 0.5663607861111112 0.2851783197916667 0.5694243370370371 0.30952649583333336 0.5693958388888889 0.30952649583333336 0.5664177824074075 0.28516824479166664 0.5663607861111112
3 0.31382026979166666 0.6108748935185184 0.30954865989583336 0.6108435453703704 0.30962925625 0.6248076379629629 0.3138001208333333 0.6248389851851852 0.31382026979166666 0.6108748935185184
3 0.27633487812499996 0.6541322314814815 0.27632480364583334 0.6601738388888889 0.28944186979166664 0.660188087962963 0.2894317953125 0.6541892277777778 0.27633487812499996 0.6541322314814815
3 0.2852004833333333 0.6541179824074074 0.28942172083333334 0.6541322314814815 0.28947209375 0.5849244796296296 0.28517025989583333 0.5848817324074075 0.2852004833333333 0.6541179824074074
3 0.28950433229166667 0.6188600740740741 0.28950433229166667 0.624801937962963 0.30958291354166667 0.624816187037037 0.309550675 0.618851525 0.28950433229166667 0.6188600740740741
3 0.20715897656249999 0.6541379314814815 0.20712472291666667 0.6601681388888889 0.2232822890625 0.660182387962963 0.22319967760416667 0.654212025925926 0.20715897656249999 0.6541379314814815
3 0.2121982671875 0.6541122824074075 0.21440660885416665 0.6541122824074075 0.21439048958333334 0.6282473638888889 0.21217408802083335 0.6282331148148148 0.2121982671875 0.6541122824074075
3 0.2071146484375 0.6282046166666667 0.20712472291666667 0.6312254203703703 0.21215192447916667 0.6312254203703703 0.2121438645833333 0.6282188657407407 0.2071146484375 0.6282046166666667
3 0.17872456197916667 0.6541236824074074 0.17872456197916667 0.6601567398148148 0.18531130364583334 0.6601339416666667 0.18528309479166666 0.6541920777777778 0.17872456197916667 0.6541236824074074
3 0.18315736458333334 0.6541350814814815 0.18528510989583333 0.6541493305555556 0.1852730203125 0.6500598462962962 0.1831493046875 0.6500455972222222 0.18315736458333334 0.6541350814814815
3 0.15188797083333333 0.6541464805555556 0.15188797083333333 0.6602222851851852 0.1586741890625 0.6601624398148148 0.158633890625 0.6541892277777778 0.15188797083333333 0.6541464805555556
3 0.15028410260416666 0.6342604731481482 0.15643763854166667 0.6342262750000001 0.15646181770833334 0.6282245657407407 0.15029619166666666 0.6281903675925926 0.15028410260416666 0.6342604731481482
3 0.15642957864583332 0.6342918212962962 0.15221035677083333 0.6343089203703703 0.15225871458333332 0.6540809351851852 0.15645375781249998 0.6540809351851852 0.15642957864583332 0.6342918212962962
3 0.15423131145833333 0.5143915648148149 0.15033246041666667 0.514434312037037 0.15033246041666667 0.5230834999999999 0.150211565625 0.5230834999999999 0.15023171458333331 0.6194499861111111 0.150352609375 0.6194499861111111 0.15033246041666667 0.6281276712962963 0.15426153541666665 0.6281419203703704 0.15427160989583333 0.6195782277777778 0.15448317552083332 0.6195639787037037 0.15445295208333334 0.5230834999999999 0.15423131145833333 0.5230834999999999 0.15423131145833333 0.5143915648148149
3 0.14645980260416666 0.5072812768518519 0.14645980260416666 0.5144229129629629 0.15423131145833333 0.5143345685185184 0.1542071328125 0.5072584777777778 0.14645980260416666 0.5072812768518519
3 0.14661495052083331 0.5072499287037037 0.15163207760416667 0.5072071814814815 0.15162200260416667 0.4743231694444444 0.14656054791666667 0.4743659166666667 0.14661495052083331 0.5072499287037037
3 0.15165222656250002 0.4743374185185185 0.15165222656250002 0.48131946388888885 0.17782591197916667 0.48133371296296296 0.17782591197916667 0.4743516675925926 0.15165222656250002 0.4743374185185185
3 0.17278863593750002 0.4742804222222222 0.17781583697916667 0.4742804222222222 0.1778017328125 0.46007409537037036 0.17277453177083332 0.46013394166666666 0.17278863593750002 0.4742804222222222
3 0.17277453177083332 0.46007409537037036 0.1751057828125 0.4600455972222222 0.17509167864583333 0.4581390712962963 0.17277453177083332 0.4581504703703704 0.17277453177083332 0.46007409537037036
3 0.1839512390625 0.47090339166666667 0.1839512390625 0.4769449981481481 0.21641144479166666 0.47687375277777777 0.21643159374999998 0.4709318898148148 0.1839512390625 0.47090339166666667
3 0.21642151927083333 0.47695069814814817 0.21216804375 0.47696494722222227 0.21217005833333333 0.49247648888888884 0.21642957864583331 0.49247078981481485 0.21642151927083333 0.47695069814814817
3 0.21640540000000003 0.5079709314814815 0.212131775 0.5079566824074074 0.212149909375 0.5498917074074074 0.21643159374999998 0.5498917074074074 0.21640540000000003 0.5079709314814815
3 0.21641547447916668 0.5711000287037038 0.21216401354166667 0.5711000287037038 0.21218416302083334 0.6195639787037037 0.21639129583333333 0.6195639787037037 0.21641547447916668 0.5711000287037038
3 0.18315333489583333 0.6345369055555555 0.1852589161458333 0.6345226564814814 0.185268990625 0.6282530638888889 0.183163409375 0.6282388148148148 0.18315333489583333 0.6345369055555555
3 0.18312311093750003 0.6312453694444444 0.18312311093750003 0.6282530638888889 0.15648599635416666 0.6282388148148148 0.15648599635416666 0.6312311203703703 0.18312311093750003 0.6312453694444444
3 0.23401571614583333 0.47074950092592593 0.234025790625 0.4767882583333334 0.2681885958333333 0.4768053574074074 0.2682087447916667 0.4707609009259259 0.23401571614583333 0.47074950092592593
3 0.17280072552083334 0.43344827592592594 0.17776949427083333 0.43344827592592594 0.17776546458333334 0.4169279 0.17282893385416667 0.41689940185185187 0.17280072552083334 0.43344827592592594
3 0.1750614546875 0.43354801944444443 0.17273423333333332 0.43354801944444443 0.1727483375 0.4353519518518519 0.1750614546875 0.4353548018518518 0.1750614546875 0.43354801944444443
3 0.17781583697916667 0.41689940185185187 0.17781583697916667 0.4239640925925926 0.21502115677083333 0.4239099462962963 0.2149909328125 0.41691365092592597 0.17781583697916667 0.41689940185185187
3 0.2100544026041667 0.4168566546296297 0.21501108177083333 0.4168139074074074 0.21500705208333332 0.34464234814814815 0.2100402984375 0.344611 0.2100544026041667 0.4168566546296297
3 0.21006044739583332 0.3385836416666667 0.21006044739583332 0.3445796527777778 0.2729095307291667 0.34454260462962966 0.27293975416666666 0.3385722425925926 0.21006044739583332 0.3385836416666667
3 0.2729196052083333 0.34458535185185185 0.26869836770833333 0.34458535185185185 0.2686479953125 0.3593758907407408 0.2729296796875 0.3593616416666667 0.2729196052083333 0.34458535185185185
3 0.6478843442708333 0.5909233398148148 0.6478843442708333 0.5969649472222222 0.6596715697916667 0.5969506981481482 0.65969171875 0.590966087037037 0.6478843442708333 0.5909233398148148
3 0.6489623213541668 0.5908805925925925 0.651118275 0.5908805925925925 0.6511484989583334 0.5866486175925926 0.6489723958333333 0.5866628666666667 0.6489623213541668 0.5908805925925925
3 0.6815232723958334 0.5909375888888888 0.681533346875 0.5969506981481482 0.6962522666666667 0.5969364490740741 0.6962623411458334 0.5909375888888888 0.6815232723958334 0.5909375888888888
3 0.6815555109375 0.5648589342592593 0.6815252869791667 0.5679937305555556 0.68727785625 0.5680108296296296 0.6872677817708334 0.5648589342592593 0.6815555109375 0.5648589342592593
3 0.6872556921875 0.5680535768518519 0.6851299614583334 0.5680678259259259 0.6851501109375 0.5908805925925925 0.6872657666666666 0.5908663435185185 0.6872556921875 0.5680535768518519
3 0.6230606489583334 0.5648703333333334 0.6230626635416667 0.5679937305555556 0.6596836588541667 0.5680222287037038 0.6597038083333333 0.5648589342592593 0.6230606489583334 0.5648703333333334
3 0.6510900666666667 0.568064975925926 0.6489824703125 0.568076375 0.6489844854166668 0.5712995157407407 0.6510799921875 0.5712852666666666 0.6510900666666667 0.568064975925926
3 0.749198065625 0.5909090907407407 0.7492222447916668 0.5969791962962963 0.7686741890625 0.5969279000000001 0.7686379208333334 0.5909603879629629 0.749198065625 0.5909090907407407
3 0.7919282692708334 0.5909375888888888 0.7919584927083334 0.5969506981481482 0.813497884375 0.5969364490740741 0.8134878098958332 0.5909233398148148 0.7919282692708334 0.5909375888888888
3 0.685154140625 0.5561726990740741 0.68940963125 0.5562068962962963 0.6893612734375 0.511151325 0.6851783197916668 0.5111342259259258 0.685154140625 0.5561726990740741
3 0.7560386864583334 0.5823055 0.7603405197916667 0.5822770018518518 0.7603183557291667 0.514810487037037 0.7560668947916667 0.5148389851851852 0.7560386864583334 0.5823055
3 0.8222284906249999 0.512123112037037 0.8222164015625 0.5181248222222222 0.8443401166666666 0.5181590194444445 0.8443280276041667 0.5121060129629629 0.8222284906249999 0.512123112037037
3 0.7864033848958333 0.48980906203703706 0.7906548458333333 0.48976631481481486 0.7906226072916667 0.45965517222222224 0.7864114447916666 0.4596836703703704 0.7864033848958333 0.48980906203703706
3 0.7530465442708334 0.44698774537037034 0.7530364697916667 0.4530293527777778 0.7726213984375 0.4529723564814815 0.7725911744791667 0.4469734962962963 0.7530465442708334 0.44698774537037034
3 0.6790993348958333 0.43474494166666666 0.6790892604166667 0.4379367342592593 0.70222043125 0.4379082361111111 0.7022103567708334 0.4347591907407407 0.6790993348958333 0.43474494166666666
3 0.6893854526041667 0.43798233148148147 0.6851239171875 0.43798233148148147 0.6851380213541667 0.4902165861111111 0.68940963125 0.4902165861111111 0.6893854526041667 0.43798233148148147
3 0.6278299416666666 0.5968880018518519 0.6277755390624999 0.5909261898148148 0.6180374770833333 0.5910544314814815 0.6180556114583333 0.596913650925926 0.6278299416666666 0.5968880018518519
3 0.6180737458333333 0.5910002851851852 0.6230102760416667 0.5909290398148148 0.6230243802083333 0.48291821018518516 0.6180556114583333 0.48291821018518516 0.6180737458333333 0.5910002851851852
3 0.6180596411458333 0.4646793962962963 0.6230203505208334 0.46470219444444444 0.6229780374999999 0.4382929611111111 0.6180314328125001 0.43831290925925925 0.6180596411458333 0.4646793962962963
3 0.6230505744791667 0.4383357083333333 0.6230364697916666 0.4443260185185185 0.6778299416666667 0.44438871481481484 0.6778158369791666 0.43831290925925925 0.6230505744791667 0.4383357083333333
3 0.6735502718749999 0.4382530638888889 0.6778299416666667 0.4382331148148148 0.6778037479166666 0.42551724166666666 0.6735603463541667 0.4254830435185185 0.6735502718749999 0.4382530638888889
3 0.6825408020833332 0.36751211203703704 0.6825005036458334 0.3614990027777778 0.6735442270833333 0.36151325185185185 0.6735543020833333 0.36754061018518513 0.6825408020833332 0.36751211203703704
3 0.6777815838541666 0.3675833574074074 0.6735825104166667 0.3675862064814815 0.6735663911458333 0.4074579648148148 0.6778178520833333 0.40744371574074073 0.6777815838541666 0.3675833574074074
3 0.6778460609375 0.3921487601851852 0.6778359864583333 0.3951553148148148 0.6796191817708334 0.39516956388888885 0.6795990328125 0.39212026203703704 0.6778460609375 0.3921487601851852
3 0.6954402578125 0.36150755185185185 0.6954301833333333 0.3674779138888889 0.7158009270833333 0.3674066685185185 0.7157807776041667 0.36149330277777775 0.6954402578125 0.36150755185185185
3 0.7158230906249999 0.3674636648148148 0.7108623817708334 0.3674836138888889 0.7109046947916667 0.3951296666666667 0.7158150312499999 0.3951296666666667 0.7158230906249999 0.3674636648148148
3 0.7108502921875 0.39511256759259256 0.7108502921875 0.39213736111111114 0.6905984281249999 0.3921573101851852 0.6906185776041667 0.3951638638888889 0.7108502921875 0.39511256759259256
3 0.7158472697916667 0.3881305212962963 0.7158472697916667 0.39512681666666666 0.7837698973958334 0.39516956388888885 0.7837295989583333 0.3881875175925926 0.7158472697916667 0.3881305212962963
3 0.7837759421875 0.3952322601851852 0.7788394114583334 0.3952180111111111 0.7788555307291667 0.4438557990740741 0.7837698973958334 0.4438586490740741 0.7837759421875 0.3952322601851852
3 0.7788192625 0.4508834425925926 0.7982228489583334 0.45090054166666665 0.7981865807291667 0.4438899972222222 0.7788555307291667 0.44392419537037037 0.7788192625 0.4508834425925926
3 0.7982147895833334 0.4438956972222222 0.7982450130208334 0.4471587342592593 0.7996252265624999 0.44717298333333333 0.7995950031250001 0.4438814481481481 0.7982147895833334 0.4438956972222222
3 0.8170078583333333 0.4438586490740741 0.8170562161458333 0.4509233398148148 0.8547995166666666 0.4508891425925926 0.8547995166666666 0.4438586490740741 0.8170078583333333 0.4438586490740741
3 0.8157142859375 0.44386434907407407 0.8157062260416666 0.4471558851851852 0.8169957687499999 0.4471416361111111 0.8169756197916667 0.4438501 0.8157142859375 0.44386434907407407
3 0.8537074348958333 0.5922285555555555 0.850467459375 0.590963237037037 0.8368426354166666 0.5909119407407407 0.836854725 0.5969478481481482 0.8496937338541667 0.5969478481481482 0.8526677411458333 0.5979737814814815 0.8537074348958333 0.5922285555555555
3 0.8504815635416667 0.565765175 0.8504916380208333 0.5908948416666666 0.8536953453125 0.5921772583333333 0.8578903890625 0.5667711601851851 0.8547108604166667 0.565765175 0.8504815635416667 0.565765175
3 0.8504614145833334 0.5657081787037037 0.8547128755208333 0.5656939296296296 0.8546927260416666 0.45093758888888885 0.8504432802083334 0.4509404388888889 0.8504614145833334 0.5657081787037037