1 0.00011892760416666666 0 0 0.18526510833333334 0 1 1 1 1 0.00047320370370370366 0.48143116302083333 0 0.00011892760416666666 0
3 0.45791372708333333 0.2093985175925926 0.4579117114583333 0.21819555277777777 0.4703527515625 0.21798175555555557 0.470451521875 0.20975199537037037 0.45791372708333333 0.2093985175925926
3 0.5026002822916666 0.21840364907407409 0.6215138078125 0.2185262259259259 0.6214271317708333 0.20075256574074074 0.5026002822916666 0.20099771944444444 0.5026002822916666 0.21840364907407409
3 0.5024027411458333 0.1924942990740741 0.50258415625 0.20083808425925928 0.5149223947916667 0.20109178981481482 0.5150433380208334 0.1922405925925926 0.5024027411458333 0.1924942990740741
3 0.5564120135416667 0.19258836944444443 0.5564845796875001 0.20079817592592594 0.5600886916666667 0.20085518796296298 0.5601854463541667 0.19255416203703704 0.5564120135416667 0.19258836944444443
3 0.5775650072916666 0.19238027407407407 0.5774480953125 0.20083523333333334 0.5855170328125 0.200795325 0.5854605927083333 0.1924201824074074 0.5775650072916666 0.19238027407407407
3 0.491358596875 0.29723489166666667 0.49133239270833334 0.30159635092592596 0.5161459385416667 0.3017958953703704 0.5161761739583334 0.2974002277777778 0.491358596875 0.29723489166666667
3 0.5162406770833333 0.3018586092592592 0.5130477723958333 0.30177594074074077 0.5131667005208334 0.368295325 0.5160088692708333 0.368295325 0.5162406770833333 0.3018586092592592
3 0.54560975625 0.2974002277777778 0.5456964322916666 0.301422462962963 0.5636645838541666 0.30162770833333336 0.5636061276041667 0.2973603194444444 0.54560975625 0.2974002277777778
4 0.428125378125 0.7390678453703704 0.42808506354166664 0.7464652222222222 0.4546260833333333 0.7465792472222221 0.45452328177083334 0.7393557583333333 0.428125378125 0.7390678453703704
4 0.4576980447916667 0.7390535916666666 0.45789155416666666 0.7464424175925927 0.5018423703125 0.7464082101851852 0.5017698046875 0.7391562148148149 0.4576980447916667 0.7390535916666666
4 0.4577706109375 0.6795039907407407 0.4579117114583333 0.6878848342592593 0.5016528927083334 0.6879703537037036 0.5016125781249999 0.6795895092592593 0.4577706109375 0.6795039907407407
4 0.5240133036458333 0.6796493731481482 0.5240133036458333 0.6877366018518519 0.5767264666666667 0.687899087962963 0.5767264666666667 0.6796493731481482 0.5240133036458333 0.6796493731481482
4 0.5239870994791667 0.7393956666666667 0.5240475708333333 0.7467217787037037 0.5768595041666666 0.7466362601851851 0.5767184036458333 0.7393956666666667 0.5239870994791667 0.7393956666666667
4 0.44696029010416666 0.2928449259259259 0.44709937499999997 0.30240022777777775 0.49130014114583337 0.30249714907407405 0.4913364239583334 0.2928449259259259 0.44696029010416666 0.2928449259259259
2 0.5161701270833333 0.2974258833333333 0.5457770609375 0.29752280462962966 0.5457085265625 0.2541277083333333 0.5157528723958333 0.2541277083333333 0.5161701270833333 0.2974258833333333
2 0.516518846875 0.40579532500000004 0.5165893973958333 0.3683095777777778 0.48879258229166667 0.36801311296296296 0.48907075208333334 0.4060889398148148 0.516518846875 0.40579532500000004
2 0.44301552083333334 0.47004561018518515 0.4626083453125 0.470114025 0.46255996770833335 0.45297605462962964 0.44339850833333333 0.4530786768518519 0.44301552083333334 0.47004561018518515
2 0.47301350520833335 0.5264794759259259 0.4730497885416666 0.49298175555555557 0.44626285 0.4935746861111111 0.4465430359375 0.5266761685185185 0.47301350520833335 0.5264794759259259
2 0.501808103125 0.528301025925926 0.475220721875 0.5283836944444444 0.47635154218750003 0.5680786768518519 0.5019834708333334 0.5672149370370371 0.501808103125 0.528301025925926
2 0.5075327557291667 0.5289424175925925 0.5075327557291667 0.5345581527777777 0.5867405765625 0.5341619157407407 0.58677484375 0.5288911064814815 0.5075327557291667 0.5289424175925925
2 0.5041322312500001 0.6979275944444444 0.5041745614583334 0.7338084379629629 0.5308425718750001 0.7338683009259259 0.5309211854166667 0.6977480046296297 0.5041322312500001 0.6979275944444444
3 0.4210844588541667 0.6684435574074074 0.420963515625 0.7197548462962963 0.4404031442708333 0.7195952111111111 0.4401612578125 0.6684407074074075 0.4210844588541667 0.6684435574074074
3 0.41748639375 0.7199600916666667 0.4174581739583333 0.7395381981481481 0.42160854687500005 0.7395809574074074 0.4215803265625 0.7199600916666667 0.41748639375 0.7199600916666667
3 0.41742793802083333 0.7395381981481481 0.41766176197916666 0.7470524518518519 0.4281112677083333 0.746764537962963 0.42808103229166666 0.7397035351851852 0.41742793802083333 0.7395381981481481
3 0.44696029010416666 0.3014139111111111 0.447030840625 0.29727765092592595 0.4209574682291667 0.29718643055555555 0.4209574682291667 0.2996379703703704 0.4401874619791667 0.2999800453703704 0.44022576093750004 0.30143386574074077 0.44696029010416666 0.3014139111111111
3 0.3859705703125 0.20878848333333333 0.3860532151041667 0.21387115185185185 0.45539608958333333 0.21363455 0.45552106406250004 0.2088483462962963 0.3859705703125 0.20878848333333333
3 0.45018746197916665 0.19279931574074075 0.450389034375 0.20883124259259261 0.45540415260416667 0.20875997685185185 0.45540415260416667 0.19272805 0.45018746197916665 0.19279931574074075
3 0.56077806875 0.301704675 0.5608083046875 0.3792901935185185 0.5635234833333332 0.37934720648148146 0.5636645838541666 0.301710375925926 0.56077806875 0.301704675
3 0.563614190625 0.37437571296296296 0.56354565625 0.3794498287037037 0.5958697843749999 0.37954960092592593 0.5957649666666666 0.3747206388888889 0.563614190625 0.37437571296296296
3 0.5957649666666666 0.3747206388888889 0.5955654104166667 0.7393956666666667 0.599610965625 0.7395125425925926 0.5996512802083332 0.3748061574074074 0.5957649666666666 0.3747206388888889
3 0.4240314453125 0.4060176740740741 0.4240314453125 0.4111231472222222 0.5161802057291667 0.4111231472222222 0.516061278125 0.4059321546296296 0.4240314453125 0.4060176740740741
3 0.46887119531250004 0.4112685287037037 0.46889739947916664 0.49295895092592595 0.4725257005208333 0.4929161916666666 0.47259221927083334 0.41124287314814817 0.46887119531250004 0.4112685287037037
3 0.42404757083333333 0.43084948703703707 0.4240173354166667 0.4356955527777778 0.46892158854166666 0.4359806157407407 0.46892158854166666 0.43093215462962964 0.42404757083333333 0.43084948703703707
3 0.42424511197916664 0.4681641962962963 0.4242209234375 0.46997719537037036 0.44303970989583336 0.47004561018518515 0.44303970989583336 0.4684378564814815 0.42424511197916664 0.4681641962962963
3 0.46264664375000003 0.4683665907407407 0.4626224552083333 0.47004275925925926 0.4685486796875 0.47000855185185186 0.46850030260416664 0.46829817592592593 0.46264664375000003 0.4683665907407407
3 0.42369280364583334 0.5284977194444445 0.4239024390625 0.5341619157407407 0.47534771197916664 0.533916762037037 0.47524289479166665 0.5288911064814815 0.42369280364583334 0.5284977194444445
3 0.4689941541666667 0.5265079814814815 0.4690304375 0.528922462962963 0.4726164078125 0.528922462962963 0.47247732291666666 0.5264082101851851 0.4689941541666667 0.5265079814814815
3 0.501866559375 0.528916762037037 0.5019250151041666 0.5338426453703704 0.5075267083333334 0.5338825537037037 0.5074984880208333 0.5289994296296296 0.501866559375 0.528916762037037
3 0.503352146875 0.5338312425925926 0.5033299739583333 0.6806385407407407 0.5075186453125 0.6807012546296297 0.5075267083333334 0.5338426453703704 0.503352146875 0.5338312425925926
3 0.4232412817708333 0.6625712657407407 0.42322112500000003 0.665051311111111 0.44438621250000004 0.6650228046296297 0.44440636979166664 0.6625712657407407 0.4232412817708333 0.6625712657407407
3 0.44223543645833335 0.6650769666666667 0.44231606510416666 0.6832354620370371 0.444446684375 0.683352337962963 0.44435194531250005 0.6650199546296296 0.44223543645833335 0.6650769666666667
3 0.44446684114583335 0.6806442416666667 0.44445273125 0.6832639685185184 0.45779681510416664 0.6831784490740741 0.45779076822916664 0.6807582666666667 0.44446684114583335 0.6806442416666667
3 0.5239870994791667 0.6806442416666667 0.5016327354166666 0.6807297601851852 0.5016125781249999 0.6832098064814814 0.5240274140625 0.6833238314814815 0.5239870994791667 0.6806442416666667
3 0.501745615625 0.687673887962963 0.5018423703125 0.6979361462962963 0.5078411609375 0.6979361462962963 0.5078653494791666 0.6877423037037037 0.501745615625 0.687673887962963
3 0.45450514010416665 0.7393101481481482 0.45464624062500003 0.7466362601851851 0.457871396875 0.7465507407407408 0.4576496671875 0.7393956666666667 0.45450514010416665 0.7393101481481482
3 0.5017698046875 0.7394982898148148 0.501866559375 0.7467502851851852 0.52399919375 0.7468871148148148 0.52399919375 0.7395667046296296 0.5017698046875 0.7394982898148148
3 0.5078411609375 0.7339224629629629 0.501866559375 0.7337856324074074 0.5018141505208333 0.7395096925925926 0.5079137270833333 0.7394640824074075 0.5078411609375 0.7339224629629629
3 0.5767546864583333 0.739210375925926 0.5768715984374999 0.7469697833333333 0.599802459375 0.7468871148148148 0.5996855473958332 0.7395381981481481 0.5767546864583333 0.739210375925926
3 0.5767385609375 0.6807297601851852 0.576778875 0.6832098064814814 0.5955855671875 0.683352337962963 0.5956057244791667 0.6809293046296296 0.5767385609375 0.6807297601851852
3 0.5867970166666667 0.5287628277777777 0.5867567020833333 0.5339509694444444 0.5956661963541666 0.5339509694444444 0.5956460390624999 0.5287628277777777 0.5867970166666667 0.5287628277777777
3 0.5664321708333334 0.29240022777777774 0.5665027213541667 0.29461801574074076 0.6180185447916667 0.29456670462962964 0.6179842776041667 0.2926966935185185 0.5664321708333334 0.29240022777777774
2 0.4704293489583333 0.2135404787037037 0.4700765973958333 0.26138540462962967 0.5026607536458333 0.2616305583333334 0.5025277161458334 0.2137172175925926 0.4704293489583333 0.2135404787037037
3 0.42097359427083336 0.29971208703703706 0.421034065625 0.35163340925925923 0.44011288020833333 0.35146522222222226 0.44017335208333336 0.2999657925925926 0.42097359427083336 0.29971208703703706
3 0.41752670833333333 0.6651824398148147 0.4217496473958333 0.6650627138888889 0.42158234218749996 0.3517189277777778 0.41752670833333333 0.3517189277777778 0.41752670833333333 0.6651824398148147