1 0.0005603708333333334 0 0.0005603708333333334 1 0.9996412015625 0.9999657925925927 0.9999516229166667 0 0.0005603708333333334 0
3 0.55109856875 0.41505131111111115 0.55109856875 0.4049885972222222 0.5057044953125 0.40504561018518515 0.5057629510416667 0.3950256555555555 0.496127796875 0.39513968055555554 0.496127796875 0.3946835805555555 0.43805684322916666 0.3946408212962963 0.43805684322916666 0.3950969212962963 0.42854263229166667 0.3950684148148148 0.42846200364583337 0.4050741166666667 0.4220923203125 0.4049885972222222 0.42207216302083334 0.39503990833333336 0.3222938921875 0.3950684148148148 0.3222938921875 0.41479475462962967 0.3086071354166667 0.4147662481481481 0.3085668213541667 0.46547890555555554 0.24087885520833333 0.4655359175925926 0.24085869791666664 0.49119156203703707 0.18220116927083332 0.49110604351851855 0.18224954635416665 0.8718643101851852 0.551804071875 0.8717787916666666 0.5517032854166667 0.4149942990740741 0.55109856875 0.41505131111111115
2 0.29492037916666664 0.849429875 0.2773835921875 0.849429875 0.27730296302083335 0.8688141388888888 0.2949405359375 0.8688141388888888 0.29492037916666664 0.849429875
2 0.3938701875 0.831812999074074 0.38762346302083334 0.831812999074074 0.3876033057291667 0.8718072972222222 0.3938318885416667 0.8717502851851852 0.3938701875 0.831812999074074
2 0.43510179375 0.8318586092592593 0.4288570854166667 0.8318557583333334 0.4289457770833333 0.8718358037037037 0.4351743598958333 0.8718358037037037 0.43510179375 0.8318586092592593
2 0.4057649666666666 0.8318700111111111 0.3970892963541666 0.831758837037037 0.39709735937499996 0.8718358037037037 0.40580528125 0.8718358037037037 0.4057649666666666 0.8318700111111111
2 0.4226365651041667 0.8317559861111111 0.41485385989583334 0.8318072972222222 0.41483571875 0.8718358037037037 0.42269703697916666 0.8717787916666666 0.4226365651041667 0.8317559861111111
4 0.29492037916666664 0.8244954388888889 0.2774440635416667 0.8244013685185185 0.27740374947916663 0.843586088888889 0.29485990729166667 0.8436145953703703 0.29492037916666664 0.8244954388888889
4 0.27740374947916663 0.8436431018518519 0.27734327760416666 0.849372862037037 0.29490022187500003 0.849429875 0.29485990729166667 0.8436145953703703 0.27740374947916663 0.8436431018518519
4 0.193932675 0.5180159638888888 0.18788550677083335 0.5179589509259259 0.18788550677083335 0.5278506268518518 0.193872203125 0.5278506268518518 0.193932675 0.5180159638888888
4 0.20640999791666664 0.5179874574074075 0.1981636765625 0.5179332953703704 0.19814553541666668 0.5284492592592592 0.20640999791666664 0.5284777648148148 0.20640999791666664 0.5179874574074075
4 0.22372505520833333 0.5180444694444445 0.21610360833333334 0.5179618018518518 0.21610360833333334 0.5278534777777778 0.22374521249999998 0.5278506268518518 0.22372505520833333 0.5180444694444445
4 0.23864140312499998 0.5179874574074075 0.23283410625 0.5179903074074074 0.23283410625 0.5278819842592593 0.23864140312499998 0.5279076398148148 0.23864140312499998 0.5179874574074075
4 0.2699052609375 0.49441277037037035 0.2632533765625 0.49435575833333334 0.263293690625 0.5042474342592592 0.2699052609375 0.5042189277777778 0.2699052609375 0.49441277037037035
4 0.2837734328125 0.49432725185185183 0.27733118333333334 0.4943044472222222 0.27737149791666665 0.5041961231481482 0.28379359010416666 0.5042189277777778 0.2837734328125 0.49432725185185183
4 0.3688772427083334 0.4233466361111111 0.3622656723958333 0.42329817592592595 0.3623059864583333 0.4331898518518518 0.3688167708333333 0.43323831203703705 0.3688772427083334 0.4233466361111111
4 0.3789558557291667 0.42343215462962963 0.37252166927083336 0.4233665907407408 0.37256198333333335 0.43325826666666667 0.37897601302083334 0.43323831203703705 0.3789558557291667 0.42343215462962963
4 0.4630215682291666 0.4233808435185185 0.45636968333333333 0.42332383148148145 0.45640999791666664 0.4332155074074074 0.4630215682291666 0.43318700092592594 0.4630215682291666 0.4233808435185185
4 0.47369481979166667 0.4233181296296296 0.4672062083333334 0.4233580388888889 0.4672465229166667 0.43324971481481483 0.4737149765625 0.43335233796296296 0.47369481979166667 0.4233181296296296
4 0.3101995567708334 0.49435575833333334 0.3042128604166667 0.494375712962963 0.3042128604166667 0.5042673888888889 0.3101793994791667 0.5042759407407408 0.3101995567708334 0.49435575833333334
4 0.32697036874999996 0.49435575833333334 0.3191493651041667 0.494375712962963 0.3191493651041667 0.5042673888888889 0.32693005416666665 0.5042759407407408 0.32697036874999996 0.49435575833333334
4 0.3449304578125 0.49438426481481484 0.3366740578125 0.49432440092592594 0.3366458375 0.5048175601851851 0.34484982864583336 0.5047890537037037 0.3449304578125 0.49438426481481484
4 0.35496875625 0.4942702398148148 0.34918766354166664 0.49427879166666666 0.34918766354166664 0.5041704675925925 0.35496875625 0.5041619157407408 0.35496875625 0.4942702398148148
4 0.3936706307291667 0.4233466361111111 0.38790969583333335 0.42329247407407405 0.38790969583333335 0.43318415092592594 0.3936907880208333 0.4332668185185185 0.3936706307291667 0.4233466361111111
4 0.4057649666666666 0.42323261111111116 0.3972566015625 0.42333238333333334 0.3972586171875 0.433751425 0.405744809375 0.4337799314814815 0.4057649666666666 0.42323261111111116
4 0.42269703697916666 0.4233181296296296 0.4150211651041667 0.4234150509259259 0.4150211651041667 0.4333067277777778 0.4226365651041667 0.43323831203703705 0.42269703697916666 0.4233181296296296
4 0.4352045958333333 0.42343215462962963 0.429157428125 0.4233751425925926 0.429157428125 0.4332668185185185 0.43514412395833335 0.4332668185185185 0.4352045958333333 0.42343215462962963
4 0.50516025 0.4234036490740741 0.49932876458333336 0.42339509722222224 0.49932876458333336 0.4332867731481482 0.5051400927083333 0.433295325 0.50516025 0.4234036490740741
4 0.5194517234375 0.4233751425925926 0.51181011875 0.42339509722222224 0.51181011875 0.4332867731481482 0.5194114088541667 0.433295325 0.5194517234375 0.4233751425925926
4 0.5370489822916666 0.4233751425925926 0.5287663776041667 0.4233580388888889 0.5287442046874999 0.4337799314814815 0.53690788125 0.43392246296296294 0.5370489822916666 0.4233751425925926
4 0.5466659947916667 0.4234150509259259 0.5406188270833333 0.4233580388888889 0.5406188270833333 0.43324971481481483 0.5466055229166666 0.43324971481481483 0.5466659947916667 0.4234150509259259
4 0.5466881677083334 0.4471151657407408 0.540641 0.4470581527777778 0.540641 0.4569498287037037 0.5466276958333334 0.4569498287037037 0.5466881677083334 0.4471151657407408
4 0.5052005645833334 0.44700684166666665 0.499286434375 0.4469526796296296 0.499286434375 0.4568443555555556 0.5051804072916667 0.4568415055555555 0.5052005645833334 0.44700684166666665
4 0.5051400927083333 0.47075256574074076 0.499359 0.4707269101851852 0.49935496874999996 0.4802736601851852 0.5052005645833334 0.4803021666666667 0.5051400927083333 0.47075256574074076
4 0.5466962307291666 0.4707155074074074 0.5406490625 0.47065849444444446 0.5406571255208333 0.4803021666666667 0.5466639791666666 0.4803021666666667 0.5466962307291666 0.4707155074074074
4 0.5466720416666667 0.49438711481481484 0.5406248739583333 0.49433010277777784 0.5406248739583333 0.5042217787037038 0.5466115703125 0.5042217787037038 0.5466720416666667 0.49438711481481484
4 0.50516025 0.49438426481481484 0.49930054427083337 0.4943158490740741 0.49930054427083337 0.5042075259259259 0.505099778125 0.5042189277777778 0.50516025 0.49438426481481484
4 0.5051400927083333 0.5180159638888888 0.4993408588541667 0.5180045611111112 0.4993408588541667 0.527896237037037 0.50516025 0.5279646518518518 0.5051400927083333 0.5180159638888888
4 0.5466901833333334 0.5180330675925926 0.540643015625 0.5179760546296296 0.540643015625 0.5278677305555555 0.5466297119791667 0.5278677305555555 0.5466901833333334 0.5180330675925926
4 0.5466901833333334 0.5417217787037037 0.540643015625 0.5416647666666666 0.5406571255208333 0.5513397944444444 0.5466236645833333 0.5513397944444444 0.5466901833333334 0.5417217787037037
4 0.505099778125 0.5416761685185185 0.49931062291666667 0.5416647666666666 0.49933481145833336 0.5512542759259259 0.5051400927083333 0.5513683009259259 0.505099778125 0.5416761685185185
4 0.50516025 0.5650798175925926 0.49931062291666667 0.5650114027777777 0.49931062291666667 0.5749030787037037 0.505099778125 0.5749144814814815 0.50516025 0.5650798175925926
4 0.5466801046875 0.5650399083333334 0.5406329369791667 0.5649828962962963 0.5406329369791667 0.5748745722222223 0.5466196333333334 0.5748745722222223 0.5466801046875 0.5650399083333334
4 0.5466599473958333 0.5887001138888889 0.5406127796875 0.5886431018518519 0.5406127796875 0.5985347777777777 0.5465994760416667 0.5985347777777777 0.5466599473958333 0.5887001138888889
4 0.5051400927083333 0.5887115166666667 0.4993307802083333 0.5886145953703703 0.49933481145833336 0.5985746861111111 0.5051804072916667 0.5986031925925925 0.5051400927083333 0.5887115166666667
4 0.50516025 0.6122862027777778 0.4993267484375 0.6122662481481482 0.49933481145833336 0.6219213231481482 0.5051199354166667 0.6220353481481482 0.50516025 0.6122862027777778
4 0.5466599473958333 0.612385975 0.5406127796875 0.612328962037037 0.5406571255208333 0.6219213231481482 0.5466841364583334 0.6220068416666666 0.5466599473958333 0.612385975
4 0.54664986875 0.635735462037037 0.5406027010416667 0.6356784490740741 0.5406027010416667 0.645570125 0.5466438218749999 0.6455245157407408 0.54664986875 0.635735462037037
4 0.5466901833333334 0.659424173148148 0.540643015625 0.6593671611111112 0.540643015625 0.669258837037037 0.5466297119791667 0.669258837037037 0.5466901833333334 0.659424173148148
4 0.50516025 0.6357468638888889 0.49927837135416664 0.6356813 0.49927837135416664 0.6455729759259259 0.5051400927083333 0.6455815277777778 0.50516025 0.6357468638888889
4 0.5050796208333334 0.6594070694444444 0.4993509375 0.6593871148148148 0.4993509375 0.6692787916666667 0.5051400927083333 0.6693557583333334 0.5050796208333334 0.6594070694444444
4 0.5051804072916667 0.683010262037037 0.4993509375 0.6830587231481482 0.499294496875 0.6927023944444445 0.5051199354166667 0.6927023944444445 0.5051804072916667 0.683010262037037
4 0.5466740578124999 0.6830302166666666 0.5406268895833333 0.6829732037037036 0.5405966536458333 0.6926168759259259 0.5466639791666666 0.6927309009259259 0.5466740578124999 0.6830302166666666
4 0.5466357588541667 0.7064652222222222 0.5405885911458334 0.7064082101851852 0.5405885911458334 0.7162998861111112 0.5465752875 0.7162998861111112 0.5466357588541667 0.7064652222222222
4 0.5466357588541667 0.7301938425925926 0.5405885911458334 0.7301368305555556 0.5405885911458334 0.7400285064814814 0.5465752875 0.7400285064814814 0.5466357588541667 0.7301938425925926
4 0.5051199354166667 0.7064424175925926 0.49931666979166667 0.7064395666666667 0.49931666979166667 0.7163312425925926 0.5051199354166667 0.7163626 0.5051199354166667 0.7064424175925926
4 0.50516025 0.7301026222222222 0.49930860729166665 0.7300456101851852 0.49930860729166665 0.7399372861111111 0.5051400927083333 0.7399657925925925 0.50516025 0.7301026222222222
4 0.50516025 0.7537628277777778 0.49934892135416664 0.7537343212962963 0.49935496874999996 0.7633979472222222 0.5051804072916667 0.7633694416666666 0.50516025 0.7537628277777778
4 0.5051400927083333 0.7771379703703704 0.4993247328125 0.7770667046296296 0.4993247328125 0.7869583805555556 0.505099778125 0.7869726342592592 0.5051400927083333 0.7771379703703704
4 0.50516025 0.8007696694444444 0.499294496875 0.800741162962963 0.49928441822916664 0.810675599074074 0.50516025 0.8107183583333334 0.50516025 0.8007696694444444
4 0.5051804072916667 0.8244583805555555 0.49931465416666665 0.8244583805555555 0.499294496875 0.8340649944444445 0.505099778125 0.8341220064814815 0.5051804072916667 0.8244583805555555
4 0.5051804072916667 0.8478335231481482 0.4993469057291666 0.8477708092592593 0.4993469057291666 0.8576624861111111 0.5051400927083333 0.8577252 0.5051804072916667 0.8478335231481482
4 0.5466619635416666 0.753697262962963 0.5406147953125 0.7536402509259259 0.5406168109375 0.7633694416666666 0.5466035072916667 0.7633979472222222 0.5466619635416666 0.753697262962963
4 0.546710340625 0.7771978333333333 0.5406631729166667 0.7771408212962964 0.5406631729166667 0.7870324972222222 0.54664986875 0.7870324972222222 0.546710340625 0.7771978333333333
4 0.5466438218749999 0.8008266814814815 0.5405664182291667 0.8007782212962963 0.5405664182291667 0.8106698972222223 0.5466639791666666 0.8106328388888889 0.5466438218749999 0.8008266814814815
4 0.5466700260416667 0.8244156212962963 0.5406228583333333 0.8243586092592592 0.5406168109375 0.8340364879629629 0.5466639791666666 0.8340364879629629 0.5466700260416667 0.8244156212962963
4 0.5466619635416666 0.8478705814814815 0.5406147953125 0.8478135694444444 0.5406147953125 0.8577052453703704 0.5466014916666667 0.8577052453703704 0.5466619635416666 0.8478705814814815
4 0.5194114088541667 0.4470638537037037 0.5118121348958333 0.44700684166666665 0.5117919776041666 0.45695553055555554 0.5194114088541667 0.4569840361111111 0.5194114088541667 0.4470638537037037
4 0.5369481958333334 0.4469783351851852 0.5287280791666666 0.44700399074074076 0.5287240473958333 0.45741163055555556 0.5370086677083333 0.4573546175925926 0.5369481958333334 0.4469783351851852
4 0.51947994375 0.47068985185185186 0.5118383390625 0.47070980648148153 0.5117919776041666 0.4802736601851852 0.5195121953125 0.48033067314814815 0.51947994375 0.47068985185185186
4 0.5194517234375 0.49435575833333334 0.5117919776041666 0.49435575833333334 0.5118322916666667 0.5042759407407408 0.5194315661458334 0.5042474342592592 0.5194517234375 0.49435575833333334
4 0.5194396291666666 0.5179846064814815 0.5117980244791667 0.5180017101851853 0.5117980244791667 0.5278933861111111 0.5193993145833333 0.5279047888888888 0.5194396291666666 0.5179846064814815
4 0.5194396291666666 0.5416904222222223 0.5117980244791667 0.541707525925926 0.5118121348958333 0.5512542759259259 0.5194315661458334 0.5513397944444444 0.5194396291666666 0.5416904222222223
4 0.5370086677083333 0.4706157351851852 0.5287905666666667 0.47064139074074074 0.5287845192708333 0.48084378518518517 0.537028825 0.4809863166666667 0.5370086677083333 0.4706157351851852
4 0.5369744005208333 0.49435575833333334 0.5287542833333333 0.49438426481481484 0.5287502520833333 0.5047890537037037 0.5370348718750001 0.5047320407407407 0.5369744005208333 0.49435575833333334
4 0.5369401328125 0.5180501712962963 0.5287200161458333 0.5180758268518518 0.5287159848958333 0.5284834666666667 0.5370006046875001 0.5284264537037037 0.5369401328125 0.5180501712962963
4 0.53690385 0.5416932722222222 0.5286857489583333 0.5417217787037037 0.5287240473958333 0.5518814138888889 0.5370086677083333 0.551824400925926 0.53690385 0.5416932722222222
4 0.5369945572916667 0.5649771953703704 0.52877645625 0.565002850925926 0.528770409375 0.5754104907407407 0.5370550291666666 0.5753534777777778 0.5369945572916667 0.5649771953703704
4 0.5194315661458334 0.5650228046296297 0.51187260625 0.5650513111111111 0.5118322916666667 0.574828962037037 0.5194557546875 0.5748432157407408 0.5194315661458334 0.5650228046296297
4 0.5194053619791666 0.5887143675925925 0.5117637572916667 0.5887343212962963 0.5117718203125 0.5984891675925925 0.5193912515625 0.5984891675925925 0.5194053619791666 0.5887143675925925
4 0.5194920380208333 0.6123375138888889 0.5118504333333334 0.6123546175925926 0.5118524489583334 0.6219783351851851 0.5194718807291667 0.6220353481481482 0.5194920380208333 0.6123375138888889
4 0.5194436604166667 0.6357468638888889 0.511804071875 0.6357668185185185 0.5118121348958333 0.6455216648148149 0.5194315661458334 0.6455216648148149 0.5194436604166667 0.6357468638888889
4 0.5194255192708334 0.6594355759259259 0.5117839145833334 0.6594555305555555 0.5117919776041666 0.6692103759259259 0.5194114088541667 0.6692103759259259 0.5194255192708334 0.6594355759259259
4 0.536972384375 0.5887029648148149 0.5287522677083333 0.5887286203703703 0.5287482364583334 0.5991362601851853 0.5370328562500001 0.5990792472222222 0.536972384375 0.5887029648148149
4 0.5370066520833333 0.6124458379629629 0.5287885505208333 0.6124714935185185 0.5287845192708333 0.6225199546296296 0.5369683531249999 0.6225769666666666 0.5370066520833333 0.6124458379629629
4 0.5369844791666666 0.6357012546296297 0.5287663776041667 0.6357269101851851 0.5287603307291666 0.6461345500000001 0.5370449505208333 0.6460775370370371 0.5369844791666666 0.6357012546296297
4 0.5369582744791667 0.6594127703703704 0.5287381578125 0.6594384268518518 0.5287341260416667 0.6698460657407408 0.5370187463541666 0.6697890537037037 0.5369582744791667 0.6594127703703704
4 0.5369219916666667 0.6830473203703704 0.5287018744791667 0.6830758268518519 0.5287038901041667 0.693301025925926 0.5369885104166666 0.6933295324074074 0.5369219916666667 0.6830473203703704
4 0.5369502114583333 0.7064823259259259 0.5287300947916667 0.7065079814814815 0.5287260635416666 0.7169156212962963 0.5370106833333333 0.7168586092592593 0.5369502114583333 0.7064823259259259
4 0.5368937713541667 0.7301282777777778 0.5287240473958333 0.7301311287037037 0.5287240473958333 0.7405929305555555 0.5369481958333334 0.7406214370370371 0.5368937713541667 0.7301282777777778
4 0.5369441645833334 0.7536858611111111 0.5287240473958333 0.7537143675925926 0.5287240473958333 0.7638825537037037 0.537028825 0.7639965796296296 0.5369441645833334 0.7536858611111111
4 0.5369481958333334 0.7770923601851852 0.5287300947916667 0.7771180157407408 0.5287240473958333 0.7875256555555555 0.5370086677083333 0.7874686435185185 0.5369481958333334 0.7770923601851852
4 0.5194658333333334 0.6830416194444444 0.5118242291666667 0.6830587231481482 0.5118322916666667 0.6927023944444445 0.5194517234375 0.6927594074074074 0.5194658333333334 0.6830416194444444
4 0.5194114088541667 0.7064139111111111 0.5118322916666667 0.7064709231481482 0.5117738359375 0.7163112888888888 0.5193932677083334 0.7163112888888888 0.5194114088541667 0.7064139111111111
4 0.5194456760416667 0.7300798175925927 0.5118060875 0.7300997722222222 0.5117919776041666 0.7400228046296297 0.5194315661458334 0.7399942990740741 0.5194456760416667 0.7300798175925927
4 0.5194456760416667 0.7537685287037037 0.511804071875 0.7537884833333333 0.5118121348958333 0.7633979472222222 0.5194718807291667 0.7633979472222222 0.5194456760416667 0.7537685287037037
4 0.5194678494791667 0.7771265675925926 0.5118262447916667 0.7771436712962962 0.5118322916666667 0.7869726342592592 0.5194517234375 0.7869726342592592 0.5194678494791667 0.7771265675925926
4 0.5194678494791667 0.8007953250000001 0.5118262447916667 0.8008152796296296 0.5118343078125 0.810570125 0.5194537390625 0.810570125 0.5194678494791667 0.8007953250000001
4 0.5194678494791667 0.8243671611111112 0.5118262447916667 0.8243842648148149 0.5118343078125 0.8341419611111112 0.5194537390625 0.8341419611111112 0.5194678494791667 0.8243671611111112
4 0.5194738963541666 0.8478648805555555 0.5118322916666667 0.8478848342592593 0.5118403546875 0.8576396805555555 0.5194597864583334 0.8576396805555555 0.5194738963541666 0.8478648805555555
4 0.53690788125 0.800798175925926 0.5288288651041666 0.800855187962963 0.5288449911458334 0.8112314712962964 0.5370086677083333 0.8111459518518519 0.53690788125 0.800798175925926
4 0.5368998187499999 0.8243557583333333 0.5287845192708333 0.8244013685185185 0.5288046765625 0.834663625925926 0.5370086677083333 0.8346351194444445 0.5368998187499999 0.8243557583333333
4 0.5370489822916666 0.8477194981481482 0.5287240473958333 0.8478050166666666 0.5287240473958333 0.8581527935185186 0.5370086677083333 0.8582953249999999 0.5370489822916666 0.8477194981481482
4 0.4629389234375 0.4471180157407407 0.45628703906249996 0.44706100370370366 0.456327353125 0.45695267962962965 0.4629389234375 0.45692417314814815 0.4629389234375 0.4471180157407407
4 0.4737149765625 0.44703534814814816 0.467288853125 0.4469783351851852 0.4673291677083334 0.4568700111111111 0.47373513385416666 0.4568415055555555 0.4737149765625 0.44703534814814816
4 0.46304575677083337 0.47066989722222224 0.45639387239583334 0.4706128851851852 0.45644023385416665 0.4803021666666667 0.4630518041666667 0.4803591787037037 0.46304575677083337 0.47066989722222224
4 0.47369481979166667 0.47072405925925925 0.46727877447916666 0.4706128851851852 0.46728482135416666 0.48033067314814815 0.47369481979166667 0.4803021666666667 0.47369481979166667 0.47072405925925925
4 0.46304575677083337 0.4943956666666667 0.45639387239583334 0.49433865462962967 0.45643418645833334 0.5042303305555556 0.46304575677083337 0.5042018240740741 0.46304575677083337 0.4943956666666667
4 0.47369481979166667 0.49432725185185183 0.46725055416666667 0.4942559861111111 0.46729086875000003 0.504147662037037 0.47367466249999995 0.5041904222222222 0.47369481979166667 0.49432725185185183
4 0.4630739770833333 0.5180815277777778 0.4564220921875 0.5180245157407408 0.45646240677083333 0.5279161916666667 0.4630739770833333 0.5278876851851851 0.4630739770833333 0.5180815277777778
4 0.47369481979166667 0.5179589509259259 0.46727877447916666 0.5180245157407408 0.4673190890625 0.5279161916666667 0.47373513385416666 0.5279361462962963 0.47369481979166667 0.5179589509259259
4 0.47363434791666664 0.5417331814814814 0.46725055416666667 0.5416277083333334 0.46728482135416666 0.5513112888888889 0.4737956057291666 0.5513683009259259 0.47363434791666664 0.5417331814814814
4 0.46301753697916664 0.5417246296296296 0.4563656520833333 0.5416676166666667 0.45644023385416665 0.5513683009259259 0.4630114895833334 0.5512827824074074 0.46301753697916664 0.5417246296296296
4 0.46301753697916664 0.5650399083333334 0.4563656520833333 0.5649828962962963 0.45640596666666666 0.5748745722222223 0.46301753697916664 0.5748460657407407 0.46301753697916664 0.5650399083333334
4 0.47367466249999995 0.5650798175925926 0.46728482135416666 0.5650228046296297 0.46728482135416666 0.5749144814814815 0.47373513385416666 0.5749429870370371 0.47367466249999995 0.5650798175925926
4 0.46298730104166663 0.5888084379629629 0.45633541614583334 0.588751425 0.45637573072916665 0.5986431018518518 0.46298730104166663 0.5986145953703704 0.46298730104166663 0.5888084379629629
4 0.47363434791666664 0.5886830101851852 0.46725055416666667 0.5885889398148149 0.4672646645833333 0.5986316990740741 0.4737552911458333 0.5986602055555557 0.47363434791666664 0.5886830101851852
4 0.4630518041666667 0.6124002277777778 0.4564200765625 0.6123147092592592 0.45644023385416665 0.6220068416666666 0.4630114895833334 0.6220923601851851 0.4630518041666667 0.6124002277777778
4 0.4737149765625 0.6124287342592593 0.4672747432291667 0.6123688712962964 0.46722435 0.6219498287037037 0.4737149765625 0.6219783351851851 0.4737149765625 0.6124287342592593
4 0.4630014109375 0.6357639685185186 0.4563495265625 0.6357069555555555 0.45638984062500004 0.6455986314814816 0.4630014109375 0.645570125 0.4630014109375 0.6357639685185186
4 0.47367466249999995 0.6356898518518518 0.4672344286458333 0.6356784490740741 0.4672747432291667 0.645570125 0.4737149765625 0.6456670462962963 0.47367466249999995 0.6356898518518518
4 0.4630014109375 0.6593956666666667 0.4563495265625 0.6593386546296296 0.45638984062500004 0.6692303305555556 0.4630014109375 0.6692018240740741 0.4630014109375 0.6593956666666667
4 0.47363434791666664 0.6593500574074075 0.4672142713541667 0.6593671611111112 0.4672545859375 0.669258837037037 0.47369481979166667 0.6693842648148148 0.47363434791666664 0.6593500574074075
4 0.4630215682291666 0.6830558722222222 0.45636968333333333 0.6829988601851852 0.4563596046875 0.6926453824074074 0.4630114895833334 0.6927023944444445 0.4630215682291666 0.6830558722222222
4 0.47369481979166667 0.6830672750000001 0.4672344286458333 0.6829988601851852 0.46728482135416666 0.692673887962963 0.47367466249999995 0.6927594074074074 0.47369481979166667 0.6830672750000001
4 0.4630014109375 0.7065165333333334 0.4563495265625 0.7064595212962963 0.45638984062500004 0.7163511972222223 0.4630014109375 0.7163226907407407 0.4630014109375 0.7065165333333334
4 0.4737149765625 0.7064139111111111 0.4672545859375 0.7064310148148149 0.46728482135416666 0.7162770805555556 0.4737552911458333 0.7163626 0.4737149765625 0.7064139111111111
4 0.4630215682291666 0.7300627138888889 0.45636968333333333 0.730005700925926 0.45640999791666664 0.7398973777777778 0.4630215682291666 0.7398688712962963 0.4630215682291666 0.7300627138888889
4 0.47367466249999995 0.7301026222222222 0.4672545859375 0.7300342074074074 0.46729489999999996 0.7399258833333333 0.47367466249999995 0.7399942990740741 0.47367466249999995 0.7301026222222222
4 0.4629812536458333 0.7537799314814815 0.45632936927083334 0.7537229194444445 0.4563797619791667 0.7633694416666666 0.4630114895833334 0.7633979472222222 0.4629812536458333 0.7537799314814815
4 0.47369481979166667 0.7537913342592593 0.4672344286458333 0.7537229194444445 0.46728482135416666 0.7633409351851852 0.47373513385416666 0.7634264537037038 0.47369481979166667 0.7537913342592593
4 0.4630518041666667 0.7770809574074075 0.4563999192708333 0.7771379703703704 0.4563596046875 0.7870011398148148 0.4630114895833334 0.7870296462962963 0.4630518041666667 0.7770809574074075
4 0.47365450520833335 0.7771379703703704 0.4673029630208333 0.7771123148148148 0.46728482135416666 0.7870296462962963 0.47369481979166667 0.7870011398148148 0.47365450520833335 0.7771379703703704
4 0.46297520677083337 0.8008352333333334 0.45632332187499997 0.8007782212962963 0.45636363645833333 0.8106698972222223 0.46297520677083337 0.8106413907407407 0.46297520677083337 0.8008352333333334
4 0.47367466249999995 0.8008266814814815 0.4672686958333333 0.8007782212962963 0.4673110260416667 0.8106698972222223 0.4737149765625 0.810746863888889 0.47367466249999995 0.8008266814814815
4 0.46301753697916664 0.8244954388888889 0.4563656520833333 0.8244384268518519 0.4563797619791667 0.8340079814814815 0.4630114895833334 0.8340935009259259 0.46301753697916664 0.8244954388888889
4 0.47365450520833335 0.824429875 0.46725055416666667 0.8244099203703703 0.46728482135416666 0.8341220064814815 0.47367466249999995 0.8341505129629629 0.47365450520833335 0.824429875
4 0.4630538197916667 0.8478876851851852 0.4564019348958333 0.8478306731481481 0.4564422494791666 0.8577223490740741 0.4630538197916667 0.8576938425925926 0.4630538197916667 0.8478876851851852
4 0.47369481979166667 0.8478620296296296 0.4672626484375 0.8477964648148149 0.4673029630208333 0.8576881416666666 0.47369481979166667 0.8576681870370371 0.47369481979166667 0.8478620296296296
4 0.36888328958333333 0.44712086666666667 0.3622314052083333 0.4470638537037037 0.3622717192708333 0.45695553055555554 0.36888328958333333 0.45692702407407404 0.36888328958333333 0.44712086666666667
4 0.3789155411458333 0.44700684166666665 0.372511590625 0.4469954388888889 0.3725519046875 0.4568871148148148 0.379036484375 0.4568985175925926 0.3789155411458333 0.44700684166666665
4 0.3688772427083334 0.4706955527777778 0.3623059864583333 0.47063854074074074 0.3622253578125 0.4802736601851852 0.3688570854166667 0.4803021666666667 0.3688772427083334 0.4706955527777778
4 0.3789155411458333 0.4706100342592593 0.3725458578125 0.4706100342592593 0.3725458578125 0.48033067314814815 0.37897601302083334 0.48033067314814815 0.3789155411458333 0.4706100342592593
4 0.36888933697916665 0.49433865462962967 0.3622374520833333 0.49428164166666666 0.36227776666666667 0.5041733185185185 0.36888933697916665 0.5041448120370371 0.36888933697916665 0.49433865462962967
4 0.3789356984375 0.49438426481481484 0.37249748020833334 0.49436716111111106 0.37253779479166665 0.5042588370370371 0.3789558557291667 0.5042189277777778 0.3789356984375 0.49438426481481484
4 0.3688570854166667 0.5180159638888888 0.36229590833333336 0.5180330675925926 0.36233622239583335 0.5279247435185185 0.36889739947916667 0.5278791333333334 0.3688570854166667 0.5180159638888888
4 0.3789558557291667 0.5180444694444445 0.37255593645833335 0.5179760546296296 0.37259625052083334 0.5278677305555555 0.3789356984375 0.5279076398148148 0.3789558557291667 0.5180444694444445
4 0.3688792583333333 0.5416305583333333 0.3622273734375 0.5415735462962964 0.3622656723958333 0.5512542759259259 0.3688772427083334 0.5513112888888889 0.3688792583333333 0.5416305583333333
4 0.3789558557291667 0.5417046750000001 0.3725337635416667 0.5416476620370371 0.3725458578125 0.5512542759259259 0.3789558557291667 0.5512827824074074 0.3789558557291667 0.5417046750000001
4 0.3688812739583333 0.5650484611111111 0.36222938906249996 0.5649914481481481 0.36226970364583333 0.574883124074074 0.3688812739583333 0.5748546175925926 0.3688812739583333 0.5650484611111111
4 0.3789155411458333 0.5650228046296297 0.37246926041666667 0.5649629416666667 0.37250957447916666 0.5748546175925926 0.3789558557291667 0.5748574685185185 0.3789155411458333 0.5650228046296297
4 0.36886111666666666 0.5887257694444444 0.36220923177083336 0.5886687574074074 0.3622495463541667 0.5985604333333334 0.36886111666666666 0.5985319268518519 0.36886111666666666 0.5887257694444444
4 0.37897601302083334 0.5887685287037037 0.37251360625 0.5887713796296297 0.37255392083333333 0.5986630555555555 0.37897601302083334 0.5986316990740741 0.37897601302083334 0.5887685287037037
4 0.3688772427083334 0.6123717222222221 0.3622334208333333 0.6123403648148148 0.3622455151041667 0.6219783351851851 0.368836928125 0.6220068416666666 0.3688772427083334 0.6123717222222221
4 0.3789558557291667 0.6123147092592592 0.3724410401041667 0.61227195 0.3725257005208333 0.6219783351851851 0.3789155411458333 0.6220638537037038 0.3789558557291667 0.6123147092592592
4 0.36887321093750003 0.6357696694444445 0.3622213265625 0.6357126564814815 0.36226164062500005 0.6456043333333333 0.36887321093750003 0.6455758268518519 0.36887321093750003 0.6357696694444445
4 0.3789558557291667 0.6357468638888889 0.3725418260416667 0.635684150925926 0.372582140625 0.6455758268518519 0.3789961703125 0.6456100342592592 0.3789558557291667 0.6357468638888889
4 0.36890143125 0.6594355759259259 0.3622495463541667 0.6593785629629629 0.3622898609375 0.6692702398148148 0.36890143125 0.6692417333333334 0.36890143125 0.6594355759259259
4 0.3789558557291667 0.6594355759259259 0.37250352760416666 0.6593785629629629 0.3725438421875 0.6692702398148148 0.3790163276041667 0.6692417333333334 0.3789558557291667 0.6594355759259259
4 0.36887522656250005 0.6830729759259259 0.36222334218749996 0.6830159638888889 0.3622253578125 0.6927023944444445 0.3688772427083334 0.692787912962963 0.36887522656250005 0.6830729759259259
4 0.3790163276041667 0.6830957814814814 0.3725297317708333 0.6830501712962962 0.37256601510416665 0.6927023944444445 0.37897601302083334 0.6927594074074074 0.3790163276041667 0.6830957814814814
4 0.36888328958333333 0.7064623712962963 0.3622314052083333 0.7064053592592592 0.3622717192708333 0.7162970351851853 0.36888328958333333 0.7162685287037037 0.36888328958333333 0.7064623712962963
4 0.3789356984375 0.7064994296296295 0.372511590625 0.7063768527777778 0.3725519046875 0.7162685287037037 0.37897601302083334 0.7162485749999999 0.3789356984375 0.7064994296296295
4 0.368903446875 0.7301510833333333 0.3622515619791667 0.7300940703703703 0.3622918765625 0.7399857472222222 0.368903446875 0.7399572407407408 0.368903446875 0.7301510833333333
4 0.3789558557291667 0.7301026222222222 0.372511590625 0.7300370583333333 0.3725519046875 0.7399287342592592 0.37897601302083334 0.7399087796296296 0.3789558557291667 0.7301026222222222
4 0.36891554114583336 0.7538084379629629 0.36226365677083333 0.753751425 0.3622455151041667 0.7632839222222222 0.3688772427083334 0.7634549601851851 0.36891554114583336 0.7538084379629629
4 0.37897601302083334 0.7537913342592593 0.37246321302083335 0.7537229194444445 0.3725055432291667 0.7633979472222222 0.3790163276041667 0.7633979472222222 0.37897601302083334 0.7537913342592593
4 0.3688349125 0.7771693268518519 0.36218302760416665 0.7771123148148148 0.36222334218749996 0.7870039907407407 0.3688349125 0.7869754842592593 0.3688349125 0.7771693268518519
4 0.3789356984375 0.7771094638888889 0.3725257005208333 0.7771664768518518 0.37256601510416665 0.7870011398148148 0.3789356984375 0.7870296462962963 0.3789356984375 0.7771094638888889
4 0.3688772427083334 0.8007696694444444 0.3622314052083333 0.8007839222222222 0.3622717192708333 0.810675599074074 0.36888328958333333 0.8106470925925926 0.3688772427083334 0.8007696694444444
4 0.3789558557291667 0.8007696694444444 0.37242894583333336 0.8007269101851853 0.3725055432291667 0.8107183583333334 0.3789961703125 0.8106898518518518 0.3789558557291667 0.8007696694444444
4 0.368903446875 0.8244697833333333 0.3622495463541667 0.8244127703703704 0.3622455151041667 0.8340364879629629 0.3689175567708334 0.8341505129629629 0.368903446875 0.8244697833333333
4 0.37897601302083334 0.8244013685185185 0.37242894583333336 0.8244441277777779 0.3725055432291667 0.8341790194444444 0.37897601302083334 0.8341790194444444 0.37897601302083334 0.8244013685185185
4 0.36889739947916667 0.8478335231481482 0.3622656723958333 0.8478050166666666 0.3622737348958333 0.8577194981481481 0.3688853052083333 0.8576909916666667 0.36889739947916667 0.8478335231481482
4 0.3789558557291667 0.8477480046296296 0.37251360625 0.8477993157407407 0.37255392083333333 0.8576909916666667 0.3790163276041667 0.8576681870370371 0.3789558557291667 0.8477480046296296
4 0.4351703286458333 0.44713226944444445 0.42912316041666665 0.4470752564814815 0.42912316041666665 0.45696693240740743 0.43510985677083336 0.45696693240740743 0.4351703286458333 0.44713226944444445
4 0.3936706307291667 0.44700684166666665 0.3877887520833333 0.44694412777777776 0.3877847208333333 0.4568985175925926 0.3937109453125 0.4568985175925926 0.3936706307291667 0.44700684166666665
4 0.3936706307291667 0.4706670462962963 0.3878008463541667 0.4706128851851852 0.3878653494791667 0.48033067314814815 0.3936907880208333 0.48033067314814815 0.3936706307291667 0.4706670462962963
4 0.3936706307291667 0.49438426481481484 0.3878492239583334 0.4943187 0.3878492239583334 0.5042103759259259 0.3936907880208333 0.5042189277777778 0.3936706307291667 0.49438426481481484
4 0.435228784375 0.47073831203703703 0.42918161666666665 0.47068129999999997 0.42920782083333336 0.48033067314814815 0.4351945171875 0.48033067314814815 0.435228784375 0.47073831203703703
4 0.435228784375 0.4944640824074074 0.42918161666666665 0.4944070694444445 0.42918161666666665 0.5042987453703703 0.4351683130208333 0.5042987453703703 0.435228784375 0.4944640824074074
4 0.4351703286458333 0.5180701249999999 0.42912316041666665 0.5180131129629629 0.42912316041666665 0.5279047888888888 0.43510985677083336 0.5279047888888888 0.4351703286458333 0.5180701249999999
4 0.43520056458333334 0.5417531361111111 0.42915339635416666 0.5416961231481482 0.42922797812499996 0.5512827824074074 0.4351743598958333 0.5513397944444444 0.43520056458333334 0.5417531361111111
4 0.3936363635416667 0.5180188138888889 0.3878149567708334 0.5179532499999999 0.3878149567708334 0.527844925925926 0.3936565208333333 0.5278534777777778 0.3936363635416667 0.5180188138888889
4 0.39366055208333334 0.5417246296296296 0.3878391453125 0.5416590648148149 0.3878653494791667 0.5512542759259259 0.3936303166666667 0.5512542759259259 0.39366055208333334 0.5417246296296296
4 0.39369683541666667 0.5652166472222222 0.3878734125 0.5651510833333333 0.3878734125 0.5750427592592593 0.3937169927083334 0.5750513111111112 0.39369683541666667 0.5652166472222222
4 0.3936625682291667 0.5888112888888889 0.3878391453125 0.588745724074074 0.3878391453125 0.5986374000000001 0.39368272499999996 0.5986459518518519 0.3936625682291667 0.5888112888888889
4 0.4351945171875 0.5650826685185185 0.42914734947916666 0.5650256555555556 0.42918766354166665 0.5748574685185185 0.4351340453125 0.5748574685185185 0.4351945171875 0.5650826685185185
4 0.435228784375 0.5887286203703703 0.42918161666666665 0.5886716074074074 0.42922193124999997 0.5985062712962963 0.4351683130208333 0.5985062712962963 0.435228784375 0.5887286203703703
4 0.4351259828125 0.6122748 0.42907881458333336 0.6122177879629629 0.42911711354166665 0.6220524518518519 0.4350634953125 0.6220524518518519 0.4351259828125 0.6122748
4 0.4351259828125 0.6358209805555555 0.4291271921875 0.6357753703703704 0.4291675067708333 0.6456100342592592 0.4351340453125 0.6456100342592592 0.4351259828125 0.6358209805555555
4 0.39366659947916666 0.6123489166666667 0.38784519270833334 0.6122833527777778 0.38784519270833334 0.6219783351851851 0.3936706307291667 0.6220068416666666 0.39366659947916666 0.6123489166666667
4 0.39364241093749996 0.6358038768518518 0.3878189880208333 0.6357383120370371 0.3878189880208333 0.6456299888888889 0.3936625682291667 0.6456385407407408 0.39364241093749996 0.6358038768518518
4 0.39365450520833334 0.6594412768518519 0.38783309791666665 0.659372862037037 0.38783309791666665 0.6692645379629629 0.3936746625 0.6692759407407407 0.39365450520833334 0.6594412768518519
4 0.3936746625 0.683070125 0.38785325520833336 0.6830045611111112 0.3878653494791667 0.6926453824074074 0.3936907880208333 0.6927309009259259 0.3936746625 0.683070125
4 0.3936686151041667 0.7064680731481481 0.38784519270833334 0.7064025083333334 0.38784519270833334 0.7162941842592593 0.39368877239583333 0.7163027370370371 0.3936686151041667 0.7064680731481481
4 0.39362830052083336 0.7301567842592593 0.38780487812500003 0.7300912203703703 0.38780487812500003 0.7399828962962962 0.39364845781249996 0.7399914481481481 0.39362830052083336 0.7301567842592593
4 0.3936686151041667 0.7537884833333333 0.38784519270833334 0.7537229194444445 0.3878653494791667 0.7633409351851852 0.3936504734375 0.7634264537037038 0.3936686151041667 0.7537884833333333
4 0.3936746625 0.7771664768518518 0.38785123958333334 0.7771009120370371 0.38785123958333334 0.786992587962963 0.39369481979166665 0.7870011398148148 0.3936746625 0.7771664768518518
4 0.435158234375 0.6595239453703703 0.42915944375 0.6594783351851852 0.42919975833333335 0.669312999074074 0.43516629687499997 0.669312999074074 0.435158234375 0.6595239453703703
4 0.435099778125 0.6830872296296296 0.4291009875 0.6830416194444444 0.42914734947916666 0.6927023944444445 0.4351743598958333 0.6927309009259259 0.435099778125 0.6830872296296296
4 0.43516025 0.7064338657407407 0.429163475 0.7063882555555555 0.42920378958333333 0.7162229194444445 0.4351703286458333 0.7162229194444445 0.43516025 0.7064338657407407
4 0.43516025 0.7301510833333333 0.429163475 0.7301054731481481 0.42920378958333333 0.7399401370370371 0.4351703286458333 0.7399401370370371 0.43516025 0.7301510833333333
4 0.43520056458333334 0.7537827824074075 0.42920378958333333 0.7537371722222223 0.42918766354166665 0.7633979472222222 0.4352146744791667 0.7633979472222222 0.43520056458333334 0.7537827824074075
4 0.43516025 0.7771009120370371 0.429163475 0.7770553018518519 0.42920782083333336 0.7869441277777778 0.4351743598958333 0.7869726342592592 0.43516025 0.7771009120370371
4 0.4351985484375 0.8008067277777777 0.42919975833333335 0.8007611175925926 0.42924007239583334 0.8105957814814815 0.43520661145833334 0.8105957814814815 0.4351985484375 0.8008067277777777
4 0.3936242692708333 0.8007639685185186 0.3878008463541667 0.8006984037037037 0.38780487812500003 0.8106898518518518 0.3936706307291667 0.8106898518518518 0.3936242692708333 0.8007639685185186
4 0.42274743020833333 0.4470324972222222 0.41506954218750003 0.4471294185185185 0.41506954218750003 0.45702109444444444 0.4226869583333333 0.45695267962962965 0.42274743020833333 0.4470324972222222
4 0.4227171942708334 0.4706356898148148 0.4150413223958333 0.4707326111111111 0.415037290625 0.48033067314814815 0.42265672239583335 0.4803591787037037 0.4227171942708334 0.4706356898148148
4 0.4227171942708334 0.49428164166666666 0.4150413223958333 0.49437856296296295 0.4150413223958333 0.5042702398148148 0.42265672239583335 0.5042018240740741 0.4227171942708334 0.49428164166666666
4 0.4227171942708334 0.5179646518518519 0.4150413223958333 0.5180644240740742 0.4150413223958333 0.5279561 0.42265672239583335 0.5278848342592593 0.4227171942708334 0.5179646518518519
4 0.405811328125 0.446989737962963 0.39730296302083334 0.4470895092592593 0.3973049786458333 0.45750855185185185 0.4057911713541667 0.4575370583333333 0.405811328125 0.446989737962963
4 0.4057851239583333 0.47055302129629634 0.39733118333333334 0.4706100342592593 0.3973392463541667 0.4809863166666667 0.4058254385416667 0.48084378518518517 0.4057851239583333 0.47055302129629634
4 0.4057589197916667 0.4944270240740741 0.3973392463541667 0.49441277037037035 0.3973130416666667 0.5048603194444444 0.40580528125 0.5047890537037037 0.4057589197916667 0.4944270240740741
4 0.40575287239583335 0.5179675027777778 0.3973352145833333 0.5179532499999999 0.3972989317708333 0.5284492592592592 0.4057851239583333 0.5285062712962963 0.40575287239583335 0.5179675027777778
4 0.40570046354166667 0.5416391101851852 0.39728079010416667 0.5416220064814815 0.3972787744791667 0.5517958953703703 0.405744809375 0.5519669324074074 0.40570046354166667 0.5416391101851852
4 0.40570046354166667 0.5651368305555555 0.39728079010416667 0.5651225768518519 0.39725458593749996 0.5755701249999999 0.405746825 0.5754988601851851 0.40570046354166667 0.5651368305555555
4 0.40572465208333336 0.5886744583333333 0.3973049786458333 0.5886573546296296 0.3972787744791667 0.5991077537037037 0.4057649666666666 0.5991448120370371 0.40572465208333336 0.5886744583333333
4 0.40572465208333336 0.6123460657407408 0.3973049786458333 0.612328962037037 0.3972989317708333 0.6225484611111112 0.405744809375 0.6225769666666666 0.40572465208333336 0.6123460657407408
4 0.40572465208333336 0.6356898518518518 0.397419875 0.6356898518518518 0.3972989317708333 0.6462371722222222 0.40572263645833334 0.6461716074074074 0.40572465208333336 0.6356898518518518
4 0.422711146875 0.5415992018518518 0.41503527500000004 0.5416961231481482 0.41505744791666666 0.5513397944444444 0.42265672239583335 0.5513112888888889 0.422711146875 0.5415992018518518
4 0.422711146875 0.5650370583333333 0.41503527500000004 0.5651368305555555 0.41503527500000004 0.5750285064814815 0.4226506755208333 0.5749572407407407 0.422711146875 0.5650370583333333
4 0.4227413828125 0.5886003416666666 0.4150655109375 0.588697262962963 0.4150655109375 0.5985889398148148 0.42268091093750004 0.5985205240740741 0.4227413828125 0.5886003416666666
4 0.4226849427083333 0.6122833527777778 0.4150070552083333 0.612380274074074 0.415037290625 0.6220068416666666 0.4226365651041667 0.6219783351851851 0.4226849427083333 0.6122833527777778
4 0.42266276979166667 0.6356584944444444 0.4149868979166667 0.6357554157407408 0.4149868979166667 0.6456470925925926 0.4226022979166667 0.6455786768518519 0.42266276979166667 0.6356584944444444
4 0.42275146145833337 0.6593329537037037 0.4150755895833333 0.6594298749999999 0.4150755895833333 0.6693215509259259 0.42269098958333334 0.6692531361111111 0.42275146145833337 0.6593329537037037
4 0.4226647854166667 0.6829760546296296 0.4149868979166667 0.6830758268518519 0.41499697656249995 0.6927594074074074 0.4225962505208333 0.6927309009259259 0.4226647854166667 0.6829760546296296
4 0.4226930052083333 0.7063340935185185 0.41501713385416666 0.7064310148148149 0.41501713385416666 0.7163226907407407 0.42263253385416666 0.7162542759259259 0.4226930052083333 0.7063340935185185
4 0.4226930052083333 0.7299771953703703 0.41501713385416666 0.7300769666666667 0.41501713385416666 0.7399686435185185 0.42263253385416666 0.7398973777777778 0.4226930052083333 0.7299771953703703
4 0.42272122552083335 0.7536630555555556 0.41504535364583334 0.7537599768518519 0.415037290625 0.7633694416666666 0.42265672239583335 0.7633124287037037 0.42272122552083335 0.7536630555555556
4 0.42274944583333335 0.7770695555555556 0.4150735739583334 0.7771664768518518 0.4150735739583334 0.7870581527777777 0.4226889739583333 0.786989737962963 0.42274944583333335 0.7770695555555556
4 0.42272122552083335 0.8007126564814815 0.41504535364583334 0.8008124287037037 0.41504535364583334 0.8107041046296296 0.42266075364583333 0.8106328388888889 0.42272122552083335 0.8007126564814815
4 0.405736746875 0.6593529074074074 0.3973392463541667 0.6593500574074075 0.3973110260416667 0.6699002277777778 0.40573473072916666 0.6698346638888889 0.405736746875 0.6593529074074074
4 0.4057689984375 0.6830387685185185 0.39737149791666665 0.6830359175925926 0.3972989317708333 0.6932440138888889 0.40572465208333336 0.6932725203703703 0.4057689984375 0.6830387685185185
4 0.405744809375 0.7063683009259258 0.3973473088541667 0.70636545 0.3973190890625 0.7169156212962963 0.40574279375 0.7168529074074074 0.405744809375 0.7063683009259258
4 0.40569643229166663 0.7300741166666667 0.3972989317708333 0.7300712657407407 0.3972707114583333 0.7406214370370371 0.40569441666666667 0.7405587231481481 0.40569643229166663 0.7300741166666667
4 0.405744809375 0.7537115166666666 0.3973473088541667 0.7537086657407407 0.3973190890625 0.7639395666666666 0.4057649666666666 0.7640535916666666 0.405744809375 0.7537115166666666
4 0.4057689984375 0.7771094638888889 0.39737149791666665 0.7771066138888888 0.39734327760416666 0.7876567842592592 0.40576698229166663 0.7875940703703703 0.4057689984375 0.7771094638888889
4 0.405744809375 0.8007155074074074 0.3973473088541667 0.8007126564814815 0.3973190890625 0.8112628277777778 0.40574279375 0.8111972629629629 0.405744809375 0.8007155074074074
4 0.35491030052083333 0.5180045611111112 0.3491292078125 0.518010262037037 0.3491292078125 0.5279019388888889 0.35491030052083333 0.527896237037037 0.35491030052083333 0.5180045611111112
4 0.35495867760416666 0.5416077537037037 0.34917758541666666 0.5416134546296296 0.3491836322916667 0.5513683009259259 0.35496875625 0.5514253138888889 0.35495867760416666 0.5416077537037037
4 0.35495867760416666 0.5650741166666666 0.34917758541666666 0.5650798175925926 0.34917758541666666 0.5749714935185185 0.35495867760416666 0.5749657925925926 0.35495867760416666 0.5650741166666666
4 0.35491030052083333 0.5887115166666667 0.3491292078125 0.5887172175925927 0.3491292078125 0.5986088935185185 0.35491030052083333 0.5986031925925925 0.35491030052083333 0.5887115166666667
4 0.35491030052083333 0.6123489166666667 0.3491292078125 0.6123546175925926 0.34912316041666663 0.6220068416666666 0.3549284416666667 0.6220353481481482 0.35491030052083333 0.6123489166666667
4 0.31018947812500003 0.5180330675925926 0.3042027817708333 0.5180558722222223 0.3042027817708333 0.5279475481481481 0.3101693208333333 0.52795325 0.31018947812500003 0.5180330675925926
4 0.31024793385416666 0.5416362601851852 0.30426123749999995 0.5416590648148149 0.30425317500000004 0.5513397944444444 0.31021971354166666 0.5513968074074074 0.31024793385416666 0.5416362601851852
4 0.31018947812500003 0.565116875925926 0.3042027817708333 0.5651368305555555 0.3042027817708333 0.5750285064814815 0.3101693208333333 0.5750370583333334 0.31018947812500003 0.565116875925926
4 0.31021971354166666 0.5886374 0.30423301770833333 0.5886602055555555 0.30423301770833333 0.5985518814814814 0.3101995567708334 0.5985575824074074 0.31021971354166666 0.5886374
4 0.31021971354166666 0.6123631694444445 0.30423301770833333 0.612385975 0.30423301770833333 0.6220638537037038 0.3101995567708334 0.6220923601851851 0.31021971354166666 0.6123631694444445
4 0.32694416458333336 0.5179618018518518 0.3191251765625 0.5179817555555556 0.3191251765625 0.5278734324074074 0.32690385 0.5278819842592593 0.32694416458333336 0.5179618018518518
4 0.32691997604166667 0.5416676166666667 0.3191009875 0.5416875712962963 0.3191090505208333 0.5513397944444444 0.32690989739583337 0.5513112888888889 0.32691997604166667 0.5416676166666667
4 0.32689578697916666 0.5649971490740741 0.31907478333333333 0.5650171037037037 0.31907478333333333 0.5749087796296296 0.32685547291666667 0.5749173314814815 0.32689578697916666 0.5649971490740741
4 0.32694416458333336 0.5886003416666666 0.31912316041666666 0.5886202962962963 0.31912316041666666 0.5985119722222222 0.32690385 0.5985205240740741 0.32694416458333336 0.5886003416666666
4 0.32689578697916666 0.6123745722222222 0.31907478333333333 0.6123945268518518 0.3190687359375 0.6220353481481482 0.32693005416666665 0.6220923601851851 0.32689578697916666 0.6123745722222222
4 0.32691997604166667 0.6357383120370371 0.3191009875 0.6357582666666667 0.3191009875 0.6456499425925926 0.32687966145833336 0.6456584944444445 0.32691997604166667 0.6357383120370371
4 0.32689578697916666 0.6593757129629629 0.31907478333333333 0.6593956666666667 0.31907478333333333 0.6692873435185185 0.32685547291666667 0.6692958953703704 0.32689578697916666 0.6593757129629629
4 0.32691997604166667 0.6830473203703704 0.3191009875 0.6830672750000001 0.3191090505208333 0.6927594074074074 0.32695021145833336 0.6927309009259259 0.32691997604166667 0.6830473203703704
4 0.3448921588541667 0.5181100342592593 0.33663575885416663 0.5180501712962963 0.3366075390625 0.5285433296296296 0.3448115296875 0.5285148231481481 0.3448921588541667 0.5181100342592593
4 0.3449203791666667 0.5416733185185185 0.3366659947916667 0.5416134546296296 0.3366458375 0.5518529074074073 0.3447893567708334 0.5518814138888889 0.3449203791666667 0.5416733185185185
4 0.3448921588541667 0.565114025 0.33663575885416663 0.5650541620370371 0.3366075390625 0.5755473203703704 0.3448115296875 0.5755188138888889 0.3448921588541667 0.565114025
4 0.3448921588541667 0.5887571268518519 0.33663575885416663 0.588697262962963 0.3366075390625 0.5991904222222223 0.3448115296875 0.5991619157407407 0.3448921588541667 0.5887571268518519
4 0.3449203791666667 0.612442987037037 0.3366659947916667 0.6123831240740741 0.3366458375 0.6226624861111112 0.34484982864583336 0.6226054731481482 0.3449203791666667 0.612442987037037
4 0.3449506145833333 0.6357981759259259 0.3366942151041667 0.6357383120370371 0.3366659947916667 0.6462314712962963 0.34486998593749996 0.6462029648148148 0.3449506145833333 0.6357981759259259
4 0.3448921588541667 0.6594840361111111 0.33663575885416663 0.659424173148148 0.3366075390625 0.6699173314814815 0.3448115296875 0.6698888259259259 0.3448921588541667 0.6594840361111111
4 0.3448921588541667 0.6830473203703704 0.33663575885416663 0.6829874574074074 0.3366055229166667 0.6933295324074074 0.34486998593749996 0.6932440138888889 0.3448921588541667 0.6830473203703704
4 0.3448921588541667 0.7064851768518519 0.33663575885416663 0.7064253138888889 0.3366075390625 0.7169184722222222 0.3448115296875 0.7168899657407408 0.3448921588541667 0.7064851768518519
4 0.34482967135416664 0.7301596351851852 0.3366942151041667 0.7301111740740741 0.3366659947916667 0.7406043333333333 0.34486998593749996 0.7405758268518519 0.34482967135416664 0.7301596351851852
4 0.34489014322916667 0.7538198407407408 0.3366659947916667 0.7537628277777778 0.3366458375 0.7639110601851852 0.34486998593749996 0.7639395666666666 0.34489014322916667 0.7538198407407408
4 0.34489014322916667 0.7771493731481481 0.33663374322916667 0.7770895092592592 0.3366055229166667 0.7875826685185185 0.3448095140625 0.787554162037037 0.34489014322916667 0.7771493731481481
4 0.3549425520833333 0.6357668185185185 0.349161459375 0.6357725203703704 0.34912316041666663 0.6455815277777778 0.3549889135416667 0.6456385407407408 0.3549425520833333 0.6357668185185185
4 0.3549445677083333 0.6593899657407407 0.349161459375 0.6593985175925926 0.3491251765625 0.669204675 0.3549909291666667 0.669261687962963 0.3549445677083333 0.6593899657407407
4 0.35492441041666667 0.6829646518518518 0.3491413020833333 0.6829732037037036 0.34910300364583335 0.692673887962963 0.3549889135416667 0.692673887962963 0.35492441041666667 0.6829646518518518
4 0.354962709375 0.7064395666666667 0.3491816166666667 0.7064452675925925 0.34914331770833335 0.7162542759259259 0.3550090708333334 0.7163112888888888 0.354962709375 0.7064395666666667
4 0.3549425520833333 0.7300399083333333 0.349161459375 0.7300484611111112 0.34910300364583335 0.7399372861111111 0.3549889135416667 0.7399144814814814 0.3549425520833333 0.7300399083333333
4 0.3549425520833333 0.7537856324074074 0.349161459375 0.7537941842592593 0.34912316041666663 0.7633409351851852 0.3549889135416667 0.7634264537037038 0.3549425520833333 0.7537856324074074
4 0.3549425520833333 0.777103762962963 0.349161459375 0.7771123148148148 0.34912316041666663 0.7869726342592592 0.3549889135416667 0.7869783351851852 0.3549425520833333 0.777103762962963
4 0.35493448906249997 0.8007582666666667 0.34915339635416665 0.8007668185185185 0.34912316041666663 0.8106328388888889 0.35498085052083334 0.8106328388888889 0.35493448906249997 0.8007582666666667
4 0.35495867760416666 0.8243956666666666 0.34917758541666666 0.8244042185185185 0.34914331770833335 0.8340649944444445 0.3550090708333334 0.8340649944444445 0.35495867760416666 0.8243956666666666
4 0.35495867760416666 0.847896237037037 0.34917758541666666 0.8479047888888889 0.34913928645833336 0.8577137972222223 0.3550050390625 0.8577708092592593 0.35495867760416666 0.847896237037037
4 0.3102257609375 0.635735462037037 0.30423906458333333 0.6357554157407408 0.3042128604166667 0.6455815277777778 0.3101995567708334 0.6456100342592592 0.3102257609375 0.635735462037037
4 0.31018343072916665 0.6593671611111112 0.30419875 0.6593871148148148 0.30417254583333336 0.6692132268518518 0.3101592421875 0.6692417333333334 0.31018343072916665 0.6593671611111112
4 0.31018343072916665 0.6830558722222222 0.30419875 0.6830758268518519 0.30419270312499996 0.6927309009259259 0.31021971354166666 0.6927309009259259 0.31018343072916665 0.6830558722222222
4 0.3101632734375 0.7064025083333334 0.30417657708333334 0.706422462962963 0.30415037291666663 0.7162485749999999 0.31013706927083334 0.7162770805555556 0.3101632734375 0.7064025083333334
4 0.31018343072916665 0.7300342074074074 0.30419875 0.730054162037037 0.30417254583333336 0.7398802740740741 0.3101592421875 0.7399087796296296 0.31018343072916665 0.7300342074074074
4 0.3102035880208333 0.7536944129629629 0.3042189072916667 0.7537143675925926 0.30419270312499996 0.7633979472222222 0.3101793994791667 0.7633694416666666 0.3102035880208333 0.7536944129629629
4 0.31018343072916665 0.7771550740740741 0.30419875 0.7771750287037037 0.30417254583333336 0.7870011398148148 0.3101592421875 0.7870296462962963 0.31018343072916665 0.7771550740740741
4 0.31018343072916665 0.8007297601851852 0.30419875 0.8007497148148148 0.30415238854166665 0.8106898518518518 0.3101592421875 0.810746863888889 0.31018343072916665 0.8007297601851852
4 0.31014311614583334 0.8244469787037038 0.30415843593749997 0.8244669324074074 0.30413223125 0.8340935009259259 0.3101793994791667 0.8341220064814815 0.31014311614583334 0.8244469787037038
4 0.31014311614583334 0.8478221212962963 0.30415843593749997 0.847842075 0.30413021562500003 0.8576681870370371 0.3101169119791667 0.8576966935185185 0.31014311614583334 0.8478221212962963
4 0.32692400729166665 0.7064623712962963 0.3191030036458333 0.7064823259259259 0.3191090505208333 0.7162485749999999 0.32695021145833336 0.7163055870370371 0.32692400729166665 0.7064623712962963
4 0.32698851041666666 0.7301282777777778 0.31916750677083333 0.7301510833333333 0.31917355364583333 0.7399173314814815 0.3270147145833333 0.7399743444444444 0.32698851041666666 0.7301282777777778
4 0.3269744005208333 0.7537457240740741 0.3191533963541667 0.7537656787037037 0.3191493651041667 0.7633694416666666 0.32695021145833336 0.7634549601851851 0.3269744005208333 0.7537457240740741
4 0.32698851041666666 0.7770923601851852 0.31916750677083333 0.7771123148148148 0.31908889322916667 0.7870011398148148 0.32701068333333333 0.7870296462962963 0.32698851041666666 0.7770923601851852
4 0.32691191302083333 0.8007867731481481 0.31909090885416663 0.8008067277777777 0.3190687359375 0.8106328388888889 0.32701068333333333 0.8107753703703703 0.32691191302083333 0.8007867731481481
4 0.32687966145833336 0.824432725 0.31905865729166666 0.8244526796296296 0.3190687359375 0.8340935009259259 0.32690989739583337 0.8340935009259259 0.32687966145833336 0.824432725
4 0.32689981875 0.8478363740740741 0.3190788145833333 0.8478563287037038 0.31908284635416667 0.8576225768518518 0.32692400729166665 0.8576795898148148 0.32689981875 0.8478363740740741
4 0.34489014322916667 0.800741162962963 0.336639790625 0.8007297601851852 0.3366115703125 0.8112229194444445 0.34481556145833336 0.811194412962963 0.34489014322916667 0.800741162962963
4 0.34489619010416667 0.8244213231481482 0.336639790625 0.8243614592592593 0.33662568020833333 0.8346351194444445 0.34486998593749996 0.834663625925926 0.34489619010416667 0.8244213231481482
4 0.34489014322916667 0.8476909916666666 0.3366760734375 0.8477822120370371 0.336647853125 0.8582753703703704 0.3448518442708333 0.8582468638888889 0.34489014322916667 0.8476909916666666
4 0.2699113083333333 0.5180359175925926 0.26325942343750003 0.5179789055555556 0.26329973802083334 0.5278705814814815 0.2699113083333333 0.527842075 0.2699113083333333 0.5180359175925926
4 0.28381374739583337 0.5180444694444445 0.27734327760416666 0.5179760546296296 0.2773835921875 0.5278677305555555 0.28387421875 0.5279076398148148 0.28381374739583337 0.5180444694444445
4 0.26992541822916666 0.5416932722222222 0.2632735333333333 0.5416362601851852 0.2633138479166667 0.5512827824074074 0.26994557552083337 0.5513397944444444 0.26992541822916666 0.5416932722222222
4 0.2699052609375 0.5650114027777777 0.2632533765625 0.5649543898148148 0.263293690625 0.5749144814814815 0.2699052609375 0.5749429870370371 0.2699052609375 0.5650114027777777
4 0.269875025 0.5887257694444444 0.263223140625 0.5886687574074074 0.26326345520833333 0.5985604333333334 0.269875025 0.5985319268518519 0.269875025 0.5887257694444444
4 0.269875025 0.6123717222222221 0.263223140625 0.6123147092592592 0.2632735333333333 0.6219498287037037 0.26988510364583335 0.6220638537037038 0.269875025 0.6123717222222221
4 0.28380366875 0.5417274796296296 0.2773331989583333 0.5416590648148149 0.2773835921875 0.5513112888888889 0.28387421875 0.5513112888888889 0.28380366875 0.5417274796296296
4 0.28380366875 0.565057012962963 0.2773331989583333 0.5649885972222222 0.27737351354166667 0.574880274074074 0.28386414010416666 0.5749201824074075 0.28380366875 0.565057012962963
4 0.2837794796875 0.5887628277777778 0.27730901041666667 0.588694412962963 0.27734932447916666 0.5985860888888889 0.2838399515625 0.5986259981481481 0.2837794796875 0.5887628277777778
4 0.28380568437500003 0.6123318129629629 0.2773331989583333 0.6122633981481481 0.2773835921875 0.6220068416666666 0.28387421875 0.6220638537037038 0.28380568437500003 0.6123318129629629
4 0.28380568437500003 0.6357981759259259 0.2773331989583333 0.6357297601851851 0.27737351354166667 0.6456214370370371 0.28386615625 0.6456613453703703 0.28380568437500003 0.6357981759259259
4 0.28380568437500003 0.6594355759259259 0.2773331989583333 0.6593671611111112 0.27737351354166667 0.669258837037037 0.28386615625 0.6692987453703704 0.28380568437500003 0.6594355759259259
4 0.28380366875 0.6830729759259259 0.2773331989583333 0.6830045611111112 0.27734327760416666 0.6926453824074074 0.28383390468749997 0.6927023944444445 0.28380366875 0.6830729759259259
4 0.28381374739583337 0.7064709231481482 0.27734327760416666 0.7064139111111111 0.27737351354166667 0.7163626 0.28379359010416666 0.7163911064814815 0.28381374739583337 0.7064709231481482
4 0.26992541822916666 0.6358038768518518 0.2632735333333333 0.6357468638888889 0.26333400520833333 0.6456385407407408 0.26994557552083337 0.6456670462962963 0.26992541822916666 0.6358038768518518
4 0.2698992140625 0.6593928166666666 0.26324732916666665 0.6593358037037037 0.2633078010416667 0.6692274796296296 0.26991937135416666 0.6692559861111111 0.2698992140625 0.6593928166666666
4 0.2698992140625 0.6830302166666666 0.26324732916666665 0.6829732037037036 0.263293690625 0.6927023944444445 0.26994557552083337 0.6927309009259259 0.2698992140625 0.6830302166666666
4 0.26987099374999995 0.7065079814814815 0.26321910885416666 0.7064509694444444 0.2632795807291667 0.7163426453703703 0.26989115104166667 0.7163711518518519 0.26987099374999995 0.7065079814814815
4 0.2699113083333333 0.7301111740740741 0.26325942343750003 0.730054162037037 0.2633198953125 0.739942987037037 0.269931465625 0.7399714935185185 0.2699113083333333 0.7301111740740741
4 0.2699113083333333 0.7537998861111112 0.26325942343750003 0.7537428731481481 0.263293690625 0.7633979472222222 0.26992541822916666 0.7633694416666666 0.2699113083333333 0.7537998861111112
4 0.2699012296875 0.7771322694444445 0.2632493447916667 0.7770752564814815 0.26330981666666664 0.7869669324074074 0.2699213869791667 0.7869954388888889 0.2699012296875 0.7771322694444445
4 0.2699213869791667 0.8007924740740741 0.26326950208333333 0.800735462037037 0.26332997395833335 0.8106271379629629 0.26994154427083333 0.8106556444444445 0.2699213869791667 0.8007924740740741
4 0.2691997583333333 0.8243158490740741 0.2632332192708333 0.824429875 0.2632533765625 0.8340649944444445 0.26921588385416667 0.8341163055555555 0.2691997583333333 0.8243158490740741
4 0.26921588385416667 0.8478278222222222 0.26321306197916666 0.8478050166666666 0.2632332192708333 0.857554162037037 0.2692360411458333 0.8576909916666667 0.26921588385416667 0.8478278222222222
4 0.28384599895833335 0.7301339796296297 0.2773755291666667 0.7300769666666667 0.27740576510416665 0.7400256555555556 0.28382584166666663 0.7400541620370371 0.28384599895833335 0.7301339796296297
4 0.28384599895833335 0.7537770805555556 0.2773755291666667 0.7537200685185186 0.27740374947916663 0.7633694416666666 0.28381374739583337 0.7633409351851852 0.28384599895833335 0.7537770805555556
4 0.2837956057291667 0.7771408212962964 0.27732513593749997 0.7770838083333332 0.27735537187500003 0.7870324972222222 0.2837754484375 0.7870610037037037 0.2837956057291667 0.7771408212962964
4 0.2838157630208333 0.8007725203703704 0.2773452932291667 0.8007155074074074 0.2773755291666667 0.8106641962962963 0.2837956057291667 0.8106927027777778 0.2838157630208333 0.8007725203703704
4 0.23865551302083335 0.5416818703703704 0.23284821614583334 0.5416847203703704 0.23285627916666665 0.5513397944444444 0.2386817171875 0.5513397944444444 0.23865551302083335 0.5416818703703704
4 0.23860713541666667 0.5650114027777777 0.23279983854166666 0.5650142527777777 0.23279983854166666 0.5749059296296296 0.23860713541666667 0.5749315851851852 0.23860713541666667 0.5650114027777777
4 0.23863132447916666 0.5886830101851852 0.23282402760416668 0.5886858611111111 0.23282402760416668 0.5985775370370371 0.23863132447916666 0.5986031925925925 0.23863132447916666 0.5886830101851852
4 0.23862124583333333 0.6123147092592592 0.232836121875 0.6122862027777778 0.2328159645833333 0.6220068416666666 0.23866156041666667 0.6220353481481482 0.23862124583333333 0.6123147092592592
4 0.23866760729166667 0.635741162962963 0.23286031041666666 0.6357440138888889 0.23286031041666666 0.6456356898148149 0.23866760729166667 0.6456613453703703 0.23866760729166667 0.635741162962963
4 0.2237089296875 0.5416847203703704 0.21608748229166666 0.5415992018518518 0.21614593854166667 0.5512542759259259 0.22372505520833333 0.5513112888888889 0.2237089296875 0.5416847203703704
4 0.22375730677083333 0.565114025 0.2161358598958333 0.5650313564814815 0.2161358598958333 0.5749230333333334 0.22377746406250001 0.5749230333333334 0.22375730677083333 0.565114025
4 0.2237089296875 0.588751425 0.21608748229166666 0.5886687574074074 0.21608748229166666 0.5985604333333334 0.22372908697916666 0.5985575824074074 0.2237089296875 0.588751425
4 0.2236847411458333 0.612388825925926 0.21606329375 0.6123061574074075 0.216065309375 0.6220638537037038 0.2237048984375 0.6220638537037038 0.2236847411458333 0.612388825925926
4 0.22375730677083333 0.6357554157407408 0.2161358598958333 0.6356698972222222 0.2161358598958333 0.6455615731481481 0.22377746406250001 0.6455615731481481 0.22375730677083333 0.6357554157407408
4 0.22373311822916667 0.659424173148148 0.21611167083333335 0.6593415055555556 0.21611167083333335 0.6692331814814815 0.22375327552083332 0.6692303305555556 0.22373311822916667 0.659424173148148
4 0.2237089296875 0.6830615731481482 0.21608748229166666 0.6829789055555555 0.21608546666666667 0.6927594074074074 0.2237048984375 0.6927309009259259 0.2237089296875 0.6830615731481482
4 0.22373311822916667 0.7064595212962963 0.21611167083333335 0.7063768527777778 0.21611167083333335 0.7162685287037037 0.22375327552083332 0.7162656787037036 0.22373311822916667 0.7064595212962963
4 0.2237089296875 0.7301653361111111 0.21608748229166666 0.7300826685185186 0.21608748229166666 0.7399743444444444 0.22372908697916666 0.7399743444444444 0.2237089296875 0.7301653361111111
4 0.22373311822916667 0.7537343212962963 0.21611167083333335 0.7536516537037038 0.21611167083333335 0.7635433296296297 0.22375327552083332 0.7635404787037038 0.22373311822916667 0.7537343212962963
4 0.22373513385416668 0.7771978333333333 0.2161136869791667 0.7771151657407407 0.2161136869791667 0.7870068416666667 0.22375529114583334 0.7870039907407407 0.22373513385416668 0.7771978333333333
4 0.20637573072916665 0.5417046750000001 0.19812940937499998 0.541650512962963 0.19810522083333335 0.5518814138888889 0.20636968333333333 0.5519384268518518 0.20637573072916665 0.5417046750000001
4 0.2064059666666667 0.565059862962963 0.1981596453125 0.5650057009259258 0.19814150364583333 0.5755216648148148 0.2064059666666667 0.5755501712962964 0.2064059666666667 0.565059862962963
4 0.2064059666666667 0.5886659064814815 0.1981596453125 0.5886088935185185 0.19814150364583333 0.5991277083333333 0.2064059666666667 0.5991562148148148 0.2064059666666667 0.5886659064814815
4 0.2064059666666667 0.6123916759259259 0.1981596453125 0.6123346638888888 0.19814553541666668 0.6225769666666666 0.20640999791666664 0.6225769666666666 0.2064059666666667 0.6123916759259259
4 0.20641201354166666 0.635795325 0.19816569218750002 0.635741162962963 0.19814755104166668 0.6462571268518519 0.20641201354166666 0.6462856324074073 0.20641201354166666 0.635795325
4 0.20639185624999998 0.6593557583333333 0.19814553541666668 0.6593015962962963 0.19812739375000002 0.6698175601851852 0.20639185624999998 0.6698460657407408 0.20639185624999998 0.6593557583333333
4 0.20637169947916664 0.6830729759259259 0.198125378125 0.6830188138888889 0.19816569218750002 0.6932155074074073 0.206389840625 0.6932440138888889 0.20637169947916664 0.6830729759259259
4 0.20643015520833333 0.7063568981481482 0.19818584947916668 0.7064196120370371 0.19816770833333336 0.7169384268518518 0.20643217083333332 0.7169669324074074 0.20643015520833333 0.7063568981481482
4 0.20639991927083334 0.7300940703703703 0.19815359791666667 0.7300399083333333 0.19813545677083333 0.7405558722222222 0.20639991927083334 0.7405843787037037 0.20639991927083334 0.7300940703703703
4 0.2064200765625 0.7537827824074075 0.19817375520833333 0.7537286203703704 0.19818584947916668 0.7639680731481481 0.206389840625 0.7639110601851852 0.2064200765625 0.7537827824074075
4 0.2064200765625 0.7771294185185185 0.19817375520833333 0.7770752564814815 0.19815561354166666 0.7875912203703704 0.2064200765625 0.787619725925926 0.2064200765625 0.7771294185185185
4 0.20639991927083334 0.8008466361111111 0.19815359791666667 0.8007924740740741 0.19813545677083333 0.811308437962963 0.20639991927083334 0.8113369444444445 0.20639991927083334 0.8008466361111111
4 0.206389840625 0.824372862037037 0.19815359791666667 0.8244241731481482 0.19814553541666668 0.8346351194444445 0.20636968333333333 0.834663625925926 0.206389840625 0.824372862037037
4 0.20637976197916666 0.8477964648148149 0.198133440625 0.8477423037037037 0.19811529947916667 0.8582582666666667 0.20637976197916666 0.8582867731481482 0.20637976197916666 0.8477964648148149
4 0.19386817187500002 0.5416847203703704 0.18782100364583335 0.5416277083333334 0.18784519270833336 0.5513112888888889 0.193872203125 0.5513112888888889 0.19386817187500002 0.5416847203703704
4 0.1938984078125 0.5650000000000001 0.18785123958333333 0.564942987037037 0.18785123958333333 0.5748346638888888 0.1938379359375 0.5748346638888888 0.1938984078125 0.5650000000000001
4 0.19392662760416668 0.5887257694444444 0.18787945989583335 0.5886687574074074 0.18787945989583335 0.5985604333333334 0.19386615625 0.5985604333333334 0.19392662760416668 0.5887257694444444
4 0.1938984078125 0.6123717222222221 0.18785123958333333 0.6123147092592592 0.1879258213541667 0.6220353481481482 0.19389236041666666 0.6220353481481482 0.1938984078125 0.6123717222222221
4 0.19392662760416668 0.6357696694444445 0.18787945989583335 0.6357126564814815 0.18787945989583335 0.6456043333333333 0.19386615625 0.6456043333333333 0.19392662760416668 0.6357696694444445
4 0.1938984078125 0.659372862037037 0.18785123958333333 0.659315849074074 0.18785123958333333 0.6692075259259259 0.193872203125 0.6692132268518518 0.1938984078125 0.659372862037037
4 0.19392662760416668 0.6830159638888889 0.18787945989583335 0.682958950925926 0.18788550677083335 0.6927023944444445 0.19389236041666666 0.6927023944444445 0.19392662760416668 0.6830159638888889
4 0.19390647031250002 0.7064538194444445 0.18785930260416667 0.7063968074074074 0.18785930260416667 0.7162884833333333 0.19384599895833335 0.7162884833333333 0.19390647031250002 0.7064538194444445
4 0.19390647031250002 0.7300855185185184 0.18785930260416667 0.7300285064814815 0.18785930260416667 0.7399201824074074 0.19384599895833335 0.7399201824074074 0.19390647031250002 0.7300855185185184
4 0.19390647031250002 0.7537457240740741 0.18785930260416667 0.753688711111111 0.1878653494791667 0.7633694416666666 0.193872203125 0.7633694416666666 0.19390647031250002 0.7537457240740741
4 0.19386615625 0.7771436712962962 0.18781898802083333 0.7770866592592592 0.18781898802083333 0.7869783351851852 0.193805684375 0.7869783351851852 0.19386615625 0.7771436712962962
4 0.19393065937499998 0.8008352333333334 0.18788349114583333 0.8007753703703704 0.18788349114583333 0.8106698972222223 0.19387018749999999 0.8106698972222223 0.19393065937499998 0.8008352333333334
4 0.19388429739583335 0.8244498287037036 0.18788550677083335 0.8244013685185185 0.1879056640625 0.8340935009259259 0.193872203125 0.8341220064814815 0.19388429739583335 0.8244498287037036
4 0.19391856458333334 0.8478363740740741 0.18787139687499999 0.8477793611111112 0.18787139687499999 0.857671037962963 0.19385809322916667 0.857671037962963 0.19391856458333334 0.8478363740740741
4 0.23862729270833333 0.6593557583333333 0.23281999583333332 0.6593586092592593 0.23281999583333332 0.6692502851851851 0.23862729270833333 0.6692759407407407 0.23862729270833333 0.6593557583333333
4 0.23865752864583334 0.6830815277777779 0.23285023177083333 0.6830843787037038 0.23285627916666665 0.6926168759259259 0.2386817171875 0.6927023944444445 0.23865752864583334 0.6830815277777779
4 0.23865752864583334 0.7063568981481482 0.23285023177083333 0.7063597490740741 0.23285023177083333 0.716251425 0.23865752864583334 0.7162770805555556 0.23865752864583334 0.7063568981481482
4 0.23868574895833333 0.7301254277777778 0.23287845208333333 0.7301282777777778 0.23287845208333333 0.7400199546296297 0.23868574895833333 0.7400456101851852 0.23868574895833333 0.7301254277777778
4 0.23865752864583334 0.7537685287037037 0.23285023177083333 0.7537713796296296 0.23285627916666665 0.7633409351851852 0.23862124583333333 0.7634549601851851 0.23865752864583334 0.7537685287037037
4 0.23862729270833333 0.7771664768518518 0.23281999583333332 0.7771693268518519 0.23281999583333332 0.7870610037037037 0.23862729270833333 0.7870866592592592 0.23862729270833333 0.7771664768518518
4 0.23862729270833333 0.8008124287037037 0.23281999583333332 0.8008124287037037 0.23281999583333332 0.8107041046296296 0.23862729270833333 0.8107326111111112 0.23862729270833333 0.8008124287037037
4 0.23865752864583334 0.8244156212962963 0.23285023177083333 0.8244156212962963 0.2328159645833333 0.8341505129629629 0.23866156041666667 0.8340935009259259 0.23865752864583334 0.8244156212962963
4 0.23868574895833333 0.8477309009259258 0.23287845208333333 0.8477337518518518 0.23287845208333333 0.8576254277777777 0.23868574895833333 0.8576510833333333 0.23868574895833333 0.8477309009259258
4 0.2237230395833333 0.8008437851851852 0.2161015921875 0.8007582666666667 0.2161015921875 0.8106499425925926 0.223743196875 0.8106499425925926 0.2237230395833333 0.8008437851851852
4 0.2237230395833333 0.8245153935185185 0.2161015921875 0.824429875 0.21610562395833333 0.8341505129629629 0.22374521249999998 0.8341220064814815 0.2237230395833333 0.8245153935185185
4 0.2237230395833333 0.8478449259259259 0.2161015921875 0.8477594074074074 0.2161015921875 0.8576510833333333 0.223743196875 0.8576510833333333 0.2237230395833333 0.8478449259259259