1 0 0 0 1 1 1 1 0 0 0
3 0.1010135 0.3432288398148148 0.11680032239583334 0.3431718435185185 0.11672375572916667 0.3373325731481482 0.1010135 0.3373867194444444 0.1010135 0.3432288398148148
3 0.10510578281249999 0.3432288398148148 0.10097521666666666 0.34311769722222224 0.10112834999999999 0.48746366481481485 0.10510578281249999 0.4875178111111111 0.10510578281249999 0.3432288398148148
3 0.11105178333333333 0.4900256481481482 0.11107596197916667 0.48759190648148143 0.10102357447916667 0.48747791388888884 0.10099738072916667 0.49320319166666665 0.10900664895833333 0.49316044444444446 0.10906508177083334 0.4900199490740741 0.11105178333333333 0.4900256481481482
3 0.19271005416666667 0.4931091481481481 0.19277654635416666 0.4900113990740741 0.19483175520833335 0.4898546592592593 0.19483175520833335 0.4873268740740741 0.12667942760416667 0.4874209175925926 0.12667942760416667 0.4899800509259259 0.12871247239583333 0.49013964074074073 0.12882530729166666 0.4931718435185185 0.19271005416666667 0.4931091481481481
3 0.15883538177083334 0.4931946425925926 0.15902881302083335 0.6337190083333333 0.16261736875 0.6336648620370371 0.16257908541666666 0.4930863490740741 0.15883538177083334 0.4931946425925926
3 0.15905903697916665 0.6337617555555556 0.15896635104166668 0.6380222287037036 0.17096312708333333 0.6382844111111111 0.17096312708333333 0.6334995722222222 0.15905903697916665 0.6337617555555556
3 0.19329236354166665 0.6334083787037037 0.19322788645833333 0.638278712037037 0.21169050989583335 0.6382331148148148 0.21169050989583335 0.6334995722222222 0.19329236354166665 0.6334083787037037
3 0.23406608906249998 0.6335565685185185 0.2341809390625 0.6380307777777778 0.2536348984375 0.6383043601851851 0.2537114645833333 0.633445425925926 0.23406608906249998 0.6335565685185185
3 0.30614547656249996 0.6334995722222222 0.2936933307291667 0.6334995722222222 0.2937598229166667 0.6382274148148148 0.30620793854166667 0.6382274148148148 0.30614547656249996 0.6334995722222222
3 0.3287104572916667 0.6345939018518518 0.3287104572916667 0.6381419203703703 0.3358553296875 0.6382445138888889 0.33585129947916664 0.6345939018518518 0.3287104572916667 0.6345939018518518
3 0.34916985677083334 0.6344770592592592 0.3492625427083333 0.6382929611111111 0.3609590973958333 0.6382274148148148 0.3609590973958333 0.6344998574074074 0.34916985677083334 0.6344770592592592
3 0.35682853124999997 0.6344628101851851 0.36100141041666667 0.6345739527777778 0.36096312708333333 0.4492277 0.35702599218750003 0.4492818462962963 0.35682853124999997 0.6344628101851851
3 0.3484182953125 0.4498290111111111 0.35031029635416666 0.4498261611111111 0.3504271609375 0.4494984324074074 0.36096514218750003 0.4492818462962963 0.3610034255208333 0.445186662962963 0.3484968770833333 0.44502137314814816 0.3484182953125 0.4498290111111111
3 0.2842051177083333 0.4487033342592593 0.30304251458333337 0.44859219166666664 0.30308079791666664 0.4496836703703704 0.32917590156250004 0.44991450555555557 0.32913560364583333 0.44504417222222226 0.2842051177083333 0.4450983185185185 0.2842051177083333 0.4487033342592593
3 0.254652428125 0.4497321175925926 0.2583598630208333 0.44985750925925927 0.25844851927083334 0.4486263888888889 0.266334878125 0.4486263888888889 0.266423534375 0.44499287592592596 0.254652428125 0.44492732962962966 0.254652428125 0.4497321175925926
3 0.2207838 0.44990025648148146 0.23975418072916668 0.44984326018518517 0.23969977812499998 0.4450983185185185 0.22074753177083334 0.4450983185185185 0.2207838 0.44990025648148146
3 0.21650010052083332 0.48729552592592595 0.22067700989583333 0.48720148148148146 0.220564175 0.35675121111111113 0.21647793697916665 0.35675121111111113 0.21650010052083332 0.48729552592592595
3 0.17038484791666667 0.36245084074074074 0.21644368333333333 0.3625876314814815 0.216413459375 0.35662011944444444 0.170431190625 0.35660302037037034 0.17038484791666667 0.36245084074074074
3 0.14744912343750002 0.36251923611111114 0.15264960729166666 0.3624821888888889 0.1525952046875 0.35664291851851854 0.1474229296875 0.35664291851851854 0.14744912343750002 0.36251923611111114
3 0.14327624427083335 0.4142832712962963 0.14740882552083334 0.41415787962962963 0.1474309890625 0.3433257342592592 0.14327624427083335 0.343260187962963 0.14327624427083335 0.4142832712962963
3 0.13157968958333333 0.3432259907407408 0.14743904895833332 0.3433314333333333 0.14743904895833332 0.3374095185185185 0.13163610729166667 0.3374095185185185 0.13157968958333333 0.3432259907407408
3 0.10515615572916667 0.4450612712962963 0.1474229296875 0.4451068675925926 0.1474229296875 0.4392846962962963 0.10509167864583334 0.43937589074074074 0.10515615572916667 0.4450612712962963
3 0.1789381421875 0.3624650898148148 0.175603465625 0.36251068703703704 0.17564980833333335 0.3768823027777778 0.17799314947916667 0.3781960675925926 0.1788152328125 0.37821886574074076 0.1789381421875 0.3624650898148148
3 0.17901269374999998 0.4203448277777778 0.17895829114583334 0.3989398685185185 0.1778581505208333 0.39888572222222224 0.1756256296875 0.4001510398148148 0.17566189791666667 0.4202650324074074 0.17901269374999998 0.4203448277777778
3 0.17900866406250002 0.4203362777777778 0.21651420520833334 0.4202735824074074 0.21653636927083333 0.4146822453703704 0.1790106791666667 0.4146167 0.17900866406250002 0.4203362777777778
3 0.19389280677083331 0.4203448277777778 0.1938464640625 0.44502707314814816 0.19654442864583332 0.44511256759259255 0.19651420520833335 0.4202992305555555 0.19389280677083331 0.4203448277777778
3 0.2125589359375 0.4931946425925926 0.22069715885416666 0.4932858361111111 0.22063268177083334 0.4872356796296296 0.21046745937500003 0.48737247037037035 0.21046745937500003 0.49005699629629634 0.2125589359375 0.4900113990740741 0.2125589359375 0.4931946425925926
3 0.2271589765625 0.4961612990740741 0.26032843020833335 0.4961612990740741 0.26032843020833335 0.4913707611111111 0.227003828125 0.4913707611111111 0.22692524687500001 0.49151610185185185 0.22196252291666668 0.4914505555555556 0.22197461197916668 0.4959048157407407 0.22696353020833332 0.49588771759259254 0.2271589765625 0.4961612990740741
3 0.30046947395833334 0.5290396120370371 0.3037940760416667 0.5290396120370371 0.30377594218750004 0.45911085740740737 0.30368930104166664 0.4589142203703704 0.3036550473958333 0.4524622398148148 0.30057424947916667 0.45251068703703706 0.30053798125 0.4589142203703704 0.30043522083333335 0.4589370194444444 0.30046947395833334 0.5290396120370371
3 0.3290066489583333 0.5290567111111112 0.30047551875 0.5290054148148148 0.3004271609375 0.5322371046296296 0.3290066489583333 0.5322713027777778 0.3290066489583333 0.5290567111111112
3 0.3268184567708333 0.5133770305555555 0.3291174692708333 0.5132886861111111 0.32907515625 0.4782188657407407 0.32686076979166667 0.4782473638888889 0.3268184567708333 0.5133770305555555
3 0.3504332057291667 0.605195212037037 0.3308301432291667 0.6051695638888889 0.33088857552083334 0.6082929611111112 0.3568224864583333 0.6083214592592593 0.3568386057291667 0.6056141351851851 0.350572234375 0.6056882305555555 0.3504332057291667 0.605195212037037
3 0.3287527703125 0.6101567398148149 0.330916784375 0.6101738388888889 0.33082006875 0.6052151611111112 0.3287648598958333 0.6051980620370371 0.3287527703125 0.6101567398148149
3 0.32875881510416666 0.6345711027777777 0.3308583515625 0.6345825018518518 0.3309006651041667 0.6258535194444445 0.32879306875 0.6258791675925927 0.32875881510416666 0.6345711027777777
3 0.30393914947916667 0.6334853231481481 0.3061656255208333 0.6335138212962963 0.30612532760416666 0.6052009120370371 0.3040197463541666 0.6052294101851853 0.30393914947916667 0.6334853231481481
3 0.30530928854166667 0.5531547453703703 0.3018758817708333 0.5532288398148149 0.3018899859375 0.5959019666666666 0.3021075963541667 0.5962724425925926 0.30215192447916667 0.6023453972222222 0.305039290625 0.6023852953703703 0.30503727604166664 0.5964206324074074 0.30526899062499996 0.5961556 0.30530928854166667 0.5531547453703703
3 0.24210759635416668 0.6028555148148148 0.2454321984375 0.6028897120370371 0.24538384062500002 0.5548931324074075 0.2421015515625 0.5548731833333334 0.24210759635416668 0.6028555148148148
3 0.16254281666666665 0.557893987037037 0.1880394921875 0.5580051296296296 0.1880394921875 0.553254488888889 0.1626435625 0.5531490453703704 0.16254281666666665 0.557893987037037
3 0.187938746875 0.4954602453703704 0.18610920833333333 0.49521231111111114 0.1860830140625 0.5020917638888889 0.18598226875 0.5022684527777778 0.18598226875 0.5373354231481482 0.1880394921875 0.5374066685185185 0.18808986510416667 0.5023738953703704 0.187938746875 0.502125962037037 0.187938746875 0.4954602453703704
3 0.7610517833333332 0.37731832407407406 0.6642857140624999 0.37728697592592597 0.6640620593750001 0.37760330555555555 0.6544348177083333 0.37769735 0.6543663109375 0.3830692509259259 0.7610961114583333 0.3831632944444444 0.7610517833333332 0.37731832407407406
3 0.6655752567708333 0.3829296092592593 0.6654483177083333 0.39965517222222224 0.6696353010416666 0.3997862638888889 0.6694781380208333 0.38308065 0.6655752567708333 0.3829296092592593
3 0.6696131369791666 0.42081504722222224 0.6655289140625 0.42076945000000004 0.6654644369791666 0.437509262037037 0.6695486598958333 0.43742091759259255 0.6696131369791666 0.42081504722222224
3 0.7374853916666667 0.43731547407407406 0.7409026796875 0.43728412685185186 0.7409026796875 0.40821601574074073 0.7374853916666667 0.40821601574074073 0.7374853916666667 0.43731547407407406
3 0.7902417890625001 0.3936164148148148 0.7903586541666667 0.3781134222222222 0.7910537979166666 0.3782217157407407 0.7910135 0.37237959537037035 0.7869997984375 0.37237959537037035 0.7868446505208334 0.3924707898148148 0.7892766473958334 0.39383585092592593 0.7902417890625001 0.3936164148148148
3 0.7909752166666667 0.37233114814814816 0.7910417088541667 0.37807922499999996 0.8318456578125001 0.37823881481481486 0.83188595625 0.37245654074074075 0.7909752166666667 0.37233114814814816
3 0.8318899859375001 0.37814477037037036 0.8277574046874999 0.37820746666666666 0.8278279265625 0.43019378703703703 0.8318960307291667 0.43019378703703703 0.8318899859375001 0.37814477037037036
3 0.8279750151041667 0.4322399546296296 0.8318617770833333 0.4321744083333333 0.83188595625 0.43020803611111114 0.7902679833333334 0.43013394166666663 0.7902176104166667 0.43602165833333334 0.8279085229166667 0.4359988601851852 0.8279750151041667 0.4322399546296296
3 0.7868647994791667 0.41599886018518517 0.7868647994791667 0.4360957537037037 0.7902276848958334 0.4360644055555556 0.7902619385416667 0.41457395277777775 0.7890670963541666 0.41459675092592596 0.7868647994791667 0.41599886018518517
3 0.6654160791666667 0.4577543462962963 0.6695305260416667 0.4576774009259259 0.6696050776041667 0.4374038185185185 0.6654543625 0.43748931296296295 0.6654160791666667 0.4577543462962963
3 0.6696252265625 0.4430322027777778 0.7489482166666667 0.4430578509259259 0.7489723958333333 0.43728127685185186 0.6696151520833333 0.43738956944444446 0.6696252265625 0.4430322027777778
3 0.74901269375 0.4374180675925926 0.7489905296875 0.47650612685185184 0.7531412453125 0.47650612685185184 0.7531714687500001 0.43744656574074076 0.74901269375 0.4374180675925926
3 0.7675780776041666 0.47916215462962963 0.7697078380208333 0.47919350277777784 0.7695829135416666 0.4764747787037037 0.7489844854166667 0.47653462499999993 0.7489220229166667 0.48247363888888894 0.7675982270833334 0.4822941009259259 0.7675780776041666 0.47916215462962963
3 0.8397622406249999 0.43210601296296297 0.8280233729166666 0.43222570555555556 0.8279065083333333 0.43673411203703705 0.8396897036458333 0.43679110833333334 0.8397622406249999 0.43210601296296297
3 0.827753375 0.5829866055555556 0.8279004635416667 0.5833542324074074 0.8279206125 0.6203049305555555 0.8319524479166667 0.6202450842592593 0.8317408822916666 0.583268737962963 0.8319665526041666 0.5831718435185186 0.8320330442708334 0.4368224564814815 0.8277332260416668 0.4367740092592593 0.8279468062500001 0.49128241666666667 0.82777956875 0.4914591055555556 0.827753375 0.5829866055555556
3 0.7868849484375 0.4602165861111111 0.8278057625 0.4602878314814815 0.8277956880208334 0.4565659731481482 0.7868587546875 0.45667141666666666 0.7868849484375 0.4602165861111111
3 0.7874047953125001 0.482504987037037 0.8278964338541667 0.4823339981481481 0.8278662098958333 0.47663436851851854 0.7852407817708333 0.47667711574074073 0.7852407817708333 0.4791450555555556 0.787285915625 0.47923055 0.7874047953125001 0.482504987037037
3 0.802458190625 0.5266030203703704 0.8046342937500001 0.5266030203703704 0.8046846666666667 0.4913935592592593 0.8045133989583333 0.4910658305555555 0.8045335484374999 0.48436876574074067 0.8026596817708334 0.4843545166666667 0.8026395322916666 0.4911940722222222 0.8024279671875 0.4914078083333333 0.802458190625 0.5266030203703704
3 0.8277453151041667 0.5422627527777778 0.8025448317708332 0.5422599027777778 0.802510578125 0.5470618407407407 0.827753375 0.5470874888888888 0.8277453151041667 0.5422627527777778
3 0.8320008057291666 0.6202393842592592 0.8196755994791667 0.6204189231481482 0.819709853125 0.6250897694444444 0.832016925 0.6251638638888889 0.8320008057291666 0.6202393842592592
3 0.7788998588541667 0.6250954685185185 0.7974309890625 0.6251068675925926 0.7974088255208333 0.6205158166666667 0.7788797098958333 0.6205443148148149 0.7788998588541667 0.6250954685185185
3 0.7492847067708334 0.6251496148148148 0.7567600239583334 0.6251211166666667 0.7567559942708333 0.6204274722222223 0.7492564979166667 0.6204844685185186 0.7492847067708334 0.6251496148148148
3 0.74292565 0.6251239666666666 0.7492988114583333 0.6251553148148148 0.7491940359375 0.6204274722222223 0.7429055005208334 0.6204274722222223 0.74292565 0.6251239666666666
3 0.7369655447916668 0.6251752638888889 0.7428692322916667 0.6251752638888889 0.7428853515624999 0.6204987175925926 0.7369937536458333 0.620558563888889 0.7369655447916668 0.6251752638888889
3 0.6911223052083333 0.6251239666666666 0.6968668145833333 0.6251353657407408 0.6969635302083332 0.6204445712962964 0.6910457385416666 0.6205158166666667 0.6911223052083333 0.6251239666666666
3 0.6848377994791667 0.6251581648148149 0.6910880515625001 0.6249871759259259 0.6910880515625001 0.620604161111111 0.6848740682291666 0.6205785120370371 0.6848377994791667 0.6251581648148149
3 0.6797098531250001 0.6251011685185185 0.6848357848958333 0.6251011685185185 0.6847995166666667 0.6214933027777778 0.6797944791666667 0.6214078083333334 0.6797098531250001 0.6251011685185185
3 0.6848176505208333 0.6206098601851852 0.6869091276041667 0.620558563888889 0.6868809187499999 0.5953519518518519 0.6847914567708333 0.5953519518518519 0.6848176505208333 0.6206098601851852
3 0.6615313317708333 0.5953206037037037 0.6868809187499999 0.5953519518518519 0.6868386057291667 0.5922941009259259 0.661507153125 0.5922428046296295 0.6615313317708333 0.5953206037037037
3 0.6592786619791667 0.5972356796296296 0.6615252869791667 0.5972214305555555 0.6615051380208333 0.5922200055555555 0.6593290348958334 0.5921915074074074 0.6592786619791667 0.5972356796296296
3 0.6593270197916666 0.6251182675925926 0.6664598026041666 0.6251182675925926 0.6664960708333333 0.6214762037037037 0.6593511989583334 0.6213223138888889 0.6593270197916666 0.6251182675925926
3 0.6593955270833334 0.6212966657407407 0.6615696151041667 0.621353662037037 0.661444690625 0.6127871185185185 0.6593109005208333 0.6127871185185185 0.6593955270833334 0.6212966657407407
3 0.6308261130208332 0.6250812194444444 0.6418073744791666 0.6251239666666666 0.6419262541666666 0.6213793101851852 0.630828128125 0.6215588490740741 0.6308261130208332 0.6250812194444444
3 0.6308502921875 0.6215588490740741 0.6349405598958333 0.6214363064814815 0.6349566796875 0.5979994296296296 0.6307999192708333 0.5979994296296296 0.6308502921875 0.6215588490740741
3 0.6370985291666666 0.5922399546296296 0.6327644567708333 0.5921658592592592 0.6325387869791667 0.5924850388888888 0.6221458796875 0.592507837037037 0.6221619989583334 0.5979509833333333 0.6349163812499999 0.5979994296296296 0.6349405598958333 0.5952921055555556 0.6371549463541667 0.595397549074074 0.6370985291666666 0.5922399546296296
3 0.6262139833333333 0.5144542601851851 0.6221156557291666 0.5144542601851851 0.6221035661458333 0.5924935879629629 0.6260809994791666 0.5924935879629629 0.6260084625 0.5831917925925926 0.6262381625 0.5831233972222223 0.6262139833333333 0.5144542601851851
3 0.6260366713541666 0.48407808518518525 0.6221438645833334 0.48405528611111115 0.6221539390624999 0.4954773435185186 0.6262542817708333 0.4954117981481482 0.6262542817708333 0.49353092037037033 0.6260366713541666 0.4932373898148148 0.6260366713541666 0.48407808518518525
3 0.669595003125 0.4786691361111111 0.6220914770833333 0.47866628703703706 0.6221317749999999 0.48398404074074075 0.6324481161458333 0.4840723851851852 0.6325589359375 0.4844428611111112 0.6695285109375 0.48445711018518517 0.669595003125 0.4786691361111111
3 0.6654442875 0.4786833851851852 0.6695647791666667 0.4786691361111111 0.6695849286458333 0.4765602731481482 0.6654442875 0.4766172694444445 0.6654442875 0.4786833851851852
3 0.6557082411458333 0.5254260472222223 0.6556477937499999 0.48729552592592595 0.6536872859374999 0.4872470787037037 0.6536711666666667 0.4935052722222222 0.6536006447916667 0.4936050157407408 0.6535744510416667 0.5253633509259259 0.6557082411458333 0.5254260472222223
3 0.7053898848958333 0.48355656851851847 0.6716804354166667 0.48344257592592593 0.6715998390625 0.4865773722222222 0.7053495869791667 0.4866628666666667 0.7053898848958333 0.48355656851851847
3 0.6899254484374999 0.4866058703703704 0.6899455973958334 0.5223710462962963 0.6933407213541667 0.5224280425925927 0.693330646875 0.4866628666666667 0.6899254484374999 0.4866058703703704
3 0.6933266171875 0.5223767453703704 0.6668204713541667 0.5223710462962963 0.6667499494791667 0.5253462527777778 0.6933366916666667 0.5254032490740741 0.6933266171875 0.5223767453703704
3 0.6886117265625 0.5462923907407407 0.6853939151041666 0.5463522370370371 0.6854140640625 0.5831376462962964 0.685603465625 0.583257337962963 0.6855228692708334 0.5893559416666666 0.688555309375 0.5893416925925925 0.6885472494791667 0.5831091481481482 0.6886943380208332 0.5830208037037037 0.6886117265625 0.5462923907407407
3 0.7451198869791666 0.5900227981481481 0.7485673989583332 0.5899943 0.7485673989583332 0.5440182388888889 0.7451400364583333 0.5439013962962963 0.7451198869791666 0.5900227981481481