1 0 0 0 1 1 1 1 0 0 0
4 0.6371039901041667 0.5637799314814815 0.6720052395833334 0.563805587037037 0.6717976619791667 0.5532240592592592 0.6371463119791667 0.5535860888888889 0.6371039901041667 0.5637799314814815
3 0.7990245869791667 0.5575342074074073 0.7989661427083333 0.5637884833333333 0.8150745666666667 0.5638740018518519 0.8150745666666667 0.5574515388888889 0.7990245869791667 0.5575342074074073
3 0.8107940348958333 0.5301054731481482 0.8106751312499999 0.5574572407407408 0.8150745666666667 0.5574515388888889 0.8150100765625 0.5362998861111111 0.8165659010416667 0.5362998861111111 0.8166082223958333 0.530162486111111 0.8107940348958333 0.5301054731481482
4 0.74656993125 0.5638768527777778 0.7989661427083333 0.5637884833333333 0.7990528010416666 0.5532668185185184 0.7466243447916666 0.5533124287037037 0.74656993125 0.5638768527777778
4 0.8531197098958334 0.6185746861111111 0.8531600161458334 0.6460775370370371 0.8762374041666666 0.6459977194444445 0.8762474807291666 0.6428363740740741 0.8553708182291667 0.642893386111111 0.8554111244791667 0.6154503990740741 0.8128415963541666 0.615390536111111 0.8128012895833333 0.642893386111111 0.6262273276041667 0.642893386111111 0.6262132203125 0.646080387962963 0.8148871421875 0.645903649074074 0.8149697703125 0.61863455 0.8531197098958334 0.6185746861111111
3 0.8515054411458334 0.5302252000000001 0.8515618703125 0.5360575824074074 0.8762636036458333 0.5362970351851851 0.8762918177083333 0.5301453824074074 0.8515054411458334 0.5302252000000001
2 0.6261164854166666 0.4666220064814815 0.6260580411458334 0.4363626 0.6022813380208334 0.4365393388888889 0.6015860541666667 0.46612599814814815 0.6261164854166666 0.4666220064814815
3 0.6278436114583333 0.4671094638888889 0.6277952437500001 0.4702252 0.6623700119791667 0.4703363740740741 0.6623700119791667 0.467100912037037 0.6278436114583333 0.4671094638888889
3 0.8505663041666666 0.39150513148148147 0.874957678125 0.39136830092592595 0.8749254333333333 0.3883437851851852 0.8505864572916667 0.3882582666666667 0.8505663041666666 0.39150513148148147
3 0.8664570739583334 0.4395324972222222 0.8664752114583333 0.44269669351851854 0.8749133411458333 0.44265108333333336 0.8748810963541668 0.4395781074074074 0.8664570739583334 0.4395324972222222
2 0.80785771875 0.4428848342592593 0.8078093510416667 0.46752565555555553 0.8264671505208334 0.4674087796296296 0.8263684 0.44271949814814815 0.80785771875 0.4428848342592593
2 0.8664409510416667 0.4387628277777778 0.8506166869791667 0.43881128888888893 0.850632809375 0.44346351203703704 0.8665074567708333 0.4435119722222222 0.8664409510416667 0.4387628277777778
2 0.8121060057291667 0.40397662500000003 0.8233252718749999 0.40388540462962963 0.8229967755208333 0.38645667037037035 0.8121060057291667 0.3864794759259259 0.8121060057291667 0.40397662500000003
2 0.8370455463541667 0.40372291944444444 0.8477871828125 0.40388540462962963 0.8477871828125 0.38627137962962965 0.8369064890625 0.3865136833333333 0.8370455463541667 0.40372291944444444
3 0.6600141072916668 0.4703534777777778 0.6599717854166667 0.4870096925925926 0.6622390166666666 0.4869469787037037 0.6621745265625001 0.47029076388888885 0.6600141072916668 0.4703534777777778
3 0.6797239015625001 0.46710376296296297 0.6797319630208333 0.4702223490740741 0.71712414375 0.4701539342592593 0.7170737604166667 0.46698973796296295 0.6797239015625001 0.46710376296296297
3 0.6808867390625 0.47020524537037034 0.6807839583333333 0.5542702398148148 0.683020959375 0.5542445842592593 0.6829645302083333 0.47019954351851856 0.6808867390625 0.47020524537037034
3 0.6558121723958333 0.4308181296296296 0.655878678125 0.436704675 0.6732023380208333 0.4368101481481481 0.6731035875 0.43066704629629626 0.6558121723958333 0.4308181296296296
3 0.6867513098958333 0.43079247407407406 0.6867795244791667 0.4366220064814815 0.6992885932291667 0.4367844925925926 0.6992885932291667 0.43067274814814815 0.6867513098958333 0.43079247407407406
2 0.6797239015625001 0.46710376296296297 0.6623700119791667 0.467100912037037 0.6625070536458334 0.4932440138888889 0.6798024989583333 0.4932440138888889 0.6797239015625001 0.46710376296296297
3 0.737797259375 0.554312999074074 0.7378274890625 0.46696693240740744 0.7346029828125 0.4670096925925926 0.7345808140625 0.47005416203703704 0.7355985489583333 0.47002565555555553 0.7355663041666667 0.5542844925925926 0.737797259375 0.554312999074074
2 0.7346029828125 0.4670096925925926 0.7170737604166667 0.46698973796296295 0.7172208786458333 0.4929931583333333 0.7346170901041666 0.49339509722222225 0.7346029828125 0.4670096925925926
3 0.6559411526041666 0.3653819842592593 0.6559129385416667 0.3685632842592592 0.6907537281249999 0.3685860888888889 0.690733575 0.3654618018518519 0.6559411526041666 0.3653819842592593
3 0.6559129385416667 0.3685632842592592 0.6559955661458333 0.4308295324074074 0.6581721078125 0.4307867731481481 0.6581176942708333 0.3685632842592592 0.6559129385416667 0.3685632842592592
2 0.6731741234374999 0.43386830092592593 0.6867936317708333 0.43383409351851854 0.6867392182291667 0.41248004537037036 0.6731600161458334 0.4125997722222222 0.6731741234374999 0.43386830092592593
2 0.659939540625 0.4368215509259259 0.6598710197916666 0.4669954388888889 0.6776763401041667 0.4670923601851852 0.6775775895833333 0.4367246296296296 0.659939540625 0.4368215509259259
2 0.7151491333333334 0.4300142527777778 0.6992906088541667 0.43008551851851856 0.6992906088541667 0.43734606574074075 0.7151007656249999 0.43727479999999996 0.7151491333333334 0.4300142527777778
3 0.69089883125 0.4307525657407407 0.6907537281249999 0.3685860888888889 0.6885388958333334 0.36859178981481483 0.6885973395833334 0.43079247407407406 0.69089883125 0.4307525657407407
3 0.7238734380208334 0.3653734324074074 0.723817009375 0.43083238333333335 0.7261789598958334 0.43085233796296296 0.7262615880208333 0.3654561 0.7238734380208334 0.3653734324074074
3 0.6908000807291667 0.3868757129629629 0.7238512697916666 0.3868415055555555 0.723857315625 0.38395667037037035 0.6907799276041667 0.38377708055555554 0.6908000807291667 0.3868757129629629
3 0.7262132203125 0.4367873435185185 0.7419367192708334 0.43663340925925925 0.7419367192708334 0.43308722962962964 0.7262031437500001 0.43328107222222223 0.7262132203125 0.4367873435185185
3 0.8078093510416667 0.46752565555555553 0.8078718260416667 0.5174173314814814 0.8121946796875 0.5174429870370371 0.8120777911458333 0.4674942990740741 0.8078093510416667 0.46752565555555553
3 0.8080189437499999 0.5174315851851852 0.8080189437499999 0.5267160777777778 0.8120656994791666 0.5267160777777778 0.8120334541666666 0.5174572407407407 0.8080189437499999 0.5174315851851852
4 0.8165659010416667 0.5362998861111111 0.8515618703125 0.5360575824074074 0.851491334375 0.5255473203703703 0.8165376864583334 0.5256299888888889 0.8165659010416667 0.5362998861111111
3 0.8551894395833333 0.5550826685185185 0.855203546875 0.5637029648148149 0.8572954453125 0.563691562037037 0.8572934302083334 0.5550940703703703 0.8551894395833333 0.5550826685185185
3 0.8748649739583333 0.5605501712962963 0.8748810963541668 0.5636687574074074 0.8762615880208333 0.5637143675925925 0.876245465625 0.5605729759259259 0.8748649739583333 0.5605501712962963
4 0.8572954453125 0.563691562037037 0.8748810963541668 0.5636687574074074 0.8748649739583333 0.5605501712962963 0.8573035067708333 0.560624287037037 0.8572954453125 0.563691562037037
2 0.8572934302083334 0.5550940703703703 0.8573780734375 0.5361431018518518 0.8424405479166667 0.5360718361111111 0.8424727932291667 0.5546180157407407 0.8572934302083334 0.5550940703703703
3 0.7961991130208333 0.3654446981481482 0.7961003625 0.3841305583333333 0.7984361145833333 0.3841077537037037 0.7984522369791667 0.36549315833333335 0.7961991130208333 0.3654446981481482
3 0.7984361145833333 0.3841077537037037 0.8078617494791666 0.3841305583333333 0.8078798869791667 0.3811744583333333 0.7984361145833333 0.38110604351851857 0.7984361145833333 0.3841077537037037
3 0.8121120515625001 0.36521379722222225 0.8077448609375 0.36521379722222225 0.80785771875 0.4428848342592593 0.8120536072916666 0.44283637407407406 0.8121120515625001 0.36521379722222225
3 0.8121221281250001 0.3655843787037037 0.8121060057291667 0.3694697833333333 0.85055018125 0.36937856296296295 0.8505340588541667 0.3654675027777778 0.8121221281250001 0.3655843787037037
3 0.8120415156249999 0.44260262222222224 0.850610640625 0.44255986296296296 0.8506267635416667 0.43927879166666667 0.8120697296875 0.43932725185185184 0.8120415156249999 0.44260262222222224
3 0.8506267635416667 0.43927879166666667 0.8505904875 0.4259606611111111 0.8481983072916666 0.4259264537037037 0.8482648125 0.4392759407407408 0.8506267635416667 0.43927879166666667
3 0.8296876260416667 0.3694241731481482 0.8298065296875 0.4014424175925926 0.830530028125 0.4014424175925926 0.8307073760416667 0.3694156212962963 0.8296876260416667 0.3694241731481482
3 0.8232930270833333 0.40139395648148146 0.8232930270833333 0.4024686435185185 0.8370294234375 0.402442987037037 0.8370294234375 0.40139965833333335 0.8232930270833333 0.40139395648148146
3 0.8505945182291667 0.40224629444444443 0.85055018125 0.36937856296296295 0.8477992744791667 0.36938711481481484 0.8477992744791667 0.4021978333333333 0.8505945182291667 0.40224629444444443
3 0.7151612255208334 0.43065849444444443 0.7150927046875 0.43683580370370373 0.7262132203125 0.4367873435185185 0.7261789598958334 0.43085233796296296 0.7151612255208334 0.43065849444444443
3 0.37073962135416666 0.4285917898148148 0.3682990729166667 0.4285518814814815 0.3683514713541667 0.4456043333333333 0.370753728125 0.4454874574074074 0.37073962135416666 0.4285917898148148
3 0.3323176140625 0.44550741203703703 0.3683514713541667 0.4456043333333333 0.36833333333333335 0.4420895092592592 0.332325675 0.44209236018518516 0.3323176140625 0.44550741203703703
3 0.32797259166666665 0.4455245157407407 0.3323176140625 0.44550741203703703 0.33227126145833336 0.3680843787037037 0.3278718260416667 0.36813283888888887 0.32797259166666665 0.4455245157407407
3 0.3434623135416667 0.40421037592592596 0.3434784359375 0.40520239444444445 0.3572148328125 0.405282212037037 0.3572188635416667 0.40419897407407407 0.3434623135416667 0.40421037592592596
3 0.24446594114583334 0.4393700111111111 0.26012091875 0.4394640824074074 0.26012091875 0.4359806157407407 0.24446191041666668 0.43604618055555555 0.24446594114583334 0.4393700111111111
3 0.17622128177083332 0.36828962407407406 0.17619709791666666 0.3712628277777778 0.21092301510416667 0.37135689814814815 0.21089681562499998 0.36829247407407406 0.17622128177083332 0.36828962407407406
2 0.32797259166666665 0.4455245157407407 0.3278718260416667 0.4700826685185185 0.3469004432291667 0.4700826685185185 0.346571946875 0.44558152777777776 0.32797259166666665 0.4455245157407407
3 0.2580411125 0.5204988601851852 0.2579947604166667 0.46976624814814816 0.25467754947916665 0.46980900833333333 0.25467754947916665 0.4728648805555556 0.2557859734375 0.47290478888888887 0.255673115625 0.520567275 0.2580411125 0.5204988601851852
3 0.19995163229166665 0.46980330648148144 0.2 0.4729589509259259 0.23721080208333334 0.4729247435185185 0.23718057239583334 0.46987172222222223 0.19995163229166665 0.46980330648148144
3 0.20092099947916667 0.47294469814814816 0.2008867390625 0.5206128851851852 0.20322249114583332 0.520570125 0.2030914953125 0.47294469814814816 0.20092099947916667 0.47294469814814816
2 0.25467754947916665 0.46980900833333333 0.23718057239583334 0.46987172222222223 0.23724304739583332 0.49606043333333333 0.2545485692708333 0.4960518814814815 0.25467754947916665 0.46980900833333333
3 0.18255743645833336 0.4729589509259259 0.18253728333333333 0.4697748 0.14795243854166668 0.46988882592592596 0.14793228541666667 0.47290478888888887 0.18255743645833336 0.4729589509259259
2 0.19995163229166665 0.46980330648148144 0.18253728333333333 0.4697748 0.18254735989583332 0.4958409351851851 0.20002216822916666 0.496023375 0.19995163229166665 0.46980330648148144
3 0.37071946770833336 0.37182155092592595 0.36794840781250004 0.37181299907407406 0.36802297447916665 0.40507126574074076 0.3706972994791667 0.40505416203703704 0.37071946770833336 0.37182155092592595
3 0.3707033453125 0.39438996574074076 0.3950987505208333 0.3940649944444444 0.3950987505208333 0.39092360277777777 0.37071946770833336 0.39111174444444446 0.3707033453125 0.39438996574074076
2 0.33230955260416667 0.40658494907407405 0.34351068125 0.40646807314814815 0.3433313182291667 0.38941277037037036 0.3322934302083333 0.3893415055555556 0.33230955260416667 0.40658494907407405
3 0.3142946390625 0.36811003425925926 0.3142946390625 0.3870068416666667 0.3167392182291667 0.3869669324074074 0.3165981458333333 0.3681898518518518 0.3142946390625 0.36811003425925926
3 0.3167392182291667 0.3869669324074074 0.3278839177083333 0.38703819814814816 0.3279000401041667 0.38375712685185187 0.316715034375 0.38380273703703705 0.3167392182291667 0.3869669324074074
3 0.31475614687500003 0.4388568981481481 0.31477226927083335 0.4419042185185185 0.32796654583333334 0.44185860925925924 0.3279625151041667 0.4387770805555556 0.31475614687500003 0.4388568981481481
3 0.24445183385416666 0.36822976018518516 0.24217855729166665 0.36822976018518516 0.24200725520833333 0.4334064990740741 0.24445183385416666 0.43336659074074074 0.24445183385416666 0.36822976018518516
3 0.234224103125 0.4334464083333333 0.23419991927083333 0.4395096925925926 0.24448206354166666 0.4395553018518518 0.24445183385416666 0.43336659074074074 0.234224103125 0.4334464083333333
3 0.206876259375 0.43348346666666665 0.20681378489583332 0.4395638537037037 0.21889560677083333 0.4394982898148148 0.21884723906249998 0.4334663629629629 0.206876259375 0.43348346666666665
2 0.19331116510416668 0.4365877990740741 0.20687021354166665 0.4364851768518519 0.20679967760416668 0.4151881416666667 0.1930511890625 0.41538198425925926 0.19331116510416668 0.4365877990740741
2 0.2342341796875 0.43273660185185187 0.21885328489583333 0.432785062962963 0.21886940729166668 0.4402023944444444 0.23422007239583334 0.4401197259259259 0.2342341796875 0.43273660185185187
3 0.17619709791666666 0.3712628277777778 0.17600564270833333 0.43359178981481483 0.17832930260416668 0.4335575824074074 0.17832930260416668 0.3712685287037037 0.17619709791666666 0.3712628277777778
3 0.18922611875 0.5240450398148149 0.18922611875 0.5300769666666666 0.21492543333333333 0.5301482324074075 0.214899234375 0.5241191564814814 0.18922611875 0.5240450398148149
3 0.24400443385416667 0.524033637037037 0.2440608625 0.5299857472222221 0.26969165677083334 0.5302993157407407 0.2697178557291667 0.5240992018518519 0.24400443385416667 0.524033637037037
3 0.3371725109375 0.5328164194444445 0.3371906489583333 0.5239367157407407 0.316366384375 0.5239652222222222 0.3164248286458333 0.5299971490740741 0.3309330916666667 0.530162486111111 0.3309532447916667 0.5327879129629629 0.3371725109375 0.5328164194444445
3 0.3346755338541667 0.49665336388888887 0.33476219270833335 0.5239538194444445 0.3371906489583333 0.5239367157407407 0.33714832708333337 0.5027252 0.3396795645833333 0.5026824398148148 0.33961305937499997 0.4966106046296297 0.3346755338541667 0.49665336388888887
4 0.26969165677083334 0.5302993157407407 0.3164248286458333 0.5299971490740741 0.3163180171875 0.5196237175925926 0.26968561041666667 0.5194640824074074 0.26969165677083334 0.5302993157407407
4 0.21492543333333333 0.5301482324074075 0.2440608625 0.5299857472222221 0.24392382083333333 0.5196750287037036 0.214877065625 0.5194099203703704 0.21492543333333333 0.5301482324074075
4 0.1601330109375 0.5301653361111112 0.18922611875 0.5300769666666666 0.18917372031250002 0.5196123148148147 0.16008262812500001 0.5196493731481482 0.1601330109375 0.5301653361111112
3 0.3686880291666667 0.496584949074074 0.36884119322916664 0.5027080953703704 0.3965598546875 0.502673887962963 0.3965860541666667 0.4967673888888889 0.3686880291666667 0.496584949074074
4 0.3396795645833333 0.5026824398148148 0.36884119322916664 0.5027080953703704 0.36863159999999995 0.4921493731481482 0.33959895208333335 0.492214937037037 0.3396795645833333 0.5026824398148148
4 0.3733817010416667 0.6213226907407408 0.37332728750000005 0.6488027370370371 0.396571946875 0.6487514249999999 0.396571946875 0.6456442416666667 0.3755783958333333 0.6456698972222222 0.3755965338541667 0.6182924740740741 0.3330310359375 0.6184179018518519 0.33296050000000005 0.6459236027777777 0.14628174114583334 0.6456185861111111 0.14628174114583334 0.6487257694444445 0.33510278125 0.6489053592592592 0.3350120916666667 0.6213226907407408 0.3733817010416667 0.6213226907407408
3 0.33233978229166666 0.4701311287037037 0.3278718260416667 0.4700826685185185 0.3280068520833333 0.5206014824074074 0.3322934302083333 0.5205530212962963 0.33233978229166666 0.4701311287037037
3 0.38666666666666666 0.44225199537037035 0.386692865625 0.4455359175925926 0.3950503828125 0.44534777685185184 0.39502418385416666 0.44229190462962964 0.38666666666666666 0.44225199537037035
2 0.14620314375000001 0.46909920185185183 0.14624748072916666 0.4390250851851852 0.12213623541666667 0.4390877990740741 0.12186215260416668 0.469036487962963 0.14620314375000001 0.46909920185185183
3 0.17600564270833333 0.43359178981481483 0.17598347447916665 0.4395096925925926 0.1933736395833333 0.4394612314814815 0.19326078177083333 0.43330957777777773 0.17600564270833333 0.43359178981481483
2 0.3866767432291667 0.4415108324074074 0.370735590625 0.44155644259259264 0.370753728125 0.44618586111111114 0.386692865625 0.4461630555555556 0.3866767432291667 0.4415108324074074
3 0.3707033453125 0.3683067277777778 0.33227126145833336 0.3680843787037037 0.3322752921875 0.3718671611111111 0.37071946770833336 0.37182155092592595 0.3707033453125 0.3683067277777778
3 0.34993752499999997 0.3718358037037037 0.34995969374999997 0.40421037592592596 0.35061870208333334 0.40421037592592596 0.3505683192708334 0.37184435555555556 0.34993752499999997 0.3718358037037037
2 0.3572148328125 0.40646807314814815 0.36802297447916665 0.40646807314814815 0.36797662239583334 0.38917616851851855 0.3571987104166666 0.3893187 0.3572148328125 0.40646807314814815
3 0.21101370416666668 0.43346066111111115 0.21092301510416667 0.37135689814814815 0.20865578385416667 0.3713454962962963 0.2087041515625 0.43346066111111115 0.21101370416666668 0.43346066111111115
3 0.2109391375 0.3897377425925926 0.24212414375 0.3896835805555556 0.24210600572916666 0.3866106046296296 0.21095525989583336 0.3866419611111111 0.2109391375 0.3897377425925926
3 0.14198508645833333 0.4390250851851852 0.14624748072916666 0.4390250851851852 0.14627972604166667 0.419264537962963 0.14191455052083332 0.419264537962963 0.14198508645833333 0.4390250851851852
3 0.1746835953125 0.41914766203703707 0.14627972604166667 0.419264537962963 0.14627368020833334 0.4256185861111111 0.1746835953125 0.4255473203703704 0.1746835953125 0.41914766203703707
3 0.1746835953125 0.41914766203703707 0.17450221666666668 0.3599543898148148 0.17040709375000002 0.3599771953703704 0.17029222083333334 0.4191733185185185 0.1746835953125 0.41914766203703707
3 0.17450221666666668 0.3599543898148148 0.1745344619791667 0.366251425 0.40095525989583336 0.36625997685185185 0.40092301510416667 0.3599857472222222 0.17450221666666668 0.3599543898148148
3 0.4009633213541666 0.6489253138888889 0.40095525989583336 0.36625997685185185 0.39654776302083333 0.36625997685185185 0.3965779927083333 0.6490250851851852 0.4009633213541666 0.6489253138888889
3 0.39656388541666665 0.5327907638888889 0.3907597744791667 0.5327993157407408 0.3907879885416667 0.5390706953703704 0.3965880692708333 0.5390706953703704 0.39656388541666665 0.5327907638888889
3 0.3949838776041667 0.5633665907407408 0.39500201510416666 0.5663511972222223 0.39656590104166667 0.5663511972222223 0.39658202343750004 0.563349487037037 0.3949838776041667 0.5633665907407408
3 0.3745364770833334 0.5327907638888889 0.3745122932291666 0.5389025083333334 0.37749697708333335 0.5389025083333334 0.377450625 0.5328363740740741 0.3745364770833334 0.5327907638888889
3 0.3774324869791667 0.5663454962962963 0.37749697708333335 0.5389025083333334 0.37525997604166667 0.5388882555555555 0.37527609843750004 0.5662970351851853 0.3774324869791667 0.5663454962962963
2 0.3907597744791667 0.5327993157407408 0.377450625 0.5328363740740741 0.3776461104166666 0.5537799314814814 0.39082224895833334 0.553127137962963 0.3907597744791667 0.5327993157407408
4 0.3774324869791667 0.5663454962962963 0.39500201510416666 0.5663511972222223 0.3949838776041667 0.5633665907407408 0.3774324869791667 0.5633152796296296 0.3774324869791667 0.5663454962962963
3 0.3396553807291667 0.5328449259259259 0.3307638046875 0.5327451537037037 0.3309109229166667 0.5390507407407408 0.3397279322916667 0.5390051314814814 0.3396553807291667 0.5328449259259259
4 0.3397279322916667 0.5390051314814814 0.3745122932291666 0.5389025083333334 0.3745364770833334 0.5327907638888889 0.3396553807291667 0.5328449259259259 0.3397279322916667 0.5390051314814814
3 0.31926844010416666 0.5603848342592593 0.3192079807291667 0.5665022805555555 0.33525796041666667 0.5665279361111112 0.33525796041666667 0.5602451537037036 0.31926844010416666 0.5603848342592593
3 0.33516324062499997 0.5390222351851851 0.3309109229166667 0.5390507407407408 0.33086658593749996 0.5602708092592593 0.33525796041666667 0.5602451537037036 0.33516324062499997 0.5390222351851851
3 0.24698105625 0.5603249712962963 0.24693268854166667 0.5664851768518518 0.2668319223958333 0.5664994296296296 0.26686618281249996 0.5603249712962963 0.24698105625 0.5603249712962963
3 0.1921825875 0.5603648805555556 0.1921825875 0.5665592925925926 0.21196694895833332 0.5665592925925926 0.21196694895833332 0.560285062962963 0.1921825875 0.5603648805555556
3 0.141876259375 0.6489823259259259 0.14627771041666668 0.6490136833333334 0.14620314375000001 0.46909920185185183 0.14199919374999997 0.4690450398148148 0.141876259375 0.6489823259259259
3 0.14624949635416667 0.5665535916666666 0.1572632005208333 0.5665250851851852 0.1572632005208333 0.5603563287037038 0.14624949635416667 0.5602993157407407 0.14624949635416667 0.5665535916666666
4 0.1572632005208333 0.5665250851851852 0.1921825875 0.5665592925925926 0.1921825875 0.5603648805555556 0.1572632005208333 0.5603563287037038 0.1572632005208333 0.5665250851851852
4 0.21196694895833332 0.5665592925925926 0.24693268854166667 0.5664851768518518 0.24698105625 0.5603249712962963 0.21196694895833332 0.560285062962963 0.21196694895833332 0.5665592925925926
4 0.2668319223958333 0.5664994296296296 0.3192079807291667 0.5665022805555555 0.31926844010416666 0.5603848342592593 0.26686618281249996 0.5603249712962963 0.2668319223958333 0.5664994296296296
3 0.16010882708333335 0.524033637037037 0.14625151145833334 0.524033637037037 0.14622732760416665 0.5301995435185185 0.1601330109375 0.5301653361111112 0.16010882708333335 0.524033637037037
3 0.6217533255208333 0.4364367157407407 0.6260580411458334 0.4363626 0.6261628375 0.4167787916666667 0.6218843208333333 0.41670467499999997 0.6217533255208333 0.4364367157407407
3 0.6545646916666666 0.4167132268518518 0.6261628375 0.4167787916666667 0.62612253125 0.4229475481481481 0.6545646916666666 0.4227964648148148 0.6545646916666666 0.4167132268518518
3 0.6545646916666666 0.4167132268518518 0.6545002015625 0.3571693268518518 0.6503325270833333 0.3571693268518518 0.6502075776041667 0.4167132268518518 0.6545646916666666 0.4167132268518518
3 0.6545143088541666 0.3636316990740741 0.8807658203125001 0.3633580388888889 0.8807879885416666 0.35712086666666665 0.6545002015625 0.3571693268518518 0.6545143088541666 0.3636316990740741
3 0.8808081416666667 0.6459977194444445 0.8807658203125001 0.3633580388888889 0.8763442161458334 0.36337514259259257 0.8762374041666666 0.6459977194444445 0.8808081416666667 0.6459977194444445
3 0.6218077390625001 0.6460490305555555 0.6262132203125 0.646080387962963 0.6261164854166666 0.4666220064814815 0.6218238614583333 0.4665393388888889 0.6218077390625001 0.6460490305555555
3 0.6261890364583333 0.563919612037037 0.6371039901041667 0.5637799314814815 0.6371261588541667 0.5575256555555556 0.6261487302083334 0.5575228046296297 0.6261890364583333 0.563919612037037
3 0.6718863359375 0.5574059296296296 0.6720052395833334 0.563805587037037 0.6918802901041666 0.563805587037037 0.69185610625 0.5576083240740741 0.6718863359375 0.5574059296296296
3 0.7267392182291667 0.5575484611111111 0.7267392182291667 0.5638454962962963 0.74656993125 0.5638768527777778 0.7465860541666667 0.5574800453703703 0.7267392182291667 0.5575484611111111
4 0.6918802901041666 0.563805587037037 0.7267392182291667 0.5638454962962963 0.7267593713541667 0.5534977194444445 0.6918016927083334 0.5532069555555555 0.6918802901041666 0.563805587037037