1 0 0 0 1 1 1 1 0 0 0
4 0.32120088645833333 0.3133608898148148 0.31751360052083333 0.31343215462962964 0.31741486979166667 0.4759179018518519 0.3211525286458333 0.47577822129629627 0.32120088645833333 0.3133608898148148
4 0.32117670781249996 0.5135974916666667 0.317489421875 0.5136259981481481 0.31746927239583334 0.6397947546296296 0.32101551458333333 0.6398232611111112 0.32117670781249996 0.5135974916666667
4 0.5425952046875 0.6038768527777778 0.538766875 0.6039623712962963 0.5386661291666667 0.6798175601851851 0.5426556520833333 0.6798460657407407 0.5425952046875 0.6038768527777778
2 0.45325810989583337 0.5319612314814816 0.45331452760416663 0.5067559861111112 0.42877291979166665 0.5068415055555555 0.4287124723958333 0.5320410490740741 0.45325810989583337 0.5319612314814816
2 0.6650070520833334 0.5422690990740741 0.6650614546875 0.5172177879629629 0.6405218619791667 0.5171493731481482 0.6404614145833333 0.5423489166666667 0.6650070520833334 0.5422690990740741
2 0.30195446302083334 0.6615165333333334 0.30191416458333337 0.6270239453703704 0.2849486197916667 0.6270239453703704 0.28468668125 0.6615250851851852 0.30195446302083334 0.6615165333333334
2 0.5611968567708333 0.5041847203703703 0.5612935723958333 0.4697833527777778 0.5441910135416667 0.46969213240740737 0.543929075 0.5041932722222222 0.5611968567708333 0.5041847203703703
2 0.5640922828124999 0.6043842648148148 0.5643562359375001 0.5702394527777778 0.5470884546875 0.5701824398148149 0.5468245015625001 0.6043928166666667 0.5640922828124999 0.6043842648148148
2 0.4747410838541667 0.6047462944444444 0.47470078593750004 0.5702537055555555 0.45773524062500004 0.5702537055555555 0.4574712875 0.6047548462962963 0.4747410838541667 0.6047462944444444
2 0.578581503125 0.3224828962962963 0.5749103364583333 0.3224828962962963 0.5747914567708333 0.35346636296296297 0.5785210557291667 0.35338084351851856 0.578581503125 0.3224828962962963
3 0.27695748541666665 0.656761687962963 0.2688494859375 0.656761687962963 0.2689744104166667 0.2834578111111111 0.6402538786458333 0.2834578111111111 0.6405218619791667 0.5171493731481482 0.6458674187500001 0.5171493731481482 0.6457424942708333 0.2760461805555556 0.26360870416666665 0.2762229194444445 0.26373362864583333 0.6641761685185185 0.27159379427083336 0.6641761685185185 0.27171871875 0.7171265675925926 0.6458674187500001 0.7169498287037037 0.6457424942708333 0.542388825925926 0.640378803125 0.5427423037037037 0.640378803125 0.7093614592592592 0.27695748541666665 0.7093614592592592 0.27695748541666665 0.656761687962963
3 0.31751360052083333 0.31343215462962964 0.32120088645833333 0.3133608898148148 0.3212573041666667 0.28346636296296296 0.317489421875 0.28346636296296296 0.31751360052083333 0.31343215462962964
3 0.4495184364583333 0.49743158518518515 0.4495667942708333 0.5067930444444445 0.45331452760416663 0.5067559861111112 0.4533286317708333 0.4921094638888889 0.32121499114583335 0.49203819814814814 0.3211525286458333 0.47577822129629627 0.31741486979166667 0.4759179018518519 0.317489421875 0.5136259981481481 0.32117670781249996 0.5135974916666667 0.3211162604166667 0.4972890537037037 0.4495184364583333 0.49743158518518515
3 0.2847410838541667 0.6567217787037036 0.27695748541666665 0.656761687962963 0.27696957499999997 0.6615678453703704 0.28468668125 0.6615250851851852 0.2847410838541667 0.6567217787037036
3 0.31738061666666667 0.6616191564814814 0.317453153125 0.7093728620370371 0.3211525286458333 0.7093728620370371 0.32101551458333333 0.6398232611111112 0.31746927239583334 0.6397947546296296 0.3174047953125 0.656761687962963 0.30200282083333335 0.6566932722222223 0.30195446302083334 0.6615165333333334 0.31738061666666667 0.6616191564814814
3 0.4532822890625 0.7094184722222222 0.45320975208333336 0.5752023944444444 0.45768486822916665 0.5752023944444444 0.45773524062500004 0.5702537055555555 0.45320975208333336 0.5701966935185184 0.45325810989583337 0.5319612314814816 0.4495990328125 0.5319954388888889 0.4495264958333333 0.7094184722222222 0.4532822890625 0.7094184722222222
3 0.5163106989583334 0.5751168759259259 0.5158895828125 0.7093500574074074 0.5199194036458333 0.7093500574074074 0.5199194036458333 0.6866220064814815 0.5387527703125 0.686536487962963 0.5389320973958333 0.7093500574074074 0.5427221437499999 0.7093500574074074 0.5426556520833333 0.6798460657407407 0.5386661291666667 0.6798175601851851 0.5386923234375 0.6816847203703704 0.5198609713541666 0.6817702398148149 0.5199194036458333 0.5999714935185185 0.5387527703125 0.5999714935185185 0.538766875 0.6039623712962963 0.5425952046875 0.6038768527777778 0.542361475 0.5751168759259259 0.5406189020833333 0.5750718333333333 0.5470542010416667 0.5750313564814815 0.5470884546875 0.5700969212962963 0.47470078593750004 0.5702537055555555 0.47473705416666667 0.574945837962963 0.5163106989583334 0.5751168759259259
3 0.5390528421875 0.5750816833333333 0.5198609713541666 0.5752023944444444 0.5199194036458333 0.5952879129629629 0.5389925447916667 0.5952879129629629 0.5390528421875 0.5750816833333333
3 0.45011485 0.28342645370370373 0.4501632078125 0.3263768527777778 0.45397541822916665 0.32632554166666666 0.45375982291666667 0.28350342037037035 0.45011485 0.28342645370370373
3 0.6403062661458333 0.31549600925925925 0.6402357442708334 0.31062143703703704 0.5785452348958333 0.31068700092592594 0.5784868020833334 0.2964652222222222 0.5937920614583334 0.2964652222222222 0.5938625833333333 0.2834977194444444 0.590378803125 0.2834977194444444 0.5902780578125 0.2916761685185185 0.5784908322916666 0.29169042222222225 0.5784606083333333 0.2834948685185185 0.5748942171875 0.28346636296296296 0.5749103364583333 0.3224828962962963 0.578581503125 0.3224828962962963 0.5786056822916666 0.31568700092592594 0.6403062661458333 0.31549600925925925
3 0.5142051177083333 0.3614652222222222 0.5142051177083333 0.5042958953703705 0.543929075 0.5041932722222222 0.5439270604166667 0.49919042222222226 0.5178742697916666 0.49919042222222226 0.5180556114583333 0.3665735462962963 0.6403707437499999 0.3664880277777778 0.640378803125 0.36137400185185187 0.5785009067708333 0.3614025083333333 0.5785210557291667 0.35338084351851856 0.5747914567708333 0.35346636296296297 0.5748337697916667 0.36145952129629627 0.5142051177083333 0.3614652222222222
3 0.5611968567708333 0.5041847203703703 0.640431190625 0.5043814138888889 0.640431190625 0.49901938425925924 0.5611928270833333 0.49901938425925924 0.5611968567708333 0.5041847203703703
3 0.5643522062499999 0.5753734324074075 0.6403445494791666 0.5750085518518518 0.640378803125 0.5699828962962964 0.5970642755208334 0.5699173314814815 0.5970219625 0.5536630555555555 0.5933024380208334 0.5537229194444444 0.5933165421875 0.5700000000000001 0.5643562359375001 0.5702394527777778 0.5643522062499999 0.5753734324074075
3 0.7367197260416667 0.6609007981481482 0.6976264489583334 0.6609007981481482 0.697568003125 0.2761003416666667 0.6925528911458334 0.2761003416666667 0.6925387869791667 0.7088511972222222 0.7368245015625 0.7085547324074074 0.7367197260416667 0.6609007981481482
3 0.6976269994791667 0.6645243148148148 0.6976324802083333 0.7006100342592592 0.7317308078125 0.7007582666666667 0.7316260328124999 0.668697262962963 0.6977332260416667 0.6684007981481482 0.6976269994791667 0.6645243148148148