1 0 0 0 1 1 1 1 0 0 0
4 0.3200443192708333 0.47998575462962967 0.33048750989583336 0.4800284898148149 0.33034246562499997 0.4169715101851852 0.32013295729166663 0.4171339027777778 0.3200443192708333 0.47998575462962967
4 0.28950443177083335 0.4172934472222222 0.27860596302083335 0.41720797685185185 0.27870668802083337 0.47996866111111114 0.28949838854166665 0.4800199425925926 0.28950443177083335 0.4172934472222222
4 0.28964343281250005 0.5462421648148148 0.27865028177083334 0.5462849000000001 0.27872683333333337 0.6086894583333334 0.2896736505208333 0.6086837611111111 0.28964343281250005 0.5462421648148148
4 0.3461381947916667 0.35681196574074076 0.3528142625 0.3567264953703704 0.35257453645833337 0.2937749287037037 0.34607775989583334 0.2938603990740741 0.3461381947916667 0.35681196574074076
4 0.43302377135416664 0.2928547009259259 0.43302377135416664 0.30774074074074076 0.47759468177083336 0.3075641027777778 0.47742747760416665 0.2926182333333333 0.43302377135416664 0.2928547009259259
4 0.4329814666666667 0.23678917407407407 0.43302377135416664 0.2501994305555556 0.47742747760416665 0.24996296296296294 0.4773025786458333 0.23684900277777776 0.4329814666666667 0.23678917407407407
4 0.5627336822916666 0.29266381759259263 0.56282030625 0.30776068333333334 0.6163779208333333 0.3075498574074074 0.6163698630208334 0.29241595462962966 0.5627336822916666 0.29266381759259263
3 0.5627800161458333 0.23624501388888888 0.4772723609375 0.23638176666666666 0.4774637390625 0.2502820509259259 0.5628767124999999 0.2500113962962963 0.5627800161458333 0.23624501388888888
4 0.63175261875 0.34942450185185187 0.6210253828125 0.3494957268518518 0.6213759067708333 0.42527920185185186 0.6315531828125 0.42513960092592595 0.63175261875 0.34942450185185187
4 0.6726631750000001 0.2860398861111111 0.6617848510416666 0.2863247861111111 0.6620668817708334 0.424928775 0.6731063656249999 0.42470085462962964 0.6726631750000001 0.2860398861111111
4 0.6350644640625001 0.5673532759259259 0.6450644640625 0.5670940166666667 0.6450543916666667 0.4914415953703704 0.63499395625 0.4915384611111111 0.6350644640625001 0.5673532759259259
4 0.6865189364583333 0.4915213675925926 0.6757373088541667 0.4913846157407407 0.6757614828125 0.5669059833333333 0.6866881546875 0.5668034185185186 0.6865189364583333 0.4915213675925926
4 0.6850382755208333 0.646074074074074 0.6759730057291667 0.6461339027777778 0.6758904109375 0.6837065527777778 0.6850725223958333 0.6838176638888889 0.6850382755208333 0.646074074074074
2 0.5538295729166667 0.6271709398148148 0.5433118453125 0.6272934472222222 0.5436341661458334 0.654102563888889 0.5539544723958334 0.6542849000000001 0.5538295729166667 0.6271709398148148
4 0.5540008057291667 0.6542621083333333 0.5518553583333333 0.6542621083333333 0.5518251411458334 0.6738746435185186 0.5540008057291667 0.6739145296296296 0.5540008057291667 0.6542621083333333
2 0.5036603546875 0.7123589740740741 0.47132957291666666 0.7121225074074075 0.4718775182291666 0.7615384611111111 0.5042506041666667 0.7609971509259259 0.5036603546875 0.7123589740740741
4 0.5627961322916666 0.2343076925925926 0.5628666395833334 0.24966951574074076 0.642792103125 0.24952136759259258 0.6427679291666667 0.23387464351851853 0.5627961322916666 0.2343076925925926
3 0.6615652697916666 0.286356125 0.6711764708333334 0.28607407407407404 0.6711099921875 0.23593162407407406 0.6427437552083333 0.23602564074074073 0.6428102338541667 0.24970940185185184 0.6615652697916666 0.2498034185185185 0.6615652697916666 0.286356125
3 0.6755197421875 0.6461225074074074 0.6853021755208334 0.6461225074074074 0.6851430296875001 0.5668290601851852 0.6658984687499999 0.5670541314814814 0.6659770348958334 0.574139600925926 0.6783037875000001 0.5740284898148148 0.6783823531250001 0.6169914527777778 0.6456970187500001 0.6174415953703704 0.6453001609375 0.5671680907407407 0.63893835625 0.5671680907407407 0.6389403708333333 0.6269515666666667 0.6753605963541667 0.6270028490740741 0.6755197421875 0.6461225074074074
3 0.2900322322916667 0.4801025638888889 0.2800543916666667 0.479925925925926 0.2800523770833333 0.5462535611111111 0.29015713125 0.5462535611111111 0.2900322322916667 0.4801025638888889
3 0.48524778385416667 0.5619686611111111 0.5186543109375 0.5618660972222222 0.5186946010416666 0.5564900287037037 0.48891216770833335 0.5564786324074075 0.48876510885416663 0.5361396009259259 0.518640209375 0.5360142453703703 0.5185858177083333 0.5302735046296296 0.44845890416666667 0.5307578351851853 0.4485012088541667 0.5363874648148148 0.48513497187500004 0.5363760685185185 0.48524778385416667 0.5619686611111111
3 0.45121474635416664 0.5363703703703704 0.4485012088541667 0.5363874648148148 0.4484649473958333 0.578854700925926 0.45111200625 0.578854700925926 0.45121474635416664 0.5363703703703704
3 0.45173851718749997 0.46217093981481483 0.5186784848958333 0.46158404537037034 0.5186643833333333 0.45625641018518515 0.4482030619791667 0.4568774925925926 0.44838839635416666 0.4994301990740741 0.45175261875 0.4994301990740741 0.45173851718749997 0.46217093981481483
3 0.4127316682291667 0.511823362037037 0.3301974213541667 0.5120512824074075 0.3301772765625 0.51985755 0.4127316682291667 0.5194017092592592 0.4127316682291667 0.511823362037037
3 0.553062046875 0.674786325 0.5257937145833333 0.674789174074074 0.5257876713541667 0.6263732194444445 0.5187066880208333 0.6263333333333334 0.5192586625 0.7040455842592592 0.5228283640625 0.7040427351851852 0.5227256244791667 0.6792193731481482 0.5493070104166667 0.6790997148148148 0.5494037067708334 0.6997806268518518 0.5992707494791667 0.699210825925926 0.5990531828125001 0.6584900287037037 0.5953605963541667 0.658464387037037 0.595427075 0.6954529916666667 0.5530016114583333 0.6953846157407407 0.553062046875 0.674786325
3 0.35239524583333337 0.25022792037037034 0.43303585833333336 0.25022792037037034 0.43303585833333336 0.23646723611111112 0.34563456875000004 0.23646723611111112 0.3457997583333333 0.29383760648148144 0.35249798541666666 0.2938461537037037 0.35239524583333337 0.25022792037037034
3 0.661831184375 0.4470797722222222 0.6319178083333333 0.4473105416666667 0.6319178083333333 0.42513675185185185 0.6255257854166667 0.42516524259259264 0.6255821916666666 0.4513133907407407 0.6618271557291667 0.4511538462962963 0.661831184375 0.4470797722222222
3 0.63153908125 0.34940455833333334 0.6314564864583333 0.2923532759259259 0.616353746875 0.29231054166666665 0.6163114421875 0.30193732222222225 0.6246696213541667 0.30199715092592594 0.6249818692708333 0.34940455833333334 0.63153908125 0.34940455833333334
3 0.35243755052083336 0.27857549814814814 0.40557614843749995 0.27857834722222224 0.4056184526041667 0.32903133888888886 0.4092667203125 0.32903133888888886 0.40931708281249995 0.3023361824074074 0.43302779999999996 0.3022336185185185 0.4330378729166667 0.29356125370370373 0.40949435937499995 0.2934558407407407 0.40958904114583333 0.25031054166666666 0.4057312651041666 0.2502364675925926 0.40572119270833334 0.27355270648148144 0.35245769531250004 0.2735042731481481 0.35243755052083336 0.27857549814814814
3 0.3048025786458333 0.36650712222222226 0.3048892020833333 0.2664216527777778 0.3457735697916667 0.2664216527777778 0.3457735697916667 0.2616467240740741 0.3015975020833333 0.2617663814814815 0.3015975020833333 0.36650712222222226 0.3048025786458333 0.36650712222222226
3 0.3456950041666667 0.2916951564814815 0.3048106364583333 0.29145014259259255 0.30472401302083335 0.29365527037037037 0.3457997583333333 0.29383760648148144 0.3456950041666667 0.2916951564814815
2 0.48527397239583336 0.5737037037037037 0.4835435135416667 0.5736980055555555 0.4581990328125 0.5735612537037037 0.4582151489583334 0.5797663814814815 0.48527397239583336 0.5796581194444445 0.48527397239583336 0.5737037037037037
3 0.4581990328125 0.5735612537037037 0.45114826770833333 0.5735897435185185 0.45111200625 0.578854700925926 0.4581990328125 0.5788774925925926 0.4581990328125 0.5735612537037037
3 0.48830781614583335 0.5619572648148149 0.48524778385416667 0.5619686611111111 0.48527397239583336 0.5787749287037036 0.4883783239583333 0.5788034185185186 0.48830781614583335 0.5619572648148149
3 0.4121454473958333 0.36678062685185187 0.35277195833333336 0.36642735 0.35277195833333336 0.3567264953703704 0.34603746979166666 0.3567264953703704 0.34603746979166666 0.36642735 0.2801772765625 0.36676353240740744 0.2803021755208333 0.417213675 0.2897824333333333 0.417213675 0.2897199838541667 0.3804529916666667 0.4014182109375 0.3805413101851852 0.4019742145833333 0.47227920185185185 0.4124496375 0.47210826203703704 0.4121454473958333 0.36678062685185187
3 0.3263698630208333 0.4799430203703704 0.32011281249999995 0.4799515666666667 0.3200705078125 0.5457635324074074 0.32637792083333333 0.5457635324074074 0.3263698630208333 0.4799430203703704
3 0.6389403708333333 0.6269515666666667 0.6391418213541668 0.6459829055555555 0.645668815625 0.6459829055555555 0.6454351328125 0.6269002851851853 0.6389403708333333 0.6269515666666667
3 0.5281466557291666 0.45625925925925925 0.5186643833333333 0.45625641018518515 0.5187066880208333 0.6263333333333334 0.5285173244791667 0.6263333333333334 0.5281466557291666 0.45625925925925925
3 0.46841659947916664 0.7039173787037037 0.46538074114583333 0.703928775 0.46569701875 0.6332336185185184 0.2900322322916667 0.6336951564814814 0.2898609989583333 0.6086723648148149 0.2804129734375 0.6086723648148149 0.2806204671875 0.6476068379629629 0.45601933906250003 0.6472051277777778 0.45610394843749996 0.7182336185185185 0.4713356166666667 0.7179116805555555 0.4713275583333333 0.712108262037037 0.4683964546875 0.712108262037037 0.46841659947916664 0.7039173787037037
3 0.4127820307291667 0.5584301990740741 0.4014363416666667 0.5584301990740741 0.4016095890625 0.6334017092592593 0.412955278125 0.6335242166666666 0.4127820307291667 0.5584301990740741
3 0.6457030619791666 0.6838717944444445 0.6391216760416667 0.6838717944444445 0.6392949234375 0.7037179490740741 0.6457030619791666 0.7037179490740741 0.6457030619791666 0.6838717944444445
3 0.5284850927083333 0.6209686611111112 0.5285173244791667 0.6263333333333334 0.5989282838541666 0.6257350425925926 0.5989282838541666 0.6208860398148148 0.5284850927083333 0.6209686611111112
3 0.3199033036458333 0.3805128203703704 0.31999798541666663 0.41710541296296294 0.3263658338541667 0.417034187962963 0.3263698630208333 0.38045584074074074 0.3199033036458333 0.3805128203703704
2 0.41284649479166663 0.5193817666666667 0.37687550364583333 0.5198091166666667 0.3775382755208333 0.558176637962963 0.41284649479166663 0.5583447296296296 0.41284649479166663 0.5193817666666667
2 0.37715551979166667 0.5116267805555555 0.4127961322916667 0.5116267805555555 0.41254633385416667 0.47213960092592594 0.37705680885416665 0.47242450185185186 0.37715551979166667 0.5116267805555555
2 0.447786059375 0.5306980055555556 0.4735012088541667 0.5306267805555556 0.47334810624999996 0.49965811944444444 0.4478364223958333 0.4993618231481482 0.447786059375 0.5306980055555556
2 0.38270950833333334 0.3664245018518519 0.4121857375 0.36650997129629626 0.4120044317708333 0.3289088314814815 0.3828908140625 0.32899430185185186 0.38270950833333334 0.3664245018518519
2 0.5281003223958334 0.456176637962963 0.5282796130208334 0.5098547009259259 0.5585414989583334 0.509430199074074 0.5585979046875 0.4560056981481481 0.5281003223958334 0.456176637962963
2 0.5995225625 0.6257920231481481 0.574174053125 0.6259544157407407 0.5742848510416666 0.6583817666666667 0.5996273166666667 0.6585299148148148 0.5995225625 0.6257920231481481
2 0.6647361 0.6456609685185185 0.6354129734375 0.6460142453703703 0.6352860593749999 0.6837663814814815 0.6649073328125 0.6837606833333334 0.6647361 0.6456609685185185
2 0.64526994375 0.567501424074074 0.645562046875 0.6007037037037037 0.6663577760416667 0.6003988601851853 0.6659065270833333 0.567501424074074 0.64526994375 0.567501424074074
3 0.3267324739583334 0.6087749287037038 0.32041498802083335 0.6086723648148149 0.3205177276041667 0.6335327638888889 0.3268170828125 0.6335327638888889 0.3267324739583334 0.6087749287037038
3 0.5627558421875 0.2928347574074074 0.4774617244791666 0.292786325 0.47757856562499995 0.3022222222222222 0.5627820307291667 0.30230484351851855 0.5627558421875 0.2928347574074074
3 0.638718775 0.49148148148148146 0.6455136984375 0.49148433055555557 0.6454351328125 0.4739401712962963 0.6753384369791667 0.4738262111111111 0.67558420625 0.4914245018518519 0.6849597098958333 0.49148433055555557 0.6849597098958333 0.46021652407407404 0.6715209510416666 0.46021652407407404 0.6715149072916666 0.42478632499999996 0.6618976630208333 0.4249002851851852 0.6618170828125 0.4601054129629629 0.648219178125 0.46021652407407404 0.648219178125 0.45605697962962966 0.5585616437500001 0.456068375925926 0.5586220791666666 0.46974358981481484 0.638595890625 0.4693276351851852 0.638718775 0.49148148148148146
3 0.6754351328125 0.6837151 0.6755338437499999 0.7035612537037037 0.50665189375 0.7041680907407407 0.5067163578125 0.7125185185185186 0.5037489927083334 0.7125641027777777 0.5037671234375 0.717606837962963 0.6853787270833334 0.7174387462962963 0.6852961322916666 0.683783475925926 0.6754351328125 0.6837151
4 0.330505640625 0.5456894583333333 0.32003424635416666 0.5457350425925926 0.32032433541666666 0.6086552703703704 0.330505640625 0.6088831907407407 0.330505640625 0.5456894583333333