3 0.2360568203125 0.7476033055555555 0.23608704427083332 0.7518865777777778 0.26180938958333333 0.7518352805555556 0.2618194640625 0.7476660018518518 0.2360568203125 0.7476033055555555
3 0.38170058437500004 0.8148275861111111 0.38172073333333334 0.8201082925925925 0.3902579083333333 0.8200569962962964 0.39021761041666664 0.6411085777777777 0.3787870239583333 0.6410772296296297 0.3788253072916667 0.64614705 0.3866794276041666 0.6461185518518519 0.38665323385416667 0.8148275861111111 0.38170058437500004 0.8148275861111111
3 0.3637618375 0.8149073814814815 0.3637719119791667 0.8200512962962963 0.370159178125 0.8200655453703704 0.37008865625 0.814836136111111 0.3637618375 0.8149073814814815
3 0.20515212552083334 0.6554231972222222 0.20516220052083334 0.6604673694444444 0.23771307656250001 0.6604958675925926 0.237753375 0.6554374462962963 0.20515212552083334 0.6554231972222222
3 0.2927483375 0.6462097462962962 0.2927886359375 0.6512824166666666 0.3194499296875 0.6512339694444444 0.31941567604166665 0.6462097462962962 0.2927483375 0.6462097462962962
2 0.31348378020833334 0.7018751777777777 0.31349385468749996 0.7160815046296296 0.3170380817708333 0.7160672555555555 0.3169977838541667 0.701917925 0.31348378020833334 0.7018751777777777
4 0.370149103125 0.8149786268518519 0.3701994760416667 0.8195525787037038 0.38168043541666663 0.8196238240740741 0.38165021145833333 0.815007124074074 0.370149103125 0.8149786268518519
3 0.212959903125 0.7476033055555555 0.2129558734375 0.7518637787037037 0.2244892203125 0.7518352805555556 0.22447713072916667 0.7476318037037037 0.212959903125 0.7476033055555555
2 0.3658170463541667 0.8091251064814814 0.3658714489583333 0.7954744944444444 0.35500302239583337 0.7955314907407407 0.35492645572916665 0.8091450555555556 0.3658170463541667 0.8091251064814814
2 0.36787023958333337 0.7115930462962963 0.3678480755208334 0.6984126527777778 0.3573644973958333 0.698452550925926 0.3575841223958333 0.7114790537037037 0.36787023958333337 0.7115930462962963
3 0.18285109791666668 0.8200911944444444 0.1828148296875 0.8150441722222223 0.17278662083333335 0.8150270731481482 0.17272415885416667 0.7502507833333334 0.1883921015625 0.7502849814814815 0.18840419114583332 0.7224878879629629 0.18595809010416667 0.722516386111111 0.18595809010416667 0.7210230833333333 0.1842514609375 0.7210230833333333 0.1842514609375 0.7443744657407407 0.16858351822916667 0.7443887148148148 0.16856739895833334 0.8200569962962964 0.18285109791666668 0.8200911944444444
3 0.2013963328125 0.7518352805555556 0.2013701390625 0.7476346537037037 0.19162804739583333 0.7476346537037037 0.19154745104166665 0.7478341407407407 0.18886560572916666 0.7477628953703704 0.18886560572916666 0.751741237037037 0.19147692916666664 0.7516956398148148 0.19151722760416667 0.7518267314814814 0.2013963328125 0.7518352805555556
2 0.34922828958333335 0.7411684240740741 0.34916784218749997 0.7249729268518519 0.3360910739583333 0.7249586777777778 0.3361011484375 0.7411256768518519 0.34922828958333335 0.7411684240740741
2 0.22163409218750002 0.6908805925925926 0.22172476302083333 0.7060245083333334 0.23071730833333334 0.7059874611111111 0.23064275625 0.6907950981481482 0.22163409218750002 0.6908805925925926
2 0.23261132395833334 0.7110658305555556 0.232599234375 0.7283613564814815 0.24388071718749998 0.7283129092592593 0.2439008666666667 0.7112938157407407 0.23261132395833334 0.7110658305555556
2 0.22160386875 0.7136791111111112 0.22152931718750002 0.7283100601851852 0.23100544010416665 0.7283414074074074 0.23098529114583333 0.7136791111111112 0.22160386875 0.7136791111111112
2 0.2618597625 0.747503562037037 0.2618597625 0.7658848675925926 0.2730767682291667 0.7661128527777777 0.273137215625 0.7474750638888888 0.2618597625 0.747503562037037
2 0.224537578125 0.7475349101851853 0.2244992947916667 0.7662154462962963 0.2359480151041667 0.7662296953703703 0.23597823906249998 0.7475776574074074 0.224537578125 0.7475349101851853
2 0.20145678020833332 0.7474180675925925 0.20141648177083335 0.7660986037037036 0.21286520260416666 0.7661128527777777 0.21289542604166664 0.7474608148148149 0.20145678020833332 0.7474180675925925
2 0.1725508765625 0.7026731259259259 0.17259117447916666 0.72076945 0.18989119479166666 0.7210401824074074 0.18984686666666667 0.7026531777777778 0.1725508765625 0.7026731259259259
3 0.38663711458333333 0.7939070962962963 0.3866209953125 0.7915816472222222 0.3639431796875 0.7916101453703703 0.3639532541666667 0.7954174981481481 0.36571025572916666 0.7954174981481481 0.36570622604166664 0.7939070962962963 0.38663711458333333 0.7939070962962963
3 0.3639633286458333 0.8092106009259259 0.3639431796875 0.8148503851851852 0.3657404796875 0.814836136111111 0.36570018125000003 0.80922485 0.3639633286458333 0.8092106009259259
2 0.3672677817708333 0.6524280425925926 0.3672274833333333 0.6697007694444445 0.3779206125 0.6697150185185186 0.37785210572916667 0.6525534342592593 0.3672677817708333 0.6524280425925926
2 0.19143260104166665 0.6683357083333333 0.19124118489583333 0.685568537962963 0.20198468645833334 0.6856226842592592 0.20191819479166667 0.6684354518518519 0.19143260104166665 0.6683357083333333
4 0.27620189427083336 0.6648532342592592 0.2761716703125 0.6696865203703704 0.2942192223958333 0.6696722712962963 0.29418496875 0.6648532342592592 0.27620189427083336 0.6648532342592592
4 0.23755389895833331 0.6792932462962963 0.237594196875 0.6839070962962962 0.25549063072916667 0.6839469935185185 0.25542010885416666 0.6793445425925926 0.23755389895833331 0.6792932462962963
4 0.28293975416666667 0.7916243944444444 0.28297199270833334 0.7962695925925927 0.3293612734375 0.7962268453703704 0.3293713479166666 0.7916956398148148 0.28293975416666667 0.7916243944444444
4 0.24476526302083332 0.7917241379629629 0.24479548645833335 0.7962553435185186 0.2662764458333333 0.7962695925925927 0.2662683859375 0.7916671416666666 0.24476526302083332 0.7917241379629629
4 0.2181543421875 0.7916842407407408 0.21817449114583332 0.7962296953703704 0.23256095104166666 0.7962695925925927 0.2325508765625 0.7916671416666666 0.2181543421875 0.7916842407407408
4 0.18260527916666666 0.7916956398148148 0.18262341302083335 0.7962695925925927 0.204114446875 0.7962239953703704 0.2040842234375 0.7917241379629629 0.18260527916666666 0.7916956398148148
3 0.345964134375 0.7952009120370371 0.345974209375 0.7926161296296297 0.33802941770833334 0.7926161296296297 0.33801934322916666 0.7943345685185186 0.3294116463541667 0.7943516675925926 0.32940157187499997 0.7968766027777777 0.3398569411458333 0.7968908518518518 0.3398569411458333 0.7951724138888889 0.345964134375 0.7952009120370371
3 0.26631875885416667 0.794437162037037 0.26633890781249997 0.7968823027777777 0.2829196052083333 0.7968965518518518 0.28290953072916664 0.794437162037037 0.26631875885416667 0.794437162037037
3 0.2325911744791667 0.7944799092592593 0.2325911744791667 0.7969022509259259 0.24475518854166667 0.7968880018518518 0.2447451140625 0.794417212962963 0.2325911744791667 0.7944799092592593
3 0.2041628046875 0.7944542601851852 0.20417287916666668 0.7968823027777777 0.2181241182291667 0.7968965518518518 0.21811404375 0.7944685092592593 0.2041628046875 0.7944542601851852
3 0.1727906510416667 0.7944514111111111 0.17280274010416666 0.7969250499999999 0.18256699583333333 0.7969421490740741 0.18255490625 0.7944514111111111 0.1727906510416667 0.7944514111111111
3 0.37794277656249997 0.664431462037037 0.37794277656249997 0.6670019944444445 0.38663106979166667 0.6670447416666667 0.38663106979166667 0.6644742092592593 0.37794277656249997 0.664431462037037
3 0.3480677010416667 0.6777087490740741 0.34808583541666666 0.6670133944444444 0.3671670359375 0.6670019944444445 0.36714890208333334 0.6644827583333334 0.34809590989583333 0.6644827583333334 0.3480757604166667 0.6628355657407407 0.34973201666666665 0.6628213166666667 0.34974209166666664 0.64615845 0.3480354625 0.64615845 0.3480334473958333 0.6607523509259259 0.340801934375 0.6607238527777778 0.34078178541666665 0.646132800925926 0.33915575260416664 0.646132800925926 0.33911746927083336 0.6631376462962963 0.34628450520833337 0.6631005981481481 0.3462482369791667 0.67769165 0.3480677010416667 0.6777087490740741
3 0.315154140625 0.6954060981481481 0.3151239171875 0.7018124824074075 0.3166995770833333 0.7018124824074075 0.31664920416666664 0.695391849074074 0.315154140625 0.6954060981481481
3 0.3185150109375 0.6930578509259259 0.3184565786458334 0.6644599601851852 0.29423735625 0.6644457111111111 0.29424743072916665 0.6670732398148148 0.31687487395833336 0.6670162435185185 0.31682651614583335 0.6930721 0.3185150109375 0.6930578509259259
3 0.2761273421875 0.6670333425925926 0.27614749166666663 0.6644884583333333 0.2642353416666667 0.6644742092592593 0.2642051177083333 0.678660587037037 0.25548660104166665 0.6786406379629629 0.25550070520833335 0.6811228268518519 0.26597219427083335 0.6811256768518519 0.26590167239583334 0.6670190935185185 0.2761273421875 0.6670333425925926
3 0.23387064270833333 0.6786691361111111 0.23387064270833333 0.681139925925926 0.23751763020833333 0.6811256768518519 0.23750755572916665 0.6786976342592592 0.23387064270833333 0.6786691361111111
3 0.20204311927083335 0.6803391277777777 0.2020491640625 0.6827842694444445 0.204448921875 0.6828127675925926 0.204448921875 0.6803533768518518 0.20204311927083335 0.6803391277777777
3 0.18843038489583333 0.6803676259259259 0.18843038489583333 0.6828127675925926 0.19120088645833333 0.6828270166666667 0.19119081197916668 0.6803818749999999 0.18843038489583333 0.6803676259259259
4 0.23780777760416666 0.6559076657407407 0.23781382239583332 0.6601253916666667 0.2551098125 0.6600826444444445 0.255101753125 0.6558934166666666 0.23780777760416666 0.6559076657407407
4 0.27535764635416665 0.6467027638888889 0.275347571875 0.6508634935185186 0.2927120692708333 0.6508064972222223 0.2927120692708333 0.6466885148148148 0.27535764635416665 0.6467027638888889
4 0.3194700786458334 0.6466600166666667 0.31951843645833333 0.6508919916666667 0.3285794880208333 0.6508777425925926 0.3285694135416667 0.6466742657407407 0.3194700786458334 0.6466600166666667
4 0.3697541807291667 0.6415474490740741 0.3697481364583333 0.6458649185185186 0.37873665104166665 0.6458506694444445 0.3787447109375 0.6415474490740741 0.3697541807291667 0.6415474490740741
4 0.34603465624999996 0.7899914509259259 0.34602458177083334 0.7947078944444445 0.36390288125 0.7947078944444445 0.363884746875 0.7899145055555555 0.34603465624999996 0.7899914509259259
4 0.3463751765625 0.8154773435185185 0.34639532552083335 0.8206469083333333 0.3637013901041667 0.8206469083333333 0.3636610921875 0.8154630944444444 0.3463751765625 0.8154773435185185
4 0.2833125125 0.8155314907407407 0.2833125125 0.8206497574074074 0.32915172291666667 0.8206611574074074 0.32906105156250004 0.8154488453703703 0.2833125125 0.8155314907407407
4 0.24501511197916667 0.8154887435185185 0.24504533541666668 0.8195668277777778 0.26600644791666667 0.8195525787037038 0.26594600052083334 0.8155457398148148 0.24501511197916667 0.8154887435185185
4 0.21852105572916666 0.8155172416666666 0.21852105572916666 0.8195269305555555 0.23222446093750002 0.8195582787037037 0.23219020729166667 0.8155457398148148 0.21852105572916666 0.8155172416666666
4 0.18287527708333334 0.8154630944444444 0.18290751562500002 0.8195611287037038 0.20377392708333333 0.8195896268518519 0.20374571822916668 0.8154773435185185 0.18287527708333334 0.8154630944444444
3 0.2361978640625 0.7519492731481482 0.23618778958333334 0.7923339981481482 0.23760427135416667 0.7923482472222222 0.237630465625 0.751929325 0.2361978640625 0.7519492731481482
3 0.21301027604166667 0.751909375925926 0.21296594791666665 0.7923482472222222 0.21460407031249998 0.7923482472222222 0.21464033854166667 0.7518865777777778 0.21301027604166667 0.751909375925926
4 0.7193955270833333 0.8147933888888889 0.719435825 0.8206469083333333 0.7367418901041667 0.8206469083333333 0.7367418901041667 0.8147791398148148 0.7193955270833333 0.8147933888888889
4 0.6108482770833333 0.6559076657407407 0.6107878296875 0.662695925 0.6282006848958334 0.6627101740740741 0.6281422526041667 0.6558934166666666 0.6108482770833333 0.6559076657407407
4 0.6483981463541666 0.6467027638888889 0.6483779973958333 0.6537332574074074 0.6658029416666668 0.6537475064814815 0.6657525692708333 0.6466885148148148 0.6483981463541666 0.6467027638888889
4 0.6925085635416667 0.6466600166666667 0.6925186380208334 0.653476774074074 0.7016199880208334 0.6534340268518518 0.7015796895833333 0.6466742657407407 0.6925085635416667 0.6466600166666667
4 0.7427946807291667 0.6415474490740741 0.7428289338541667 0.6484497009259259 0.7518476729166667 0.6484781990740741 0.7517831958333333 0.6415474490740741 0.7427946807291667 0.6415474490740741
4 0.7192061255208333 0.7899344546296296 0.7192282895833333 0.7954260472222222 0.7369453958333333 0.7954260472222222 0.7369252468749999 0.7899145055555555 0.7192061255208333 0.7899344546296296
4 0.743189603125 0.8149786268518519 0.7432399760416666 0.8195525787037038 0.7547189197916667 0.8196238240740741 0.7546886963541667 0.815007124074074 0.743189603125 0.8149786268518519
3 0.3377916583333333 0.6987717296296296 0.33780979270833333 0.7224707898148148 0.3311706630208333 0.722502137037037 0.3311706630208333 0.7248874324074074 0.36755994375 0.7249159305555556 0.36749748125 0.7116699916666667 0.3656598833333333 0.7116414935185185 0.36565383854166666 0.7220632657407406 0.33949022760416664 0.7220775148148147 0.33956074947916665 0.6963807351851852 0.3347793671875 0.6963664861111111 0.33474914375 0.681926475 0.3656236145833333 0.6819834712962963 0.36568607708333334 0.6983528074074075 0.3674934515625 0.6983528074074075 0.3674934515625 0.6791849527777778 0.33300826093749997 0.6792761472222223 0.33296796302083337 0.6952123111111111 0.33120088645833334 0.6951838129629629 0.33119081197916667 0.6966913648148149 0.33298811197916667 0.6966685666666667 0.33295788854166664 0.6988173268518518 0.3377916583333333 0.6987717296296296
4 0.6563127140625 0.8127899685185186 0.6563530125 0.8206497574074074 0.7021922223958333 0.8206611574074074 0.7021619989583333 0.8128042175925927 0.6563127140625 0.8127899685185186
4 0.6180354625 0.8128184666666667 0.6180858354166666 0.8195668277777778 0.6390469473958333 0.8195525787037038 0.6390469473958333 0.8128042175925927 0.6180354625 0.8128184666666667
4 0.5915011083333332 0.8127757194444445 0.5915615557291667 0.8195269305555555 0.6052649609375 0.8195582787037037 0.60527705 0.8128070675925926 0.5915011083333332 0.8127757194444445
4 0.5559157765625 0.8127614703703704 0.5559460005208333 0.8195611287037038 0.5768144265624999 0.8195896268518519 0.5768144265624999 0.8128384157407408 0.5559157765625 0.8127614703703704
2 0.5676969572916666 0.6919036759259259 0.5677171067708334 0.696902250925926 0.578132178125 0.6969820462962962 0.5781624015625 0.6919521231481482 0.5676969572916666 0.6919036759259259
2 0.6865242796875 0.7018751777777777 0.6865343541666667 0.7160815046296296 0.6900785812500001 0.7160672555555555 0.6900382833333333 0.701917925 0.6865242796875 0.7018751777777777
2 0.6999919401041667 0.6812482185185185 0.69991134375 0.665579937037037 0.6879488213541667 0.6656369333333333 0.6879085229166667 0.6812197203703704 0.6999919401041667 0.6812482185185185
2 0.7409389484375001 0.6958677685185185 0.7409490229166666 0.7012795666666667 0.7507435020833333 0.7013650611111111 0.7507334276041667 0.6959247648148148 0.7409389484375001 0.6958677685185185
2 0.7409107395833333 0.7115930462962963 0.7408885755208333 0.6984126527777778 0.730404996875 0.698452550925926 0.7306246223958334 0.7114790537037037 0.7409107395833333 0.7115930462962963
2 0.7222687890625 0.7411684240740741 0.7222083416666667 0.7249729268518519 0.7091315734375 0.7249586777777778 0.7091416484375 0.7411256768518519 0.7222687890625 0.7411684240740741
2 0.7388575458333333 0.8091251064814814 0.7389119484375001 0.7954744944444444 0.728043521875 0.7955314907407407 0.7279669557291667 0.8091450555555556 0.7388575458333333 0.8091251064814814
2 0.5946745921875001 0.6908805925925926 0.5947652630208334 0.7060245083333334 0.6037578078125 0.7059874611111111 0.60368325625 0.6907950981481482 0.5946745921875001 0.6908805925925926
2 0.6056518234375 0.7110658305555556 0.6056397338541667 0.7283613564814815 0.6169212171874999 0.7283129092592593 0.6169413661458333 0.7112938157407407 0.6056518234375 0.7110658305555556
2 0.5946443682291667 0.7136791111111112 0.5945698166666666 0.7283100601851852 0.6040439249999999 0.7283414074074074 0.6040257906250001 0.7136791111111112 0.5946443682291667 0.7136791111111112
2 0.5744972796875001 0.7474180675925925 0.5744569817708334 0.7660986037037036 0.5859057020833334 0.7661128527777777 0.5859359260416667 0.7474608148148149 0.5744972796875001 0.7474180675925925
3 0.737003828125 0.8092106009259259 0.7369836791666666 0.8148503851851852 0.7387809791666666 0.814836136111111 0.73874068125 0.80922485 0.737003828125 0.8092106009259259
3 0.7596776145833334 0.7939070962962963 0.7596614953124999 0.7915816472222222 0.7369836791666666 0.7916101453703703 0.7369937536458333 0.7954174981481481 0.7387507557291666 0.7954174981481481 0.7387467255208333 0.7939070962962963 0.7596776145833334 0.7939070962962963
3 0.64652025 0.7929723564814816 0.6464960708333333 0.8134881731481481 0.6488253072916667 0.8134881731481481 0.6488454562499999 0.7929866055555556 0.64652025 0.7929723564814816
2 0.5455913760416667 0.7026731259259259 0.5456316744791666 0.72076945 0.5629316947916667 0.7210401824074074 0.5628873666666667 0.7026531777777778 0.5455913760416667 0.7026731259259259
2 0.5975780776041667 0.7475349101851853 0.5975377796875 0.7662154462962963 0.6089885151041667 0.7662296953703703 0.6090187385416667 0.7475776574074074 0.5975780776041667 0.7475349101851853
2 0.634898246875 0.747503562037037 0.634898246875 0.7658848675925926 0.6461172677083333 0.7661128527777777 0.6461777151041667 0.7474750638888888 0.634898246875 0.747503562037037
3 0.7191759015625 0.7956454833333333 0.7191617973958333 0.791553149074074 0.7105440260416667 0.791553149074074 0.7104876083333332 0.8148418351851852 0.7121438645833333 0.8148418351851852 0.7121116260416667 0.7956312342592593 0.7191759015625 0.7956454833333333
3 0.6092383640625 0.7519492731481482 0.6092262744791667 0.8130208037037037 0.6106729802083334 0.8130350527777778 0.6106709651041666 0.751929325 0.6092383640625 0.7519492731481482
3 0.5860507755208333 0.751909375925926 0.5860306265625 0.8129980055555555 0.5876768083333332 0.8130122546296296 0.5876808380208334 0.7518865777777778 0.5860507755208333 0.751909375925926
3 0.6881442677083334 0.6524764888888889 0.6881039692708334 0.6655314907407407 0.6901531333333334 0.6655599888888889 0.6901249244791666 0.652504987037037 0.6881442677083334 0.6524764888888889
3 0.6897179125 0.7226588768518518 0.6896977635416667 0.7161385009259259 0.6882006848958333 0.7161385009259259 0.688210759375 0.7247050444444445 0.7002538786458333 0.7246907953703704 0.700263953125 0.7226588768518518 0.6897179125 0.7226588768518518
3 0.7512714083333333 0.7232316898148149 0.7513016322916666 0.7247221435185186 0.7583921015624999 0.7246936453703704 0.7584062057291666 0.723254488888889 0.7512714083333333 0.7232316898148149
3 0.7507717104166667 0.6965203759259259 0.7507817854166666 0.6978255916666667 0.7584263552083333 0.697882587962963 0.7584263552083333 0.6965488740740741 0.7507717104166667 0.6965203759259259
3 0.6897300020833333 0.7018409805555555 0.6897783598958332 0.6952693074074074 0.7060205520833333 0.695178112962963 0.7060507755208333 0.6987859787037037 0.7108321578125001 0.6987717296296296 0.7108502921875 0.7224707898148148 0.7042111625 0.722502137037037 0.7042111625 0.7248874324074074 0.7406004432291666 0.7249159305555556 0.74053798125 0.7116699916666667 0.7386983677083333 0.7116414935185185 0.7386923234374999 0.7220632657407406 0.7125287124999999 0.7220775148148147 0.7126012494791667 0.6963807351851852 0.7078198671875 0.6963664861111111 0.7077896432291666 0.681926475 0.7386620994791666 0.6819834712962963 0.7387265765625001 0.6983528074074075 0.7405339510416666 0.6983528074074075 0.7405339510416666 0.6791849527777778 0.7228027401041667 0.6791650046296296 0.7227785614583334 0.6475320601851852 0.7211263348958333 0.6475320601851852 0.7210900666666666 0.6607096037037037 0.7139190005208333 0.6606925046296297 0.7138424338541667 0.6525106870370371 0.7121599838541666 0.6525277861111111 0.7121841630208333 0.6629267601851853 0.7211243197916667 0.6629011111111112 0.7211323796875 0.6792846962962963 0.7060487609375 0.6792761472222223 0.7060729395833333 0.6929951555555556 0.6901390286458333 0.6929695074074074 0.690149103125 0.6812767166666667 0.6880737458333334 0.6813023657407408 0.6880132984375 0.6954773435185185 0.6882027 0.6954773435185185 0.6882027 0.7018267314814814 0.6897300020833333 0.7018409805555555
3 0.6406306671875 0.6825363351851852 0.640564175 0.6624337416666667 0.6407354421875 0.6624194925925926 0.6407152932291668 0.6525477342592592 0.6390771708333334 0.6525477342592592 0.6390872458333334 0.6601196925925926 0.63385049375 0.6601424907407407 0.6338907916666667 0.6625306351851852 0.6377755390625001 0.662493587962963 0.6377674791666668 0.6825648333333334 0.6406306671875 0.6825363351851852
3 0.6408764859375 0.7259133657407407 0.6408764859375 0.7276688518518518 0.6488313520833333 0.7276688518518518 0.6488071729166667 0.7259304648148148 0.6408764859375 0.7259133657407407
3 0.6169816640625 0.7256711314814815 0.6169715895833333 0.7276745509259259 0.6374209145833334 0.72768595 0.6374209145833334 0.7256853805555556 0.6169816640625 0.7256711314814815
3 0.5842272817708333 0.7055029925925925 0.5842252671875 0.7259361638888889 0.5795144067708333 0.7259361638888889 0.5794942572916667 0.72769735 0.5945295182291667 0.72769735 0.5945395932291666 0.7256654314814814 0.5856820473958333 0.7256796805555555 0.5856880916666667 0.7055428898148148 0.5946886963541667 0.7055286407407407 0.5946584729166666 0.7029296092592593 0.5860608505208333 0.7029039611111111 0.5860668947916667 0.6644799092592593 0.6036046744791667 0.6644941583333334 0.6038243 0.7053063546296297 0.6041104171874999 0.7053177546296295 0.6041043723958333 0.72768595 0.6055813015625 0.7276574518518518 0.6055450333333333 0.7052094611111112 0.6056961515625 0.7052237101851853 0.6056860770833333 0.661726987962963 0.5841426557291667 0.661732687037037 0.5841950432291667 0.6920404675925925 0.5798670161458334 0.692114562962963 0.5798670161458334 0.6776204046296296 0.5841386260416667 0.6775976064814815 0.5841386260416667 0.6754687944444444 0.5781825510416667 0.6754687944444444 0.5782006848958333 0.6945169564814815 0.5841063875 0.6945169564814815 0.5841084020833333 0.7055029925925925 0.5842272817708333 0.7055029925925925
3 0.5624541609375 0.6925448842592593 0.5624743098958334 0.6942034768518518 0.5676465848958333 0.6941607296296296 0.5676465848958333 0.6925562842592592 0.5624541609375 0.6925448842592593
3 0.7121015515625 0.7911057277777778 0.7121116260416667 0.7872385296296297 0.7123534151041666 0.7867996583333334 0.7123453557291667 0.7412225703703704 0.7092625427083333 0.7412539185185185 0.709260528125 0.7870703907407407 0.7094499296875 0.7873553722222222 0.7094418697916667 0.7911199768518519 0.7121015515625 0.7911057277777778
3 0.7003324604166666 0.6952835564814815 0.70030828125 0.7250783694444445 0.7041648197916667 0.7250641203703704 0.7042091479166667 0.6952636074074073 0.7003324604166666 0.6952835564814815
3 0.6374733026041667 0.6826303787037037 0.6374571833333333 0.7281704185185185 0.6408220833333333 0.7281561694444445 0.6408140239583333 0.6826018805555555 0.6374733026041667 0.6826303787037037
4 0.6445315333333334 0.3131319462962963 0.6445214588541667 0.31979481296296297 0.7010457385416667 0.3197378166666667 0.7011162604166666 0.3131319462962963 0.6445315333333334 0.3131319462962963
4 0.6547471286458334 0.17674266203703703 0.6547249645833334 0.1813622111111111 0.6900483578125001 0.18133371296296297 0.6900483578125001 0.17671701296296297 0.6547471286458334 0.17674266203703703
4 0.6058936125 0.24623824444444442 0.6059077171875 0.25079509814814815 0.6236510177083333 0.25081219722222226 0.6236711666666667 0.24619549722222223 0.6058936125 0.24623824444444442
4 0.6062240578125 0.26932174444444446 0.6061938343750001 0.27384155 0.623550271875 0.27381305185185184 0.6235401973958333 0.2693074953703704 0.6062240578125 0.26932174444444446
4 0.5883074755208334 0.2689826157407407 0.5883276244791666 0.2734454259259259 0.5997300020833334 0.2734796240740741 0.5997541807291668 0.2688600740740741 0.5883074755208334 0.2689826157407407
4 0.5923131171875 0.18173268703703702 0.5923131171875 0.18646337962962964 0.6014648395833333 0.18647477870370371 0.6014043927083333 0.18171843796296297 0.5923131171875 0.18173268703703702
2 0.7338887770833333 0.21152180092592593 0.7338081807291666 0.22679110833333332 0.7429175901041667 0.22679110833333332 0.7427886359375001 0.21157879722222223 0.7338887770833333 0.21152180092592593
2 0.7514003625 0.22635223703703705 0.7514064072916666 0.24230549999999998 0.7636288536458333 0.24224850370370368 0.7636792260416667 0.22640923333333335 0.7514003625 0.22635223703703705
3 0.62749748125 0.24352522129629633 0.62749748125 0.24639498425925926 0.6289522468750001 0.24639498425925926 0.6289320973958333 0.24352522129629633 0.62749748125 0.24352522129629633
2 0.617322184375 0.22814192037037037 0.6171609911458333 0.24352522129629633 0.629365303125 0.24346822499999998 0.6294156760416667 0.22805642592592593 0.617322184375 0.22814192037037037
3 0.7318496875 0.19170703888888888 0.731841628125 0.2263066398148148 0.7337517630208333 0.22632658888888887 0.7339089260416666 0.1987318324074074 0.7611827526041667 0.19855514351851852 0.7611646182291667 0.2237475064814815 0.7429437838541666 0.22370190925925926 0.7429538583333334 0.22632943888888887 0.7888535161458333 0.22634368796296295 0.788863590625 0.22394414351851852 0.7629135604166667 0.22393559444444444 0.7629216197916667 0.19597891111111113 0.7336167640625 0.1959931601851852 0.733586540625 0.1877885435185185 0.7319302838541667 0.18781704166666668 0.7319302838541667 0.18974921666666666 0.7061595807291667 0.18974921666666666 0.7061495062500001 0.22409803333333334 0.7002135807291666 0.2241208324074074 0.7002035057291667 0.22615274999999999 0.7074350192708334 0.22615274999999999 0.7074410640625001 0.19172413796296298 0.7318496875 0.19170703888888888
3 0.6974209145833333 0.1636791111111111 0.697400765625 0.18930464537037037 0.6998206729166667 0.18930464537037037 0.6998307473958333 0.1636791111111111 0.6974209145833333 0.1636791111111111
4 0.16623211770833332 0.15832145925925925 0.1662421921875 0.18294100925925927 0.170378803125 0.18295525833333334 0.17036268385416667 0.15831860925925925 0.16623211770833332 0.15832145925925925
4 0.16701188802083333 0.1313622111111111 0.16699576875 0.1474209175925926 0.17012089479166667 0.1474836138888889 0.17009268593750002 0.1313622111111111 0.16701188802083333 0.1313622111111111
2 0.22519846875 0.3199373037037037 0.22530928854166668 0.33506697037037037 0.2372516625 0.33512966666666666 0.2372516625 0.31996580185185186 0.22519846875 0.3199373037037037
2 0.2072818859375 0.22311199814814817 0.20712069322916668 0.23846109999999998 0.21928269166666667 0.23848959814814813 0.21924037864583334 0.22305500185185187 0.2072818859375 0.22311199814814817
2 0.23996373177083333 0.1662496435185185 0.23999194010416666 0.1722143064814815 0.25039895208333335 0.17224280462962963 0.250449325 0.16623539444444443 0.23996373177083333 0.1662496435185185
2 0.2191940359375 0.19109432870370371 0.21896030625000001 0.20843830185185186 0.2301108203125 0.20845255092592593 0.23012089479166667 0.19117982314814816 0.2191940359375 0.19109432870370371
2 0.2903123109375 0.2605870620370371 0.29035260937499996 0.2655172416666667 0.3003465645833333 0.26554573981481483 0.3003465645833333 0.26050156759259263 0.2903123109375 0.2605870620370371
2 0.31541204895833336 0.26224850370370373 0.315462421875 0.27952123148148145 0.3267499494791667 0.279424337037037 0.326739875 0.2622057564814815 0.31541204895833336 0.26224850370370373
2 0.33375176302083337 0.2251724138888889 0.33375176302083337 0.2431148472222222 0.34505944010416667 0.2431148472222222 0.34499093281250004 0.22520091203703704 0.33375176302083337 0.2251724138888889
2 0.300185371875 0.1869165 0.3000745515625 0.21074095185185185 0.313241990625 0.21074095185185185 0.3133024380208333 0.18680535740740742 0.300185371875 0.1869165
2 0.26446101145833334 0.22842690185185185 0.26440459374999997 0.2430721 0.27371952447916664 0.2430721 0.27367922604166667 0.22846964907407408 0.26446101145833334 0.22842690185185185
2 0.2644106385416667 0.2062667425925926 0.26436832552083334 0.2214705046296296 0.27333870624999995 0.22153605 0.27330848281250003 0.20628099166666666 0.2644106385416667 0.2062667425925926
2 0.241233125 0.18995440277777778 0.24120491614583334 0.20529495555555555 0.2504593994791667 0.20525790833333332 0.2504291760416667 0.18992875462962963 0.241233125 0.18995440277777778
3 0.21275639739583332 0.3409147907407407 0.21278460625 0.3490652611111111 0.21444287708333334 0.34904246203703704 0.21443280260416667 0.33861213981481486 0.2097219421875 0.3385836416666667 0.20973403177083333 0.31988600740740736 0.23727382656249998 0.3198575092592592 0.2372436026041667 0.3173867194444444 0.20332057239583332 0.3174095185185185 0.20338504947916666 0.3197634657407407 0.20806165625 0.31974636666666667 0.2080656859375 0.34094043888888886 0.21275639739583332 0.3409147907407407
3 0.2579850895833333 0.17932174444444446 0.25800926875 0.19035052685185183 0.2594559739583333 0.1903334287037037 0.25941769114583335 0.17930464537037036 0.2579850895833333 0.17932174444444446
3 0.25049163802083335 0.1666885148148148 0.2504714890625 0.16873468240740738 0.2579226276041667 0.16874893148148146 0.2579145677083333 0.16673126203703703 0.25049163802083335 0.1666885148148148
3 0.23509973802083334 0.16671701296296296 0.2351400364583333 0.1246679962962963 0.2335462421875 0.12467084629629628 0.23361474895833334 0.16874893148148146 0.23993149322916668 0.16874893148148146 0.23991134374999998 0.16671701296296296 0.23509973802083334 0.16671701296296296
3 0.3268204713541667 0.26287261296296294 0.32681039687499996 0.26493302962962967 0.3510961114583333 0.26493302962962967 0.3510961114583333 0.26284411481481484 0.3268204713541667 0.26287261296296294
3 0.3153677213541667 0.28351952129629626 0.3153334677083333 0.26289541203703704 0.3003747734375 0.262884012962963 0.3003848479166667 0.2648589342592592 0.3139633286458333 0.26488743240740736 0.3139310901041667 0.28351952129629626 0.3153677213541667 0.28351952129629626
3 0.28707435000000003 0.2936192648148148 0.28705823072916664 0.285574237962963 0.2812633489583333 0.2856169851851852 0.2812834979166666 0.28769164999999997 0.2853979447916667 0.2876318037037037 0.28542816822916667 0.2936192648148148 0.28707435000000003 0.2936192648148148
3 0.33210155156250004 0.21073240277777777 0.3321136411458333 0.23971786851851853 0.3148801130208333 0.23974636666666668 0.3148801130208333 0.23278711851851852 0.313727584375 0.23278711851851852 0.3137517630208333 0.24245084074074072 0.3336490026041667 0.24245084074074072 0.3336691515625 0.21073240277777777 0.33210155156250004 0.21073240277777777
3 0.3450856338541667 0.23970076944444443 0.3450856338541667 0.24246223981481482 0.3511565583333333 0.24241949259259263 0.35114849895833333 0.23970076944444443 0.3450856338541667 0.23970076944444443
2 0.1741547453125 0.1553776 0.17412653645833334 0.17072100277777777 0.18357848072916666 0.17068110555555555 0.1835422125 0.15535765185185185 0.1741547453125 0.1553776
3 0.23474309895833334 0.23837560555555554 0.23471891979166667 0.22914790555555556 0.25034051979166666 0.2291222574074074 0.2503465645833333 0.2383927046296296 0.252123715625 0.2384069537037037 0.252097521875 0.22660302037037036 0.23504332031250003 0.2266543175925926 0.23503727604166666 0.19265887685185185 0.241198871875 0.19261328055555557 0.24119484166666666 0.19043032222222223 0.23315937916666665 0.19043032222222223 0.23318355833333332 0.20565403240740743 0.2301813421875 0.20566258148148148 0.2301813421875 0.2076945 0.23315333489583334 0.20765175277777778 0.233145275 0.23837560555555554 0.23474309895833334 0.23837560555555554
3 0.23516623020833333 0.3352265601851852 0.23521660260416669 0.34898831574074074 0.23730203489583335 0.3489740666666667 0.2372516625 0.3352493583333333 0.23516623020833333 0.3352265601851852
1 0 0 0 1 1 1 1 0 0 0
3 0.277902478125 0.28348817314814817 0.27786218020833336 0.26486463425925927 0.29028611718749997 0.26490738148148146 0.29028208749999995 0.26284411481481484 0.26812411822916665 0.26284126574074074 0.26812411822916665 0.26488743240740736 0.27651219010416667 0.2648361361111111 0.27648801145833335 0.28348247407407406 0.277902478125 0.28348817314814817
3 0.313753778125 0.21073525185185185 0.313753778125 0.21830721018518517 0.31490832135416663 0.21830721018518517 0.3148680234375 0.21073525185185185 0.313753778125 0.21073525185185185
3 0.2642836994791667 0.23837845555555556 0.2644247432291667 0.18152180092592593 0.28197058229166666 0.18149330277777778 0.2819746119791667 0.21818751759259258 0.27344751145833335 0.2182302648148148 0.2734273625 0.22101453425925927 0.28228490833333336 0.22102878333333334 0.2822969979166666 0.24042747222222224 0.2737698973958333 0.2404417212962963 0.273779971875 0.24250213703703705 0.28232722135416666 0.24244514074074075 0.28232722135416666 0.2426731259259259 0.29341527291666664 0.2426731259259259 0.29341527291666664 0.24243089166666665 0.29801531354166666 0.24243089166666665 0.29801531354166666 0.24047306944444444 0.29339512395833334 0.24045882037037034 0.2933910942708333 0.21009119444444446 0.2917146885416667 0.21009119444444446 0.29172476302083333 0.24029068148148147 0.28387064270833334 0.24027643240740737 0.28387064270833334 0.1809945851851852 0.29093088854166665 0.1809803361111111 0.2909611119791667 0.1789085212962963 0.26260930885416667 0.17893701944444446 0.26261132395833336 0.19045597037037038 0.250467459375 0.19040182407407408 0.25046947395833336 0.1925990314814815 0.26228893802083336 0.19261897962962965 0.2623050572916667 0.23837845555555556 0.2642836994791667 0.23837845555555556
3 0.21739472083333336 0.1939640925925926 0.21742494479166666 0.22297235648148148 0.21887165 0.22297235648148148 0.21887165 0.19397834166666666 0.21739472083333336 0.1939640925925926
3 0.17132178125 0.23902536296296298 0.17132178125 0.24239099444444442 0.1858190609375 0.24244514074074075 0.1858190609375 0.2390082648148148 0.17132178125 0.23902536296296298
3 0.18349183958333332 0.18310914814814816 0.18346161614583334 0.1898290111111111 0.17034454947916666 0.1897862638888889 0.170334475 0.19217155925925927 0.18617368541666668 0.19217155925925927 0.18618375989583333 0.18309489907407409 0.18349183958333332 0.18310914814814816
3 0.1846383234375 0.12646622962962964 0.18464235364583334 0.15538045 0.1835986296875 0.15539469907407408 0.18360870416666666 0.15805357685185187 0.18614950625 0.15808207500000002 0.1862159984375 0.12645483055555554 0.1846383234375 0.12646622962962964
3 0.17038081822916668 0.15539469907407408 0.1703646989583333 0.15810772314814814 0.17410638750000001 0.15811057314814816 0.17410034270833333 0.15542319722222223 0.17038081822916668 0.15539469907407408
3 0.23297602239583334 0.2384525509259259 0.23296393333333335 0.24281561666666665 0.2643501916666667 0.2428013675925926 0.264370340625 0.2384411509259259 0.23297602239583334 0.2384525509259259
3 0.18584928489583333 0.23854089444444446 0.1858573442708333 0.24280706759259257 0.21910135 0.24281846666666668 0.2190610515625 0.2386292388888889 0.18584928489583333 0.23854089444444446
3 0.2190973203125 0.19391279537037037 0.21906709635416668 0.1894955824074074 0.18960910729166666 0.1895611287037037 0.189339109375 0.1898432601851852 0.1868023375 0.1898432601851852 0.18679427760416667 0.19359931574074074 0.18936530312500002 0.1936278138888889 0.18960507760416664 0.19396979166666664 0.2190973203125 0.19391279537037037
3 0.3327966953125 0.20914790555555557 0.3327160989583334 0.18278426944444445 0.37784203125 0.18271302407407405 0.37784203125 0.2414249074074074 0.3749304854166667 0.2414391564814815 0.37488011302083335 0.24646622962962966 0.381418496875 0.2464804787037037 0.38143864583333337 0.17688800185185186 0.3285794880208333 0.17687375277777778 0.3285694135416667 0.20332573425925926 0.31333266145833333 0.20328298703703704 0.3133225869791667 0.2059960101851852 0.3144469072916667 0.2059960101851852 0.31446705625 0.20920490185185184 0.3327966953125 0.20914790555555557
3 0.35748539166666665 0.24645483055555556 0.3574249447916667 0.2414391564814815 0.35253475729166667 0.2414391564814815 0.352510578125 0.3285123962962963 0.343753778125 0.3285038472222222 0.3437497479166666 0.3335223712962963 0.35605480572916665 0.3335793675925926 0.35605883541666666 0.2464690796296296 0.35748539166666665 0.24645483055555556
3 0.3141466854166667 0.3285152462962963 0.31414467031250004 0.28544029629629625 0.3106306671875 0.2854887435185185 0.31061051770833337 0.33358506666666665 0.3228531130208333 0.3335565685185185 0.32278460625 0.3285009972222222 0.3141466854166667 0.3285152462962963
3 0.2871912151041667 0.29703619259259256 0.2871609911458333 0.2936705611111111 0.281225065625 0.29369905925925927 0.281225065625 0.28547449444444445 0.2777110619791667 0.28547449444444445 0.2777050171875 0.35024793425925926 0.2640539994791667 0.3502080361111111 0.2640036270833333 0.3552664574074074 0.28125931875 0.35529495555555557 0.2812552890625 0.29705044166666666 0.2871912151041667 0.29703619259259256
3 0.2337658671875 0.35026503240740736 0.23377191197916666 0.3553291537037037 0.24660890572916666 0.35530065555555557 0.24655853333333333 0.35021658611111106 0.2337658671875 0.35026503240740736
3 0.22475115833333334 0.3553063546296296 0.22470078593749998 0.35026218333333337 0.20230102760416668 0.3502678824074074 0.20225871458333333 0.31943003703703704 0.19754986927083334 0.31941008796296294 0.19756800312499997 0.32443431203703704 0.19870239791666666 0.32444856111111114 0.19868023385416667 0.3552693074074074 0.22475115833333334 0.3553063546296296
3 0.17017328229166667 0.3194072388888889 0.17023977447916666 0.30498432592592595 0.16663509947916666 0.3049643777777778 0.16666733854166665 0.324420062962963 0.18478138229166668 0.3244685092592593 0.18478138229166668 0.3194072388888889 0.17017328229166667 0.3194072388888889
3 0.16669554687500002 0.22846964907407408 0.16666129375 0.2551638638888889 0.1702780578125 0.2551638638888889 0.17020955052083334 0.22849814722222223 0.16669554687500002 0.22846964907407408
3 0.1666753979166667 0.18299800555555557 0.16666532343749998 0.20386434907407408 0.17019947604166666 0.20380735277777778 0.17035059427083335 0.1830122546296296 0.1666753979166667 0.18299800555555557
3 0.16669554687500002 0.14751211203703704 0.16669554687500002 0.15825306388888888 0.1703304453125 0.15826446296296298 0.17037275833333335 0.14755485925925926 0.16669554687500002 0.14751211203703704
3 0.1862603265625 0.1264206324074074 0.18622204322916666 0.1245568537037037 0.25888776927083335 0.12457395277777779 0.2588494859375 0.17823881481481482 0.2914648395833333 0.17825591296296298 0.29151722760416665 0.20919350277777776 0.2993109005208333 0.20921060092592594 0.29927261718750003 0.20593901388888888 0.3000362682291666 0.20590196666666666 0.3000362682291666 0.2032858361111111 0.29563973385416664 0.20332288425925926 0.29563973385416664 0.17231405 0.2629719927083333 0.17233114814814815 0.26297602239583334 0.11963522407407406 0.18467862187499998 0.11963237407407408 0.18467862187499998 0.12135081203703703 0.1666753979166667 0.12139355925925925 0.1666753979166667 0.13128241666666668 0.1703485796875 0.13128241666666668 0.17032238541666667 0.1264377314814815 0.1862603265625 0.1264206324074074
4 0.18361474895833335 0.15811057314814816 0.1835905703125 0.1830322027777778 0.18742292968750002 0.18306640092592594 0.18743501927083334 0.15814192037037036 0.18361474895833335 0.15811057314814816
4 0.3574551682291667 0.23920775185185186 0.3575136005208333 0.24610715277777778 0.3748599635416667 0.24612710185185185 0.3748599635416667 0.23921630092592594 0.3574551682291667 0.23920775185185186
4 0.32282288958333333 0.3260986037037037 0.32289341145833333 0.3330322027777778 0.3437134796875 0.33306070092592593 0.3437034052083333 0.3261556 0.32282288958333333 0.3260986037037037
4 0.2870884546875 0.28369905925925926 0.28712069322916667 0.2900341981481482 0.3105943984375 0.2900341981481482 0.31058432395833335 0.2837133083333333 0.2870884546875 0.28369905925925926
4 0.24660890572916666 0.34803647777777774 0.24664920416666666 0.354799087962963 0.26394519427083335 0.35481333703703705 0.26405601458333333 0.34805072685185184 0.24660890572916666 0.34803647777777774
4 0.2247269796875 0.34805072685185184 0.22477332239583334 0.354821887037037 0.23371549479166667 0.354821887037037 0.23370340520833333 0.3480877740740741 0.2247269796875 0.34805072685185184
4 0.18482974010416667 0.31707608981481483 0.18484787447916667 0.3250299231481481 0.19752971979166667 0.32504987129629626 0.19749949635416666 0.317101737962963 0.18482974010416667 0.31707608981481483
4 0.16626234114583335 0.25520376203703704 0.16626435625 0.30486178425925925 0.171789240625 0.3049444287037037 0.17179528489583334 0.2552294101851852 0.16626234114583335 0.25520376203703704
4 0.16701591770833335 0.20392134537037038 0.16698569427083332 0.22842690185185185 0.17179125520833333 0.22842120277777778 0.1717771510416667 0.20386434907407408 0.16701591770833335 0.20392134537037038
3 0.7519282692708333 0.24236249629629628 0.7519081203125 0.24646622962962966 0.7533548255208333 0.2464804787037037 0.753374975 0.24234824722222223 0.7519282692708333 0.24236249629629628
3 0.7891033651041667 0.3156369333333333 0.7523634895833333 0.31561128518518516 0.7523272213541666 0.29468224537037035 0.7494156760416666 0.29468224537037035 0.7494438848958332 0.31563408333333337 0.7164195041666667 0.3156141351851852 0.716413459375 0.3198803074074074 0.7921196854166667 0.3197777148148148 0.7921176708333333 0.29470789444444445 0.7890953052083333 0.2947221435185185 0.7891033651041667 0.3156369333333333
3 0.5816461817708334 0.31803647777777777 0.5816723755208333 0.2739583925925926 0.5802921619791667 0.2739669425925926 0.5803042515625 0.3197549157407407 0.62917993125 0.3197691648148148 0.62917993125 0.3179794814814815 0.5816461817708334 0.31803647777777777
3 0.6322869234374999 0.26888287222222224 0.6323010276041666 0.24826731296296295 0.6236953453125 0.24821886574074073 0.6236772114583334 0.25191222592592594 0.6309067098958334 0.2518979768518519 0.6309046947916667 0.2688857222222222 0.6322869234374999 0.26888287222222224
3 0.6042051177083334 0.2648902824074074 0.6042051177083334 0.2687973777777778 0.6060729395833333 0.2687973777777778 0.6060628651041667 0.2649045314814815 0.6042051177083334 0.2648902824074074
3 0.6058734635416666 0.251920775 0.6058674187499999 0.24827301203703706 0.5836631067708333 0.2481846675925926 0.5836550473958333 0.25018808796296294 0.6041910135416667 0.2501766888888889 0.6041849687499999 0.251920775 0.6058734635416666 0.251920775
3 0.6288917994791666 0.2280222287037037 0.6289381421875 0.20927329722222224 0.64598226875 0.20927329722222224 0.6459983880208333 0.22459390185185185 0.6395909734374999 0.22460815092592593 0.6395909734374999 0.22614420092592594 0.6474148697916667 0.22614420092592594 0.6474068104166667 0.2092447990740741 0.6475680031250001 0.2092447990740741 0.6475337499999999 0.1806526074074074 0.6458573442708333 0.18063835833333333 0.6458774932291667 0.20693644907407407 0.6289683661458334 0.20689940185185185 0.628942171875 0.1854915925925926 0.6273765869791668 0.1855029925925926 0.6273503927083334 0.2091906527777778 0.6275115859375 0.20916215462962964 0.62749748125 0.22802792777777778 0.6288917994791666 0.2280222287037037
3 0.6989582911458334 0.16132801388888887 0.698942171875 0.1507181537037037 0.6974712875000001 0.15073525185185185 0.6974813619791667 0.16364491296296296 0.7037497479166667 0.16365916203703704 0.7037497479166667 0.16134226296296295 0.6989582911458334 0.16132801388888887
3 0.6074289744791667 0.14315189537037037 0.6074289744791667 0.13809347407407407 0.6438686276041667 0.13805072685185185 0.6438787026041666 0.1490168138888889 0.6928410234375 0.14897406666666665 0.6928410234375 0.14487033333333332 0.6467902479166666 0.14487033333333332 0.6467902479166666 0.13391849537037037 0.6044368328124999 0.13391849537037037 0.6044267578125001 0.13888857222222223 0.5803022364583333 0.13888857222222223 0.5803324604166666 0.17900541481481483 0.5833246020833334 0.17899116574074075 0.5833346765624999 0.1431946425925926 0.6074289744791667 0.14315189537037037
3 0.6971750958333334 0.18933599351851854 0.6971750958333334 0.22681960648148147 0.7001773119791667 0.22681960648148147 0.7001611927083334 0.1893388425925926 0.6971750958333334 0.18933599351851854
3 0.7602276848958333 0.29467084629629625 0.7601551479166667 0.28963807314814816 0.7520854322916667 0.28968082037037035 0.7520753578124999 0.2484155027777778 0.7450070520833333 0.24841265277777777 0.7450010072916666 0.2525904814814815 0.749109409375 0.2525904814814815 0.7490973203125001 0.2946651472222222 0.7602276848958333 0.29467084629629625
3 0.7205017125000001 0.25260473055555555 0.7205017125000001 0.24842120277777777 0.71350594375 0.24846964907407407 0.7134716906249999 0.31523795925925924 0.7011323796875 0.31518951296296294 0.7010799921875001 0.3202479342592593 0.716387265625 0.3202479342592593 0.7164054 0.25261897962962965 0.7205017125000001 0.25260473055555555
3 0.6444912348958333 0.32027643240740744 0.6444811604166667 0.31524365925925923 0.6321519244791667 0.3152265601851852 0.6321277453125 0.2689113703703704 0.6235905703125 0.2688971212962963 0.6235905703125 0.27392704444444443 0.6291859760416667 0.2739555425925926 0.6291980656249999 0.3202707324074074 0.6444912348958333 0.32027643240740744
3 0.5997763447916667 0.26882587592592594 0.5997561958333333 0.27393844444444443 0.6061535359375 0.27392704444444443 0.6061938343750001 0.268840125 0.5997763447916667 0.26882587592592594
3 0.704652428125 0.14944428611111113 0.7046826515625 0.16166144166666666 0.73305661875 0.1616044453703704 0.7330364697916667 0.18620689629629628 0.7697642557291666 0.18622114537037038 0.769736046875 0.1751695638888889 0.7890288130208333 0.1751125675925926 0.7889985895833332 0.17945853518518518 0.7888676203125 0.17952978055555557 0.7888776947916667 0.2828469648148148 0.7889885151041667 0.2829182101851852 0.7890086640625 0.2896665712962963 0.78115454375 0.28963807314814816 0.7811646182291666 0.2946224 0.7924440864583333 0.29467939629629625 0.7924743098958333 0.16930179537037035 0.7655772718749999 0.16938728981481482 0.7655974208333334 0.1804958675925926 0.7372234536458334 0.18048161851851852 0.7371831552083333 0.1565745222222222 0.7081966552083333 0.1566315185185185 0.7081966552083333 0.14438586481481483 0.6928712473958334 0.14442861203703702 0.6928611729166666 0.1740609861111111 0.6900584322916666 0.17407523518518517 0.6900785812500001 0.17910515833333335 0.6964255489583333 0.1790766601851852 0.6963953255208334 0.14948703333333335 0.704652428125 0.14944428611111113
3 0.6547028005208334 0.17913365648148147 0.6547612333333334 0.1741236824074074 0.6241728791666666 0.1740609861111111 0.6242010880208333 0.17909375925925924 0.6014124520833334 0.17903391296296298 0.6014648395833333 0.18410373333333332 0.6277594197916667 0.1841236824074074 0.6277150916666667 0.1791137074074074 0.6547028005208334 0.17913365648148147
2 0.6294257505208333 0.22382445185185187 0.629435825 0.22878027962962963 0.6395688093749999 0.22882302685185185 0.6395486598958333 0.22378170462962962 0.6294257505208333 0.22382445185185187
4 0.7601531333333333 0.2875491592592593 0.7602841026041667 0.2943516675925926 0.7811142453125 0.2943117694444445 0.7811343942708333 0.28757765740740737 0.7601531333333333 0.2875491592592593
3 0.5836570625 0.2688657740740741 0.5835200484374999 0.18410088333333335 0.5922828932291666 0.1840609861111111 0.5922828932291666 0.17904246203703703 0.5799879104166668 0.17904246203703703 0.5799717911458333 0.27392704444444443 0.5882953859375 0.2739697916666667 0.5882671770833333 0.26886862314814813 0.5836570625 0.2688657740740741
4 0.7205319364583332 0.24623824444444442 0.7205420109375 0.2521630092592593 0.7449768286458334 0.2521772583333334 0.7449768286458334 0.24623824444444442 0.7205319364583332 0.24623824444444442
3 0.7022123713541667 0.8149786268518519 0.702228490625 0.8200598462962962 0.719391496875 0.8200455972222221 0.7193511989583333 0.8148446851851852 0.7022123713541667 0.8149786268518519
3 0.6390973203125 0.8150641203703705 0.6390872458333334 0.8200797944444445 0.656308684375 0.8200712453703705 0.6562885354166668 0.8150270731481482 0.6390973203125 0.8150641203703705
3 0.6053395125000001 0.8150213731481482 0.6053596614583333 0.8200370472222221 0.6180253880208333 0.8200512962962963 0.617991134375 0.8150327731481481 0.6053395125000001 0.8150213731481482
3 0.5768466651041667 0.815007124074074 0.5768789036458333 0.8200797944444445 0.591470884375 0.8200370472222221 0.591462825 0.814998575 0.5768466651041667 0.815007124074074
3 0.6462180135416666 0.7476175546296296 0.6461797302083333 0.792912511111111 0.6491738869791667 0.792912511111111 0.6491416484375 0.7476318037037037 0.6462180135416666 0.7476175546296296
3 0.6090973203125 0.7476033055555555 0.60912754375 0.7518865777777778 0.6348478744791667 0.7518352805555556 0.6348579489583333 0.7476660018518518 0.6090973203125 0.7476033055555555
3 0.7547410838541667 0.8148275861111111 0.7547592182291667 0.8201082925925925 0.7632984083333334 0.8200569962962964 0.7632581098958333 0.6411085777777777 0.7518255088541667 0.6410772296296297 0.7518658067708334 0.64614705 0.7597199276041666 0.6461185518518519 0.75969171875 0.8148275861111111 0.7547410838541667 0.8148275861111111
3 0.7427483375 0.64614705 0.7427483375 0.6410914787037036 0.7090610515625 0.641134225925926 0.7090670963541666 0.6462553435185185 0.7016441666666666 0.6462125962962962 0.7016542411458333 0.6512567685185185 0.7126435625 0.6512567685185185 0.7126032640625 0.6460986037037036 0.7427483375 0.64614705
3 0.5614326010416666 0.7013166148148149 0.5614467057291667 0.6604873185185186 0.5691134395833333 0.6604673694444444 0.5690892604166666 0.6554488453703704 0.5572919604166666 0.6554659444444445 0.5572637515625 0.7026047305555556 0.5590711265625 0.7025676833333333 0.5590570218750001 0.7013166148148149 0.5614326010416666 0.7013166148148149
3 0.6483316541666666 0.6511969222222223 0.6483376989583333 0.6462182953703703 0.6294297802083333 0.6462068962962964 0.6294257505208333 0.6554659444444445 0.6282248640625 0.6554602453703704 0.6282510578125 0.6605243657407407 0.6329437838541666 0.6605158166666667 0.6329337093749999 0.6512111712962964 0.6483316541666666 0.6511969222222223
3 0.7368023375 0.8149073814814815 0.7368124119791666 0.8200512962962963 0.7431996776041667 0.8200655453703704 0.7431291557291666 0.814836136111111 0.7368023375 0.8149073814814815
3 0.5781926255208333 0.6554231972222222 0.5782027000000001 0.6604673694444444 0.6107535765625 0.6604958675925926 0.6107938744791667 0.6554374462962963 0.5781926255208333 0.6554231972222222
3 0.6657888375 0.6462097462962962 0.6658291354166667 0.6512824166666666 0.6924884140625001 0.6512339694444444 0.6924561755208334 0.6462097462962962 0.6657888375 0.6462097462962962
3 0.5558895828125 0.8200911944444444 0.5558553296875 0.8150441722222223 0.5458271208333334 0.8150270731481482 0.5457646583333333 0.7502507833333334 0.5614326010416666 0.7502849814814815 0.561444690625 0.7224878879629629 0.5589985895833334 0.722516386111111 0.5589985895833334 0.7210230833333333 0.5572919604166666 0.7210230833333333 0.5572919604166666 0.7443744657407407 0.5416240177083333 0.7443887148148148 0.5416078984375 0.8200569962962964 0.5558895828125 0.8200911944444444
3 0.5744368328125 0.7518352805555556 0.5744106385416666 0.7476346537037037 0.5646685473958333 0.7476346537037037 0.5645879510416666 0.7478341407407407 0.5619061052083333 0.7477628953703704 0.5619061052083333 0.751741237037037 0.5645174291666667 0.7516956398148148 0.5645577270833333 0.7518267314814814 0.5744368328125 0.7518352805555556
3 0.586000403125 0.7476033055555555 0.5859963729166666 0.7518637787037037 0.5975297197916666 0.7518352805555556 0.597515615625 0.7476318037037037 0.586000403125 0.7476033055555555
4 0.5691577677083333 0.6558877175925926 0.5691577677083333 0.6626617268518519 0.5781624015625 0.6626389287037037 0.5781462822916666 0.6559304648148148 0.5691577677083333 0.6558877175925926
3 0.2659661494791667 0.6512624675925927 0.26599637291666667 0.6600968935185185 0.25723957291666666 0.6602108861111111 0.2573080796875 0.6625847824074074 0.26768486822916665 0.6625562842592593 0.2676949427083333 0.6512624675925927 0.2659661494791667 0.6512624675925927
3 0.36970783802083335 0.64614705 0.36970783802083335 0.6410914787037036 0.3360205520833333 0.641134225925926 0.33602659687499997 0.6462553435185185 0.32860568229166665 0.6462125962962962 0.3286157567708334 0.6512567685185185 0.3391053796875 0.6512767166666668 0.33911545416666666 0.6461043027777778 0.36970783802083335 0.64614705
3 0.27529316927083336 0.6511969222222223 0.27529719947916664 0.6462182953703703 0.25638928072916667 0.6462068962962964 0.25638525104166665 0.6554659444444445 0.25514003645833333 0.6554659444444445 0.2551501109375 0.6601966370370371 0.2599496270833333 0.6601538898148148 0.2598952244791667 0.6512111712962964 0.27529316927083336 0.6511969222222223
4 0.19611726770833335 0.6558877175925926 0.19613338697916666 0.6600683953703704 0.20506145468749998 0.6600968935185185 0.2051057828125 0.6559304648148148 0.19611726770833335 0.6558877175925926
3 0.1883921015625 0.7013166148148149 0.18840620572916666 0.6604873185185186 0.19607293958333333 0.6604673694444444 0.19604876093749998 0.6554488453703704 0.1842514609375 0.6554659444444445 0.18422325208333332 0.7026047305555556 0.1860306265625 0.7025676833333333 0.18601652239583333 0.7013166148148149 0.1883921015625 0.7013166148148149
3 0.3166774130208333 0.7226588768518518 0.3166572635416667 0.7161385009259259 0.3151601854166667 0.7161385009259259 0.3151702598958333 0.7247050444444445 0.32721337916666665 0.7246907953703704 0.32722345364583333 0.7226588768518518 0.3166774130208333 0.7226588768518518
3 0.26783598645833334 0.7259133657407407 0.26783598645833334 0.7276688518518518 0.2757908520833333 0.7276688518518518 0.2757666734375 0.7259304648148148 0.26783598645833334 0.7259133657407407
3 0.24394116458333331 0.7256711314814815 0.24393109010416666 0.7276745509259259 0.26438041510416666 0.72768595 0.26438041510416666 0.7256853805555556 0.24394116458333331 0.7256711314814815
3 0.21118678229166665 0.7055029925925925 0.2111847671875 0.7259361638888889 0.20647390677083333 0.7259361638888889 0.2064537578125 0.72769735 0.22148901875 0.72769735 0.22149909322916667 0.7256654314814814 0.21264154739583332 0.7256796805555555 0.21264960729166665 0.7055428898148148 0.221648196875 0.7055286407407407 0.22161797291666666 0.7029296092592593 0.21302035052083335 0.7029039611111111 0.21302841041666667 0.6644799092592593 0.230564175 0.6644941583333334 0.2307838 0.7053063546296297 0.2310699171875 0.7053177546296295 0.23106588749999998 0.72768595 0.23254080208333333 0.7276574518518518 0.23250453333333335 0.7052094611111112 0.23265565208333333 0.7052237101851853 0.2326475921875 0.661726987962963 0.21110215572916669 0.661732687037037 0.21115454375 0.6920404675925925 0.20682651614583333 0.692114562962963 0.20682651614583333 0.6776204046296296 0.21109812604166667 0.6775976064814815 0.21109812604166667 0.6754687944444444 0.2051420510416667 0.6754687944444444 0.20516018541666667 0.6945169564814815 0.21106588750000002 0.6945169564814815 0.2110679026041667 0.7055029925925925 0.21118678229166665 0.7055029925925925
3 0.3390610515625 0.7911057277777778 0.33907314114583337 0.7872385296296297 0.33931291562500004 0.7867996583333334 0.3393048557291667 0.7412225703703704 0.33622204322916666 0.7412539185185185 0.336220028125 0.7870703907407407 0.33640942968750004 0.7873553722222222 0.3364013703125 0.7911199768518519 0.3390610515625 0.7911057277777778
3 0.32729397552083334 0.6952835564814815 0.3272677817708333 0.7250783694444445 0.3311243197916667 0.7250641203703704 0.33116864791666667 0.6952636074074073 0.32729397552083334 0.6952835564814815
3 0.2644328026041667 0.6826303787037037 0.2644186984375 0.7281704185185185 0.26778158385416667 0.7281561694444445 0.26777352395833337 0.6826018805555555 0.2644328026041667 0.6826303787037037
3 0.329171871875 0.8149786268518519 0.3291879911458333 0.8200598462962962 0.3463530125 0.8200455972222221 0.34631271406249997 0.8148446851851852 0.329171871875 0.8149786268518519
3 0.2660568203125 0.8150641203703705 0.2660467458333333 0.8200797944444445 0.283268184375 0.8200712453703705 0.28324803541666665 0.8150270731481482 0.2660568203125 0.8150641203703705
3 0.23230102760416665 0.8150213731481482 0.2323211765625 0.8200370472222221 0.24498488802083335 0.8200512962962963 0.24495063489583335 0.8150327731481481 0.23230102760416665 0.8150213731481482
3 0.203806165625 0.815007124074074 0.20383840416666665 0.8200797944444445 0.21843038489583336 0.8200370472222221 0.218422325 0.814998575 0.203806165625 0.815007124074074
3 0.27317751354166664 0.7476175546296296 0.27313923020833336 0.792912511111111 0.2761333869791667 0.792912511111111 0.2761011484375 0.7476318037037037 0.27317751354166664 0.7476175546296296