3 0.6646383234375001 0.12449415833333333 0.6646383234375001 0.1293445425925926 0.6641265364583333 0.1293445425925926 0.6641164619791666 0.13751211203703703 0.6666411442708333 0.13753776018518518 0.6666471890625 0.11991165555555557 0.6641265364583333 0.11992590462962964 0.6641164619791666 0.12448560833333333 0.6646383234375001 0.12449415833333333
3 0.6013479749999999 0.1724223425925926 0.6013479749999999 0.17475634074074076 0.6101712671875 0.17477628981481483 0.6101208947916666 0.15713023611111113 0.6084787427083334 0.1571416361111111 0.608492846875 0.1723624962962963 0.6013479749999999 0.1724223425925926
3 0.5825831151041666 0.17472214351851853 0.5898388072916667 0.17474209166666668 0.5898388072916667 0.17228555185185185 0.5825347572916667 0.1723710462962963 0.5821196854166666 0.10516671388888889 0.610916784375 0.10519236203703704 0.6108946203125 0.10216870925925926 0.5808261130208333 0.10202336851851852 0.5809067098958334 0.17666571666666667 0.5825710255208333 0.17666571666666667 0.5825831151041666 0.17472214351851853
3 0.6100926859375 0.1548931324074074 0.5836772114583333 0.1548931324074074 0.5836772114583333 0.10755770833333334 0.6083276244791667 0.10755770833333334 0.6083276244791667 0.13845255092592593 0.6100926859375 0.13845255092592593 0.6100564177083334 0.10521516111111111 0.5821297604166666 0.10516386388888889 0.5820209552083334 0.1571359361111111 0.6101208947916666 0.15713023611111113 0.6100926859375 0.1548931324074074
3 0.5392665723958333 0.055180962962962966 0.5359198067708333 0.05512966666666667 0.5359923432291667 0.13616414907407406 0.5392665723958333 0.1362154462962963 0.5392665723958333 0.055180962962962966
3 0.582202296875 0.24532345370370368 0.5821922223958332 0.2535765175925926 0.583858553125 0.2535793675925926 0.5838404192708333 0.22079794814814815 0.5995929880208333 0.22077799907407405 0.5996353010416667 0.24166144166666664 0.6069232317708334 0.24161869444444445 0.606925246875 0.2700569962962963 0.5822002822916666 0.27012824166666666 0.5822002822916666 0.2724593898148148 0.606925246875 0.2724565407407407 0.6069373364583334 0.27325448888888887 0.610300221875 0.2732060416666667 0.6102861171874999 0.23925049907407406 0.6012573041666667 0.23931034444444446 0.6012492442708334 0.21841265277777777 0.5838706427083333 0.2184012537037037 0.5838666130208333 0.21138786018518518 0.6083115052083333 0.21130806481481482 0.6083034453124999 0.2391165574074074 0.61011485 0.2390738101851852 0.61007858125 0.2090595611111111 0.5821700583333332 0.20903391296296298 0.5822264760416667 0.24281846666666668 0.5743723552083334 0.24284981481481482 0.5743300421875 0.24535195185185182 0.582202296875 0.24532345370370368
3 0.6103062661458334 0.29410943333333334 0.6069192020833333 0.2940923342592593 0.6069111427083332 0.34932174444444447 0.6102961916666667 0.34932174444444447 0.6103062661458334 0.29410943333333334
3 0.6055813015625 0.3520262185185185 0.6055712270833333 0.35669991481481483 0.6283598630208334 0.35674266203703703 0.6283376989583334 0.35211741203703706 0.6055813015625 0.3520262185185185
3 0.6801188796875 0.3028384157407408 0.6833810197916667 0.3028099175925926 0.6834112432291667 0.27731832407407403 0.6697279869791667 0.277326874074074 0.6697219421875 0.2632915361111111 0.6666492041666667 0.2632915361111111 0.6666572635416668 0.2818637787037037 0.6801128348958334 0.28182103148148147 0.6801188796875 0.3028384157407408
3 0.669709853125 0.22622399537037036 0.6666371145833333 0.22623824444444443 0.6666451744791666 0.2451638638888889 0.6697300020833333 0.24518951296296293 0.669709853125 0.22622399537037036
3 0.6279790447916667 0.22625534351851853 0.6279790447916667 0.23096893703703703 0.6646363088541667 0.23101168425925925 0.6646201895833334 0.22620404629629629 0.6279790447916667 0.22625534351851853
3 0.6697038083333333 0.16828156203703704 0.6666471890625 0.1682958111111111 0.6666552489583334 0.19482473611111112 0.6697501510416667 0.19481618703703701 0.6697038083333333 0.16828156203703704
3 0.6295123916666667 0.2095069824074074 0.6295123916666667 0.18849529814814814 0.6641567598958333 0.1884069537037037 0.6642010880208333 0.18586491851851852 0.6298831354166666 0.18586491851851852 0.6298650010416667 0.14855229444444443 0.6281160588541667 0.14851809629629628 0.6280193432291666 0.18845825 0.62808785 0.2095069824074074 0.6295123916666667 0.2095069824074074
3 0.6697602255208334 0.11988315740740739 0.6666471890625 0.11991165555555557 0.6666411442708333 0.13753776018518518 0.6697662703125 0.13753776018518518 0.6697602255208334 0.11988315740740739
3 0.6280314328125001 0.12447420925925926 0.628017328125 0.12919920185185185 0.6646383234375001 0.1293445425925926 0.6646383234375001 0.12449415833333333 0.6280314328125001 0.12447420925925926
3 0.6666874875000001 0.07684240555555555 0.6666431593750001 0.08905956111111112 0.6697541807291666 0.08905956111111112 0.669709853125 0.07250783703703703 0.6241930286458334 0.07250783703703703 0.6241930286458334 0.10231405 0.6273886760416667 0.10231405 0.6273020348958334 0.07684240555555555 0.6666874875000001 0.07684240555555555
3 0.5359721942708333 0.15921060092592593 0.5359721942708333 0.16380165277777778 0.5774189 0.1638501 0.5775216604166666 0.17668851481481482 0.5809067098958334 0.17666571666666667 0.5808019343749999 0.09288686203703704 0.5993733630208333 0.09286121388888889 0.5994156760416666 0.10211171296296295 0.6108845458333333 0.10218295833333334 0.6108442473958333 0.09794243333333333 0.60103969375 0.09791678518518519 0.60103969375 0.08849244814814815 0.5808885755208333 0.08832145925925926 0.5808724562500001 0.055132516666666666 0.5508462625 0.055132516666666666 0.5507938744791667 0.05977201481481481 0.5774531531249999 0.05979766296296296 0.5774874067708333 0.15916215462962963 0.5359721942708333 0.15921060092592593
3 0.5744912348958333 0.35468224537037035 0.5745355630208333 0.3630293527777778 0.5763429375 0.3630293527777778 0.5763429375 0.35662581944444444 0.5793673182291667 0.35664291851851854 0.579365303125 0.35206611574074076 0.5535482572916667 0.35198632129629626 0.5536429578125 0.27279566851851855 0.5625750552083333 0.2727472212962963 0.5625569213541667 0.27019948703703706 0.5536469875000001 0.27018238796296296 0.5536429578125 0.2453833 0.5626153536458334 0.24541464814814815 0.5626153536458334 0.24281561666666665 0.5536308682291666 0.2427871185185185 0.5536308682291666 0.23387574814814813 0.5517106588541666 0.23389284722222223 0.5517106588541666 0.2071359361111111 0.5808261130208333 0.20707608981481482 0.5808643963541668 0.19964662314814816 0.5774491234375 0.19964662314814816 0.5774712875 0.20239099444444444 0.5497582109375 0.2024736388888889 0.5495426151041667 0.35789398703703706 0.5521116260416666 0.35793958425925926 0.5521116260416666 0.3844058138888889 0.5587709046874999 0.3844457111111111 0.5587265765624999 0.3795782277777778 0.5561817447916667 0.3795782277777778 0.5560951036458334 0.3546224 0.5744912348958333 0.35468224537037035
3 0.7013681239583334 0.22388144814814814 0.6980959098958334 0.22391564537037037 0.6980959098958334 0.245198062037037 0.7013943177083333 0.24522941018518518 0.7013681239583334 0.22388144814814814
4 0.17727584114583333 0.6128840129629629 0.17403788020833336 0.6128840129629629 0.17407213385416667 0.6318694787037037 0.177312109375 0.6318922768518519 0.17727584114583333 0.6128840129629629
3 0.5794479145833333 0.3843858648148148 0.5794277656250001 0.37959817592592593 0.5763550270833334 0.3796466231481481 0.5763308484375 0.37777144444444444 0.5746060848958333 0.37777144444444444 0.5745939953125 0.37961242500000003 0.5723171468749999 0.3796295240740741 0.5722929677083334 0.3844029638888889 0.5794479145833333 0.3843858648148148
3 0.60654644375 0.37961242500000003 0.6065665927083334 0.3844001138888889 0.628079790625 0.3844001138888889 0.6280898651041666 0.37961242500000003 0.60654644375 0.37961242500000003
3 0.6770723354166667 0.3844571101851852 0.7013943177083333 0.3843972638888889 0.7013781984374999 0.334411512962963 0.6981341932291667 0.334411512962963 0.6981100140625001 0.3796551722222222 0.6770622609375 0.37961242500000003 0.6770723354166667 0.3844571101851852
3 0.7013560348958333 0.2634824740740741 0.6981079989583333 0.2634824740740741 0.6981039692708334 0.30252208611111114 0.7013781984374999 0.3024793388888889 0.7013560348958333 0.2634824740740741
3 0.682016925 0.188840125 0.6979246421875 0.18880307777777777 0.6979427765625 0.1863265888888889 0.6836087041666666 0.1863778851851852 0.6835704213541667 0.1754431462962963 0.698079790625 0.17550299259259258 0.6981200885416666 0.20540324907407406 0.701366109375 0.20540324907407406 0.7013318557291667 0.1708121972222222 0.6849949624999999 0.1708121972222222 0.6849969776041667 0.16866343703703704 0.6816522265625 0.1686776861111111 0.6816199880208333 0.17545739537037036 0.682035059375 0.1754374462962963 0.682016925 0.188840125
3 0.6850473505208333 0.11831860925925926 0.6816320776041667 0.11833285833333333 0.6816119281249999 0.13721288148148147 0.6850171265624999 0.13718438333333333 0.6850473505208333 0.11831860925925926
3 0.6850171265624999 0.08689655185185186 0.6849848880208333 0.05520376203703704 0.6255913760416667 0.05514961481481482 0.6255913760416667 0.05981761203703703 0.6816280473958333 0.05979766296296296 0.6816421520833333 0.08691080092592593 0.6850171265624999 0.08689655185185186
4 0.60654644375 0.3796979194444445 0.5794378401041667 0.3796266740740741 0.5794277656250001 0.3858649185185185 0.6065665927083334 0.3858221712962963 0.60654644375 0.3796979194444445
4 0.6770824098958333 0.3796266740740741 0.6280999395833333 0.37959817592592593 0.628079790625 0.3858649185185185 0.6770622609375 0.38585066944444446 0.6770824098958333 0.3796266740740741
4 0.7024622203124999 0.302493587962963 0.6981241182291666 0.30250783703703704 0.6981341932291667 0.334411512962963 0.7024924442708333 0.334411512962963 0.7024622203124999 0.302493587962963
4 0.6859399557291667 0.1371986324074074 0.6816220026041666 0.13721288148148147 0.6817227484374999 0.1686776861111111 0.6859903286458333 0.1686776861111111 0.6859399557291667 0.1371986324074074
2 0.5743562359375001 0.36304930185185186 0.5743925046875 0.37778569351851854 0.5862683859375 0.37778569351851854 0.5862321177083333 0.3630265037037037 0.5743562359375001 0.36304930185185186
4 0.5508462625 0.055132516666666666 0.5392665723958333 0.055180962962962966 0.5392746322916667 0.05979196388888889 0.5507938744791667 0.05977201481481481 0.5508462625 0.055132516666666666
2 0.629568809375 0.22625534351851853 0.6295123916666667 0.2095069824074074 0.6254080192708333 0.2095183814814815 0.62541809375 0.2262524935185185 0.629568809375 0.22625534351851853
2 0.628017328125 0.12919920185185185 0.6281160588541667 0.14851809629629628 0.6422929677083334 0.14858364166666668 0.6423796088541667 0.12931319444444445 0.628017328125 0.12919920185185185
2 0.6279689703125 0.10576232499999999 0.6280314328125001 0.12447420925925926 0.6423856536458333 0.12450270740740739 0.6423010276041666 0.10591906481481482 0.6279689703125 0.10576232499999999
2 0.6108845458333333 0.10218295833333334 0.6241930286458334 0.10231405 0.6240197463541667 0.08159589629629631 0.6109590973958333 0.08159589629629631 0.6108845458333333 0.10218295833333334
2 0.5979327020833334 0.06975491574074073 0.5977453151041666 0.08841265277777778 0.6127745317708333 0.08841265277777778 0.6127745317708333 0.06986890833333334 0.5979327020833334 0.06975491574074073
2 0.5359923432291667 0.13616414907407406 0.5359721942708333 0.15921060092592593 0.5530848276041667 0.15927614722222222 0.5530848276041667 0.13623254444444444 0.5359923432291667 0.13616414907407406
2 0.6100926859375 0.1548931324074074 0.6100926859375 0.13845255092592593 0.597568003125 0.13845255092592593 0.597568003125 0.1548931324074074 0.6100926859375 0.1548931324074074
2 0.6013479749999999 0.1724223425925926 0.5898226880208333 0.17232829907407407 0.5898529114583333 0.17853519537037038 0.6013278260416667 0.17849529814814816 0.6013479749999999 0.1724223425925926
2 0.5792826916666667 0.19957822777777778 0.5791960505208333 0.17667426574074074 0.5622546848958333 0.17683100555555556 0.5622123713541666 0.19976916481481483 0.5792826916666667 0.19957822777777778
2 0.5840822083333334 0.24236534629629627 0.59350594375 0.24236534629629627 0.5934938546875 0.23521516111111113 0.5840902682291667 0.23524935833333335 0.5840822083333334 0.24236534629629627
4 0.2842232520833334 0.28204901666666665 0.23569615156249998 0.28204901666666665 0.23571428593750002 0.29022228518518517 0.284166834375 0.2900940435185185 0.2842232520833334 0.28204901666666665
4 0.22542212395833333 0.2884155027777778 0.1992645578125 0.2883043601851852 0.1992665723958333 0.296355087037037 0.22549264583333334 0.29626674259259256 0.22542212395833333 0.2884155027777778
4 0.1917831958333333 0.31845255092592595 0.17839411666666666 0.31837560555555555 0.17838605677083336 0.32307495 0.1917932703125 0.3231034481481482 0.1917831958333333 0.31845255092592595
2 0.185859359375 0.16265602777777777 0.1992162 0.16267027685185184 0.19915575260416668 0.14228555185185185 0.18583920989583333 0.14241094351851852 0.185859359375 0.16265602777777777
2 0.20441668333333332 0.13886577407407405 0.20443481770833336 0.1581333712962963 0.21946000416666667 0.1581761185185185 0.21946403385416666 0.13891707037037038 0.20441668333333332 0.13886577407407405
3 0.17839411666666666 0.31837560555555555 0.1762180135416667 0.31837560555555555 0.17628249062499998 0.29416357962962963 0.19417690937499998 0.29422342592592593 0.19419705833333334 0.3018153324074074 0.19597219427083334 0.30179538333333333 0.19594398541666666 0.29635793703703706 0.19928672187500002 0.2964120833333333 0.19930687083333334 0.2920233685185185 0.17634696770833333 0.29215161018518515 0.17630666927083333 0.162698775 0.185859359375 0.16265602777777777 0.18585532968750001 0.15831575925925925 0.17628249062499998 0.15831575925925925 0.17632480364583333 0.1366942148148148 0.18801128333333333 0.13666571666666666 0.1879891192708333 0.13187802777777777 0.17296191822916668 0.13187802777777777 0.17298408229166667 0.3230692509259259 0.17839411666666666 0.3231005981481481 0.17839411666666666 0.31837560555555555
3 0.20441668333333332 0.13886577407407405 0.2078057625 0.1389028212962963 0.2078057625 0.13667141666666666 0.20842635520833333 0.13667141666666666 0.20845254895833334 0.13187802777777777 0.19957888385416667 0.13187802777777777 0.19957888385416667 0.13673126203703703 0.20441668333333332 0.13670846388888888 0.20441668333333332 0.13886577407407405
3 0.2895990328125 0.131929325 0.2635361677083333 0.1318039324074074 0.2635361677083333 0.13664291851851854 0.2895990328125 0.13661726944444444 0.2895990328125 0.131929325
3 0.2633951239583333 0.1583072101851852 0.263374975 0.16276717037037036 0.2700745515625 0.16272727314814814 0.2700483578125 0.15827586203703703 0.2633951239583333 0.1583072101851852
3 0.33122103541666664 0.1764776287037037 0.3468083817708333 0.17652037592592593 0.3467882328125 0.1747734398148148 0.3326355026041667 0.1747192935185185 0.33260729375 0.16190367592592594 0.3193592583333333 0.16201481944444443 0.31934918385416666 0.14989740648148148 0.31808382031250004 0.14989740648148148 0.31811404374999996 0.16400398981481482 0.33120088645833334 0.16394699351851852 0.33122103541666664 0.1764776287037037
3 0.284166834375 0.2900940435185185 0.2863953255208333 0.2900940435185185 0.2863731614583333 0.2963664861111111 0.30129961718750004 0.2963693361111111 0.3012794682291667 0.29203761759259256 0.28955873489583334 0.2920091194444444 0.2895285109375 0.28560273611111114 0.28419504322916667 0.285574237962963 0.284166834375 0.2900940435185185
3 0.36394720937499997 0.24151610185185188 0.34760225677083334 0.24155029907407408 0.34762845052083335 0.24406098611111113 0.36394720937499997 0.24402678796296295 0.36394720937499997 0.24151610185185188
3 0.23107797708333333 0.24045882037037034 0.22773121093749998 0.24045882037037034 0.22772113645833333 0.2828469648148148 0.2311142453125 0.2828583638888889 0.23107797708333333 0.24045882037037034
3 0.22549264583333334 0.29626674259259256 0.2335905703125 0.29630094074074076 0.23366512187500002 0.29025648333333337 0.23571428593750002 0.29022228518518517 0.23571428593750002 0.28562553425925924 0.23034051979166667 0.28562553425925924 0.23031634114583335 0.29195497314814817 0.22546846666666667 0.29198917037037037 0.22549264583333334 0.29626674259259256
3 0.22758613749999998 0.15830436018518518 0.1992162 0.15821886574074073 0.1992162 0.16267027685185184 0.246000403125 0.16268452592592592 0.246000403125 0.1583471074074074 0.23079588958333333 0.1583471074074074 0.23076566614583335 0.13667141666666666 0.24607092500000002 0.13666001666666666 0.24605077552083332 0.1318723287037037 0.22533749739583334 0.131920775 0.22530727395833333 0.13671416388888888 0.22752569010416668 0.13671416388888888 0.22758613749999998 0.15830436018518518
3 0.2204896234375 0.18788828703703706 0.22778964322916667 0.18788828703703706 0.22778964322916667 0.21628954074074075 0.20464033854166666 0.21628954074074075 0.20464033854166666 0.2154345962962963 0.20300020156249998 0.2154345962962963 0.20304251458333333 0.2186719861111111 0.2311142453125 0.21885437407407407 0.2311142453125 0.18550584166666667 0.23090466979166668 0.18550584166666667 0.23081200885416667 0.16449415833333333 0.20300020156249998 0.16443431203703704 0.20300020156249998 0.20010544351851853 0.20468466666666665 0.20010544351851853 0.2047269796875 0.1666942148148148 0.22036066875000002 0.1667540611111111 0.2204896234375 0.18788828703703706
3 0.22914565989583335 0.18550584166666667 0.22908523072916667 0.16681675648148148 0.22204513385416666 0.16681675648148148 0.22204513385416666 0.18550584166666667 0.22914565989583335 0.18550584166666667
3 0.28864195052083336 0.15832430925925925 0.28328631875 0.15832430925925925 0.28335281093750003 0.16251353703703705 0.28554100364583335 0.16251353703703705 0.28557525677083334 0.17366201203703702 0.3163953255208333 0.17359646666666667 0.3163953255208333 0.17644628055555556 0.28284303854166665 0.17640923333333333 0.28284908333333336 0.2163208888888889 0.28617570000000003 0.21628669166666667 0.28622204322916667 0.17889427222222223 0.3029538583333334 0.17891422037037039 0.30293975416666663 0.21595611296296296 0.30462421927083333 0.2159333138888889 0.304626234375 0.1788885722222222 0.33810396927083336 0.17895126851851853 0.33811404375 0.21354231944444446 0.3162986098958333 0.2135679685185185 0.3163368932291667 0.21605585648148148 0.3398186578125 0.2160815046296296 0.33988716510416667 0.17654887407407407 0.31811202916666664 0.17656312314814815 0.31808382031250004 0.14989740648148148 0.31934486302083337 0.14988320648148148 0.3193592583333333 0.16200057037037036 0.33260729375 0.16190082685185184 0.33262542812499996 0.17470219444444446 0.3469494255208333 0.1747734398148148 0.346899053125 0.16991450555555557 0.33597017916666666 0.16999999999999998 0.33597017916666666 0.1571444851851852 0.3226032640625 0.15724137962962964 0.3226536369791667 0.13666001666666666 0.3550332458333333 0.13661726944444444 0.35500302239583337 0.13190082685185184 0.30146080989583335 0.13194357407407406 0.3014507354166666 0.13660302037037036 0.30144872031250003 0.14975491574074073 0.3163852510416667 0.14980336296296295 0.316449728125 0.1713109148148148 0.28859762239583336 0.17127956666666666 0.28864195052083336 0.15832430925925925
3 0.3163953255208333 0.17359646666666667 0.28557525677083334 0.17366201203703702 0.28554100364583335 0.16251353703703705 0.28293975416666667 0.16252778611111113 0.2829437838541667 0.17641208333333333 0.3163953255208333 0.17644628055555556 0.3163953255208333 0.17359646666666667
3 0.34502317135416666 0.1366457675925926 0.3433467661458333 0.13662581944444444 0.3433467661458333 0.16992590462962964 0.34504130572916664 0.16992875462962964 0.34502317135416666 0.1366457675925926
3 0.3230062463541667 0.2919663722222222 0.3230263953125 0.296355087037037 0.3432077375 0.29641493333333335 0.3431855734375 0.2920262185185185 0.3230062463541667 0.2919663722222222
4 0.3230606489583333 0.2882986601851852 0.3012895427083333 0.28823596481481484 0.30129961718750004 0.2963693361111111 0.3230263953125 0.296355087037037 0.3230606489583333 0.2882986601851852
4 0.3649707838541667 0.2883129092592593 0.3431573645833333 0.28825876296296293 0.3432077375 0.29641493333333335 0.3649929479166667 0.296355087037037 0.3649707838541667 0.2883129092592593
3 0.3230606489583333 0.2882986601851852 0.3230062463541667 0.2919663722222222 0.3431855734375 0.2920262185185185 0.3431573645833333 0.28825876296296293 0.3230606489583333 0.2882986601851852
3 0.3012794682291667 0.29203761759259256 0.3012895427083333 0.28823596481481484 0.29212976041666666 0.2883015101851852 0.2920793875 0.28288971203703706 0.28879911354166665 0.28287546296296295 0.28879105364583335 0.2820319175925926 0.2842232520833334 0.28204901666666665 0.28419504322916667 0.285574237962963 0.2895285109375 0.28560273611111114 0.28955873489583334 0.2920091194444444 0.3012794682291667 0.29203761759259256
3 0.22786620989583334 0.28833570833333333 0.22542212395833333 0.2884155027777778 0.22546846666666667 0.29198917037037037 0.23031634114583335 0.29195497314814817 0.23034051979166667 0.28562553425925924 0.23571428593750002 0.28562553425925924 0.23569615156249998 0.28204901666666665 0.2311142453125 0.28200057037037035 0.2311142453125 0.2828583638888889 0.22782188177083332 0.2828669138888889 0.22786620989583334 0.28833570833333333
3 0.263374975 0.16276717037037036 0.26340318333333335 0.16652607592592591 0.27010477552083334 0.16653177500000002 0.2700745515625 0.16272727314814814 0.263374975 0.16276717037037036
4 0.20842635520833333 0.13667141666666666 0.22530727395833333 0.13671416388888888 0.2253395125 0.1311627240740741 0.20841829531249997 0.1311627240740741 0.20842635520833333 0.13667141666666666
3 0.22003626822916666 0.18755770833333332 0.21434213177083333 0.1875862064814815 0.21434213177083333 0.1885380453703704 0.22003626822916666 0.18855229444444446 0.22003626822916666 0.18755770833333332
3 0.20298609687500002 0.18898261574074074 0.19966350989583334 0.18903106296296296 0.19968164427083332 0.19134511296296297 0.20298609687500002 0.19139640925925927 0.20298609687500002 0.18898261574074074
4 0.30146080989583335 0.13194357407407406 0.2895990328125 0.131929325 0.2895990328125 0.13661726944444444 0.3014507354166666 0.13660302037037036 0.30146080989583335 0.13194357407407406
4 0.26350594375 0.13182958148148147 0.24605077552083332 0.1318723287037037 0.24607092500000002 0.13666001666666666 0.2635361677083333 0.13664291851851854 0.26350594375 0.13182958148148147
3 0.39600241770833333 0.17007124537037036 0.37927866197916665 0.17011399259259258 0.379286721875 0.17086064444444443 0.39600241770833333 0.17079509814814817 0.39600241770833333 0.17007124537037036
3 0.34296191822916666 0.31842975185185185 0.3232460203125 0.3184440009259259 0.3232460203125 0.3230464518518519 0.3429820671875 0.3229923055555555 0.34296191822916666 0.31842975185185185
3 0.28437638541666665 0.31841550277777775 0.284396534375 0.32307495 0.3009490229166667 0.3230350527777778 0.30093894843749996 0.31842975185185185 0.28437638541666665 0.31841550277777775
3 0.2262945796875 0.31842975185185185 0.22628450520833335 0.3230607009259259 0.23545436250000001 0.3229780564814815 0.2354442875 0.31842975185185185 0.2262945796875 0.31842975185185185
3 0.19179931510416667 0.32309774907407407 0.19919605052083333 0.3230607009259259 0.19919605052083333 0.31841550277777775 0.19596413437500002 0.31837275555555555 0.19596413437500002 0.3165916212962963 0.19418496875000002 0.31657167314814816 0.19418496875000002 0.31843260185185185 0.1917831958333333 0.31845255092592595 0.19179931510416667 0.32309774907407407
3 0.36502720104166664 0.2920091194444444 0.3649929479166667 0.296355087037037 0.3759883135416667 0.2963864351851852 0.3760084625 0.3053120546296296 0.3765303244791667 0.3053120546296296 0.37657062239583333 0.3183613564814815 0.36522869218750004 0.31841550277777775 0.365268990625 0.32307495 0.37994559739583333 0.3230721 0.3799254484375 0.3052807064814815 0.39092081406249996 0.3052807064814815 0.3909409630208333 0.30051011666666666 0.37927866197916665 0.30051011666666666 0.3792363489583333 0.2012710175925926 0.39975216614583337 0.20133086388888888 0.39973201666666663 0.1965289259259259 0.39916784218749995 0.1965289259259259 0.39912552916666666 0.17025363333333332 0.39600241770833333 0.17025363333333332 0.3959399557291666 0.19650042777777776 0.37927866197916665 0.1965289259259259 0.37927866197916665 0.16992875462962964 0.36320169270833336 0.16992875462962964 0.3632198265625 0.17475919074074073 0.3759238364583333 0.17478768888888888 0.3759036875 0.2919663722222222 0.36502720104166664 0.2920091194444444
4 0.36524884166666666 0.31845825 0.3429316947916667 0.31842975185185185 0.34299214166666664 0.32465374722222223 0.365268990625 0.32462524907407403 0.36524884166666666 0.31845825
4 0.3232359458333333 0.31855799351851855 0.30093894843749996 0.3184440009259259 0.3009590973958333 0.32463949814814813 0.3232359458333333 0.324611 0.3232359458333333 0.31855799351851855
4 0.2354140640625 0.3184440009259259 0.23545436250000001 0.32463949814814813 0.28438645989583333 0.324611 0.28437638541666665 0.31850099722222225 0.2354140640625 0.3184440009259259
4 0.2262945796875 0.31860074074074074 0.1991759015625 0.31848674814814815 0.19919605052083333 0.324611 0.22631472916666664 0.32456825277777773 0.2262945796875 0.31860074074074074
4 0.19957888385416667 0.13187802777777777 0.1879891192708333 0.13187802777777777 0.18801128333333333 0.13666571666666666 0.19957888385416667 0.13673126203703703 0.19957888385416667 0.13187802777777777
2 0.29796494062499995 0.21393559444444446 0.2861877895833333 0.2139526935185185 0.2861656255208333 0.22014249074074074 0.2979750151041667 0.2200598462962963 0.29796494062499995 0.21393559444444446
1 0 0 0 1 1 1 1 0 0 0
2 0.3655127947916667 0.20610145370370372 0.36549264583333335 0.18951838148148148 0.36117267760416666 0.1895611287037037 0.36119685677083335 0.20607010555555555 0.3655127947916667 0.20610145370370372
4 0.1992907515625 0.646320888888889 0.19564174895833333 0.6462980907407407 0.1956216 0.6838842972222222 0.19925649791666666 0.683864349074074 0.1992907515625 0.646320888888889
3 0.24844650416666667 0.6110857796296296 0.24846060833333333 0.6242804222222222 0.2500664921875 0.6242576231481481 0.25009470104166664 0.6110658305555555 0.24844650416666667 0.6110857796296296
3 0.6010316338541667 0.06972641759259258 0.6010316338541667 0.059814762037037034 0.6153697359375 0.05987460833333333 0.6153898848958334 0.05516956388888889 0.5971730807291666 0.05512396666666667 0.59716300625 0.05984611018518518 0.5979528510416666 0.05984611018518518 0.5979327020833334 0.06975491574074073 0.6010316338541667 0.06972641759259258
3 0.26783598645833334 0.6110629805555556 0.26787225468750003 0.6231689944444444 0.26960104791666667 0.6231547453703703 0.2695788838541667 0.6110487314814815 0.26783598645833334 0.6110629805555556
4 0.2130022161458333 0.8316329435185186 0.19807576041666666 0.8315588490740741 0.1980918796875 0.837130236111111 0.2129558734375 0.8371530351851851 0.2130022161458333 0.8316329435185186
4 0.23648801145833334 0.8276204046296296 0.23647793697916666 0.8360872046296297 0.24794479166666666 0.8360587064814815 0.24790852291666668 0.8276774009259259 0.23648801145833334 0.8276204046296296
3 0.30726576666666666 0.6909233398148149 0.3072355432291667 0.6807238527777778 0.3055994359375 0.6807523509259259 0.30561958489583335 0.6887061842592592 0.28705823072916664 0.6887061842592592 0.28703808177083334 0.6821145629629629 0.2854019744791667 0.6821145629629629 0.28541204895833333 0.6909375888888889 0.30726576666666666 0.6909233398148149
4 0.27346967552083334 0.8276061555555556 0.26327422916666665 0.8276204046296296 0.2632238567708333 0.8360872046296297 0.2735099739583333 0.8361014537037037 0.27346967552083334 0.8276061555555556
3 0.21827926666666667 0.7900484472222222 0.21645174270833334 0.7900484472222222 0.21645980260416667 0.7936762611111111 0.21827926666666667 0.7936705611111111 0.21827926666666667 0.7900484472222222
3 0.2870078583333333 0.6471701342592593 0.2870078583333333 0.6560644055555556 0.3055692119791667 0.6560929037037037 0.3055994359375 0.6641379314814815 0.30726778177083336 0.6641521805555556 0.3072375578125 0.6560558564814816 0.30833165416666664 0.6560644055555556 0.30834777343750003 0.6534824740740741 0.29136812395833334 0.6535309203703704 0.29130163229166667 0.6110629805555556 0.289621196875 0.6110401824074074 0.28972194218749997 0.6449615277777778 0.29016925260416665 0.6449444287037037 0.29016925260416665 0.6471416361111111 0.2870078583333333 0.6471701342592593
3 0.331700584375 0.6888372759259259 0.32507354427083335 0.6888714731481481 0.32507354427083335 0.6908976916666666 0.33171871875000003 0.6908520944444445 0.331700584375 0.6888372759259259
3 0.37734434791666666 0.666517525925926 0.37734434791666666 0.6647876888888888 0.3332440057291667 0.6647449416666666 0.33323191614583336 0.6535508694444444 0.32472697968750003 0.6535252212962963 0.32471287552083333 0.6559931601851852 0.33173282291666667 0.6559931601851852 0.33174692708333336 0.666557424074074 0.37734434791666666 0.666517525925926
3 0.36605077552083337 0.7864833287037037 0.36606488020833333 0.7900227981481481 0.3773181541666667 0.7899772018518518 0.37732016927083334 0.7864405814814814 0.36605077552083337 0.7864833287037037
3 0.32186983697916666 0.7900484472222222 0.3441386260416667 0.7899715018518518 0.3440942979166667 0.7865089768518518 0.32187185156250003 0.7865089768518518 0.32186983697916666 0.7900484472222222
3 0.2875498692708333 0.7162952407407407 0.27635905677083333 0.7163151898148148 0.2763449526041667 0.7186263888888889 0.2875256901041666 0.7186064407407408 0.2875498692708333 0.7162952407407407
3 0.2998871651041667 0.7899401537037036 0.2998629859375 0.7864690796296296 0.2876203911458333 0.7864548305555555 0.2876103161458333 0.8276489027777778 0.27346967552083334 0.8276061555555556 0.2735099739583333 0.8313137648148148 0.29013701406250003 0.831342262962963 0.29014104375 0.790011399074074 0.2998871651041667 0.7899401537037036
3 0.24791859739583336 0.8313565120370371 0.26325408020833335 0.8313280138888889 0.26325408020833335 0.8276489027777778 0.24792867239583333 0.8277058990740741 0.24791859739583336 0.8313565120370371
3 0.23647793697916666 0.8278198916666667 0.23052790625 0.8277913935185186 0.23052790625 0.8284183527777778 0.21784001614583334 0.8284867481481482 0.2178279265625 0.8148646342592593 0.21822889375 0.8148503851851852 0.21821881927083334 0.8105756629629629 0.21646181770833334 0.810589912037037 0.21645174270833334 0.8313707611111111 0.23646786197916667 0.8313565120370371 0.23647793697916666 0.8278198916666667
4 0.5853657062500001 0.559415787962963 0.6017469270833333 0.5596551722222223 0.6017449125 0.554237675 0.5853636911458333 0.5541835277777777 0.5853657062500001 0.559415787962963
4 0.6904916380208334 0.5869535481481482 0.6836107192708333 0.5869962953703703 0.6836228088541667 0.6179880305555555 0.6905399958333334 0.6179367342592592 0.6904916380208334 0.5869535481481482
4 0.6301390286458334 0.5550527212962963 0.6199355229166666 0.5550384722222222 0.6199194036458333 0.5631889425925926 0.6301732822916667 0.5632715870370371 0.6301390286458334 0.5550527212962963
2 0.5908865604166667 0.8630436018518518 0.5789320973958334 0.8629666574074074 0.5789139635416666 0.8776574518518518 0.5908180536458333 0.8776660018518518 0.5908865604166667 0.8630436018518518
2 0.5788857546875 0.7427614703703703 0.5671650213541667 0.7426674268518518 0.5671549463541666 0.7487688796296297 0.5788857546875 0.7486833851851852 0.5788857546875 0.7427614703703703
2 0.6148418296875 0.7947021944444445 0.6147592182291667 0.7730293527777778 0.5974229296875 0.7730550018518518 0.5974773322916668 0.794799087962963 0.6148418296875 0.7947021944444445
2 0.5866975619791667 0.753468225 0.5866915171875 0.7699572527777778 0.5992585130208333 0.7699658018518519 0.5992282895833333 0.7535138212962963 0.5866975619791667 0.753468225
4 0.5553072739583332 0.5550299231481481 0.5437457182291666 0.554970076851852 0.5437960911458333 0.5597064694444445 0.5552851098958332 0.5596950694444445 0.5553072739583332 0.5550299231481481
4 0.6836107192708333 0.6373354231481482 0.6836167640624999 0.668273012037037 0.6905299213541666 0.6682359648148148 0.690519846875 0.6372698777777778 0.6836107192708333 0.6373354231481482
4 0.7001027604166666 0.7053405527777777 0.7001591781250001 0.7237047592592593 0.7060124921875001 0.723642062962963 0.7059862984374999 0.7052892564814814 0.7001027604166666 0.7053405527777777
4 0.7000201489583334 0.7450441722222222 0.699981865625 0.7633684814814815 0.7058956276041666 0.7633399833333334 0.705937940625 0.7450185240740741 0.7000201489583334 0.7450441722222222
4 0.7001027604166666 0.8026674268518518 0.7000866411458334 0.8339754916666666 0.7069413661458334 0.8339583925925926 0.7069816640625 0.8026759759259259 0.7001027604166666 0.8026674268518518
4 0.6105823088541666 0.8486320888888889 0.5838464640625 0.8487261324074075 0.5839230302083334 0.8536192648148149 0.6105863390625 0.8535166712962963 0.6105823088541666 0.8486320888888889
3 0.5562079385416666 0.7338216018518519 0.5580153135416667 0.7337902537037037 0.5580153135416667 0.7094157879629629 0.5867378604166666 0.7094157879629629 0.5867318156250001 0.7089370194444444 0.5871025588541666 0.7089256194444444 0.587118678125 0.699424337037037 0.5854241385416666 0.6993616416666667 0.5853959296875 0.7070247935185185 0.5562663713541667 0.7070019944444444 0.5562079385416666 0.7338216018518519
3 0.60368325625 0.7412909657407407 0.5981281484375 0.7412909657407407 0.5981281484375 0.7421972074074075 0.60368325625 0.7422228555555556 0.60368325625 0.7412909657407407
3 0.583884746875 0.8519834712962963 0.5838464640625 0.8487261324074075 0.5581382229166666 0.8487774296296297 0.5581624015625 0.8519549731481482 0.583884746875 0.8519834712962963
3 0.7026072937500001 0.7633684814814815 0.699981865625 0.7633684814814815 0.7001027604166666 0.8026674268518518 0.7026274432291667 0.8026645768518519 0.7026072937500001 0.7633684814814815
3 0.7025851302083334 0.7237047592592593 0.7001591781250001 0.7237047592592593 0.7000201489583334 0.7450441722222222 0.7025931895833334 0.7450185240740741 0.7025851302083334 0.7237047592592593
3 0.7006568609375 0.6885038472222222 0.7001208947916666 0.6885009972222222 0.7001027604166666 0.7053405527777777 0.7026213984375 0.7052892564814814 0.7025972192708333 0.6753747509259259 0.6861212973958334 0.6753234537037037 0.6861112229166667 0.668278712037037 0.6836167640624999 0.668273012037037 0.6836510177083334 0.6783157592592592 0.7005903687499999 0.6784126527777777 0.7006568609375 0.6885038472222222
3 0.6861313723958333 0.6179937305555555 0.6836228088541667 0.6179880305555555 0.6836107192708333 0.6373354231481482 0.6861515213541666 0.6372698777777778 0.6861313723958333 0.6179937305555555
3 0.6861777151041667 0.5869848962962962 0.6861434614583334 0.5597292675925926 0.6301692526041667 0.5597121685185186 0.6301732822916667 0.5632715870370371 0.6836409432291667 0.5632316898148148 0.6836107192708333 0.5869962953703703 0.6861777151041667 0.5869848962962962
3 0.6073886760416667 0.5694813333333334 0.60739270625 0.5632088916666668 0.6199194036458333 0.5631889425925926 0.6199335078125 0.5596523222222222 0.6055913760416666 0.5596580222222222 0.6055913760416666 0.5694813333333334 0.6073886760416667 0.5694813333333334
3 0.5853636911458333 0.6760359074074074 0.5870904692708333 0.6760359074074074 0.5871005442708334 0.6745768027777778 0.5941789239583334 0.6745768027777778 0.5941930286458333 0.6722428046296297 0.5870723354166666 0.6722456537037037 0.5866089057291667 0.6050897694444444 0.6073141244791667 0.6049700768518519 0.6073443479166667 0.5883015101851852 0.6055530927083334 0.5883699055555555 0.6055813015625 0.6020974638888889 0.5853616765624999 0.6019578231481482 0.5853636911458333 0.6760359074074074
3 0.6146846666666667 0.6746053009259259 0.6145738463541667 0.6569848962962963 0.613048559375 0.6569820462962963 0.6130183359375 0.6722228555555555 0.605937940625 0.6722485037037037 0.605937940625 0.6746793962962963 0.6146846666666667 0.6746053009259259
3 0.5866089057291667 0.6570361925925926 0.6145738463541667 0.6569848962962963 0.6145939953125 0.6547734398148148 0.5881664317708334 0.6548275861111111 0.5881744911458333 0.6073867194444444 0.6128269192708333 0.6073753203703703 0.612792665625 0.6382188657407407 0.6146141447916667 0.6382188657407407 0.6144892203125 0.6050213731481482 0.5866089057291667 0.6050897694444444 0.5866089057291667 0.6570361925925926
3 0.5375518838541667 0.5986121398148149 0.5404855932291667 0.598640637962963 0.5405017125 0.63614705 0.5437960911458333 0.6361043027777779 0.5437457182291666 0.554970076851852 0.5405319364583333 0.5550384722222222 0.5405057427083333 0.5939583925925925 0.5375740479166667 0.5939868907407407 0.5375518838541667 0.5986121398148149
3 0.6148418296875 0.7947021944444445 0.6114245416666667 0.7947021944444445 0.6113943177083333 0.8492077518518518 0.6147833973958333 0.8492077518518518 0.6148418296875 0.7947021944444445
3 0.5788656057291667 0.7452322601851852 0.5867600239583334 0.7452265601851852 0.5866975619791667 0.753468225 0.5884041911458334 0.753448275925926 0.5883981463541667 0.7206469083333333 0.6040781786458334 0.7206697064814814 0.60407011875 0.74153605 0.6112230505208333 0.74153605 0.6112552890625 0.7391336564814815 0.6057545838541666 0.7391051583333333 0.6057384645833334 0.7182929611111111 0.5884263552083334 0.7182445138888889 0.5883759822916667 0.7112795666666666 0.6128128145833334 0.7112396694444444 0.6128672171874999 0.7391678537037037 0.6113963328125 0.7391222574074073 0.611444690625 0.7699943 0.5866915171875 0.7699572527777778 0.5866915171875 0.7723596462962963 0.6114043927083334 0.7723795953703704 0.6114265567708334 0.7730293527777778 0.6147592182291667 0.7730293527777778 0.6146081 0.7089028212962963 0.5867318156250001 0.7089370194444444 0.5867298005208333 0.742693075 0.5788857546875 0.7427614703703703 0.5788656057291667 0.7452322601851852
3 0.7058956276041666 0.7633399833333334 0.7026072937500001 0.7633684814814815 0.7026274432291667 0.8026645768518519 0.7059580901041667 0.8026759759259259 0.7058956276041666 0.7633399833333334
3 0.6723493854166667 0.728073525 0.6723493854166667 0.7259019666666666 0.6707152932291667 0.7259133657407407 0.6707253677083334 0.7266657166666667 0.6691476927083334 0.7266657166666667 0.6691476927083334 0.7260558564814814 0.6325609510416667 0.7260615555555555 0.6325609510416667 0.7308321462962963 0.7002800723958333 0.7306098601851851 0.7002458192708333 0.728059275925926 0.6723493854166667 0.728073525
3 0.7060124921875001 0.723642062962963 0.7025851302083334 0.7237047592592593 0.7025931895833334 0.7450185240740741 0.705937940625 0.7450185240740741 0.7060124921875001 0.723642062962963
3 0.7026213984375 0.7052892564814814 0.7059862984374999 0.7052892564814814 0.7060084624999999 0.6706326592592593 0.6895123916666667 0.6706868055555556 0.689506346875 0.6682359648148148 0.6861112229166667 0.668278712037037 0.6861212973958334 0.6753234537037037 0.7025972192708333 0.6753747509259259 0.7026213984375 0.7052892564814814
3 0.689532540625 0.6179538333333333 0.6861313723958333 0.6179937305555555 0.6861515213541666 0.6372698777777778 0.6895466453125 0.6372698777777778 0.689532540625 0.6179538333333333
3 0.6706911140624999 0.7066600166666667 0.6723554302083333 0.7066600166666667 0.6723836390625001 0.6885921916666666 0.7006568609375 0.6885038472222222 0.7006266369791666 0.68614705 0.6855671973958334 0.6862296953703704 0.6856498083333334 0.6783015101851853 0.6839472093750001 0.6783015101851853 0.6839250453125001 0.6861812481481481 0.6343703406250001 0.6856711314814815 0.6344529520833333 0.6483642064814815 0.6325891598958333 0.6483642064814815 0.6326153536458333 0.6883471074074075 0.6706890994791667 0.6883585064814814 0.6706911140624999 0.7066600166666667
3 0.6325045333333333 0.6243602166666666 0.63255490625 0.6291194074074075 0.6836772114583333 0.6290823592592593 0.6836530322916666 0.6244713592592593 0.6325045333333333 0.6243602166666666
3 0.6343925046875001 0.5632174407407408 0.6325811 0.5632174407407408 0.63260729375 0.6052237101851852 0.6343925046875001 0.6052237101851852 0.6343925046875001 0.5632174407407408
3 0.6895164213541667 0.5869535481481482 0.6894680635416666 0.5550128240740742 0.6301390286458334 0.5550527212962963 0.6301692526041667 0.5597121685185186 0.6861434614583334 0.5597292675925926 0.6861817447916666 0.5869677972222221 0.6895164213541667 0.5869535481481482
3 0.6055933911458333 0.5694784842592592 0.6055913760416666 0.5596580222222222 0.6199335078125 0.5596523222222222 0.6199355229166666 0.5550384722222222 0.6017650614583334 0.5550555712962962 0.6017469270833333 0.5596551722222223 0.6024642354166667 0.559603875925926 0.6024581906250001 0.5694670842592593 0.6055933911458333 0.5694784842592592
3 0.5405823088541666 0.6591336564814815 0.5405702197916666 0.6636791111111111 0.5819584927083333 0.6635765175925926 0.5819987911458333 0.6760216583333333 0.5853636911458333 0.6760216583333333 0.585373765625 0.5927386722222222 0.6039069109375 0.5927614703703703 0.6039552687499999 0.6020832148148147 0.6055611526041667 0.6020832148148147 0.6055530927083334 0.5883699055555555 0.5853818255208334 0.5881191222222222 0.5853717510416666 0.5550356222222222 0.5553072739583332 0.5550299231481481 0.5552851098958332 0.5596950694444445 0.582008865625 0.5596323740740741 0.5820048359375 0.659033912962963 0.5405823088541666 0.6591336564814815
4 0.6815917791666667 0.8760045592592592 0.6326496072916666 0.8759048157407407 0.6326496072916666 0.8856796805555556 0.6815917791666667 0.8857366768518519 0.6815917791666667 0.8760045592592592
4 0.5768184567708333 0.8839355944444445 0.5768184567708333 0.8797834138888888 0.5632560953125 0.8797834138888888 0.563278259375 0.8839897407407408 0.5768184567708333 0.8839355944444445
3 0.6129055005208334 0.8519150759259259 0.6128853515625 0.8794870333333333 0.63266975625 0.8794556851851851 0.6326596817708333 0.8759048157407407 0.6146121296874999 0.875947562962963 0.6146201895833333 0.8492134509259259 0.6113943177083333 0.8492077518518518 0.6113862583333333 0.848646337962963 0.6105923838541667 0.848646337962963 0.6105863390625 0.8535166712962963 0.6108341729166666 0.8535166712962963 0.6108442473958333 0.8519435740740741 0.6129055005208334 0.8519150759259259
3 0.6815917791666667 0.8794984324074073 0.7026475921875 0.8794870333333333 0.7026274432291667 0.8340353379629629 0.7000866411458334 0.8339754916666666 0.7000866411458334 0.8758934166666666 0.6815817046875 0.875976061111111 0.6815917791666667 0.8794984324074073
3 0.5541184765625 0.7395753777777777 0.5541466854166667 0.8576945 0.5559097317708334 0.8576945 0.5558795083333333 0.8842832712962964 0.563278259375 0.8843146194444444 0.5632762442708333 0.8795126814814814 0.5599778359375001 0.8795468796296296 0.5598871651041667 0.8543944148148148 0.5792363489583334 0.8544001138888889 0.5792363489583334 0.8630122546296296 0.5808865604166668 0.8630122546296296 0.5808563369791667 0.8564804787037037 0.5839451942708334 0.8564804787037037 0.583884746875 0.8519834712962963 0.5581624015625 0.8519549731481482 0.5581462822916666 0.7725562842592593 0.5670703203124999 0.7725562842592593 0.5670703203124999 0.7701139925925926 0.5581120291666667 0.7701652888888889 0.5581684463541666 0.7450840694444444 0.5671650213541667 0.7451695638888889 0.5671650213541667 0.7426674268518518 0.5581684463541666 0.7427529212962962 0.5581664317708334 0.7337931037037037 0.5562079385416666 0.7338216018518519 0.5562663713541667 0.7070019944444444 0.5853959296875 0.7070247935185185 0.5854241385416666 0.6993616416666667 0.5819685671875 0.6993331435185185 0.5819605078125 0.7022371046296296 0.55216804375 0.7022998009259259 0.5522526697916667 0.7395012824074074 0.5541184765625 0.7395753777777777
3 0.6326596817708333 0.8794699342592592 0.6128853515625 0.8794870333333333 0.6129055005208334 0.8519150759259259 0.6108442473958333 0.8519435740740741 0.6109752166666667 0.8842718722222223 0.6326395322916666 0.8842718722222223 0.6326596817708333 0.8794699342592592
3 0.6815817046875 0.884229125 0.706000403125 0.8842861212962962 0.7059802536458334 0.8340068398148148 0.7026274432291667 0.8340353379629629 0.7026475921875 0.8794870333333333 0.6815817046875 0.8795126814814814 0.6815817046875 0.884229125
3 0.5838968364583333 0.8843003703703703 0.5838867619791667 0.8797406666666666 0.5808442473958333 0.8797549157407407 0.580854321875 0.8776432027777777 0.5792806770833334 0.8776460527777779 0.5792766473958333 0.8797406666666666 0.5768265161458334 0.8797406666666666 0.5768265161458334 0.8842861212962962 0.5838968364583333 0.8843003703703703
2 0.5838766875 0.6993103444444445 0.5838968364583333 0.6759988601851852 0.5666774130208334 0.6760729555555555 0.5666713682291667 0.6993074953703704 0.5838766875 0.6993103444444445
2 0.5405017125 0.63614705 0.5405823088541666 0.6591336564814815 0.5576727786458334 0.6590082648148148 0.5576727786458334 0.6362125962962963 0.5405017125 0.63614705
2 0.6706911140624999 0.7066600166666667 0.6707152932291667 0.7259133657407407 0.68525085625 0.725967512037037 0.6852992140624999 0.7066315185185186 0.6706911140624999 0.7066600166666667
3 0.6325609510416667 0.7308321462962963 0.6325448317708333 0.7466685666666667 0.6343159380208333 0.7466685666666667 0.6342957890625001 0.7308207462962963 0.6325609510416667 0.7308321462962963
2 0.6341426557291666 0.7260729555555555 0.6340378802083334 0.7094898833333333 0.6300423130208334 0.7094927333333334 0.6300886562500001 0.7260672555555556 0.6341426557291666 0.7260729555555555
3 0.6146403385416667 0.699786263888889 0.613145275 0.699786263888889 0.6131251260416666 0.7089085212962963 0.6146081 0.7089028212962963 0.6146403385416667 0.699786263888889
3 0.6326153536458333 0.6883471074074075 0.6326556520833333 0.7094898833333333 0.6340378802083334 0.7094898833333333 0.6340378802083334 0.6883556564814816 0.6326153536458333 0.6883471074074075
2 0.63255490625 0.6291194074074075 0.6325891598958333 0.6483642064814815 0.6469715895833333 0.6484497009259259 0.6469111427083334 0.6291308064814815 0.63255490625 0.6291194074074075
2 0.63260729375 0.6052237101851852 0.6325045333333333 0.6243602166666666 0.646925246875 0.6243915648148148 0.646925246875 0.6053035055555556 0.63260729375 0.6052237101851852
2 0.6073443479166667 0.5883015101851852 0.6073886760416667 0.5694813333333334 0.5921478942708334 0.5694955824074075 0.5921478942708334 0.5882445138888889 0.6073443479166667 0.5883015101851852
2 0.6145939953125 0.6547734398148148 0.6146141447916667 0.6382188657407407 0.6020753578125 0.6382359648148148 0.6020471489583333 0.6547278425925926 0.6145939953125 0.6547734398148148
4 0.6109449927083334 0.8797406666666666 0.5838766875 0.8797549157407407 0.5839069109375 0.8857366768518519 0.6109752166666667 0.8857366768518519 0.6109449927083334 0.8797406666666666
2 0.605937940625 0.6722485037037037 0.5941930286458333 0.6722428046296297 0.5941668343750001 0.6783642064814814 0.6059137619791667 0.6783927046296296 0.605937940625 0.6722485037037037
2 0.5886379208333333 0.7422057564814815 0.5981281484375 0.7421972074074075 0.5981301630208333 0.7350584212962963 0.588607696875 0.7350527212962963 0.5886379208333333 0.7422057564814815
4 0.32187185156250003 0.7865089768518518 0.2998629859375 0.7864690796296296 0.29988313541666667 0.7961556 0.32184968750000004 0.7961840981481482 0.32187185156250003 0.7865089768518518
4 0.36605077552083337 0.7864833287037037 0.3440942979166667 0.7865089768518518 0.3441265364583333 0.7962125962962963 0.36604070104166664 0.7962553435185186 0.36605077552083337 0.7864833287037037
3 0.23052186197916666 0.8284183527777778 0.230493653125 0.8148617842592593 0.2178279265625 0.8148503851851852 0.21784001614583334 0.8171501851851852 0.22873060625 0.8171929324074074 0.22872456197916666 0.8284183527777778 0.23052186197916666 0.8284183527777778
3 0.1772939755208333 0.6379424333333333 0.17879105364583334 0.6379310342592592 0.1787709046875 0.6357822740740741 0.1772939755208333 0.6357822740740741 0.177312109375 0.6318922768518519 0.17407213385416667 0.6318694787037037 0.17400564166666665 0.6460843546296297 0.1773000203125 0.6460701055555556 0.1772939755208333 0.6379424333333333
3 0.19472295 0.8360900537037037 0.19807173072916667 0.8361014537037037 0.19806568593749999 0.7937760046296296 0.21645980260416667 0.7936762611111111 0.21645174270833334 0.7900484472222222 0.25944791458333333 0.7899601027777778 0.25942776562500003 0.7854317472222222 0.21318758802083335 0.7855457398148148 0.21319161822916666 0.7891222574074074 0.1772939755208333 0.7890880592592593 0.17730203489583335 0.772675975925926 0.17400765677083332 0.7726902250000001 0.174025790625 0.7937019092592593 0.19469474114583332 0.7937646055555555 0.19472295 0.8360900537037037
3 0.17729800520833333 0.6885066972222222 0.19677211354166665 0.688441150925926 0.19674591979166667 0.6838928472222222 0.19352206302083333 0.6838785981481481 0.19351803333333334 0.6861840981481482 0.17728793072916668 0.6861840981481482 0.17728793072916668 0.6840552861111111 0.1740479546875 0.6840353379629629 0.17401168645833334 0.7039925907407407 0.17727584114583333 0.7039754916666667 0.17729800520833333 0.6885066972222222
3 0.24791859739583336 0.8313565120370371 0.24794479166666666 0.8360587064814815 0.2632238567708333 0.8360872046296297 0.26323393125 0.831342262962963 0.24791859739583336 0.8313565120370371
3 0.212986096875 0.8361299518518519 0.23647793697916666 0.8360872046296297 0.23647793697916666 0.831342262962963 0.21645174270833334 0.8313707611111111 0.21646181770833334 0.810589912037037 0.2133971390625 0.8106041611111111 0.2134273625 0.8314135083333334 0.212996171875 0.8314420064814815 0.212986096875 0.8361299518518519
3 0.25913761822916664 0.8089142203703703 0.25747934739583334 0.8089142203703703 0.25747934739583334 0.82769165 0.2591577677083333 0.8276774009259259 0.25913761822916664 0.8089142203703703
3 0.19517831979166667 0.6084012537037037 0.19527705 0.6357309777777778 0.1890026192708333 0.6357309777777778 0.1890026192708333 0.6379794814814814 0.19378198645833333 0.6379509833333333 0.19381221041666666 0.6463322879629629 0.19676405416666667 0.646335137962963 0.19676405416666667 0.6083528074074074 0.2034696755208333 0.6083528074074074 0.2034696755208333 0.6110629805555556 0.29130163229166667 0.6110629805555556 0.29136812395833334 0.6535309203703704 0.30834777343750003 0.6534824740740741 0.30831351979166666 0.6489512685185186 0.29467056197916663 0.6489512685185186 0.294704815625 0.5749501287037038 0.2914003625 0.5750413222222223 0.2914346161458334 0.6054573953703704 0.20749949635416665 0.6053149046296297 0.20749949635416665 0.6026531777777778 0.18801128333333333 0.6026075805555555 0.18801128333333333 0.5995240805555555 0.18470280052083332 0.5995696777777778 0.18470683072916666 0.6026075805555555 0.17407213385416667 0.6026531777777778 0.17403788020833336 0.6128840129629629 0.17727584114583333 0.6128840129629629 0.17727584114583333 0.6084012537037037 0.19517831979166667 0.6084012537037037
3 0.19872859166666668 0.6864491305555556 0.19872859166666668 0.6909261898148148 0.232986096875 0.6909860361111111 0.232986096875 0.6864263324074074 0.19872859166666668 0.6864491305555556
3 0.29988313541666667 0.7946936453703703 0.2998871651041667 0.7899401537037036 0.29014104375 0.790011399074074 0.29013701406250003 0.831342262962963 0.2735099739583333 0.8313137648148148 0.2735099739583333 0.8361014537037037 0.293779971875 0.8360074092592593 0.2937638526041667 0.7946765462962964 0.29988313541666667 0.7946936453703703
3 0.2908341729166667 0.7162667425925926 0.2875498692708333 0.7162952407407407 0.2876203911458333 0.7864548305555555 0.2907838 0.7864405814814814 0.2908341729166667 0.7162667425925926
3 0.3327866208333334 0.7864975777777777 0.3327584125 0.7164149333333333 0.3045133989583333 0.7163636361111111 0.3045133989583333 0.7189056712962963 0.33100544010416666 0.7188771731481481 0.3310195447916667 0.7865118268518518 0.3327866208333334 0.7864975777777777
3 0.32186983697916666 0.7900484472222222 0.3218738666666667 0.7946822453703705 0.3441204916666667 0.7947306925925927 0.3441386260416667 0.7899715018518518 0.32186983697916666 0.7900484472222222
3 0.37734434791666666 0.6647876888888888 0.37734434791666666 0.666517525925926 0.35105984270833335 0.6665716731481481 0.3511202901041666 0.6884069537037038 0.33320975208333337 0.6885180962962963 0.3332359458333333 0.666557424074074 0.33174692708333336 0.666557424074074 0.33171871875000003 0.6908520944444445 0.35115454375 0.6908121972222222 0.35112835 0.6998689083333334 0.3527342333333333 0.6998375601851852 0.3527342333333333 0.6687574805555555 0.3773262140625 0.6687232833333333 0.3773161395833334 0.7162382444444444 0.34646584739583336 0.7164491305555555 0.34646584739583336 0.7187517814814816 0.377322184375 0.7187318324074073 0.3773181541666667 0.7899772018518518 0.36606488020833333 0.7900227981481481 0.36605077552083337 0.7947449416666666 0.3813882734375 0.7946793962962962 0.3813781984375 0.6453177546296296 0.3773282286458333 0.645363350925926 0.3773564375 0.6602080361111111 0.33646383229166665 0.6601652888888889 0.33649002604166667 0.6488914222222222 0.32472697968750003 0.6489598175925926 0.32472697968750003 0.6535252212962963 0.33323191614583336 0.6535508694444444 0.3332440057291667 0.6647449416666666 0.37734434791666666 0.6647876888888888
3 0.27043925052083334 0.6694043888888889 0.2704634291666667 0.6800769453703704 0.250300221875 0.6800598462962963 0.2503123109375 0.6449273296296296 0.24867418906250002 0.6448931324074074 0.24865000989583336 0.6908492444444444 0.25039693749999997 0.6908150472222222 0.25039693749999997 0.6822057564814814 0.28703808177083334 0.6821145629629629 0.2870280072916667 0.6800569962962962 0.2720793875 0.6800427472222221 0.2720672979166666 0.6718780277777778 0.2852286921875 0.6718922768518518 0.2852407817708333 0.6800427472222221 0.28704815625 0.6800427472222221 0.2869977838541667 0.6471843833333333 0.29016925260416665 0.6471416361111111 0.29016925260416665 0.6449444287037037 0.2620028208333333 0.6449615277777778 0.26201491041666664 0.6471929324074074 0.28521660260416665 0.6471416361111111 0.28520451354166665 0.6693530916666667 0.27043925052083334 0.6694043888888889
3 0.1992907515625 0.6110430324074074 0.2034696755208333 0.6110629805555556 0.2034696755208333 0.6083528074074074 0.19676405416666667 0.6083528074074074 0.19676405416666667 0.646335137962963 0.1992907515625 0.646320888888889 0.1992907515625 0.6110430324074074
3 0.17727584114583333 0.7039754916666667 0.17980253854166667 0.7039925907407407 0.17980253854166667 0.6909375888888889 0.19872859166666668 0.6909261898148148 0.19872859166666668 0.6864491305555556 0.19928672187500002 0.6864633796296297 0.19925649791666666 0.683864349074074 0.19675599427083332 0.6838928472222222 0.19677211354166665 0.688441150925926 0.17729800520833333 0.6885066972222222 0.17727584114583333 0.7039754916666667
3 0.21318758802083335 0.7855599888888889 0.1797924640625 0.7856169851851852 0.1798126135416667 0.7726332287037038 0.17730203489583335 0.772675975925926 0.1772939755208333 0.7890880592592593 0.21319161822916666 0.7891222574074074 0.21318758802083335 0.7855599888888889
4 0.18039895208333334 0.7039127953703703 0.17293169479166667 0.7039925907407407 0.17289139635416667 0.7727187231481482 0.18041305677083336 0.7726246796296297 0.18039895208333334 0.7039127953703703
4 0.1773000203125 0.6460701055555556 0.17289139635416667 0.6460900537037036 0.17286117291666667 0.6841179824074075 0.17728793072916668 0.6840552861111111 0.1773000203125 0.6460701055555556
3 0.3074551682291667 0.6489569675925926 0.307868225 0.6489569675925926 0.3078218817708333 0.6066172694444445 0.2947007859375 0.6067141638888889 0.2947007859375 0.6072670277777777 0.3074088255208334 0.6071701342592593 0.3074551682291667 0.6489569675925926
2 0.21821881927083334 0.8105756629629629 0.21827926666666667 0.7936705611111111 0.20477533750000002 0.7937304074074074 0.2047007859375 0.8105471648148148 0.21821881927083334 0.8105756629629629
2 0.25934716927083334 0.8089199203703704 0.25941769114583335 0.7899487037037036 0.24472496458333334 0.7899914509259259 0.244827725 0.8087061842592593 0.25934716927083334 0.8089199203703704
2 0.3045133989583333 0.7163636361111111 0.29082409843749996 0.7163009407407407 0.2907999192708333 0.7366030203703703 0.3044630265625 0.7367056138888889 0.3045133989583333 0.7163636361111111
2 0.34646584739583336 0.7164491305555555 0.3327584125 0.7164149333333333 0.33273221822916665 0.736719862962963 0.34639532552083335 0.7368196064814815 0.34646584739583336 0.7164491305555555
2 0.35112835 0.6998689083333334 0.3510658875 0.7164149333333333 0.3635119885416667 0.7163436879629629 0.3635401973958333 0.6998860074074074 0.35112835 0.6998689083333334
2 0.30833568385416665 0.651365061111111 0.32470481562500003 0.6512453694444444 0.3246826515625 0.6270846398148148 0.3083759822916667 0.6270333425925926 0.30833568385416665 0.651365061111111
2 0.3055994359375 0.6641379314814815 0.3055994359375 0.6807523509259259 0.30990932916666664 0.6807267027777778 0.30988112031250004 0.6641436305555556 0.3055994359375 0.6641379314814815
2 0.1890026192708333 0.6357309777777778 0.1787709046875 0.6357822740740741 0.17875277031249998 0.6522770018518519 0.18896232135416666 0.6522713027777778 0.1890026192708333 0.6357309777777778
2 0.26949224270833333 0.6399116555555556 0.26960104791666667 0.6231547453703703 0.2652629458333333 0.6231775435185185 0.2652830947916667 0.6398831574074074 0.26949224270833333 0.6399116555555556
3 0.26949224270833333 0.6399116555555556 0.2678641947916667 0.6398831574074074 0.2678641947916667 0.6449558277777777 0.26949224270833333 0.6449558277777777 0.26949224270833333 0.6399116555555556
2 0.2620028208333333 0.6449615277777778 0.2503123109375 0.6449273296296296 0.25029820677083336 0.6626246796296296 0.26199476145833334 0.6626503277777778 0.2620028208333333 0.6449615277777778
2 0.269981865625 0.6476403537037038 0.2699395526041667 0.6588714731481481 0.27482571041666665 0.6588629240740741 0.2748700385416667 0.6476204046296296 0.269981865625 0.6476403537037038
3 0.27059036875 0.658851525 0.2699395526041667 0.6588714731481481 0.26996776145833334 0.6689968648148148 0.2705742494791667 0.6690168138888889 0.27059036875 0.658851525
2 0.232986096875 0.6909860361111111 0.24865000989583336 0.6908492444444444 0.24862583125 0.6666229694444444 0.23300624635416664 0.6666799657407407 0.232986096875 0.6909860361111111
4 0.2633951239583333 0.1583072101851852 0.246000403125 0.1583471074074074 0.246000403125 0.16650327685185187 0.26340318333333335 0.16652607592592591 0.2633951239583333 0.1583072101851852
2 0.30462421927083333 0.2159333138888889 0.3163368932291667 0.21605585648148148 0.31635502708333335 0.1983528074074074 0.30465242812500004 0.19838985462962963 0.30462421927083333 0.2159333138888889
2 0.19966350989583334 0.18903106296296296 0.18781986718750002 0.18909945833333333 0.18779971770833334 0.19524935833333332 0.19969574843750001 0.19524935833333332 0.19966350989583334 0.18903106296296296
2 0.34685270989583333 0.17369905925925927 0.3631754984375 0.17370190925925927 0.36317952864583336 0.1484069537037037 0.34685270989583333 0.1483414074074074 0.34685270989583333 0.17369905925925927
2 0.2701450734375 0.16222855555555554 0.2833608703125 0.16221715555555555 0.28339512395833333 0.14156454814814814 0.27008462604166666 0.14155884907407407 0.2701450734375 0.16222855555555554
2 0.20496876875 0.18849814722222222 0.21434213177083333 0.1885380453703704 0.21426153541666665 0.18139070925925924 0.20491839635416667 0.1814277574074074 0.20496876875 0.18849814722222222
3 0.3029377390625 0.2139070962962963 0.29796494062499995 0.21392134537037039 0.29796494062499995 0.21595326296296297 0.30293975416666663 0.21595611296296296 0.3029377390625 0.2139070962962963
2 0.34759218229166666 0.24160729537037037 0.3343300421875 0.24157309814814817 0.3343844447916667 0.2619777712962963 0.34754180937499995 0.2619350240740741 0.34759218229166666 0.24160729537037037
2 0.30586943385416665 0.24153604999999997 0.2921922223958333 0.24146480462962963 0.2921922223958333 0.26179823333333335 0.30593995572916666 0.2617526361111111 0.30586943385416665 0.24153604999999997
2 0.19419705833333334 0.3018153324074074 0.19418496875000002 0.31657167314814816 0.20580495677083332 0.31662581944444446 0.20573443489583332 0.30185237962962963 0.19419705833333334 0.3018153324074074
2 0.23107797708333333 0.24045882037037034 0.2311142453125 0.21885437407407407 0.21374974791666668 0.21892277037037036 0.21385049374999998 0.24047306944444444 0.23107797708333333 0.24045882037037034
2 0.20300020156249998 0.20010544351851853 0.20300020156249998 0.2154345962962963 0.21545637708333334 0.2156027361111111 0.21548660104166667 0.20010259351851853 0.20300020156249998 0.20010544351851853
3 0.3340640739583333 0.28832715833333333 0.33404392499999996 0.24403818796296295 0.33433205729166665 0.2440210888888889 0.33430586354166664 0.24152180092592593 0.30586943385416665 0.24153604999999997 0.30586943385416665 0.24400398981481483 0.33221237135416665 0.24400398981481483 0.3321599838541667 0.28832715833333333 0.3340640739583333 0.28832715833333333
3 0.20300020156249998 0.16443431203703704 0.23081200885416667 0.16449415833333333 0.230828128125 0.1664776287037037 0.246000403125 0.16650327685185187 0.246000403125 0.16271302407407406 0.1992162 0.16267027685185184 0.19892806770833332 0.16265032777777777 0.19891194843749999 0.16638073518518517 0.20300624635416667 0.16638073518518517 0.20300020156249998 0.16443431203703704
3 0.19930687083333334 0.2920233685185185 0.1992645578125 0.2883043601851852 0.17882329218749998 0.2882530638888889 0.17878702395833335 0.2186206898148148 0.1894398546875 0.2186206898148148 0.18940358645833333 0.21668851481481483 0.17878702395833335 0.21668851481481483 0.17878702395833335 0.19128811666666665 0.18781986718750002 0.19128811666666665 0.18781986718750002 0.18909945833333333 0.17875075572916668 0.18904816203703703 0.17878702395833335 0.16634653703703703 0.18594801510416667 0.16624394444444446 0.185859359375 0.16265602777777777 0.17630666927083333 0.162698775 0.17634696770833333 0.29215161018518515 0.19930687083333334 0.2920233685185185
3 0.3655127947916667 0.1771444851851852 0.37415675989583336 0.17717583333333334 0.374176909375 0.21614705 0.36553294375 0.21611570277777778 0.3655127947916667 0.20610145370370372 0.3639512390625 0.20607295555555558 0.36394720937499997 0.24402678796296295 0.37419705833333333 0.2440695351851852 0.374176909375 0.288255912962963 0.3649707838541667 0.2883129092592593 0.36502720104166664 0.2920091194444444 0.3759036875 0.2919663722222222 0.3759258510416667 0.24162439444444445 0.37591376354166667 0.2416243277777778 0.3759238364583333 0.17478768888888888 0.3632198265625 0.17475919074074073 0.3632641546875 0.1771444851851852 0.363929075 0.17717583333333334 0.3639512390625 0.18951838148148148 0.36549264583333335 0.18951838148148148 0.3655127947916667 0.1771444851851852
3 0.37459802395833336 0.24161703796296294 0.37459198072916666 0.21882587592592592 0.3656598833333333 0.2187375324074074 0.36563771927083333 0.24156739814814815 0.37459802395833336 0.24161703796296294
3 0.3462341328125 0.21380450277777777 0.3398186578125 0.21382160185185187 0.3398186578125 0.2160815046296296 0.3462260729166667 0.2160815046296296 0.3462341328125 0.21380450277777777
3 0.2921922223958333 0.24146480462962963 0.28874269583333334 0.24146480462962963 0.28879911354166665 0.28287546296296295 0.292149909375 0.2829039611111111 0.2921922223958333 0.24146480462962963
2 0.5743723552083334 0.24284981481481482 0.5626153536458334 0.24281561666666665 0.5626052791666667 0.248842975 0.5743804151041666 0.2488600740740741 0.5743723552083334 0.24284981481481482
2 0.5821922223958332 0.2535765175925926 0.5822002822916666 0.27012824166666666 0.5947249645833333 0.2701339416666667 0.5946886963541667 0.2535394703703704 0.5821922223958332 0.2535765175925926
2 0.6103062661458334 0.29410943333333334 0.610300221875 0.2732060416666667 0.59292565 0.27312054722222223 0.5930807979166667 0.29415502962962964 0.6103062661458334 0.29410943333333334
4 0.6859802536458334 0.08688230277777778 0.6816320776041667 0.08692504999999999 0.6816320776041667 0.1183471074074074 0.6859802536458334 0.11830436018518518 0.6859802536458334 0.08688230277777778
4 0.6697541807291666 0.08905956111111112 0.6641466854166667 0.08906526111111111 0.6641265364583333 0.11992590462962964 0.6697602255208334 0.11988315740740739 0.6697541807291666 0.08905956111111112
4 0.6697662703125 0.13753776018518518 0.6641164619791666 0.13751211203703703 0.6641225067708334 0.16828156203703704 0.6697038083333333 0.16828156203703704 0.6697662703125 0.13753776018518518
4 0.6697501510416667 0.19481618703703701 0.6641587750000001 0.1948389851851852 0.6639955671875001 0.22623824444444443 0.669850896875 0.22628099166666665 0.6697501510416667 0.19481618703703701
4 0.6639351197916666 0.2451610148148148 0.66396534375 0.2632858361111111 0.6697219421875 0.2632915361111111 0.6697300020833333 0.24518951296296293 0.6639351197916666 0.2451610148148148
4 0.6833810197916667 0.3028099175925926 0.677594196875 0.3027871185185185 0.6776344953125 0.334226275 0.6834112432291667 0.3342234259259259 0.6833810197916667 0.3028099175925926
4 0.6283195645833334 0.34847534907407407 0.6283598630208334 0.35674266203703703 0.6767962927083333 0.356719862962963 0.6767821880208333 0.34854089444444447 0.6283195645833334 0.34847534907407407
4 0.6055712270833333 0.3485038472222222 0.5793330645833333 0.34853519537037037 0.5793673182291667 0.35664291851851854 0.6055712270833333 0.35669991481481483 0.6055712270833333 0.3485038472222222
4 0.5723151317708334 0.3799230546296296 0.5587366510416667 0.3799230546296296 0.5587588151041667 0.38407808518518516 0.5722949828124999 0.38407808518518516 0.5723151317708334 0.3799230546296296
4 0.7013943177083333 0.24522941018518518 0.6980959098958334 0.245198062037037 0.6981079989583333 0.2634824740740741 0.7013560348958333 0.2634824740740741 0.7013943177083333 0.24522941018518518
4 0.701366109375 0.20540324907407406 0.6981200885416666 0.20540324907407406 0.6980959098958334 0.22391564537037037 0.7013681239583334 0.22388144814814814 0.701366109375 0.20540324907407406
4 0.6255913760416667 0.05514961481481482 0.6153898848958334 0.05516956388888889 0.6153697359375 0.05987460833333333 0.6255913760416667 0.05981761203703703 0.6255913760416667 0.05514961481481482
4 0.5808946203125 0.05969506944444444 0.5971771104166667 0.05965802222222222 0.5971529317708334 0.054177828703703704 0.5808845458333334 0.05418352777777778 0.5808946203125 0.05969506944444444
3 0.5991879911458333 0.24138216018518516 0.59350594375 0.24138216018518516 0.59350594375 0.24236534629629627 0.5992041104166667 0.24236534629629627 0.5991879911458333 0.24138216018518516
3 0.6101007453125 0.19988600740740742 0.608581503125 0.19989740648148147 0.6086177713541667 0.20904816203703705 0.61007858125 0.2090595611111111 0.6101007453125 0.19988600740740742
3 0.5517106588541666 0.23389284722222223 0.5534696755208334 0.23385864907407408 0.5534596010416667 0.20953832962962965 0.5821740880208334 0.20954402962962962 0.5821700583333332 0.20903391296296298 0.5825952046875 0.20903106296296295 0.582510578125 0.1997150185185185 0.5808261130208333 0.19971786851851853 0.5808261130208333 0.20707608981481482 0.5517106588541666 0.2071359361111111 0.5517106588541666 0.23389284722222223
3 0.5793330645833333 0.34853519537037037 0.5535381822916666 0.3485123962962963 0.5535482572916667 0.35198632129629626 0.579365303125 0.35206611574074076 0.5793330645833333 0.34853519537037037
3 0.6767962927083333 0.356719862962963 0.6834152729166667 0.35673126203703703 0.6834112432291667 0.3342234259259259 0.6801128348958334 0.3342234259259259 0.6801108203125 0.3520889138888889 0.6767862182291666 0.3520889138888889 0.6767962927083333 0.356719862962963
3 0.6102961916666667 0.34932174444444447 0.6069111427083332 0.34932174444444447 0.6069071125 0.3484895981481481 0.6055712270833333 0.3485038472222222 0.6055813015625 0.3520262185185185 0.6283376989583334 0.35211741203703706 0.6283195645833334 0.34847534907407407 0.6103022364583333 0.34851809629629626 0.6102961916666667 0.34932174444444447
3 0.6767821880208333 0.34854089444444447 0.676810396875 0.35211171296296295 0.6801108203125 0.3520889138888889 0.68011485 0.334226275 0.6776344953125 0.334226275 0.6776344953125 0.34853234537037037 0.6767821880208333 0.34854089444444447
3 0.6641587750000001 0.285195212037037 0.6776284505208333 0.2852607583333333 0.677594196875 0.3027871185185185 0.6801188796875 0.3028384157407408 0.6801128348958334 0.28182103148148147 0.6666572635416668 0.2818637787037037 0.6666492041666667 0.2632915361111111 0.6639854927083333 0.2632858361111111 0.6639129557291666 0.2684012537037037 0.6641910135416667 0.2684012537037037 0.6641587750000001 0.285195212037037
3 0.6646363088541667 0.23101168425925925 0.6639149708333334 0.23102593333333332 0.6639351197916666 0.2451610148148148 0.6666451744791666 0.2451638638888889 0.6666371145833333 0.22623824444444443 0.6646201895833334 0.22620404629629629 0.6646363088541667 0.23101168425925925
3 0.6666471890625 0.1682958111111111 0.6641225067708334 0.16828156203703704 0.6641587750000001 0.1948389851851852 0.6666552489583334 0.19482473611111112 0.6666471890625 0.1682958111111111
3 0.6641466854166667 0.0804388712962963 0.6641466854166667 0.08906526111111111 0.6666431593750001 0.08905956111111112 0.6666874875000001 0.07684240555555555 0.6273020348958334 0.07684240555555555 0.6273886760416667 0.10231405 0.6241930286458334 0.10231405 0.6241809390624999 0.10580507222222223 0.6297844046875 0.10582217129629629 0.6297723151041666 0.08033627777777778 0.6641466854166667 0.0804388712962963