4 0.3789663510416667 0.588241663888889 0.36348378020833333 0.5882245657407407 0.3635462421875 0.5936021657407408 0.3789965744791666 0.5937047592592593 0.3789663510416667 0.588241663888889
3 0.1456780171875 0.6329467083333333 0.16650413072916667 0.632889712037037 0.16654845833333332 0.627312625 0.14773927083333332 0.6273924194444445 0.14773322604166667 0.5388629240740741 0.17703002239583335 0.5388116268518519 0.1770521859375 0.5334254777777778 0.14762442083333335 0.5335537194444444 0.14773725572916666 0.44333713333333336 0.176784203125 0.44333713333333336 0.1768063671875 0.4385551435185185 0.18202498489583335 0.438649187962963 0.18206931302083335 0.4366229694444444 0.1839955671875 0.4365916212962963 0.1839512390625 0.43332858333333335 0.17306669375 0.4332345398148148 0.17308885729166665 0.4382074666666667 0.14562562968749998 0.43805357685185187 0.1456780171875 0.6329467083333333
2 0.245180334375 0.3768566546296296 0.24522667760416667 0.3569222 0.230018134375 0.3569649472222223 0.22992141875 0.3767626101851852 0.245180334375 0.3768566546296296
3 0.3228591578125 0.5568823027777778 0.32287326197916666 0.48705329166666667 0.3191356036458333 0.48705329166666667 0.3190207536458333 0.5568937018518518 0.3228591578125 0.5568823027777778
2 0.6466471890625001 0.4938928472222222 0.6465686078124999 0.4769592472222222 0.6323675197916666 0.47676261018518523 0.6324440864583334 0.49387574814814816 0.6466471890625001 0.4938928472222222
2 0.6343542213541667 0.46346537499999996 0.6438766875 0.463459675 0.6438484786458333 0.4555343398148148 0.6342716098958333 0.4554203472222222 0.6343542213541667 0.46346537499999996
2 0.6537034052083333 0.42527215740740737 0.6704473098958333 0.4252949555555556 0.6705077572916667 0.3993901398148148 0.6538202697916666 0.3993901398148148 0.6537034052083333 0.42527215740740737
4 0.7041990729166667 0.3218096324074074 0.6884525489583333 0.3218039324074074 0.6885250854166666 0.3312596185185185 0.7041990729166667 0.3312026222222222 0.7041990729166667 0.3218096324074074
3 0.6191356036458333 0.4939783416666667 0.6191094093749999 0.4629695074074074 0.6269776343750001 0.46289541203703705 0.6269917390625 0.463468225 0.6343542213541667 0.46346537499999996 0.6343381020833333 0.46202906851851855 0.6270703203125 0.46206611574074075 0.6270521859374999 0.44338557962962966 0.6249707838541667 0.44336278148148145 0.6249586942708334 0.46017953796296296 0.6174148697916666 0.46017953796296296 0.6174551682291667 0.49398119166666665 0.6191356036458333 0.4939783416666667
3 0.674273625 0.5827044740740741 0.6596715697916667 0.5825391851851852 0.6596836588541667 0.5879481333333333 0.6742877291666667 0.5879110861111111 0.674273625 0.5827044740740741
2 0.788748740625 0.46477913981481483 0.788811203125 0.48705329166666667 0.8073181541666667 0.48714448518518516 0.8073181541666667 0.4648304361111111 0.788748740625 0.46477913981481483
3 0.6462301026041666 0.47692505 0.646282490625 0.4433684814814815 0.6438807171875 0.4434055287037037 0.6438686276041667 0.47690795092592597 0.6462301026041666 0.47692505
4 0.6361293572916666 0.5879281842592593 0.6596836588541667 0.5879481333333333 0.6597158973958333 0.578449700925926 0.63614950625 0.5785294953703704 0.6361293572916666 0.5879281842592593
2 0.8207193229166666 0.42381305185185186 0.8207475317708333 0.44084639537037035 0.8340338505208333 0.44077515 0.8341889984375 0.4240210888888889 0.8207193229166666 0.42381305185185186
4 0.6742877291666667 0.5879110861111111 0.6975156156250001 0.5879395842592592 0.6974994963541667 0.5784554000000001 0.674229296875 0.5784554000000001 0.6742877291666667 0.5879110861111111
3 0.6723292364583333 0.3828583638888889 0.632361475 0.38296665740740743 0.6323937135416667 0.3850470222222222 0.6152790651041666 0.3849843259259259 0.6152629458333333 0.38841550277777775 0.6723252067708334 0.3884411509259259 0.6723272213541667 0.42211456296296296 0.6704634291666667 0.4221430611111111 0.6704634291666667 0.4252807064814815 0.6723816239583333 0.42533770277777777 0.6724219223958333 0.4275149611111111 0.6761011484375 0.4274038185185185 0.6761092083333333 0.3272670277777778 0.6884606083333333 0.3272356796296296 0.6884384442708333 0.32176118518518515 0.6263026395833333 0.3217155888888889 0.6262925651041668 0.3273496722222222 0.6722889380208333 0.3273354231481482 0.6723292364583333 0.3828583638888889
2 0.5970884546874999 0.3866742657407407 0.6153092885416667 0.38673696203703706 0.6151964536458333 0.3591821027777778 0.5970199473958334 0.35898831574074075 0.5970884546874999 0.3866742657407407
4 0.6263026395833333 0.3217155888888889 0.59401773125 0.3217469361111111 0.5940338505208334 0.3275178111111111 0.6262925651041668 0.3273496722222222 0.6263026395833333 0.3217155888888889
3 0.5902236552083333 0.3273610712962963 0.5902337296875 0.3486691361111111 0.5940660890624999 0.3464975777777778 0.59401773125 0.3217469361111111 0.5638222848958333 0.32178683425925925 0.5638222848958333 0.32741521759259257 0.5902236552083333 0.3273610712962963
3 0.5902841026041667 0.3703134796296296 0.59025589375 0.38290966111111113 0.5640519848958333 0.3829410092592592 0.5640519848958333 0.38842690185185186 0.5970884546874999 0.38836420648148146 0.5970662906249999 0.3828469648148148 0.5940439249999999 0.3828469648148148 0.5940660890624999 0.37231974907407406 0.5902841026041667 0.3703134796296296
4 0.741533346875 0.3217782842592593 0.7229357244791667 0.32179823333333335 0.7228793067708333 0.3315673981481481 0.7416159583333334 0.33161584537037037 0.741533346875 0.3217782842592593
4 0.82446705625 0.3477970935185185 0.8012452145833334 0.3478027925925926 0.8012834979166666 0.3572242805555556 0.8244569817708334 0.3572242805555556 0.82446705625 0.3477970935185185
3 0.7909711869791667 0.5596865203703704 0.7909933510416667 0.5881875175925926 0.79305661875 0.5881305212962963 0.7930928875000001 0.5648674833333333 0.7975478541666666 0.5648418351851852 0.7975841223958333 0.5596580222222222 0.7909711869791667 0.5596865203703704
4 0.7975760630208334 0.5650726703703705 0.825629659375 0.5651895129629629 0.825718315625 0.5553918490740741 0.7975982270833334 0.5553918490740741 0.7975760630208334 0.5650726703703705
3 0.8375458390625 0.40024223425925926 0.8375438244791666 0.3561385009259259 0.8354422729166667 0.35615844999999996 0.8354140640625 0.40000854907407407 0.8207334276041667 0.40002849814814817 0.8207193229166666 0.42381305185185186 0.8226616963541667 0.4237931037037037 0.8226858755208333 0.4029581074074074 0.8508603666666666 0.4029210601851852 0.8507676807291666 0.45911085740740737 0.8226798307291666 0.4590909092592592 0.8227060244791667 0.44084639537037035 0.8207475317708333 0.44084639537037035 0.8207475317708333 0.4590966083333333 0.8204654442708333 0.45907381018518517 0.8204896234375 0.46436591666666666 0.8531654239583334 0.464428612037037 0.8531513197916667 0.45916785370370367 0.8527866208333333 0.45916785370370367 0.8526838604166667 0.4002707324074074 0.8375458390625 0.40024223425925926
3 0.6634817651041666 0.49431176944444444 0.6634555713541667 0.5795497296296297 0.6652045135416667 0.5796779712962963 0.665127946875 0.499045312037037 0.6972697963541666 0.4990054148148148 0.6972436026041666 0.49422342592592594 0.6634817651041666 0.49431176944444444
3 0.7925347572916667 0.5568823027777778 0.7925488614583334 0.48705329166666667 0.788811203125 0.48705329166666667 0.788696353125 0.5568937018518518 0.7925347572916667 0.5568823027777778
2 0.8550433203125 0.5358136222222223 0.8550715291666666 0.5559333138888889 0.8697279869791666 0.5558563694444445 0.8696876890625 0.5357395268518519 0.8550433203125 0.5358136222222223
2 0.8290711265625 0.5801225416666667 0.8291517229166666 0.5652636074074074 0.8169111427083333 0.5652265601851852 0.8169171869791667 0.5801225416666667 0.8290711265625 0.5801225416666667
3 0.7889945598958333 0.38437161574074075 0.7887346364583333 0.3844058138888889 0.788748740625 0.46477913981481483 0.7925347572916667 0.46477058981481484 0.7925408020833333 0.38436876574074075 0.7923372958333333 0.3843459675925926 0.7923090875 0.35609005370370367 0.7889562765625 0.35603305740740737 0.7889945598958333 0.38437161574074075
3 0.741611928125 0.3273468222222222 0.7788515010416667 0.3272499287037037 0.7788212776041666 0.35307495 0.8011827526041666 0.35316329444444444 0.8012452145833334 0.3478027925925926 0.7826113239583333 0.34778284444444446 0.7825327421875 0.3218466796296296 0.741533346875 0.3217782842592593 0.741611928125 0.3273468222222222
3 0.7228732619791667 0.3272898259259259 0.7229357244791667 0.32179823333333335 0.7041990729166667 0.3218096324074074 0.70423735625 0.3272527787037037 0.7228732619791667 0.3272898259259259
3 0.7121982671875 0.5825591333333333 0.6975538989583333 0.5826503277777777 0.6975156156250001 0.5879395842592592 0.7083215796875 0.5879652324074074 0.7083397140625001 0.6108007981481481 0.7158351802083334 0.6108378453703703 0.7157807776041667 0.6054231972222222 0.7122828932291667 0.6054032490740741 0.7122627442708332 0.593453975925926 0.7155248843750001 0.5933912796296296 0.7155389885416666 0.588076375 0.7122365505208333 0.588076375 0.7121982671875 0.5825591333333333
3 0.7916199880208333 0.6054830435185186 0.7879669557291666 0.605389 0.7879669557291666 0.6108891425925925 0.7953919 0.6107979481481481 0.7953919 0.5934112287037038 0.7978581505208333 0.593465375 0.7978843442708333 0.5881504703703704 0.7881624015625001 0.5881305212962963 0.7882147895833334 0.5935594185185186 0.7915817046875 0.5934482759259259 0.7916199880208333 0.6054830435185186
4 0.7155248843750001 0.5933912796296296 0.7882147895833334 0.5935594185185186 0.7881482973958334 0.5840809351851852 0.7155087651041666 0.5840809351851852 0.7155248843750001 0.5933912796296296
3 0.6881603869791667 0.46707039074074075 0.6898428369791667 0.46707039074074075 0.6898347776041667 0.41957822777777776 0.7130727380208334 0.41959532592592597 0.7131110213541666 0.46707039074074075 0.7148861578125001 0.46705044166666665 0.7149123515625 0.4140951842592593 0.6881341932291666 0.41404103703703704 0.6878460609375 0.414428612037037 0.6775619583333333 0.4144457111111111 0.6775115859375 0.4192447990740741 0.68811404375 0.41934739259259257 0.6881603869791667 0.46707039074074075
3 0.7015555109374999 0.4670418925925926 0.7015555109374999 0.4448418351851852 0.6997158973958334 0.4441550296296296 0.6997481364583333 0.4670333425925926 0.7015555109374999 0.4670418925925926
2 0.699709853125 0.46392989444444444 0.6898650010416667 0.46393559444444443 0.6898891796875 0.4712083212962963 0.6996957484375 0.47107438055555556 0.699709853125 0.46392989444444444
3 0.7149022770833333 0.33000854907407406 0.7126556520833333 0.33004559722222226 0.7127060244791666 0.35364776296296296 0.7148599635416667 0.3536278138888889 0.7149022770833333 0.33000854907407406
3 0.8589582911458333 0.5604445712962962 0.8773725567708334 0.5604816185185185 0.8773584526041667 0.4496266740740741 0.8589462020833333 0.44960957500000004 0.8590288130208333 0.3477913935185185 0.82449325 0.3477970935185185 0.8244811604166667 0.35314904537037034 0.8550896635416667 0.35324023981481484 0.8550433203125 0.5358136222222223 0.8589582911458333 0.535748075925926 0.8589462020833333 0.45337418055555556 0.87472295 0.4534853231481481 0.87472295 0.5569022509259259 0.8589844854166666 0.5569763462962963 0.85901269375 0.5559418638888889 0.8550715291666666 0.5559333138888889 0.855039290625 0.5596637222222223 0.8256780171875 0.5597321175925926 0.8256417489583333 0.5652066111111111 0.8550473505208332 0.565389 0.85503123125 0.588076375 0.8486620994791667 0.5880963240740741 0.8487144869791667 0.5934853231481482 0.8589582911458333 0.5934853231481482 0.8589582911458333 0.5604445712962962
4 0.8253455572916667 0.588261612962963 0.7978722546875 0.5881675694444444 0.7978581505208333 0.5935223712962963 0.8253455572916667 0.5935793675925926 0.8253455572916667 0.588261612962963
3 0.6774591979166666 0.3765545740740741 0.7147954864583334 0.37657167314814816 0.7147954864583334 0.37361926481481483 0.6794035864583333 0.3734169277777778 0.6793935119791666 0.356719862962963 0.6859177916666667 0.3565745222222222 0.6859278661458333 0.3300598462962963 0.6838263145833333 0.3300398972222222 0.6839069109375 0.3535109722222222 0.6773141244791667 0.35364776296296296 0.6774591979166666 0.3765545740740741
2 0.7148116057291667 0.37356226851851854 0.7148579489583333 0.3536278138888889 0.6996494057291667 0.3536705611111111 0.6995526901041667 0.373468225 0.7148116057291667 0.37356226851851854
4 0.8486359057291666 0.5880592759259259 0.83317146875 0.5881134222222223 0.8332218416666667 0.5936021657407408 0.8487144869791667 0.5934853231481482 0.8486359057291666 0.5880592759259259
3 0.8293733630208333 0.5880963240740741 0.8293854526041666 0.5801567398148149 0.8269736046875 0.5801111425925926 0.8269856942708333 0.5881305212962963 0.8253415270833333 0.5881504703703704 0.8253455572916667 0.5935793675925926 0.8332218416666667 0.5936021657407408 0.8331855734375 0.5881305212962963 0.8293733630208333 0.5880963240740741
3 0.7115313317708334 0.5511798231481482 0.7114930484375 0.5794385861111111 0.7148599635416667 0.5794556851851852 0.7148599635416667 0.5512168712962963 0.715172275 0.5511798231481482 0.7151480958333334 0.49398119166666665 0.7113761838541667 0.49396124259259266 0.7113620791666667 0.5511627240740741 0.7115313317708334 0.5511798231481482
3 0.6152488416666666 0.5879481333333333 0.6361293572916666 0.5879281842592593 0.636141446875 0.5825933314814814 0.6173624822916667 0.5826132805555556 0.6173765869791666 0.4993872898148148 0.6465162197916666 0.4993872898148148 0.6465424140625 0.49392419537037036 0.6174551682291667 0.49398119166666665 0.6174128552083334 0.44333713333333336 0.6464598026041667 0.44333713333333336 0.6464517427083333 0.4275320601851852 0.6516058833333334 0.42755200925925924 0.6515937942708334 0.42526360740740743 0.6536953453125 0.4252436592592593 0.6536953453125 0.4222000574074074 0.6426798307291667 0.42210601296296296 0.6427644567708334 0.4382074666666667 0.61531331875 0.4379994296296296 0.6152488416666666 0.5879481333333333
3 0.6494398546875 0.4942747222222222 0.6465303244791667 0.4942747222222222 0.6465686078124999 0.49903676296296295 0.649435825 0.49903676296296295 0.6494398546875 0.4942747222222222
2 0.6634313921874999 0.49375320648148147 0.6494398546875 0.4937275574074074 0.6494821682291666 0.5173781703703704 0.6633487807291666 0.5173297231481482 0.6634313921874999 0.49375320648148147
4 0.23452347395833334 0.3218096324074074 0.21877694947916665 0.3218039324074074 0.2188494859375 0.3312596185185185 0.23452347395833334 0.3312026222222222 0.23452347395833334 0.3218096324074074
4 0.2718577473958333 0.3217782842592593 0.253260125 0.32179823333333335 0.2532037072916667 0.3315673981481481 0.2719403588541667 0.33161584537037037 0.2718577473958333 0.3217782842592593
4 0.35479145677083335 0.3477970935185185 0.33156961510416666 0.3478027925925926 0.33160789843750005 0.3572242805555556 0.35478138229166667 0.3572242805555556 0.35479145677083335 0.3477970935185185
4 0.25123916979166666 0.5935394703703705 0.3130062463541667 0.5935024222222223 0.3131170661458333 0.5839612425925925 0.2512532744791667 0.5839982898148148 0.25123916979166666 0.5935394703703705
4 0.20462824895833334 0.6330179537037037 0.22811807395833333 0.6329609574074074 0.22806367135416666 0.6232886861111111 0.20460608489583335 0.6232886861111111 0.20462824895833334 0.6330179537037037
4 0.16650413072916667 0.632889712037037 0.19 0.6329980055555555 0.18994156770833334 0.6234254777777778 0.16648196666666668 0.6234796240740741 0.16650413072916667 0.632889712037037
3 0.2077312109375 0.3799487037037037 0.2452206328125 0.3799002564814815 0.245180334375 0.3768566546296296 0.20969776354166667 0.37680535740740745 0.2097179125 0.356719862962963 0.2162421921875 0.3565745222222222 0.21625226666666666 0.3300598462962963 0.21415071510416667 0.3300398972222222 0.21423131145833332 0.3535109722222222 0.20763852500000002 0.35364776296296296 0.2077312109375 0.3799487037037037
3 0.24522667760416667 0.33000854907407406 0.24298005260416666 0.33004559722222226 0.2429780375 0.35695069814814817 0.24522667760416667 0.3569222 0.24522667760416667 0.33000854907407406
3 0.3212955875 0.5596865203703704 0.3213177515625 0.5881875175925926 0.32338101979166667 0.5881305212962963 0.3234172880208333 0.5648674833333333 0.3278722546875 0.5648418351851852 0.32790852291666667 0.5596580222222222 0.3212955875 0.5596865203703704
3 0.2025952046875 0.38284126574074073 0.16269796510416665 0.382872612962963 0.16272415885416666 0.38506697037037035 0.14570219635416667 0.38512681666666665 0.14567600260416666 0.38841265277777776 0.2025327421875 0.38841550277777775 0.20257505520833333 0.43318039351851856 0.200749546875 0.4331632944444444 0.200739471875 0.43661442037037035 0.2026657265625 0.4365916212962963 0.20264960729166667 0.4387403814814815 0.20643965364583333 0.4386805361111111 0.20643360885416667 0.3272670277777778 0.21878500885416668 0.3272356796296296 0.21877694947916665 0.3218039324074074 0.15652025 0.32172413796296295 0.1565504734375 0.3272869759259259 0.20259721927083335 0.3273297231481481 0.2025952046875 0.38284126574074073
4 0.3279004635416667 0.5650726703703705 0.35595405989583334 0.5651895129629629 0.3560427161458334 0.5553918490740741 0.3279226276041667 0.5553918490740741 0.3279004635416667 0.5650726703703705
4 0.3556699578125 0.588261612962963 0.3282087447916667 0.5882473638888889 0.32818255104166666 0.5936563120370371 0.3556699578125 0.5935793675925926 0.3556699578125 0.588261612962963
3 0.3193189604166667 0.38437161574074075 0.31905903697916665 0.3844058138888889 0.31907314114583335 0.46477913981481483 0.3228591578125 0.46477058981481484 0.3228652026041667 0.38436876574074075 0.32266169635416664 0.3843459675925926 0.3226334880208333 0.35609005370370367 0.31928067708333335 0.35603305740740737 0.3193189604166667 0.38437161574074075
3 0.21716905104166667 0.46445711018518515 0.20166431614583333 0.4644029638888889 0.2015897640625 0.4669022509259259 0.21893612708333335 0.4670903388888889 0.21898851510416667 0.4329581074074074 0.24333467656250002 0.432895412037037 0.2433608703125 0.4670247935185185 0.24523876666666666 0.4670247935185185 0.24523675208333331 0.4303020805555556 0.20792665729166665 0.4303505268518519 0.20790046354166666 0.432878312962963 0.21714890208333332 0.43285551481481477 0.21716905104166667 0.46445711018518515
3 0.36787023958333337 0.40024223425925926 0.367868225 0.3561385009259259 0.3657666734375 0.35615844999999996 0.3657384645833333 0.40000854907407407 0.35105782812499997 0.40002849814814817 0.3510437234375 0.42381305185185186 0.352986096875 0.4237931037037037 0.3530102760416666 0.4029581074074074 0.38118476718750005 0.4029210601851852 0.38109208125 0.45911085740740737 0.35300423124999997 0.4590909092592592 0.353030425 0.44084639537037035 0.3510719322916667 0.44084639537037035 0.3510719322916667 0.4590966083333333 0.35078984479166664 0.45907381018518517 0.35081402395833333 0.46436591666666666 0.3834898244791667 0.464428612037037 0.3834757203125 0.45916785370370367 0.3831110213541667 0.45916785370370367 0.3830082609375 0.4002707324074074 0.36787023958333337 0.40024223425925926
3 0.24180535989583335 0.55691935 0.2417973 0.5853348527777779 0.24528108020833334 0.5853234537037036 0.24521055833333336 0.5567911083333333 0.24547249635416665 0.5568082074074073 0.24545839218749999 0.4941635796296297 0.24168648020833333 0.4941464805555555 0.24168648020833333 0.5569022509259259 0.24180535989583335 0.55691935
3 0.193779971875 0.5336449129629629 0.19376788229166667 0.6242519240740741 0.1955289140625 0.6242177259259258 0.19546846666666667 0.5385123962962963 0.22761031614583332 0.538472499074074 0.22758412239583334 0.5336905101851852 0.193779971875 0.5336449129629629
3 0.25319766250000003 0.3272898259259259 0.253260125 0.32179823333333335 0.23452347395833334 0.3218096324074074 0.23456175677083332 0.3272527787037037 0.25319766250000003 0.3272898259259259
3 0.27193632864583334 0.3273468222222222 0.3091759015625 0.3272499287037037 0.309145678125 0.35307495 0.331507153125 0.35316329444444444 0.33156961510416666 0.3478027925925926 0.3129357244791667 0.34778284444444446 0.3128571427083333 0.3218466796296296 0.2718577473958333 0.3217782842592593 0.27193632864583334 0.3273468222222222
3 0.3892826916666667 0.5606440583333333 0.4076949427083333 0.5606440583333333 0.407682853125 0.4496266740740741 0.3892706026041666 0.44960957500000004 0.3893532135416667 0.3477913935185185 0.35481765052083336 0.3477970935185185 0.3548055609375 0.35314904537037034 0.3854140640625 0.35324023981481484 0.3853677213541667 0.5358136222222223 0.3892826916666667 0.535748075925926 0.3892706026041666 0.45337418055555556 0.40504735052083335 0.4534853231481481 0.4050050375 0.5570504416666666 0.38931090052083334 0.5570133944444444 0.38933709427083335 0.5559418638888889 0.3853959296875 0.5559333138888889 0.3853636911458333 0.5596637222222223 0.3560024177083333 0.5597321175925926 0.35596614947916666 0.5652066111111111 0.38537175104166665 0.565389 0.385347571875 0.588273012037037 0.3789663510416667 0.588241663888889 0.3789965744791666 0.5937047592592593 0.3893088859375 0.593650612962963 0.3892826916666667 0.5606440583333333
3 0.3130707234375 0.5882046166666667 0.31304452968749996 0.5935223712962963 0.3281704614583333 0.5934482759259259 0.3281704614583333 0.5881134222222223 0.3130707234375 0.5882046166666667
3 0.3596594802083333 0.5882787120370371 0.359709853125 0.5801567398148149 0.3572980052083333 0.5801111425925926 0.3573141244791667 0.588261612962963 0.3556699578125 0.588261612962963 0.3556699578125 0.5935793675925926 0.3635462421875 0.5936021657407408 0.36348378020833333 0.5882245657407407 0.3596594802083333 0.5882787120370371
2 0.7113580494791666 0.49395839259259255 0.6973141244791666 0.4939270444444444 0.6973564375 0.5175776574074075 0.7113580494791666 0.517509262037037 0.7113580494791666 0.49395839259259255
2 0.35939552708333333 0.5801225416666667 0.3594761234375 0.5652636074074074 0.34723554322916667 0.5652265601851852 0.3472415875 0.5801225416666667 0.35939552708333333 0.5801225416666667
3 0.25122708020833334 0.5882787120370371 0.24458392083333333 0.5883528074074074 0.2445335484375 0.6274038185185186 0.22811202916666667 0.6274180675925926 0.22811807395833333 0.6329609574074074 0.24841628072916666 0.6329296092592592 0.24833165416666667 0.5936249648148149 0.25122708020833334 0.5935024222222223 0.25122708020833334 0.5882787120370371
3 0.179788434375 0.5336192648148148 0.17705017135416667 0.5336278138888889 0.17706024583333332 0.5384952981481481 0.179788434375 0.538475349074074 0.179788434375 0.5336192648148148
2 0.3853677213541667 0.5358136222222223 0.3853959296875 0.5559333138888889 0.4000523875 0.5558563694444445 0.4000120895833333 0.5357395268518519 0.3853677213541667 0.5358136222222223
3 0.19 0.6329980055555555 0.20462824895833334 0.6330179537037037 0.20462824895833334 0.6274152175925926 0.1900161192708333 0.6273496722222223 0.19 0.6329980055555555
3 0.15531130364583332 0.4800626962962963 0.15530525885416668 0.4996523222222222 0.147709046875 0.49970646944444447 0.14764859947916667 0.5334710740740741 0.1494398546875 0.5334881731481482 0.1494136609375 0.5022342546296297 0.15708240989583333 0.50230835 0.15708240989583333 0.5029552583333333 0.1646645171875 0.5030635509259259 0.16463832343749998 0.5015702481481482 0.1571206932291667 0.5015873472222222 0.15712472291666665 0.48275292129629627 0.1741809390625 0.48277002037037037 0.17419705833333332 0.5164006842592593 0.17651420520833333 0.5163864351851852 0.17659681666666666 0.4969934453703704 0.22174692708333332 0.4970504416666667 0.22174692708333332 0.4944685092592592 0.1765625630208333 0.4944799092592593 0.17652226458333334 0.4433000851851852 0.1744892203125 0.44333143333333336 0.17451742916666665 0.47990880555555554 0.15531130364583332 0.4800626962962963
1 0 0 0 1 1 1 1 0 0 0
2 0.31907314114583335 0.46477913981481483 0.3191356036458333 0.48705329166666667 0.3376425546875 0.48714448518518516 0.3376425546875 0.4648304361111111 0.31907314114583335 0.46477913981481483
2 0.193779971875 0.5336449129629629 0.179788434375 0.5336192648148148 0.1798287328125 0.5572698777777777 0.19369736041666666 0.5572214305555555 0.193779971875 0.5336449129629629
2 0.2416340921875 0.5336449129629629 0.22759218229166667 0.5336135648148148 0.22763248020833335 0.5572641777777778 0.2416340921875 0.5571957824074074 0.2416340921875 0.5336449129629629
2 0.3510437234375 0.42381305185185186 0.3510719322916667 0.44084639537037035 0.3643582510416667 0.44077515 0.36451339895833335 0.4240210888888889 0.3510437234375 0.42381305185185186
2 0.12744509375 0.38655742407407406 0.14564577864583333 0.3865802222222222 0.14578279270833333 0.3590738101851852 0.127630465625 0.35893701944444445 0.12744509375 0.38655742407407406
4 0.15652025 0.32172413796296295 0.12433608697916668 0.3218124824074074 0.12435422135416667 0.3273639212962963 0.1565504734375 0.3272869759259259 0.15652025 0.32172413796296295
3 0.12060245833333334 0.3273297231481481 0.12062663697916666 0.3482958111111111 0.12436429583333333 0.3464918777777778 0.12433608697916668 0.3218124824074074 0.0942595203125 0.32182958148148144 0.0942857140625 0.3273867194444444 0.12060245833333334 0.3273297231481481
3 0.12066895 0.37072670277777775 0.12055813020833334 0.382878312962963 0.09421922239583333 0.382878312962963 0.09424138645833334 0.38836420648148146 0.12742091458333332 0.38831006018518516 0.12741285520833331 0.38290966111111113 0.12439048958333333 0.38290966111111113 0.12436832552083334 0.37222570555555556 0.12066895 0.37072670277777775
2 0.1770521859375 0.5334254777777778 0.17697360468749998 0.5164918777777778 0.16277251666666667 0.5162952407407407 0.1628490833333333 0.5334083787037037 0.1770521859375 0.5334254777777778
2 0.1646645171875 0.5030635509259259 0.17418698385416667 0.5030578509259259 0.174158775 0.49513251666666663 0.16457989114583332 0.49501852407407404 0.1646645171875 0.5030635509259259
2 0.1839955671875 0.4365916212962963 0.200739471875 0.43661442037037035 0.20079991927083332 0.4107096037037037 0.18411243177083333 0.4107096037037037 0.1839955671875 0.4365916212962963