1 0 0 0 1 1 1 1 0 0 0
2 0.39096553125 0.37956670462962966 0.39102600260416664 0.33373147129629627 0.3541019953125 0.3336830101851852 0.3542934890625 0.379712087037037 0.39096553125 0.37956670462962966
3 0.36629711770833334 0.7419982898148149 0.3700262041666667 0.7419982898148149 0.37073170729166666 0.7351197259259259 0.374904253125 0.7353192703703704 0.37491433177083333 0.7300969212962963 0.3236343479166666 0.7300969212962963 0.3235940333333333 0.7386202962962963 0.366317275 0.7385205240740741 0.36629711770833334 0.7419982898148149
3 0.3437452125 0.5683323833333334 0.3237734328125 0.5683323833333334 0.3237734328125 0.573463512037037 0.3437210239583333 0.5732639685185186 0.3437452125 0.5683323833333334
3 0.4337048984375 0.7824942990740741 0.43754081822916663 0.7824230333333334 0.4376395885416667 0.7301168759259259 0.42782100364583336 0.7298090083333333 0.42769602916666666 0.7343500574074074 0.434005240625 0.7347206388888888 0.4337048984375 0.7824942990740741
3 0.43646442239583333 0.5679475481481481 0.36576093541666665 0.5680444694444444 0.36573271510416666 0.5735119722222222 0.43646643802083335 0.5736573546296296 0.43646442239583333 0.5679475481481481
3 0.39314654322916665 0.4049059296296296 0.38873614166666665 0.4049401370370371 0.38904857916666663 0.4956984037037037 0.3933098166666667 0.4956955527777777 0.39314654322916665 0.4049059296296296
3 0.4366559161458333 0.39973204074074076 0.36578109270833337 0.399828962037037 0.36568030625 0.40487457222222223 0.43658335000000004 0.4048061574074074 0.4366559161458333 0.39973204074074076
2 0.6233702880208334 0.5217417333333334 0.57754485 0.5227423037037037 0.5774037494791667 0.5289538194444444 0.623227171875 0.5282525657407408 0.6233702880208334 0.5217417333333334
3 0.5742007661458334 0.6198403648148149 0.5778572869791667 0.6197206388888888 0.5775166296875 0.5224828962962963 0.5740314453124999 0.5228449259259259 0.5742007661458334 0.6198403648148149
2 0.48032050000000004 0.40272805 0.4800120942708333 0.4389367157407407 0.5091533963541667 0.4390079814814815 0.5093731104166667 0.40322120833333336 0.48032050000000004 0.40272805
3 0.4396029026041666 0.3156813 0.4396613588541667 0.3337086657407407 0.44290868802083333 0.3337941842592593 0.44290868802083333 0.3155957814814815 0.4396029026041666 0.3156813
2 0.3668191895833333 0.7423517675925926 0.366772828125 0.7700969212962963 0.3900806286458333 0.770458950925926 0.39018141510416665 0.7425798175925926 0.3668191895833333 0.7423517675925926
3 0.37106228593749996 0.7700085518518519 0.36712557968750004 0.7698460657407408 0.36701068333333337 0.7823660203703703 0.37093932656249995 0.7824059296296296 0.37106228593749996 0.7700085518518519
2 0.44324732916666665 0.4961231472222222 0.4430659140625 0.46425313611111113 0.41876033072916663 0.46424458425925924 0.4188772427083334 0.4957810722222223 0.44324732916666665 0.4961231472222222
2 0.4433279583333333 0.6108038768518519 0.4431667005208333 0.5736316990740741 0.41331384791666664 0.5738312425925927 0.4136565208333333 0.6103477768518519 0.4433279583333333 0.6108038768518519
3 0.44345091718749996 0.6108608898148149 0.43686353541666667 0.6108694416666667 0.43687966145833335 0.7209806157407408 0.4432695020833333 0.7210376287037037 0.44345091718749996 0.6108608898148149
3 0.44387220312500003 0.4966077537037037 0.43633340052083336 0.4964937287037037 0.4364180609375 0.5735062712962963 0.44383188854166666 0.5733466361111111 0.44387220312500003 0.4966077537037037
3 0.43601693229166666 0.4964937287037037 0.369094940625 0.49583808425925924 0.3690747833333334 0.5015963509259259 0.43599677499999995 0.5016248574074075 0.43601693229166666 0.4964937287037037
3 0.4366156015625 0.4641847203703704 0.4431949203125 0.4641961231481482 0.4432755494791667 0.38218358055555557 0.4395464625 0.3821294185185185 0.4395867770833333 0.3996864305555555 0.4365450515625 0.39973204074074076 0.4366156015625 0.4641847203703704
3 0.3691372708333333 0.40457240555555557 0.36579117135416667 0.4045153935185185 0.3654484984375 0.5359578111111111 0.3695404151041667 0.5359578111111111 0.3691372708333333 0.40457240555555557
3 0.6116871598958333 0.5881755990740741 0.6284902239583333 0.588235462037037 0.6284902239583333 0.5820866592592593 0.6080084661458333 0.5820866592592593 0.6079802458333333 0.62636545 0.6117194114583333 0.6263198407407408 0.6116871598958333 0.5881755990740741
3 0.3314372104166667 0.7816077537037037 0.32397903645833337 0.7816077537037037 0.323938721875 0.4299258833333333 0.3614110057291667 0.42975484629629634 0.36151179218749996 0.39383694444444445 0.3915259020833333 0.3939794759259259 0.3915259020833333 0.385342075 0.387675871875 0.38531356944444445 0.3876960291666667 0.3792702398148148 0.38375932291666665 0.37919042222222227 0.38382584166666667 0.38331812962962963 0.35381173125000004 0.3833466361111111 0.3538601088541667 0.4188797037037037 0.28677484375 0.4190193842592593 0.28647450104166666 0.38336944166666664 0.26139689583333336 0.38326966944444446 0.26139689583333336 0.3943044472222222 0.27922999374999996 0.3943044472222222 0.2790183432291667 0.42990022777777775 0.31666196354166665 0.4299258833333333 0.31672243489583335 0.7816932722222223 0.3090626890625 0.7815507407407407 0.3090002015625 0.7920182444444444 0.3314714776041667 0.7919811861111111 0.3314372104166667 0.7816077537037037
3 0.5688550697916667 0.44892246296296295 0.6286736546875 0.4486887111111111 0.6285506953125 0.44393386574074073 0.572969159375 0.44389965833333334 0.5728199958333333 0.42658779907407407 0.568641403125 0.4266875712962963 0.5688550697916667 0.44892246296296295
3 0.5687663776041667 0.4395210944444444 0.47775246927083337 0.4395610037037037 0.4776718401041667 0.4488340935185185 0.5687663776041667 0.4488511972222222 0.5687663776041667 0.4395210944444444
3 0.48228381354166666 0.3158922462962963 0.47886716406249996 0.3158922462962963 0.47899415416666663 0.40272805 0.48240677291666667 0.40267958981481483 0.48228381354166666 0.3158922462962963
4 0.428770409375 0.7824971490740741 0.37569643229166666 0.7825256555555555 0.3757508567708333 0.7928734324074074 0.42862326145833335 0.7929019388888889 0.428770409375 0.7824971490740741
4 0.3608647447916667 0.782100912037037 0.3318383390625 0.7821864305555556 0.33187260625000004 0.792559862962963 0.3608042734375 0.7924771953703703 0.3608647447916667 0.782100912037037
4 0.5802076192708333 0.3288426453703704 0.5689760130208333 0.3287856324074074 0.5686192302083334 0.4027252 0.580260028125 0.40266818703703705 0.5802076192708333 0.3288426453703704
4 0.5567022776041667 0.7760547324074074 0.4628905463541667 0.7751425314814815 0.46296109635416666 0.7923261120370371 0.5566317276041667 0.792155074074074 0.5567022776041667 0.7760547324074074
4 0.42769602916666666 0.7220353481481482 0.3753134447916667 0.7216248574074073 0.3751864541666666 0.7350228046296295 0.4277968151041666 0.7342531361111111 0.42769602916666666 0.7220353481481482
3 0.5300705505208333 0.3049372861111111 0.46981858489583334 0.3048688712962963 0.46981455364583335 0.31590935 0.5299234026041667 0.31613739999999996 0.5300705505208333 0.3049372861111111
4 0.5435637973958334 0.21264253148148146 0.5300786130208334 0.21304732037037036 0.5300463614583334 0.28731185833333334 0.5436524895833333 0.2874857472222222 0.5435637973958334 0.21264253148148146
4 0.6357387625 0.5326966935185184 0.6231203385416666 0.5330159638888888 0.6232090302083333 0.5698631694444445 0.6366659947916666 0.5698973777777777 0.6357387625 0.5326966935185184
4 0.6362830072916666 0.45815279351851856 0.6223785526041666 0.4580359175925926 0.6223080026041666 0.5073118583333333 0.6363031645833334 0.5075826685185185 0.6362830072916666 0.45815279351851856
3 0.34846200364583335 0.2513711518518518 0.3570772020833333 0.2513683009259259 0.35713767395833335 0.13794184722222222 0.3485103807291667 0.1378563287037037 0.34846200364583335 0.2513711518518518
3 0.3915662166666667 0.3110889398148148 0.4379681515625 0.31063283888888893 0.4380286234375 0.18497719537037038 0.5357508567708333 0.18494868888888888 0.5359927432291667 0.2126282777777778 0.541999596875 0.21257126574074073 0.5420399114583333 0.17451539351851852 0.4387945979166667 0.17423033055555556 0.43891554114583337 0.1384264537037037 0.43077202187499997 0.1384264537037037 0.43077202187499997 0.29994298703703703 0.35637169947916664 0.29997149351851854 0.35637169947916664 0.2960376287037037 0.3479459786458333 0.2960376287037037 0.3479056640625 0.31174458425925927 0.383805684375 0.31194412777777775 0.38386615625 0.33383694444444445 0.38759524270833334 0.33386545 0.38749445677083333 0.32759407037037036 0.3914654302083333 0.3277080953703703 0.3915662166666667 0.3110889398148148
2 0.3644890140625 0.536308437962963 0.36446684114583333 0.5673261120370371 0.38908687760416666 0.567388825925926 0.3891876635416667 0.5367160777777777 0.3644890140625 0.536308437962963
3 0.5745273130208334 0.32842075277777777 0.5805744807291667 0.3285062712962963 0.5803850031250001 0.29955530185185186 0.5416186255208333 0.29931299907407405 0.5415319489583333 0.28763968055555555 0.5356984479166667 0.28763968055555555 0.5356682119791666 0.3078876851851852 0.5745494859375 0.30828962407407406 0.5745273130208334 0.32842075277777777
3 0.6286676072916666 0.4580359175925926 0.6357750453125 0.4580359175925926 0.6356440234375 0.41015963518518517 0.5815077604166666 0.4098403648148148 0.5815601692708333 0.4025883694444444 0.575553315625 0.402559862962963 0.57548075 0.4202109462962963 0.6286051197916667 0.4202793611111111 0.6286676072916666 0.4580359175925926
3 0.6357952026041667 0.5075855185185185 0.6286837333333334 0.5075513111111111 0.6287300947916666 0.532896237037037 0.6359100989583334 0.5329304444444445 0.6357952026041667 0.5075855185185185
3 0.6078230197916666 0.6367445842592593 0.6360229791666666 0.6366020527777778 0.6361640796875 0.5696693268518519 0.6290727677083333 0.5696237175925926 0.6289094942708334 0.6264823259259259 0.6079238057291667 0.6266248574074075 0.6078230197916666 0.6367445842592593
3 0.5564362026041666 0.792782212037037 0.5855795203124999 0.7927394527777777 0.5858093125 0.6277936148148149 0.5790364843750001 0.6280786768518518 0.5787583151041668 0.7825997722222222 0.5564946583333333 0.7824372861111112 0.5564362026041666 0.792782212037037
3 0.4288187864583334 0.7927594074074074 0.4628482161458333 0.7926596351851852 0.4628482161458333 0.7823631694444444 0.42883894375 0.7824971490740741 0.4288187864583334 0.7927594074074074
3 0.36098367239583334 0.7826026222222222 0.36092320104166664 0.7929789055555556 0.37563797604166665 0.793121437037037 0.37563797604166665 0.7828591787037037 0.36098367239583334 0.7826026222222222
2 0.44285627916666664 0.3155644240740741 0.469610965625 0.3156185861111111 0.46929248125 0.2756670462962963 0.44292279791666667 0.27545325 0.44285627916666664 0.3155644240740741
2 0.6074622052083334 0.627331812962963 0.58626285 0.627331812962963 0.5862144729166666 0.6626653361111111 0.6070126989583333 0.6625142527777778 0.6074622052083334 0.627331812962963
2 0.35224753072916665 0.2516191564814815 0.35230598645833333 0.2956898518518518 0.3872364442708333 0.2958095777777778 0.386772828125 0.25139680740740744 0.35224753072916665 0.2516191564814815