3 0.2992141848958333 0.19737817037037036 0.299286721875 0.15923055 0.2781079989583333 0.15925904814814815 0.2781301630208333 0.1590025648148148 0.24679830729166669 0.1590025648148148 0.24679830729166669 0.1778113425925926 0.21494055989583333 0.1778113425925926 0.21510779791666668 0.8675406101851851 0.31597017916666664 0.8675577083333333 0.3159782390625 0.19723567962962962 0.2992141848958333 0.19737817037037036
4 0.27324199062500004 0.16469079537037037 0.2665524885416667 0.16474779166666667 0.2665726375 0.17418067870370368 0.27322184166666663 0.17418067870370368 0.27324199062500004 0.16469079537037037
4 0.2730284104166667 0.18491593055555555 0.2665524885416667 0.18498147592592593 0.2665323390625 0.19412938148148148 0.27304049947916664 0.1940153888888889 0.2730284104166667 0.18491593055555555
4 0.24386459791666668 0.20860644074074075 0.23712069322916665 0.20865773703703705 0.23712069322916665 0.21407238518518518 0.24381019531249998 0.21410088333333332 0.24386459791666668 0.20860644074074075
4 0.24386459791666668 0.2274152175925926 0.23713479739583335 0.22739241944444444 0.23713479739583335 0.2328070675925926 0.2438243 0.23283556574074074 0.24386459791666668 0.2274152175925926
4 0.24378400156250002 0.24622399537037037 0.23712069322916665 0.2462040462962963 0.23712069322916665 0.25161869444444446 0.24381019531249998 0.2516471925925926 0.24378400156250002 0.24622399537037037
4 0.24380415052083335 0.26526075833333335 0.23714084218749998 0.2652408092592593 0.23714084218749998 0.2706554574074074 0.24383034479166668 0.2706839555555555 0.24380415052083335 0.26526075833333335
4 0.2438243 0.28409803333333333 0.23716099114583333 0.2840780851851852 0.23716099114583333 0.2894927333333333 0.24385049375 0.28952123148148146 0.2438243 0.28409803333333333
4 0.243884746875 0.3029638074074074 0.2372214385416667 0.30294385833333337 0.2372214385416667 0.3083585064814815 0.24391094114583334 0.30838700462962965 0.243884746875 0.3029638074074074
4 0.24380415052083335 0.3217725851851852 0.23714084218749998 0.3217526361111111 0.23714084218749998 0.3271672842592593 0.24383034479166668 0.3271957824074074 0.24380415052083335 0.3217725851851852
4 0.24384444895833332 0.34058136203703704 0.237181140625 0.3405614138888889 0.237181140625 0.3459760611111111 0.24387064270833334 0.34600455925925927 0.24384444895833332 0.34058136203703704
4 0.24384444895833332 0.3593331435185185 0.237181140625 0.35931319444444443 0.237181140625 0.3647278425925926 0.24387064270833334 0.36475634074074076 0.24384444895833332 0.3593331435185185
4 0.24380415052083335 0.37814192037037037 0.23714084218749998 0.3781219722222222 0.23714084218749998 0.3835366203703704 0.24383034479166668 0.38356511851851854 0.24380415052083335 0.37814192037037037
4 0.24380415052083335 0.3969222 0.23714084218749998 0.3969022509259259 0.23714084218749998 0.4023168990740741 0.24383034479166668 0.40234539722222223 0.24380415052083335 0.3969222
4 0.2438243 0.4158449703703704 0.23716099114583333 0.4158250212962963 0.23716099114583333 0.42123966944444446 0.24385049375 0.4212681675925926 0.2438243 0.4158449703703704
4 0.2438243 0.4346537472222222 0.23716099114583333 0.43463379907407407 0.23716099114583333 0.4400484472222222 0.24385049375 0.44007694537037034 0.2438243 0.4346537472222222
4 0.24384444895833332 0.45366201203703704 0.237181140625 0.45364206296296294 0.23713479739583335 0.4587916787037037 0.243884746875 0.4588201768518519 0.24384444895833332 0.45366201203703704
4 0.24380415052083335 0.49165004259259254 0.23714084218749998 0.49163009444444444 0.23714084218749998 0.4970447416666666 0.24383034479166668 0.4970732398148148 0.24380415052083335 0.49165004259259254
4 0.24380415052083335 0.5103733259259259 0.23714084218749998 0.5103533768518519 0.23714084218749998 0.515768025 0.24383034479166668 0.5157965231481482 0.24380415052083335 0.5103733259259259
4 0.2438243 0.5292390990740741 0.23716099114583333 0.529219150925926 0.23716099114583333 0.534633799074074 0.24385049375 0.5346622972222222 0.2438243 0.5292390990740741
4 0.24386459791666668 0.5480478768518519 0.23720128958333334 0.5480279277777779 0.23720128958333334 0.5534425759259259 0.2438907916666667 0.553471074074074 0.24386459791666668 0.5480478768518519
4 0.24380415052083335 0.5668566546296296 0.23714084218749998 0.5668367055555555 0.23714084218749998 0.5722513537037037 0.24383034479166668 0.5722798518518518 0.24380415052083335 0.5668566546296296
4 0.2438243 0.585579937037037 0.23716099114583333 0.5855599888888889 0.23716099114583333 0.590974637037037 0.24385049375 0.5910031351851851 0.2438243 0.585579937037037
4 0.24380415052083335 0.6044172129629629 0.23714084218749998 0.6043972638888889 0.23714084218749998 0.609811912037037 0.24383034479166668 0.6098404101851852 0.24380415052083335 0.6044172129629629
4 0.2438243 0.6233399833333333 0.23716099114583333 0.6233200342592593 0.23716099114583333 0.6287346824074074 0.24385049375 0.6287631805555556 0.2438243 0.6233399833333333
4 0.2438243 0.642120262037037 0.23716099114583333 0.6421003138888889 0.23716099114583333 0.6475149611111111 0.24385049375 0.6475434592592593 0.2438243 0.642120262037037
4 0.2438243 0.6609290398148148 0.23716099114583333 0.6609090907407408 0.23716099114583333 0.6663237388888889 0.24385049375 0.666352237037037 0.2438243 0.6609290398148148
4 0.24384444895833332 0.6796808203703704 0.237181140625 0.6796608722222222 0.237181140625 0.6850755203703704 0.24387064270833334 0.6851040185185185 0.24384444895833332 0.6796808203703704
4 0.2438243 0.6984895981481481 0.23716099114583333 0.698469649074074 0.23716099114583333 0.7038842972222221 0.24385049375 0.7039127953703703 0.2438243 0.6984895981481481
4 0.24384444895833332 0.7172128814814815 0.237181140625 0.7171929324074073 0.237181140625 0.7226075805555556 0.24387064270833334 0.7226360787037037 0.24384444895833332 0.7172128814814815
4 0.24380415052083335 0.7360501564814815 0.23714084218749998 0.7360302083333333 0.23714084218749998 0.7414448564814815 0.24383034479166668 0.7414733546296296 0.24380415052083335 0.7360501564814815
4 0.24386459791666668 0.7549444287037037 0.23720128958333334 0.7549244796296296 0.23720128958333334 0.7603391277777778 0.2438907916666667 0.760367625925926 0.24386459791666668 0.7549444287037037
4 0.243884746875 0.8115702481481482 0.2372214385416667 0.811550299074074 0.2372214385416667 0.8169649472222222 0.24391094114583334 0.8169934453703704 0.243884746875 0.8115702481481482
4 0.2438243 0.8304930175925926 0.23716099114583333 0.8304730694444444 0.23716099114583333 0.8358877175925926 0.24385049375 0.8359162157407408 0.2438243 0.8304930175925926
4 0.24382228489583332 0.472510687037037 0.2371589765625 0.472490737962963 0.23711263333333335 0.4776403537037037 0.24386258333333333 0.4776688518518518 0.24382228489583332 0.472510687037037
4 0.24384847864583334 0.7740638361111111 0.2371851703125 0.7740438870370371 0.23713882708333334 0.7791935027777778 0.24388877708333334 0.7792220009259259 0.24384847864583334 0.7740638361111111
4 0.24384847864583334 0.792872612962963 0.2371851703125 0.7928526648148149 0.23713882708333334 0.7980022796296296 0.24388877708333334 0.7980307777777778 0.24384847864583334 0.792872612962963
4 0.22974410625 0.2046081509259259 0.224827725 0.20463664907407406 0.22478742708333332 0.2117611851851852 0.22974410625 0.21178968333333334 0.22974410625 0.2046081509259259
4 0.2297844046875 0.22364491296296296 0.22486802343749998 0.2236734111111111 0.2248236953125 0.23055001388888888 0.22980052395833334 0.23060701018518517 0.2297844046875 0.22364491296296296
4 0.22973806145833334 0.24253633518518516 0.22482168020833332 0.2425648333333333 0.22477735260416667 0.24943858611111108 0.22975418072916665 0.24949558240740738 0.22973806145833334 0.24253633518518516
4 0.22973806145833334 0.2612881166666667 0.22482168020833332 0.26131661481481483 0.22477735260416667 0.2681903675925926 0.22975418072916665 0.26824736388888887 0.22973806145833334 0.2612881166666667
4 0.22969776354166666 0.28018238796296296 0.22484384427083332 0.28022228518518516 0.22486399375000002 0.28717583333333335 0.2297138828125 0.28714448518518515 0.22969776354166666 0.28018238796296296
4 0.22972395729166667 0.29900256481481485 0.22487003854166668 0.29904246203703705 0.22489018749999998 0.3059960101851852 0.2297400765625 0.30596466203703704 0.22972395729166667 0.29900256481481485
4 0.22970380833333334 0.3177543462962963 0.22485190416666667 0.31779424351851854 0.224872053125 0.3247477916666667 0.22971992760416665 0.3247164435185185 0.22970380833333334 0.3177543462962963
4 0.22974410625 0.3365631231481482 0.22489018749999998 0.3366030203703704 0.22491033645833333 0.3435565685185185 0.22976022552083333 0.3435252212962963 0.22974410625 0.3365631231481482
4 0.22970380833333334 0.35540039907407406 0.22485190416666667 0.3554402962962963 0.224872053125 0.36239384444444445 0.22971992760416665 0.3623624962962963 0.22970380833333334 0.35540039907407406
4 0.22968365885416667 0.37432316944444444 0.22482974010416665 0.3743630666666667 0.2248498890625 0.38131661481481477 0.229699778125 0.3812852666666667 0.22968365885416667 0.37432316944444444
4 0.22974410625 0.3932744370370371 0.22489018749999998 0.3933143342592592 0.22491033645833333 0.4002678824074074 0.22976022552083333 0.40023653425925926 0.22974410625 0.3932744370370371
4 0.22966350989583334 0.4120262185185185 0.22480959114583332 0.41206611574074076 0.22482974010416665 0.4190196638888889 0.22967962916666668 0.41898831574074075 0.22966350989583334 0.4120262185185185
4 0.22972395729166667 0.4308349953703704 0.22487003854166668 0.4308748935185185 0.22489018749999998 0.43782844074074073 0.2297400765625 0.4377970935185185 0.22972395729166667 0.4308349953703704
4 0.22968365885416667 0.44958677685185183 0.22482974010416665 0.4496266740740741 0.2248498890625 0.4565802222222222 0.229699778125 0.4565488740740741 0.22968365885416667 0.44958677685185183
4 0.22976425572916667 0.4685665435185185 0.22491033645833333 0.46860644074074076 0.22493048541666666 0.4755599888888889 0.22978037499999998 0.4755286407407407 0.22976425572916667 0.4685665435185185
4 0.22968365885416667 0.4876603018518519 0.22482974010416665 0.4877001990740741 0.2248498890625 0.4946537472222222 0.229699778125 0.49462239999999996 0.22968365885416667 0.4876603018518519
4 0.22968365885416667 0.506355087037037 0.22482974010416665 0.5063949842592592 0.2248498890625 0.5133485324074074 0.229699778125 0.5133171842592593 0.22968365885416667 0.506355087037037
4 0.22972395729166667 0.5253063546296296 0.22487003854166668 0.5253462527777778 0.22489018749999998 0.5322998009259259 0.2297400765625 0.5322684527777778 0.22972395729166667 0.5253063546296296
4 0.22968365885416667 0.5440866342592593 0.22482974010416665 0.5441265314814815 0.2248498890625 0.5510800796296296 0.229699778125 0.5510487314814815 0.22968365885416667 0.5440866342592593
4 0.22968365885416667 0.5628954120370371 0.22482974010416665 0.5629353092592593 0.2248498890625 0.5698888574074074 0.229699778125 0.5698575092592593 0.22968365885416667 0.5628954120370371
4 0.22974410625 0.5816756907407408 0.22489018749999998 0.5817155888888889 0.22491033645833333 0.588669136111111 0.22976022552083333 0.5886377888888888 0.22974410625 0.5816756907407408
4 0.22972395729166667 0.6004844685185186 0.22487003854166668 0.6005243657407408 0.22489018749999998 0.6074779138888888 0.2297400765625 0.6074465657407407 0.22972395729166667 0.6004844685185186
4 0.22974410625 0.6193502425925926 0.22489018749999998 0.6193901398148148 0.22491033645833333 0.626343687962963 0.22976022552083333 0.6263123398148148 0.22974410625 0.6193502425925926
4 0.22970380833333334 0.6381875175925926 0.22485190416666667 0.6382274148148148 0.224872053125 0.6451809629629629 0.22971992760416665 0.6451496148148148 0.22970380833333334 0.6381875175925926
4 0.22970380833333334 0.6569392990740741 0.22485190416666667 0.6569791962962963 0.224872053125 0.6639327444444445 0.22971992760416665 0.6639013962962963 0.22970380833333334 0.6569392990740741
4 0.22968365885416667 0.6758050722222222 0.22482974010416665 0.6758449703703704 0.2248498890625 0.6827985185185186 0.229699778125 0.6827671703703704 0.22968365885416667 0.6758050722222222
4 0.22972395729166667 0.69461385 0.22487003854166668 0.6946537472222222 0.22489018749999998 0.7016072953703704 0.2297400765625 0.7015759472222223 0.22972395729166667 0.69461385
4 0.2297844046875 0.7135081222222222 0.22493048541666666 0.7135480194444445 0.22495063489583333 0.7205015675925927 0.22980052395833334 0.7204702194444444 0.2297844046875 0.7135081222222222
4 0.22968365885416667 0.7323453972222222 0.22482974010416665 0.7323852953703704 0.2248498890625 0.7393388425925926 0.229699778125 0.7393074953703703 0.22968365885416667 0.7323453972222222
4 0.22282490416666667 0.7865232259259258 0.21754382447916668 0.786551724074074 0.2175639734375 0.795956112962963 0.22284102343749998 0.795950412962963 0.22282490416666667 0.7865232259259258
4 0.222740278125 0.8052550583333333 0.21745919791666665 0.8052835564814814 0.21747934739583333 0.8146879453703704 0.2227584125 0.8146822453703704 0.222740278125 0.8052550583333333
4 0.22282490416666667 0.8242234259259259 0.21754382447916668 0.8242519240740741 0.2175639734375 0.833656312037037 0.22284102343749998 0.833650612962963 0.22282490416666667 0.8242234259259259
2 0.21762039114583331 0.8457936731481481 0.21759822708333332 0.8657936731481481 0.22284908333333334 0.8658563694444444 0.22284908333333334 0.8457309777777777 0.21762039114583331 0.8457936731481481
2 0.22484384427083332 0.845768025 0.22486399375000002 0.8658022231481481 0.22969373385416667 0.8658335703703703 0.22976022552083333 0.8457423768518518 0.22484384427083332 0.845768025
2 0.236951440625 0.845770875 0.2369071125 0.8658022231481481 0.24385653854166664 0.8658022231481481 0.2439008666666667 0.8457423768518518 0.236951440625 0.845770875
4 0.22970380833333334 0.7511256768518518 0.22485190416666667 0.7511655740740741 0.224872053125 0.7581191222222222 0.22971992760416665 0.758087774074074 0.22970380833333334 0.7511256768518518
4 0.22970380833333334 0.7699059564814814 0.22485190416666667 0.7699458537037037 0.224872053125 0.7768994018518518 0.22971992760416665 0.7768680537037037 0.22970380833333334 0.7699059564814814
4 0.22974410625 0.7888857222222222 0.22489018749999998 0.7889256194444444 0.22491033645833333 0.7958791675925926 0.22976022552083333 0.7958478194444444 0.22974410625 0.7888857222222222
4 0.22970380833333334 0.8076090055555555 0.22485190416666667 0.8076489027777778 0.224872053125 0.814602450925926 0.22971992760416665 0.8145711027777778 0.22970380833333334 0.8076090055555555
4 0.22968365885416667 0.826531775 0.22482974010416665 0.8265716731481482 0.2248498890625 0.8335252212962962 0.229699778125 0.833493873148148 0.22968365885416667 0.826531775
4 0.22287124739583333 0.2023653462962963 0.2175901671875 0.20239384444444444 0.21761031614583332 0.21179823333333334 0.22294982864583332 0.21179823333333334 0.22287124739583333 0.2023653462962963
4 0.22287326197916668 0.2210943287037037 0.21759218229166669 0.22112282685185186 0.21761233124999999 0.23052721574074073 0.22288938125 0.23052151574074073 0.22287326197916668 0.2210943287037037
4 0.22286318749999998 0.23990310648148147 0.2175821078125 0.23993160462962962 0.21760225677083334 0.2493359935185185 0.22287930677083334 0.24933029351851854 0.22286318749999998 0.23990310648148147
4 0.22286318749999998 0.2589968648148148 0.2175821078125 0.25902536296296297 0.21760225677083334 0.26842975185185186 0.22287930677083334 0.2684240527777778 0.22286318749999998 0.2589968648148148
4 0.22286318749999998 0.2778626388888889 0.2175821078125 0.27789113703703705 0.21760225677083334 0.28729552592592594 0.22287930677083334 0.28728982592592595 0.22286318749999998 0.2778626388888889
4 0.22286520260416667 0.2966343685185185 0.21758412239583333 0.29666286666666664 0.21760427135416668 0.3060672555555556 0.22288333645833333 0.30606155555555553 0.22286520260416667 0.2966343685185185
4 0.22286520260416667 0.3154858935185185 0.21758412239583333 0.31551439166666667 0.21760427135416668 0.32491878055555556 0.22288333645833333 0.32491308055555557 0.22286520260416667 0.3154858935185185
4 0.22286520260416667 0.3342775722222222 0.21758412239583333 0.33430607037037036 0.21760427135416668 0.34371045925925925 0.22288333645833333 0.34370475925925925 0.22286520260416667 0.3342775722222222
4 0.22286520260416667 0.35306925092592595 0.21758412239583333 0.3530977490740741 0.21760427135416668 0.36250213703703704 0.22288333645833333 0.36249643796296294 0.22286520260416667 0.35306925092592595
4 0.22294982864583332 0.3718609287037037 0.21766874895833332 0.37188942685185183 0.21768889791666668 0.3812938157407407 0.22296594791666668 0.3812881166666666 0.22294982864583332 0.3718609287037037
4 0.22282490416666667 0.3907124537037037 0.21754382447916668 0.39074095185185187 0.2175639734375 0.40014534074074076 0.22284102343749998 0.4001396407407407 0.22282490416666667 0.3907124537037037
4 0.22286520260416667 0.4094442861111111 0.21758412239583333 0.40947278425925926 0.21760427135416668 0.41887717314814815 0.22288333645833333 0.41887147314814815 0.22286520260416667 0.4094442861111111
4 0.22286520260416667 0.42835565648148144 0.21758412239583333 0.4283841546296296 0.21760427135416668 0.4377885435185185 0.22288333645833333 0.43778284444444443 0.22286520260416667 0.42835565648148144
4 0.22282490416666667 0.4471473351851852 0.21754382447916668 0.44717583333333333 0.2175639734375 0.4565802222222222 0.22284102343749998 0.4565745222222222 0.22282490416666667 0.4471473351851852
4 0.22286520260416667 0.4661755481481481 0.21758412239583333 0.46620404629629625 0.21760427135416668 0.4756084351851852 0.22288333645833333 0.4756027361111111 0.22286520260416667 0.4661755481481481
4 0.22282490416666667 0.4852636074074074 0.21754382447916668 0.4852921055555555 0.2175639734375 0.4946964944444444 0.22284102343749998 0.49468794537037036 0.22282490416666667 0.4852636074074074
4 0.22278259114583332 0.5041122824074075 0.21750151093749998 0.5041436305555556 0.21752166041666668 0.5135480194444444 0.22279871041666668 0.5135394703703703 0.22278259114583332 0.5041122824074075
4 0.22286520260416667 0.5228469648148147 0.21758412239583333 0.522875462962963 0.21760427135416668 0.5322798518518519 0.22288333645833333 0.5322741518518519 0.22286520260416667 0.5228469648148147
4 0.22282490416666667 0.5416956398148148 0.21754382447916668 0.541726987962963 0.2175639734375 0.5511313768518519 0.22284102343749998 0.5511228268518519 0.22282490416666667 0.5416956398148148
4 0.22286520260416667 0.5605471648148148 0.21758412239583333 0.5605756629629629 0.21760427135416668 0.5699800509259259 0.22288333645833333 0.5699743518518519 0.22286520260416667 0.5605471648148148
4 0.22282490416666667 0.5793388425925926 0.21754382447916668 0.5793673407407407 0.2175639734375 0.5887717296296296 0.22284102343749998 0.5887660305555555 0.22282490416666667 0.5793388425925926
4 0.22286520260416667 0.5981903675925926 0.21758412239583333 0.5982188657407407 0.21760427135416668 0.6076232546296296 0.22288333645833333 0.6076175546296296 0.22286520260416667 0.5981903675925926
4 0.22286520260416667 0.6169820462962963 0.21758412239583333 0.6170105444444445 0.21760427135416668 0.6264149333333334 0.22288333645833333 0.6264092333333333 0.22286520260416667 0.6169820462962963
4 0.22286520260416667 0.635773725 0.21758412239583333 0.635802223148148 0.21760427135416668 0.6452066111111111 0.22288333645833333 0.6452009120370371 0.22286520260416667 0.635773725
4 0.22282490416666667 0.654625249074074 0.21754382447916668 0.6546537472222221 0.2175639734375 0.6640581361111111 0.22284102343749998 0.6640524370370371 0.22282490416666667 0.654625249074074
4 0.22282490416666667 0.673476774074074 0.21754382447916668 0.6735052722222221 0.2175639734375 0.6829096611111111 0.22284102343749998 0.6829039611111112 0.22282490416666667 0.673476774074074
4 0.22286520260416667 0.6922086064814814 0.21758412239583333 0.6922371046296296 0.21760427135416668 0.7016414935185186 0.22288333645833333 0.7016357935185186 0.22286520260416667 0.6922086064814814
4 0.22290751562500002 0.7111171277777777 0.21762643541666668 0.711148475 0.21764658489583333 0.7205528638888888 0.22292565 0.7205443148148148 0.22290751562500002 0.7111171277777777
4 0.22282490416666667 0.7297919638888889 0.21754382447916668 0.729820462037037 0.2175639734375 0.73922485 0.22284102343749998 0.7392191509259259 0.22282490416666667 0.7297919638888889
4 0.22278259114583332 0.7485237962962963 0.21750151093749998 0.7485551435185186 0.21752166041666668 0.7579595324074074 0.22279871041666668 0.7579509833333333 0.22278259114583332 0.7485237962962963
4 0.22290751562500002 0.7673183240740741 0.21762643541666668 0.7673468222222222 0.21764658489583333 0.7767512111111111 0.22292565 0.776745511111111 0.22290751562500002 0.7673183240740741
1 0 0 0 1 1 1 1 0 0 0
3 0.783471690625 0.3853462527777778 0.7836087041666667 0.15860929074074073 0.75474914375 0.15875463055555555 0.7547148901041666 0.14015673981481483 0.698774934375 0.14030208055555557 0.6986036671875 0.17855799351851853 0.6621619989583334 0.1784126527777778 0.6620955067708334 0.8675634083333333 0.7922143864583333 0.8672755768518517 0.7923856536458334 0.38529780555555554 0.783471690625 0.3853462527777778
4 0.6732822890625 0.5229068111111111 0.673241990625 0.538842975 0.6798911947916667 0.5389227703703704 0.6798710458333334 0.5229068111111111 0.6732822890625 0.5229068111111111
2 0.7274733026041668 0.8464804787037038 0.727489421875 0.867526361111111 0.7478944187500001 0.8674551157407407 0.7477332260416667 0.846736962037037 0.7274733026041668 0.8464804787037038
2 0.7543904895833333 0.845779424074074 0.7544066088541667 0.8668253064814815 0.7616764052083334 0.8668281564814815 0.7615958088541667 0.8457110287037037 0.7543904895833333 0.845779424074074
2 0.7655087651041667 0.8456511824074074 0.7655248843750001 0.8666970648148148 0.7712875276041667 0.8666286694444445 0.7712875276041667 0.8455685379629629 0.7655087651041667 0.8456511824074074
4 0.6559016723958333 0.8540951842592593 0.6559238364583333 0.8651638638888889 0.6622607291666667 0.8651296666666667 0.6622385656249999 0.8541607296296296 0.6559016723958333 0.8540951842592593
4 0.6657666734375 0.8241094333333333 0.6657344348958334 0.8415218009259259 0.6713076765625 0.8415218009259259 0.6713278260416666 0.8241379314814815 0.6657666734375 0.8241094333333333
4 0.6657646583333333 0.8052807064814815 0.6657324197916666 0.822693075 0.6713056619791666 0.822693075 0.6713258109375 0.8053092046296296 0.6657646583333333 0.8052807064814815
4 0.6657868223958334 0.7866001712962963 0.6657545838541666 0.8040153888888889 0.6713278260416666 0.8040125388888889 0.671347975 0.7866286694444444 0.6657868223958334 0.7866001712962963
4 0.6657384645833333 0.7676204046296297 0.6657062260416667 0.7850356222222222 0.6712794682291666 0.7850327731481481 0.6712996171875001 0.7676489027777779 0.6657384645833333 0.7676204046296297
4 0.6657384645833333 0.7487774296296296 0.6657062260416667 0.7661926472222222 0.6712794682291666 0.7661897972222221 0.6712996171875001 0.7488059277777778 0.6657384645833333 0.7487774296296296
4 0.66576264375 0.7300370472222223 0.6657304052083333 0.7474522657407408 0.671303646875 0.7474494157407408 0.6713237958333333 0.7300655453703704 0.66576264375 0.7300370472222223
4 0.6657384645833333 0.7112282703703704 0.6657062260416667 0.728643487962963 0.6712794682291666 0.728640637962963 0.6712996171875001 0.7112567685185186 0.6657384645833333 0.7112282703703704
4 0.6657868223958334 0.6924194925925926 0.6657545838541666 0.7098347111111111 0.6713278260416666 0.7098318611111112 0.671347975 0.6924479907407408 0.6657868223958334 0.6924194925925926
4 0.6657868223958334 0.6737133083333333 0.6657545838541666 0.6911285268518519 0.6713278260416666 0.6911256768518519 0.671347975 0.6737418064814815 0.6657868223958334 0.6737133083333333
4 0.6658110015625 0.6544941583333334 0.6657787630208334 0.6719093759259259 0.6713520046875 0.6719065259259259 0.6713721541666666 0.6545226564814814 0.6658110015625 0.6544941583333334
4 0.6657142859375 0.6356853805555556 0.6656820473958334 0.6531005981481481 0.6712552890625 0.653097749074074 0.6712754380208333 0.6357138787037038 0.6657142859375 0.6356853805555556
4 0.66576264375 0.6170475916666667 0.6657304052083333 0.6344628101851851 0.671303646875 0.6344599601851852 0.6713237958333333 0.6170760898148149 0.66576264375 0.6170475916666667
4 0.6657868223958334 0.5981362212962963 0.6657545838541666 0.615551438888889 0.6713278260416666 0.6155485888888889 0.671347975 0.5981647194444444 0.6657868223958334 0.5981362212962963
4 0.6657384645833333 0.5792590481481482 0.6657062260416667 0.5966742657407407 0.6712794682291666 0.5966714166666667 0.6712996171875001 0.5792875462962963 0.6657384645833333 0.5792590481481482
4 0.6657384645833333 0.560381875 0.6657062260416667 0.5777970935185185 0.6712794682291666 0.5777942435185185 0.6712996171875001 0.5604103731481481 0.6657384645833333 0.560381875
4 0.66576264375 0.5416756907407407 0.6657304052083333 0.5590909092592592 0.671303646875 0.5590880592592593 0.6713237958333333 0.5417041888888889 0.66576264375 0.5416756907407407
4 0.6830646786458333 0.5040723851851853 0.683022365625 0.5200085490740741 0.6967700989583334 0.5199829009259259 0.6967298005208333 0.5039669425925927 0.6830646786458333 0.5040723851851853
4 0.6830646786458333 0.48528070648148147 0.683022365625 0.5012168712962962 0.6967700989583334 0.5011883731481481 0.6967298005208333 0.48517241388888893 0.6830646786458333 0.48528070648148147
4 0.683189603125 0.4665488740740741 0.6831493046875 0.48248218888888894 0.6968950229166667 0.4824565407407407 0.696854725 0.4664405814814815 0.683189603125 0.4665488740740741
4 0.6830646786458333 0.44728412685185187 0.683022365625 0.4632174407407407 0.6967700989583334 0.4631917925925926 0.6967298005208333 0.44717583333333333 0.6830646786458333 0.44728412685185187
4 0.6831049770833334 0.4286691361111111 0.6830646786458333 0.44460245092592593 0.696810396875 0.4445768027777778 0.6967700989583334 0.42856084351851853 0.6831049770833334 0.4286691361111111
4 0.6830646786458333 0.40969791944444445 0.683022365625 0.42563408333333336 0.6967700989583334 0.42560843518518515 0.6967298005208333 0.40959247685185185 0.6830646786458333 0.40969791944444445
4 0.6831049770833334 0.39078939907407406 0.6830646786458333 0.4067255629629629 0.696810396875 0.4066999148148148 0.6967700989583334 0.3906839555555556 0.6831049770833334 0.39078939907407406
4 0.6831472901041666 0.3720575666666667 0.6831069916666667 0.38799088055555553 0.6968527098958333 0.38796523240740743 0.6968124119791667 0.37194927314814813 0.6831472901041666 0.3720575666666667
4 0.6831049770833334 0.35326588796296293 0.6830646786458333 0.36919920185185184 0.696810396875 0.36917355370370375 0.6967700989583334 0.35315759444444444 0.6831049770833334 0.35326588796296293
4 0.68305661875 0.33428897129629626 0.6830163208333333 0.35022228518518517 0.6967620390625 0.3501966370370371 0.696721740625 0.3341806787037037 0.68305661875 0.33428897129629626
4 0.6831392302083333 0.31555428888888887 0.6830989322916667 0.3314904527777778 0.6968466651041666 0.33146480462962963 0.6968063671875 0.3154488453703704 0.6831392302083333 0.31555428888888887
4 0.68305661875 0.29682245648148153 0.6830163208333333 0.3127586203703704 0.6967620390625 0.31273297222222224 0.696721740625 0.29671701296296293 0.68305661875 0.29682245648148153
4 0.6830989322916667 0.2781504703703704 0.6830586338541667 0.29408378425925924 0.6968043520833334 0.2940581361111111 0.6967640541666668 0.27804217685185184 0.6830989322916667 0.2781504703703704
4 0.6830989322916667 0.2590025648148148 0.6830586338541667 0.2749387287037037 0.6968043520833334 0.2749130805555556 0.6967640541666668 0.25889712129629633 0.6830989322916667 0.2590025648148148
4 0.6831392302083333 0.2402108861111111 0.6830989322916667 0.25614705000000004 0.6968466651041666 0.25612140185185184 0.6968063671875 0.2401054435185185 0.6831392302083333 0.2402108861111111
4 0.6831392302083333 0.22135936203703702 0.6830989322916667 0.23729552592592595 0.6968466651041666 0.23726987777777778 0.6968063671875 0.2212539185185185 0.6831392302083333 0.22135936203703702
4 0.6831392302083333 0.20250783703703704 0.6830989322916667 0.21844400092592592 0.6968466651041666 0.21841835277777777 0.6968063671875 0.20240239351851852 0.6831392302083333 0.20250783703703704
4 0.6831392302083333 0.18383585092592594 0.6830989322916667 0.1997720148148148 0.6968466651041666 0.19974636666666667 0.6968063671875 0.18373040740740743 0.6831392302083333 0.18383585092592594
4 0.7005843239583334 0.8241664296296296 0.7005440260416667 0.836332287962963 0.7086036671875 0.836335137962963 0.7086439651041666 0.8240809351851852 0.7005843239583334 0.8241664296296296
4 0.7005923838541667 0.8054032490740741 0.7005520854166666 0.8175691083333334 0.7086117265625 0.8175719574074074 0.7086520249999999 0.8053177546296296 0.7005923838541667 0.8054032490740741
4 0.7006226072916667 0.7866486175925926 0.7005823088541666 0.7988144768518519 0.7086419505208333 0.7988173268518518 0.7086822484374999 0.7865631231481481 0.7006226072916667 0.7866486175925926
4 0.7005923838541667 0.7677714444444445 0.7005520854166666 0.7799373037037036 0.7086117265625 0.7799401537037037 0.7086520249999999 0.76768595 0.7005923838541667 0.7677714444444445
4 0.700564175 0.7489341694444444 0.7005238765624999 0.7611000287037036 0.7085835182291667 0.7611028787037037 0.7086238161458334 0.748848675 0.700564175 0.7489341694444444
4 0.7006226072916667 0.730182387962963 0.7005823088541666 0.7423482472222221 0.7086419505208333 0.7423510972222223 0.7086822484374999 0.7300968935185185 0.7006226072916667 0.730182387962963
4 0.7005923838541667 0.7112225703703703 0.7005520854166666 0.7233884296296296 0.7086117265625 0.7233912796296296 0.7086520249999999 0.7111370759259259 0.7005923838541667 0.7112225703703703
4 0.700564175 0.6925505842592592 0.7005238765624999 0.7047164435185185 0.7085835182291667 0.7047192935185186 0.7086238161458334 0.6924650898148148 0.700564175 0.6925505842592592
4 0.700564175 0.6736734111111111 0.7005238765624999 0.6858392703703704 0.7085835182291667 0.6858421203703703 0.7086238161458334 0.6735879166666667 0.700564175 0.6736734111111111
4 0.7006226072916667 0.6549586777777777 0.7005823088541666 0.667124537037037 0.7086419505208333 0.667127387037037 0.7086822484374999 0.6548731833333333 0.7006226072916667 0.6549586777777777
4 0.7006226072916667 0.6360416074074074 0.7005823088541666 0.6482074666666667 0.7086419505208333 0.6482103166666666 0.7086822484374999 0.635956112962963 0.7006226072916667 0.6360416074074074
4 0.700564175 0.6173297231481482 0.7005238765624999 0.6294955824074074 0.7085835182291667 0.6294984324074073 0.7086238161458334 0.6172442287037038 0.700564175 0.6173297231481482
4 0.7006226072916667 0.598452550925926 0.7005823088541666 0.6106184101851853 0.7086419505208333 0.6106212592592593 0.7086822484374999 0.5983670564814815 0.7006226072916667 0.598452550925926
4 0.700564175 0.5796979194444445 0.7005238765624999 0.5918637787037038 0.7085835182291667 0.5918666287037037 0.7086238161458334 0.579612425 0.700564175 0.5796979194444445
4 0.7006226072916667 0.5606982046296297 0.7005823088541666 0.5728640638888889 0.7086419505208333 0.5728669138888889 0.7086822484374999 0.5606127101851852 0.7006226072916667 0.5606982046296297
4 0.7005923838541667 0.5417782842592592 0.7005520854166666 0.5539441435185185 0.7086117265625 0.5539469935185185 0.7086520249999999 0.5416927898148148 0.7005923838541667 0.5417782842592592
4 0.7006226072916667 0.5230236537037037 0.7005823088541666 0.535189512962963 0.7086419505208333 0.535192362037037 0.7086822484374999 0.5229381592592592 0.7006226072916667 0.5230236537037037
4 0.7006226072916667 0.5042718722222221 0.7005823088541666 0.5164377314814814 0.7086419505208333 0.5164405814814814 0.7086822484374999 0.5041863777777777 0.7006226072916667 0.5042718722222221
4 0.7275297197916667 0.44750071203703706 0.7275397942708334 0.45965517222222224 0.7355994359375 0.4596580222222222 0.7356397338541666 0.4474038185185185 0.7275297197916667 0.44750071203703706
4 0.7275780776041666 0.42855514351851853 0.7275881520833334 0.44070960370370366 0.73564779375 0.4407124537037037 0.7356880916666667 0.42845825 0.7275780776041666 0.42855514351851853
4 0.7275538989583333 0.4097805638888889 0.7275639734375 0.42193502407407407 0.7356236145833334 0.42193787407407407 0.7356639130208333 0.4096836703703704 0.7275538989583333 0.4097805638888889
4 0.7275780776041666 0.39097178703703706 0.7275881520833334 0.40312624722222223 0.73564779375 0.4031290962962963 0.7356880916666667 0.3908748935185185 0.7275780776041666 0.39097178703703706
4 0.7275538989583333 0.3721972074074074 0.7275639734375 0.3843516675925926 0.7356236145833334 0.38435451666666665 0.7356639130208333 0.37210031388888887 0.7275538989583333 0.3721972074074074
4 0.7276022567708333 0.3534226277777778 0.72761233125 0.36557708703703706 0.7356719723958334 0.365579937037037 0.7357122708333333 0.3533257342592592 0.7276022567708333 0.3534226277777778
4 0.7275780776041666 0.33454545462962965 0.7275881520833334 0.3466999148148148 0.73564779375 0.3467027638888889 0.7356880916666667 0.33444856111111115 0.7275780776041666 0.33454545462962965
4 0.7275438244791667 0.31550299259259257 0.7275881520833334 0.3280279277777778 0.73564779375 0.3280307777777778 0.7357042109375 0.31550299259259257 0.7275438244791667 0.31550299259259257
4 0.7275357645833334 0.2967654601851852 0.7275800927083333 0.3092932462962963 0.7356397338541666 0.3092960953703704 0.7356961515625 0.2967654601851852 0.7275357645833334 0.2967654601851852
4 0.7275941968749999 0.2780222287037037 0.727638525 0.2905471648148148 0.7356961515625 0.2905500138888889 0.7357545838541667 0.2780222287037037 0.7275941968749999 0.2780222287037037
4 0.7275760630208333 0.2589968648148148 0.7276203911458333 0.2715218009259259 0.7356800322916667 0.2715246509259259 0.7357364494791666 0.2589968648148148 0.7275760630208333 0.2589968648148148
4 0.727541809375 0.23998860092592592 0.7275861375 0.25251353703703705 0.7356457786458334 0.2525163861111111 0.7357021963541667 0.23998860092592592 0.727541809375 0.23998860092592592
4 0.727541809375 0.22122542037037035 0.7275861375 0.23375035648148149 0.7356457786458334 0.23375320648148148 0.7357021963541667 0.22122542037037035 0.727541809375 0.22122542037037035
4 0.727541809375 0.20241379351851851 0.7275861375 0.2149387287037037 0.7356457786458334 0.21494157870370373 0.7357021963541667 0.20241379351851851 0.727541809375 0.20241379351851851
4 0.7275760630208333 0.1834055287037037 0.7276203911458333 0.19593046481481483 0.7356800322916667 0.19593331388888888 0.7357364494791666 0.1834055287037037 0.7275760630208333 0.1834055287037037
4 0.7391940359375 0.8240951842592592 0.7392383640625 0.8366201194444444 0.7472980052083333 0.8366229694444445 0.7473544229166666 0.8240951842592592 0.7391940359375 0.8240951842592592
4 0.7390288130208333 0.805203762037037 0.7390731411458333 0.8177286972222222 0.7471327828125 0.8177315472222223 0.7471892 0.805203762037037 0.7390288130208333 0.805203762037037
4 0.7391295588541666 0.7864120833333333 0.7391738869791666 0.7989370194444445 0.747233528125 0.7989398685185185 0.7472899458333334 0.7864120833333333 0.7391295588541666 0.7864120833333333
4 0.7389804552083333 0.7674779138888889 0.7390247833333333 0.78000285 0.7470824098958333 0.7800057 0.7471408421875 0.7674779138888889 0.7389804552083333 0.7674779138888889
4 0.7390791859375 0.7486149898148148 0.7391235140625 0.7611399259259259 0.7471831552083333 0.7611456259259259 0.7472395729166668 0.7486149898148148 0.7390791859375 0.7486149898148148
4 0.7390288130208333 0.7297520657407408 0.7390731411458333 0.7422770018518519 0.7471327828125 0.7422827018518519 0.7471892 0.7297520657407408 0.7390288130208333 0.7297520657407408
4 0.7390791859375 0.7111028787037037 0.7391235140625 0.723627813888889 0.7471831552083333 0.7236306638888889 0.7472395729166668 0.7111028787037037 0.7390791859375 0.7111028787037037
4 0.7390288130208333 0.6922399546296296 0.7390731411458333 0.7047648907407407 0.7471327828125 0.7047677398148149 0.7471892 0.6922399546296296 0.7390288130208333 0.6922399546296296
4 0.7390288130208333 0.6733057851851852 0.7390731411458333 0.6858307212962963 0.7471327828125 0.6858364203703704 0.7471892 0.6733057851851852 0.7390288130208333 0.6733057851851852
4 0.73917993125 0.6546565972222222 0.739224259375 0.6671815333333333 0.7472839010416668 0.6671843833333333 0.7473403182291667 0.6546565972222222 0.73917993125 0.6546565972222222
4 0.7390288130208333 0.6359361638888889 0.7390731411458333 0.6484611 0.7471327828125 0.64846395 0.7471892 0.6359361638888889 0.7390288130208333 0.6359361638888889
4 0.7390791859375 0.6170732398148149 0.7391235140625 0.6295981759259259 0.7471831552083333 0.6296010259259259 0.7472395729166668 0.6170732398148149 0.7390791859375 0.6170732398148149
4 0.7391295588541666 0.5981390712962963 0.7391738869791666 0.6106640064814814 0.747233528125 0.6106668564814816 0.7472899458333334 0.5981390712962963 0.7391295588541666 0.5981390712962963
4 0.7390288130208333 0.5794186379629629 0.7390731411458333 0.5919435740740742 0.7471327828125 0.5919464231481482 0.7471892 0.5794186379629629 0.7390288130208333 0.5794186379629629
4 0.7389804552083333 0.560202337037037 0.7390247833333333 0.5727272731481481 0.7470824098958333 0.5727301222222222 0.7471408421875 0.560202337037037 0.7389804552083333 0.560202337037037
4 0.7390791859375 0.5416215444444444 0.7391235140625 0.5541464805555556 0.7471831552083333 0.5541493305555555 0.7472395729166668 0.5416215444444444 0.7390791859375 0.5416215444444444
4 0.7391295588541666 0.5229723564814815 0.7391738869791666 0.5354972925925926 0.747233528125 0.5355001425925926 0.7472899458333334 0.5229723564814815 0.7391295588541666 0.5229723564814815
4 0.7390288130208333 0.504038187962963 0.7390731411458333 0.5165631231481482 0.7471327828125 0.5165659731481481 0.7471892 0.504038187962963 0.7390288130208333 0.504038187962963
4 0.7390791859375 0.48531775462962967 0.7391235140625 0.49784268981481483 0.7471831552083333 0.49784553981481483 0.7472395729166668 0.48531775462962967 0.7390791859375 0.48531775462962967
4 0.7390288130208333 0.4661014537037037 0.7390731411458333 0.4786263888888889 0.7471327828125 0.47862923888888886 0.7471892 0.4661014537037037 0.7390288130208333 0.4661014537037037
4 0.7390489625 0.44717298333333333 0.7390932901041667 0.45969791944444444 0.7471529317708333 0.45970076944444443 0.7472093489583334 0.44717298333333333 0.7390489625 0.44717298333333333
4 0.7389905296875 0.42837560555555554 0.7390348578125 0.4409005416666667 0.7470944994791666 0.44090624074074075 0.7471509166666667 0.42837560555555554 0.7389905296875 0.42837560555555554
4 0.7390207536458333 0.40945853518518516 0.7390630666666667 0.42198347129629626 0.7471227078125 0.4219863212962963 0.7471811406250001 0.40945853518518516 0.7390207536458333 0.40945853518518516
4 0.7391073947916666 0.39074665185185187 0.7391517229166666 0.403271587037037 0.7472113640625 0.403274437037037 0.7472677817708333 0.39074665185185187 0.7391073947916666 0.39074665185185187
4 0.7389905296875 0.37194927314814813 0.7390348578125 0.38447420925925924 0.7470944994791666 0.38447990925925923 0.7471509166666667 0.37194927314814813 0.7389905296875 0.37194927314814813
4 0.7390489625 0.3530322027777778 0.7390932901041667 0.3655571388888889 0.7471529317708333 0.36555998888888885 0.7472093489583334 0.3530322027777778 0.7390489625 0.3530322027777778
4 0.7391073947916666 0.33432031944444446 0.7391517229166666 0.3468452546296296 0.7472113640625 0.3468481046296296 0.7472677817708333 0.33432031944444446 0.7391073947916666 0.33432031944444446
4 0.7390207536458333 0.3156055851851852 0.7390630666666667 0.32813052129629633 0.7471227078125 0.32813337129629633 0.7471811406250001 0.3156055851851852 0.7390207536458333 0.3156055851851852
4 0.7389905296875 0.2966058703703704 0.7390348578125 0.30913080648148145 0.7470944994791666 0.3091336564814815 0.7471509166666667 0.2966058703703704 0.7389905296875 0.2966058703703704
4 0.7390207536458333 0.2780165287037037 0.7390630666666667 0.2905414648148148 0.7471227078125 0.29054431481481485 0.7471811406250001 0.2780165287037037 0.7390207536458333 0.2780165287037037
4 0.7390207536458333 0.25909660833333337 0.7390630666666667 0.2716215444444445 0.7471227078125 0.2716272444444444 0.7471811406250001 0.25909660833333337 0.7390207536458333 0.25909660833333337
4 0.7390489625 0.2400569962962963 0.7390932901041667 0.2525819324074074 0.7471529317708333 0.2525847824074074 0.7472093489583334 0.2400569962962963 0.7390489625 0.2400569962962963
4 0.7390489625 0.22117982314814816 0.7390932901041667 0.23370475925925926 0.7471529317708333 0.23370760925925924 0.7472093489583334 0.22117982314814816 0.7390489625 0.22117982314814816
4 0.7390771708333334 0.20238529537037037 0.7391214989583333 0.21491023055555555 0.7471811406250001 0.21491308055555555 0.7472375578125 0.20238529537037037 0.7390771708333334 0.20238529537037037
4 0.7391073947916666 0.1835081222222222 0.7391517229166666 0.1960330574074074 0.7472113640625 0.19603590740740742 0.7472677817708333 0.1835081222222222 0.7391073947916666 0.1835081222222222
4 0.7656457786458333 0.8263607861111111 0.7656417489583334 0.8335765175925927 0.77092484375 0.8335138212962963 0.7709651421875 0.8264177824074074 0.7656457786458333 0.8263607861111111
4 0.7656457786458333 0.8075520092592592 0.7656417489583334 0.8147677398148149 0.77092484375 0.8147050444444445 0.7709651421875 0.8076090055555555 0.7656457786458333 0.8075520092592592
4 0.7656054807291667 0.7888002277777777 0.7656014505208333 0.7960159592592593 0.7708845458333333 0.7959532629629629 0.77092484375 0.7888572240740741 0.7656054807291667 0.7888002277777777
4 0.7656457786458333 0.7699629527777777 0.7656155552083334 0.7769108009259259 0.7708966348958334 0.7768481046296296 0.7709449927083334 0.7699344546296296 0.7656457786458333 0.7699629527777777
4 0.7656679427083334 0.7511855231481481 0.7656377192708334 0.7581333712962963 0.7709208140625 0.758070675 0.7709671567708334 0.751157025 0.7656679427083334 0.7511855231481481
4 0.7656195848958334 0.7324451407407407 0.7655893614583333 0.7393929898148148 0.77087245625 0.7393302935185185 0.7709187989583334 0.7324166425925926 0.7656195848958334 0.7324451407407407
4 0.7656437640625 0.7134995722222222 0.7656135401041666 0.7204474212962962 0.7708966348958334 0.720384725 0.770942978125 0.7134710740740741 0.7656437640625 0.7134995722222222
4 0.7656941364583333 0.6945711027777778 0.7656639130208334 0.7015189509259259 0.7709449927083334 0.7014562555555556 0.7709933510416668 0.6945426046296296 0.7656941364583333 0.6945711027777778
4 0.7656357041666666 0.6758164722222223 0.7656054807291667 0.6827643203703703 0.7708865604166667 0.6827016240740741 0.7709349182291666 0.6757879740740741 0.7656357041666666 0.6758164722222223
4 0.7657243604166666 0.6570219435185185 0.765692121875 0.6639697916666666 0.7709752166666667 0.6639070962962963 0.7710235744791666 0.6569934453703703 0.7657243604166666 0.6570219435185185
4 0.7656256296875 0.6381875175925926 0.7656256296875 0.6451410657407407 0.7708583515625 0.6451125675925926 0.7709067098958333 0.6381989166666666 0.7656256296875 0.6381875175925926
4 0.7656054807291667 0.6192704472222222 0.7656054807291667 0.6262239953703703 0.7708382026041666 0.6261954972222222 0.7708865604166667 0.6192818462962962 0.7656054807291667 0.6192704472222222
4 0.76564779375 0.6005956111111111 0.76564779375 0.6075491592592592 0.770880515625 0.607520661111111 0.7709288734374999 0.6006070101851851 0.76564779375 0.6005956111111111
4 0.7656054807291667 0.5816272444444445 0.7656054807291667 0.5885807925925925 0.7708382026041666 0.5885522944444445 0.7708865604166667 0.5816386435185185 0.7656054807291667 0.5816272444444445
4 0.7656880916666666 0.5628355657407407 0.7656880916666666 0.5697891138888889 0.7709228291666667 0.5697606157407407 0.770969171875 0.5628469648148149 0.7656880916666666 0.5628355657407407
4 0.7656880916666666 0.5441607296296296 0.7656880916666666 0.5511142777777778 0.7709228291666667 0.5510857796296297 0.770969171875 0.5441721287037038 0.7656880916666666 0.5441607296296296
4 0.7656880916666666 0.5251923620370371 0.7656880916666666 0.5321459101851852 0.7709228291666667 0.5321174120370371 0.770969171875 0.525203762037037 0.7656880916666666 0.5251923620370371
4 0.7656054807291667 0.5065203759259259 0.7656054807291667 0.5134739240740741 0.7708382026041666 0.5134425759259259 0.7708865604166667 0.5065289259259259 0.7656054807291667 0.5065203759259259
4 0.7656054807291667 0.48760900555555553 0.7656054807291667 0.4945625537037037 0.7708382026041666 0.4945340555555555 0.7708865604166667 0.48762040462962963 0.7656054807291667 0.48760900555555553
4 0.7656880916666666 0.46858079259259255 0.7656880916666666 0.4755343398148148 0.7709228291666667 0.4755058416666666 0.7709711869791666 0.46859219166666666 0.7656880916666666 0.46858079259259255
4 0.7545174291666666 0.4535765175925926 0.7544892203125 0.4589256194444445 0.761136409375 0.4589370194444444 0.7611867822916667 0.4536335138888889 0.7545174291666666 0.4535765175925926
4 0.7545516822916666 0.4345682527777778 0.7545254885416667 0.43991450555555556 0.7611726776041666 0.43992875462962966 0.7612210354166666 0.43462524907407407 0.7545516822916666 0.4345682527777778
4 0.7545214588541668 0.41579652314814813 0.7544952651041666 0.4211456259259259 0.7611424541666667 0.42115702499999996 0.7611908119791667 0.41585351944444443 0.7545214588541668 0.41579652314814813
4 0.7545214588541668 0.39702194351851855 0.7544952651041666 0.4023710462962963 0.7611424541666667 0.4023824453703704 0.7611908119791667 0.39707893981481485 0.7545214588541668 0.39702194351851855
4 0.7546181744791667 0.37814477037037036 0.7545919807291667 0.38349387314814815 0.7612391697916667 0.38350527222222225 0.7612875276041666 0.37820176666666666 0.7546181744791667 0.37814477037037036
4 0.7545939953125 0.3594043888888889 0.7545678015625 0.3647534907407407 0.7612149911458334 0.36476489074074075 0.7612633489583334 0.35946138518518517 0.7545939953125 0.3594043888888889
4 0.7545879510416668 0.34052151574074074 0.7545597421875 0.3458706185185185 0.7612069312499999 0.34588201759259257 0.7612573041666667 0.34057851203703704 0.7545879510416668 0.34052151574074074
4 0.7546886963541667 0.321729837962963 0.7546604875 0.3270789398148148 0.7613076765625001 0.3270903388888889 0.7613580494791666 0.32178683425925925 0.7546886963541667 0.321729837962963
4 0.7545879510416668 0.3028669138888889 0.7545597421875 0.3082160157407407 0.7612069312499999 0.3082274148148148 0.7612573041666667 0.3029239101851852 0.7545879510416668 0.3028669138888889
4 0.7545879510416668 0.28400398981481484 0.7545597421875 0.2893530916666666 0.7612069312499999 0.28936449166666667 0.7612573041666667 0.28406098611111114 0.7545879510416668 0.28400398981481484
4 0.7545879510416668 0.26521231111111115 0.7545597421875 0.2705614138888889 0.7612069312499999 0.270572812962963 0.7612573041666667 0.26526930740740745 0.7545879510416668 0.26521231111111115
4 0.754537578125 0.24627814166666667 0.7545093692708333 0.25162724444444445 0.7611565583333333 0.25163864351851856 0.7612069312499999 0.24633513796296294 0.754537578125 0.24627814166666667
4 0.754537578125 0.22748646296296296 0.7545093692708333 0.23283556574074074 0.7611565583333333 0.23284696481481482 0.7612069312499999 0.22754345925925926 0.754537578125 0.22748646296296296
4 0.754537578125 0.20862353981481482 0.7545093692708333 0.21397264166666666 0.7611565583333333 0.21398404074074076 0.7612069312499999 0.20868053611111112 0.754537578125 0.20862353981481482
4 0.7546383234375 0.1898318611111111 0.7546101151041668 0.19518096296296297 0.7612573041666667 0.19519236203703702 0.7613076765625001 0.1898888574074074 0.7546383234375 0.1898318611111111
2 0.6655651822916667 0.8456255342592592 0.6655813015625001 0.8666714166666667 0.6717610317708334 0.8667939583333333 0.671674390625 0.8456198342592592 0.6655651822916667 0.8456255342592592
2 0.673022365625 0.8456483324074074 0.6730384848958334 0.8666942148148148 0.6802135807291666 0.8666001712962963 0.68019343125 0.8455685379629629 0.673022365625 0.8456483324074074
2 0.6829034859374999 0.8464234824074075 0.6829196052083333 0.8674693648148147 0.6970179328125 0.8672271305555556 0.6971388270833334 0.8464234824074075 0.6829034859374999 0.8464234824074075
2 0.7003908927083333 0.8456369333333333 0.7004070119791667 0.8666856657407408 0.7090469473958334 0.8666856657407408 0.7090670963541666 0.8456825305555555 0.7003908927083333 0.8456369333333333
2 0.7131754984375 0.8457053287037037 0.7131936328125 0.8667512111111111 0.7218335682291667 0.8667512111111111 0.7218537177083333 0.8457480759259259 0.7131754984375 0.8457053287037037
4 0.66576264375 0.522866913888889 0.6657304052083333 0.5402821314814814 0.671303646875 0.5402792814814815 0.6713237958333333 0.522895412037037 0.66576264375 0.522866913888889
4 0.6657203302083333 0.5040638361111112 0.6656880916666666 0.5214790537037036 0.6712613338541666 0.5214762037037037 0.6712814828125 0.5040923342592593 0.6657203302083333 0.5040638361111112
4 0.6657606286458333 0.4852265601851852 0.6657283901041667 0.5026417787037037 0.6713016322916666 0.5026389287037037 0.6713217812500001 0.4852550583333333 0.6657606286458333 0.4852265601851852
4 0.6657807776041668 0.4664177824074074 0.6657485390625 0.4838330009259259 0.6713217812500001 0.4838301509259259 0.6713419302083333 0.46644628055555554 0.6657807776041668 0.4664177824074074
4 0.6657606286458333 0.4474380166666667 0.6657283901041667 0.4648532342592593 0.6713016322916666 0.4648503851851852 0.6713217812500001 0.44746651481481486 0.6657606286458333 0.4474380166666667
4 0.6658009270833334 0.4286007407407407 0.6657686885416666 0.44601595925925924 0.6713419302083333 0.4460131092592593 0.6713620791666667 0.4286292388888889 0.6658009270833334 0.4286007407407407
4 0.6657404796874999 0.40970646944444444 0.6657082411458333 0.42712168703703707 0.6712814828125 0.427118837037037 0.6713016322916666 0.4097349675925926 0.6657404796874999 0.40970646944444444
4 0.6657545838541666 0.3907723 0.6657223453125 0.4081846675925926 0.6712955875 0.4081846675925926 0.6713157364583334 0.39080079814814817 0.6657545838541666 0.3907723
4 0.6657827927083333 0.3719920203703703 0.6657505541666667 0.3894072388888889 0.6713237958333333 0.3894043888888889 0.6713439453125001 0.3720205185185185 0.6657827927083333 0.3719920203703703
4 0.6657142859375 0.35303505277777775 0.6656800322916666 0.3704474212962963 0.6712552890625 0.3704474212962963 0.6712754380208333 0.3530635509259259 0.6657142859375 0.35303505277777775
4 0.6657485390625 0.3342234259259259 0.6657163005208333 0.35163579351851854 0.6712895427083333 0.35163579351851854 0.6713096916666667 0.33425192407407406 0.6657485390625 0.3342234259259259
4 0.6658170463541667 0.3154117981481482 0.6657848078125 0.3328241666666667 0.6713580494791667 0.3328241666666667 0.6713781984375 0.3154402962962963 0.6658170463541667 0.3154117981481482
4 0.6657142859375 0.29669706481481484 0.6656820473958334 0.3141094333333333 0.6712552890625 0.3141094333333333 0.6712754380208333 0.296725562962963 0.6657142859375 0.29669706481481484
4 0.6657142859375 0.2777885435185185 0.6656800322916666 0.295200912037037 0.6712552890625 0.295200912037037 0.6712754380208333 0.27781704166666665 0.6657142859375 0.2777885435185185
4 0.6657827927083333 0.2589256194444445 0.6657505541666667 0.27634083796296294 0.6713237958333333 0.27633798796296294 0.6713439453125001 0.2589541175925926 0.6657827927083333 0.2589256194444445
4 0.6657142859375 0.2402137361111111 0.6656800322916666 0.25762610462962965 0.6712552890625 0.25762610462962965 0.6712754380208333 0.24024223425925925 0.6657142859375 0.2402137361111111
4 0.6657142859375 0.22150185277777779 0.6656820473958334 0.23891422037037036 0.6712552890625 0.23891422037037036 0.6712754380208333 0.22153035092592593 0.6657142859375 0.22150185277777779
4 0.6657142859375 0.20254203518518518 0.6656800322916666 0.21995440277777778 0.6712552890625 0.21995440277777778 0.6712754380208333 0.20257053333333333 0.6657142859375 0.20254203518518518
4 0.6657142859375 0.18348247407407406 0.6656800322916666 0.20089769166666666 0.6712552890625 0.20089484166666668 0.6712754380208333 0.1835109722222222 0.6657142859375 0.18348247407407406
4 0.673241990625 0.8241094333333333 0.6732016927083334 0.8400455972222222 0.679850896875 0.8401253916666667 0.6798307473958333 0.8241094333333333 0.673241990625 0.8241094333333333
4 0.6731916182291666 0.8052693074074073 0.6731513197916666 0.8212026222222222 0.6798005239583333 0.8212852666666666 0.679780375 0.8052693074074073 0.6731916182291666 0.8052693074074073
4 0.6731875880208332 0.7865488740740741 0.6731472901041666 0.8024850388888889 0.6797964942708333 0.8025648333333334 0.6797763447916666 0.7865488740740741 0.6731875880208332 0.7865488740740741
4 0.6732218416666667 0.7677372472222221 0.6731815432291667 0.7836734111111111 0.6798307473958333 0.7837532064814815 0.6798105984375 0.7677372472222221 0.6732218416666667 0.7677372472222221
4 0.673260125 0.7488344259259259 0.6732198265625 0.7647705898148148 0.6798690307291667 0.7648503851851852 0.6798488817708334 0.7488344259259259 0.673260125 0.7488344259259259
4 0.6732399760416666 0.72999715 0.6731996776041667 0.7459333138888888 0.6798488817708334 0.7460131092592592 0.6798287328125 0.72999715 0.6732399760416666 0.72999715
4 0.6731573645833334 0.7113565120370371 0.6731170661458333 0.727292675925926 0.6797662703125 0.7273724703703703 0.6797461213541667 0.7113565120370371 0.6731573645833334 0.7113565120370371
4 0.6731573645833334 0.6924479907407408 0.6731170661458333 0.7083813055555556 0.6797662703125 0.7084639500000001 0.6797461213541667 0.6924479907407408 0.6731573645833334 0.6924479907407408
4 0.6731996776041667 0.6735964666666667 0.6731593791666667 0.6895297805555556 0.6798085833333333 0.689612425 0.679788434375 0.6735964666666667 0.6731996776041667 0.6735964666666667
4 0.673241990625 0.6546850953703703 0.6732016927083334 0.6706212592592592 0.679850896875 0.6707010546296296 0.6798307473958333 0.6546850953703703 0.673241990625 0.6546850953703703
4 0.6731996776041667 0.6360131092592592 0.6731593791666667 0.6519464231481481 0.6798085833333333 0.6520290685185185 0.679788434375 0.6360131092592592 0.6731996776041667 0.6360131092592592
4 0.6731996776041667 0.6173981194444444 0.6731593791666667 0.6333342833333333 0.6798085833333333 0.6334140777777778 0.679788434375 0.6173981194444444 0.6731996776041667 0.6173981194444444
4 0.6731996776041667 0.5982502138888889 0.6731593791666667 0.6141863777777777 0.6798085833333333 0.6142661731481481 0.679788434375 0.5982502138888889 0.6731996776041667 0.5982502138888889
4 0.6731996776041667 0.5792818462962963 0.6731593791666667 0.5952180111111112 0.6798085833333333 0.5952978055555556 0.679788434375 0.5792818462962963 0.6731996776041667 0.5792818462962963
4 0.6732822890625 0.5604303222222222 0.673241990625 0.5763664861111112 0.6798911947916667 0.5764462805555556 0.6798710458333334 0.5604303222222222 0.6732822890625 0.5604303222222222
4 0.6732822890625 0.5418181814814815 0.673241990625 0.5577514962962963 0.6798911947916667 0.5578341407407408 0.6798710458333334 0.5418181814814815 0.6732822890625 0.5418181814814815
4 0.6731996776041667 0.5041749787037036 0.6731593791666667 0.5201082925925926 0.6798085833333333 0.5201909379629629 0.679788434375 0.5041749787037036 0.6731996776041667 0.5041749787037036
4 0.673241990625 0.4853833 0.6732016927083334 0.5013166148148148 0.679850896875 0.5013992592592593 0.6798307473958333 0.4853833 0.673241990625 0.4853833
4 0.673241990625 0.46635508703703704 0.6732016927083334 0.48228840092592595 0.679850896875 0.4823710462962963 0.6798307473958333 0.46635508703703704 0.673241990625 0.46635508703703704
4 0.6732822890625 0.44732687407407407 0.673241990625 0.463260187962963 0.6798911947916667 0.4633428324074074 0.6798710458333334 0.44732687407407407 0.6732822890625 0.44732687407407407
4 0.6731996776041667 0.4284753490740741 0.6731593791666667 0.44441151296296294 0.6798085833333333 0.44449130833333333 0.679788434375 0.4284753490740741 0.6731996776041667 0.4284753490740741
4 0.6732802739583333 0.40947563425925926 0.6732399760416666 0.42540894814814817 0.6798891796875 0.42549159259259256 0.6798690307291667 0.40947563425925926 0.6732802739583333 0.40947563425925926
4 0.6732802739583333 0.39080079814814817 0.6732399760416666 0.406736962037037 0.6798891796875 0.40681675648148147 0.6798690307291667 0.39080079814814817 0.6732802739583333 0.39080079814814817
4 0.6731956479166666 0.3720689657407407 0.6731553494791667 0.38800227962962963 0.6798045536458334 0.3880849240740741 0.6797844046874999 0.3720689657407407 0.6731956479166666 0.3720689657407407
4 0.6731553494791667 0.35321744074074074 0.6731130364583334 0.36915360462962965 0.6797642557291667 0.3692334 0.67974410625 0.35321744074074074 0.6731553494791667 0.35321744074074074
4 0.6733225869791667 0.3346622972222222 0.6732802739583333 0.35059846111111115 0.6799314932291666 0.35067825555555554 0.67991134375 0.3346622972222222 0.6733225869791667 0.3346622972222222
4 0.6731956479166666 0.31569392962962967 0.6731553494791667 0.3316272444444444 0.6798045536458334 0.3317098888888889 0.6797844046874999 0.31569392962962967 0.6731956479166666 0.31569392962962967
4 0.6731956479166666 0.2968424055555555 0.6731553494791667 0.31277856944444443 0.6798045536458334 0.3128583638888889 0.6797844046874999 0.2968424055555555 0.6731956479166666 0.2968424055555555
4 0.6731956479166666 0.277874037962963 0.6731553494791667 0.29380735277777775 0.6798045536458334 0.29388999722222225 0.6797844046874999 0.277874037962963 0.6731956479166666 0.277874037962963
4 0.6731956479166666 0.25902251388888886 0.6731553494791667 0.27495867777777777 0.6798045536458334 0.2750384722222222 0.6797844046874999 0.25902251388888886 0.6731956479166666 0.25902251388888886
4 0.6732802739583333 0.2401111425925926 0.6732399760416666 0.2560473064814815 0.6798891796875 0.2561271018518519 0.6798690307291667 0.2401111425925926 0.6732802739583333 0.2401111425925926
4 0.6732802739583333 0.22155599907407408 0.6732399760416666 0.23749216296296297 0.6798891796875 0.2375719574074074 0.6798690307291667 0.22155599907407408 0.6732802739583333 0.22155599907407408
4 0.6731956479166666 0.20258763148148148 0.6731553494791667 0.21852379629629629 0.6798045536458334 0.21860359074074076 0.6797844046874999 0.20258763148148148 0.6731956479166666 0.20258763148148148
4 0.6732379609375 0.1836791111111111 0.6731976625 0.199612425 0.6798468666666667 0.19969506944444443 0.6798267177083334 0.1836791111111111 0.6732379609375 0.1836791111111111
4 0.6831311708333333 0.8241863777777778 0.6830908723958333 0.8401225416666667 0.696836590625 0.8400968935185186 0.6967962927083333 0.8240809351851852 0.6831311708333333 0.8241863777777778
4 0.6831331854166667 0.8052721574074074 0.6830928875000001 0.8212083212962963 0.6968386057291667 0.8211826731481482 0.6967983072916667 0.8051667138888889 0.6831331854166667 0.8052721574074074
4 0.6830989322916667 0.7865118268518518 0.6830586338541667 0.8024451407407408 0.6968043520833334 0.8024194925925926 0.6967640541666668 0.7864035333333333 0.6830989322916667 0.7865118268518518
4 0.6830646786458333 0.7676489027777779 0.6830243802083333 0.7835850666666667 0.6967700989583334 0.7835594185185185 0.6967298005208333 0.7675434592592593 0.6830646786458333 0.7676489027777779
4 0.6830646786458333 0.7488885722222223 0.6830243802083333 0.7648218870370371 0.6967700989583334 0.7647962379629629 0.6967298005208333 0.7487802796296296 0.6830646786458333 0.7488885722222223
4 0.6830989322916667 0.7300256481481481 0.6830586338541667 0.745961812037037 0.6968043520833334 0.7459361638888888 0.6967640541666668 0.7299202055555555 0.6830989322916667 0.7300256481481481
4 0.6830284104166666 0.7112140212962963 0.6829881119791666 0.7271501851851851 0.6967358453125 0.727124537037037 0.696695546875 0.7111085777777778 0.6830284104166666 0.7112140212962963
4 0.6830646786458333 0.692502137037037 0.6830243802083333 0.7084383018518519 0.6967700989583334 0.7084126527777778 0.6967298005208333 0.6923966944444444 0.6830646786458333 0.692502137037037
4 0.6831331854166667 0.6735423194444444 0.6830928875000001 0.6894784842592593 0.6968386057291667 0.6894528351851852 0.6967983072916667 0.6734368768518518 0.6831331854166667 0.6735423194444444
4 0.6831331854166667 0.6549786268518519 0.6830928875000001 0.6709119407407407 0.6968386057291667 0.6708862925925926 0.6967983072916667 0.6548703333333333 0.6831331854166667 0.6549786268518519
4 0.6831694541666666 0.6360672555555555 0.683127140625 0.6520034194444444 0.6968748739583333 0.6519777712962963 0.6968345760416667 0.635961812037037 0.6831694541666666 0.6360672555555555
4 0.6831331854166667 0.617107437962963 0.6830928875000001 0.6330436018518518 0.6968386057291667 0.6330179537037037 0.6967983072916667 0.6170019944444445 0.6831331854166667 0.617107437962963
4 0.6830646786458333 0.5983471074074074 0.6830243802083333 0.6142804222222222 0.6967700989583334 0.6142547731481481 0.6967298005208333 0.5982388148148149 0.6830646786458333 0.5983471074074074
4 0.6830989322916667 0.5793872898148149 0.6830586338541667 0.5953234537037038 0.6968043520833334 0.5952949555555556 0.6967640541666668 0.5792789972222222 0.6830989322916667 0.5793872898148149
4 0.6830646786458333 0.5606241092592592 0.683022365625 0.5765602731481482 0.6967700989583334 0.576534625 0.6967298005208333 0.5605186666666666 0.6830646786458333 0.5606241092592592
4 0.6831049770833334 0.5417754342592593 0.6830646786458333 0.5577087490740741 0.696810396875 0.5576831009259259 0.6967700989583334 0.5416671416666666 0.6831049770833334 0.5417754342592593
4 0.6831049770833334 0.5228640638888888 0.6830646786458333 0.5388002277777777 0.696810396875 0.5387745796296296 0.6967700989583334 0.5227586203703704 0.6831049770833334 0.5228640638888888
4 0.7006810395833334 0.48535195185185187 0.7006407416666666 0.49751781111111115 0.7087003828125 0.4975206611111111 0.70874068125 0.48526645740740737 0.7006810395833334 0.48535195185185187
4 0.7006508161458334 0.46635223703703704 0.7006105177083334 0.47851809629629627 0.708670159375 0.4785209462962963 0.7087104572916666 0.4662667425925926 0.7006508161458334 0.46635223703703704
4 0.7005923838541667 0.4474750638888889 0.7005520854166666 0.45964092314814814 0.7086117265625 0.45964377314814814 0.7086520249999999 0.44738956944444447 0.7005923838541667 0.4474750638888889
4 0.7005359661458334 0.42859789074074073 0.7004956677083333 0.44076375 0.708555309375 0.44076659999999995 0.7085956072916667 0.4285123962962963 0.7005359661458334 0.42859789074074073
4 0.7005923838541667 0.40976346574074074 0.7005520854166666 0.42192647499999997 0.7086117265625 0.4219321740740741 0.7086520249999999 0.4096779712962963 0.7005923838541667 0.40976346574074074
4 0.700564175 0.3910487314814815 0.7005238765624999 0.4032145907407408 0.7085835182291667 0.40321744074074073 0.7086238161458334 0.39096323703703706 0.700564175 0.3910487314814815
4 0.7007092484374999 0.37217155925925927 0.7006689500000001 0.3843374185185185 0.7087285916666667 0.3843402675925926 0.7087688895833334 0.3720860648148148 0.7007092484374999 0.37217155925925927
4 0.7005359661458334 0.3533770305555556 0.7004956677083333 0.3655428898148148 0.708555309375 0.3655457398148148 0.7085956072916667 0.35329153611111114 0.7005359661458334 0.3533770305555556
4 0.7005923838541667 0.33453975462962965 0.7005520854166666 0.34670561388888893 0.7086117265625 0.3467084638888889 0.7086520249999999 0.3344542601851852 0.7005923838541667 0.33453975462962965
4 0.7005923838541667 0.31578512407407405 0.7005520854166666 0.32795098333333333 0.7086117265625 0.32795383333333333 0.7086520249999999 0.3156996296296296 0.7005923838541667 0.31578512407407405
4 0.7005923838541667 0.2969108009259259 0.7005520854166666 0.3090738101851852 0.7086117265625 0.3090795101851852 0.7086520249999999 0.2968253064814815 0.7005923838541667 0.2969108009259259
4 0.700564175 0.27811342222222224 0.7005238765624999 0.29027928148148147 0.7085835182291667 0.29028213148148146 0.7086238161458334 0.2780279277777778 0.700564175 0.27811342222222224
4 0.7006226072916667 0.25935879166666664 0.7005823088541666 0.2715246509259259 0.7086419505208333 0.2715275009259259 0.7086822484374999 0.2592732972222222 0.7006226072916667 0.25935879166666664
4 0.700564175 0.24040182407407404 0.7005238765624999 0.25256768333333335 0.7085835182291667 0.25257053333333335 0.7086238161458334 0.24031632962962962 0.700564175 0.24040182407407404
4 0.700564175 0.22144200648148146 0.7005238765624999 0.23360786574074074 0.7085835182291667 0.23361071574074074 0.7086238161458334 0.22135651203703705 0.700564175 0.22144200648148146
4 0.7006508161458334 0.20260473055555556 0.7006105177083334 0.2147705898148148 0.708670159375 0.21477343981481484 0.7087104572916666 0.2025192361111111 0.7006508161458334 0.20260473055555556
4 0.7006508161458334 0.1838928472222222 0.7006105177083334 0.1960587064814815 0.708670159375 0.19606155555555554 0.7087104572916666 0.1838073527777778 0.7006508161458334 0.1838928472222222
4 0.71347975 0.8242804222222222 0.7134898244791666 0.8364348814814815 0.7215494661458333 0.8364377314814815 0.7215897640625 0.8241835277777777 0.71347975 0.8242804222222222
4 0.7134293776041667 0.8054345962962963 0.7134394520833334 0.8175890564814815 0.7214990932291666 0.8175919064814815 0.7215393916666667 0.8053377027777778 0.7134293776041667 0.8054345962962963
4 0.7134293776041667 0.7866258194444444 0.7134394520833334 0.7987802796296296 0.7214990932291666 0.7987831287037037 0.7215393916666667 0.7865289259259259 0.7134293776041667 0.7866258194444444
4 0.7134898244791666 0.7677885435185186 0.7134998994791667 0.7799430037037037 0.721559540625 0.7799458537037037 0.7215998390625 0.7676916500000001 0.7134898244791666 0.7677885435185186
4 0.7134898244791666 0.7489797666666667 0.7134998994791667 0.7611342259259258 0.721559540625 0.7611370759259259 0.7215998390625 0.7488828722222222 0.7134898244791666 0.7489797666666667
4 0.7134898244791666 0.7302564833333334 0.7134998994791667 0.7424109435185186 0.721559540625 0.7424137935185185 0.7215998390625 0.7301595898148149 0.7134898244791666 0.7302564833333334
4 0.7134898244791666 0.711333712962963 0.7134998994791667 0.7234881731481481 0.721559540625 0.7234910231481482 0.7215998390625 0.7112368194444444 0.7134898244791666 0.711333712962963
4 0.7135099739583333 0.6924679398148148 0.7135200484375 0.7046224000000001 0.7215796895833333 0.7046252490740741 0.7216199880208334 0.6923710462962963 0.7135099739583333 0.6924679398148148
4 0.7135099739583333 0.6736876601851852 0.7135200484375 0.6858421203703703 0.7215796895833333 0.6858449703703704 0.7216199880208334 0.6735907666666666 0.7135099739583333 0.6736876601851852
4 0.7135623614583333 0.6549529777777777 0.7135724359375 0.667107437962963 0.7216320776041666 0.6671102879629629 0.7216723755208334 0.6548560842592592 0.7135623614583333 0.6549529777777777
4 0.7135220630208334 0.6359247648148149 0.7135321380208333 0.648079225 0.7215917791666667 0.6480820749999999 0.7216320776041666 0.6358278712962964 0.7135220630208334 0.6359247648148149
4 0.71347975 0.6173667712962964 0.7134898244791666 0.6295240805555555 0.7215494661458333 0.6295269305555555 0.7215897640625 0.6172727268518519 0.71347975 0.6173667712962964
4 0.7135220630208334 0.5983984037037037 0.7135321380208333 0.610552863888889 0.7215917791666667 0.6105585638888889 0.7216320776041666 0.5983043601851852 0.7135220630208334 0.5983984037037037
4 0.71347975 0.5795468796296296 0.7134898244791666 0.5917041888888889 0.7215494661458333 0.5917070388888889 0.7215897640625 0.5794528351851852 0.71347975 0.5795468796296296
4 0.7135220630208334 0.560578512037037 0.7135321380208333 0.5727329722222222 0.7215917791666667 0.5727386722222222 0.7216320776041666 0.5604844685185185 0.7135220630208334 0.560578512037037
4 0.7135220630208334 0.5419065259259259 0.7135321380208333 0.5540609861111111 0.7215917791666667 0.5540638361111111 0.7216320776041666 0.5418096324074074 0.7135220630208334 0.5419065259259259
4 0.71347975 0.5229353092592592 0.7134898244791666 0.5350926185185185 0.7215494661458333 0.5350954685185185 0.7215897640625 0.5228412657407407 0.71347975 0.5229353092592592
4 0.71347975 0.5042034768518519 0.7134898244791666 0.516357937037037 0.7215494661458333 0.5163607861111111 0.7215897640625 0.5041065833333334 0.71347975 0.5042034768518519
4 0.71347975 0.4852949555555556 0.7134898244791666 0.4974494157407407 0.7215494661458333 0.4974522657407408 0.7215897640625 0.485198062037037 0.71347975 0.4852949555555556
4 0.71347975 0.4663237388888889 0.7134898244791666 0.4784810490740741 0.7215494661458333 0.4784838981481481 0.7215897640625 0.4662296953703704 0.71347975 0.4663237388888889
4 0.71347975 0.44765175277777774 0.7134898244791666 0.459806212962963 0.7215494661458333 0.45980906203703703 0.7215897640625 0.44755485925925925 0.71347975 0.44765175277777774
4 0.71347975 0.42874038148148147 0.7134898244791666 0.44089484166666665 0.7215494661458333 0.4409005416666667 0.7215897640625 0.428646337962963 0.71347975 0.42874038148148147
4 0.71347975 0.4099487037037037 0.7134898244791666 0.42210316296296296 0.7215494661458333 0.42210886296296296 0.7215897640625 0.4098546592592593 0.71347975 0.4099487037037037
4 0.71347975 0.39121687129629634 0.7134898244791666 0.4033713305555555 0.7215494661458333 0.4033741805555556 0.7215897640625 0.39111997685185185 0.71347975 0.39121687129629634
4 0.7133951239583334 0.3723055 0.7134072135416667 0.3844628101851852 0.7214648395833334 0.3844656601851852 0.7215051380208333 0.3722114564814815 0.7133951239583334 0.3723055
4 0.71347975 0.35333713333333333 0.7134898244791666 0.3654915925925926 0.7215494661458333 0.36549444259259256 0.7215897640625 0.35324023981481484 0.71347975 0.35333713333333333
4 0.7134817651041666 0.3344628101851852 0.7134918395833334 0.34661726944444443 0.7215514807291666 0.3466201194444445 0.7215917791666667 0.33436591666666665 0.7134817651041666 0.3344628101851852
4 0.7135160187499999 0.3158478194444444 0.7135281078125 0.32800227962962963 0.721585734375 0.32800512962962963 0.7216260328125 0.31575092592592596 0.7135160187499999 0.3158478194444444
4 0.7134475114583334 0.29673981203703703 0.7134575859375 0.3088942722222222 0.7215172276041667 0.3088971212962963 0.7215575255208333 0.2966429185185185 0.7134475114583334 0.29673981203703703
4 0.7134817651041666 0.2781248222222222 0.7134918395833334 0.29027928148148147 0.7215514807291666 0.2902849814814815 0.7215917791666667 0.2780307777777778 0.7134817651041666 0.2781248222222222
4 0.7135160187499999 0.25926474814814815 0.7135281078125 0.27141920740740744 0.721585734375 0.27142205740740744 0.7216260328125 0.2591678537037037 0.7135160187499999 0.25926474814814815
4 0.7134475114583334 0.24025648333333335 0.7134575859375 0.2524109435185185 0.7215172276041667 0.2524137935185185 0.7215575255208333 0.24015958981481483 0.7134475114583334 0.24025648333333335
4 0.7134475114583334 0.22139640925925927 0.7134575859375 0.23355086944444445 0.7215172276041667 0.23355371944444445 0.7215575255208333 0.22129951574074075 0.7134475114583334 0.22139640925925927
4 0.7134817651041666 0.2025847824074074 0.7134918395833334 0.21473924166666666 0.7215514807291666 0.21474209166666666 0.7215917791666667 0.20248788796296296 0.7134817651041666 0.2025847824074074
4 0.7134817651041666 0.18382160185185187 0.7134918395833334 0.1959760611111111 0.7215514807291666 0.19597891111111113 0.7215917791666667 0.18372470833333335 0.7134817651041666 0.18382160185185187
4 0.7276022567708333 0.8243260185185185 0.72761233125 0.8364804787037037 0.7356719723958334 0.8364833287037038 0.7357122708333333 0.824229125 0.7276022567708333 0.8243260185185185
4 0.7275780776041666 0.8053120546296296 0.7275881520833334 0.8174665148148148 0.73564779375 0.8174693648148148 0.7356880916666667 0.8052151611111111 0.7275780776041666 0.8053120546296296
4 0.7275780776041666 0.7866058703703704 0.7275881520833334 0.7987603305555555 0.73564779375 0.7987631805555555 0.7356880916666667 0.7865089768518518 0.7275780776041666 0.7866058703703704
4 0.7275538989583333 0.7677970935185185 0.7275639734375 0.7799515527777777 0.7356236145833334 0.7799544027777778 0.7356639130208333 0.767700199074074 0.7275538989583333 0.7677970935185185
4 0.7275538989583333 0.7490225138888889 0.7275639734375 0.7611769731481481 0.7356236145833334 0.7611798231481481 0.7356639130208333 0.7489256194444444 0.7275538989583333 0.7490225138888889
4 0.7275297197916667 0.730179537962963 0.7275397942708334 0.7423339981481482 0.7355994359375 0.7423368481481482 0.7356397338541666 0.7300826444444444 0.7275297197916667 0.730179537962963
4 0.7275538989583333 0.7113365629629629 0.7275639734375 0.7234910231481482 0.7356236145833334 0.7234938731481482 0.7356639130208333 0.7112396694444444 0.7275538989583333 0.7113365629629629
4 0.7275297197916667 0.6924593898148148 0.7275397942708334 0.7046138500000001 0.7355994359375 0.7046167 0.7356397338541666 0.6923624962962963 0.7275297197916667 0.6924593898148148
4 0.7275780776041666 0.6737190083333333 0.7275881520833334 0.6858734685185185 0.73564779375 0.6858763175925926 0.7356880916666667 0.6736221148148148 0.7275780776041666 0.6737190083333333
4 0.7275780776041666 0.6549786268518519 0.7275881520833334 0.6671330861111111 0.73564779375 0.6671359361111111 0.7356880916666667 0.6548817324074074 0.7275780776041666 0.6549786268518519
4 0.7276264354166667 0.6360672555555555 0.7276365104166668 0.6482217157407407 0.7356961515625 0.6482245657407407 0.7357364494791666 0.635970362037037 0.7276264354166667 0.6360672555555555
4 0.7275780776041666 0.617326874074074 0.7275881520833334 0.6294813333333333 0.73564779375 0.6294841833333333 0.7356880916666667 0.6172299796296297 0.7275780776041666 0.617326874074074
4 0.7276022567708333 0.5983813055555556 0.72761233125 0.6105357648148149 0.7356719723958334 0.6105386148148149 0.7357122708333333 0.5982844111111111 0.7276022567708333 0.5983813055555556
4 0.7276022567708333 0.5796409231481482 0.72761233125 0.5917953833333333 0.7356719723958334 0.5917982333333334 0.7357122708333333 0.5795440296296296 0.7276022567708333 0.5796409231481482
4 0.7276264354166667 0.5605585638888888 0.7276365104166668 0.5727130240740741 0.7356961515625 0.5727158731481481 0.7357364494791666 0.5604616703703703 0.7276264354166667 0.5605585638888888
4 0.7275538989583333 0.5418181814814815 0.7275639734375 0.5539726416666666 0.7356236145833334 0.5539754916666667 0.7356639130208333 0.5417212879629629 0.7275538989583333 0.5418181814814815
4 0.7275538989583333 0.5230436018518518 0.7275639734375 0.535198062037037 0.7356236145833334 0.535200912037037 0.7356639130208333 0.5229467083333333 0.7275538989583333 0.5230436018518518
4 0.7276506145833334 0.504234825 0.7276606890625 0.5163892842592592 0.7357203302083334 0.5163921342592592 0.7357606286458334 0.5041379314814814 0.7276506145833334 0.504234825
4 0.7275297197916667 0.4854260472222222 0.7275397942708334 0.4975805074074074 0.7355994359375 0.49758335740740745 0.7356397338541666 0.4853291537037037 0.7275297197916667 0.4854260472222222
4 0.7275538989583333 0.4662068962962963 0.7275639734375 0.4783613564814815 0.7356236145833334 0.4783642064814814 0.7356639130208333 0.46611000277777775 0.7275538989583333 0.4662068962962963
4 0.76564779375 0.449612425 0.76564779375 0.4565659731481482 0.770880515625 0.456537475 0.7709288734374999 0.4496238240740741 0.76564779375 0.449612425
4 0.7656054807291667 0.4308207462962963 0.7656054807291667 0.43777429444444443 0.7708382026041666 0.43774579629629634 0.7708865604166667 0.4308321462962963 0.7656054807291667 0.4308207462962963
4 0.7656880916666666 0.4119692222222222 0.7656880916666666 0.4189227703703704 0.7709228291666667 0.41889427222222225 0.7709711869791666 0.4119806212962963 0.7656880916666666 0.4119692222222222
4 0.7655631671875 0.39311769722222223 0.7655631671875 0.40007124537037037 0.7707958895833333 0.4000427472222223 0.7708442473958333 0.39312909629629633 0.7655631671875 0.39311769722222223
4 0.7656880916666666 0.37432601851851854 0.7656880916666666 0.3812795666666666 0.7709228291666667 0.38125106851851853 0.7709711869791666 0.3743374185185185 0.7656880916666666 0.37432601851851854
4 0.7655631671875 0.3555343398148148 0.7655631671875 0.36248788796296294 0.7707958895833333 0.3624593898148148 0.7708442473958333 0.3555457398148148 0.7655631671875 0.3555343398148148
4 0.7656880916666666 0.3365659731481481 0.7656880916666666 0.3435195212962963 0.7709228291666667 0.34349102314814817 0.770969171875 0.3365773722222222 0.7656880916666666 0.3365659731481481
4 0.76564779375 0.31783129074074074 0.76564779375 0.32478483888888887 0.770880515625 0.3247563407407407 0.7709288734374999 0.31784268981481484 0.76564779375 0.31783129074074074
4 0.76564779375 0.29903961203703705 0.76564779375 0.3059931601851852 0.770880515625 0.30596466203703704 0.7709288734374999 0.29905101203703705 0.76564779375 0.29903961203703705
4 0.7655631671875 0.28013109166666667 0.7655631671875 0.2870846398148148 0.7707958895833333 0.28705614166666665 0.7708442473958333 0.28014249074074077 0.7655631671875 0.28013109166666667
4 0.7656880916666666 0.2612197203703704 0.7656880916666666 0.2681732685185185 0.7709228291666667 0.2681447703703704 0.7709711869791666 0.2612311203703704 0.7656880916666666 0.2612197203703704
4 0.7655631671875 0.24254773425925924 0.7655631671875 0.2495012824074074 0.7707958895833333 0.24947278425925926 0.7708442473958333 0.24255913333333334 0.7655631671875 0.24254773425925924
4 0.7656054807291667 0.22369621018518518 0.7656054807291667 0.23064975740740742 0.7708382026041666 0.23062125925925928 0.7708865604166667 0.22370760925925925 0.7656054807291667 0.22369621018518518
4 0.7656054807291667 0.2046081509259259 0.7656054807291667 0.21156169814814815 0.7708382026041666 0.2115332 0.7708865604166667 0.20461955 0.7656054807291667 0.2046081509259259
4 0.76564779375 0.18575662592592593 0.76564779375 0.1927101740740741 0.770880515625 0.19268167592592594 0.7709288734374999 0.185768025 0.76564779375 0.18575662592592593
4 0.754563771875 0.8304075231481481 0.7545355630208334 0.8357566259259259 0.7612532744791667 0.8359361638888889 0.7612331250000001 0.8304645194444445 0.754563771875 0.8304075231481481
4 0.754537578125 0.8116357935185184 0.7545093692708333 0.8169848962962963 0.7612935723958334 0.8169563981481481 0.7612069312499999 0.8116927898148147 0.754537578125 0.8116357935185184
4 0.7546141447916667 0.7927301222222223 0.7545859359375 0.7980792250000001 0.7612331250000001 0.798090624074074 0.7612834979166667 0.7927871185185186 0.7546141447916667 0.7927301222222223
4 0.7545879510416668 0.7739612425925926 0.7545597421875 0.7793103444444445 0.7612069312499999 0.7793217444444444 0.7612573041666667 0.7740182388888889 0.7545879510416668 0.7739612425925926
4 0.7545879510416668 0.7549045314814814 0.7545597421875 0.7602536333333334 0.7612069312499999 0.7602650324074074 0.7612573041666667 0.7549615277777777 0.7545879510416668 0.7549045314814814
4 0.7545879510416668 0.7361926472222222 0.7545597421875 0.7415389 0.7612069312499999 0.741553149074074 0.7612573041666667 0.7362496435185185 0.7545879510416668 0.7361926472222222
4 0.7545879510416668 0.7172812768518518 0.7545597421875 0.7226303787037036 0.7612069312499999 0.7226417787037037 0.7612573041666667 0.7173382731481481 0.7545879510416668 0.7172812768518518
4 0.7545516822916666 0.6985180962962962 0.7545254885416667 0.703867199074074 0.7611726776041666 0.7038785981481481 0.7612210354166666 0.6985750925925925 0.7545516822916666 0.6985180962962962
4 0.7544831755208333 0.6797577657407408 0.7544549666666666 0.6851068675925926 0.7611021557291667 0.6851182675925926 0.7611525286458334 0.6798147620370371 0.7544831755208333 0.6797577657407408
4 0.7545879510416668 0.6608463953703704 0.7545597421875 0.6661954972222222 0.7612069312499999 0.6662068962962964 0.7612573041666667 0.6609033916666667 0.7545879510416668 0.6608463953703704
4 0.7545516822916666 0.6420347675925926 0.7545254885416667 0.6473838703703704 0.7611726776041666 0.6473952694444444 0.7612210354166666 0.6420917638888889 0.7545516822916666 0.6420347675925926
4 0.7545516822916666 0.6233228842592593 0.7545254885416667 0.6286719861111111 0.7611726776041666 0.6286833851851852 0.7612210354166666 0.6233798805555556 0.7545516822916666 0.6233228842592593
4 0.7546222041666667 0.6043146194444445 0.7545939953125 0.6096637222222222 0.7612411848958334 0.6096751212962963 0.7612915572916666 0.6043716157407408 0.7546222041666667 0.6043146194444445
4 0.7546222041666667 0.5856511824074074 0.7545939953125 0.5909974351851852 0.7612411848958334 0.5910116842592592 0.7612915572916666 0.5857081787037037 0.7546222041666667 0.5856511824074074
4 0.7545879510416668 0.5669364490740741 0.7545597421875 0.5722855518518518 0.7612069312499999 0.5722969509259259 0.7612573041666667 0.5669934453703704 0.7545879510416668 0.5669364490740741
4 0.7545516822916666 0.5480763750000001 0.7545254885416667 0.5534254777777778 0.7611726776041666 0.5534368768518518 0.7612210354166666 0.5481333712962964 0.7545516822916666 0.5480763750000001
4 0.7545174291666666 0.5291678537037037 0.7544892203125 0.5345141064814815 0.761136409375 0.5345255055555556 0.7611867822916667 0.5292248500000001 0.7545174291666666 0.5291678537037037
4 0.7545516822916666 0.5103562268518518 0.7545254885416667 0.5157024796296296 0.7611726776041666 0.5157138787037038 0.7612210354166666 0.5104132231481481 0.7545516822916666 0.5103562268518518
4 0.7545516822916666 0.4916899398148148 0.7545254885416667 0.49703904259259263 0.7611726776041666 0.4970504416666667 0.7612210354166666 0.4917469361111111 0.7545516822916666 0.4916899398148148
4 0.7544831755208333 0.47238814444444444 0.7544549666666666 0.4777372472222222 0.7611021557291667 0.47774864629629626 0.7611525286458334 0.47244514074074073 0.7544831755208333 0.47238814444444444