1 0 0 0 1 1 1 1 0 0 0
3 0.272016925 0.7058181296296296 0.2719867015625 0.6970125425925926 0.231303646875 0.6971921324074074 0.23131170677083332 0.7056157351851852 0.272016925 0.7058181296296296
3 0.231303646875 0.6971921324074074 0.23715494635416665 0.6971778787037036 0.23727584114583333 0.4092930444444445 0.23123111041666666 0.409378562962963 0.231303646875 0.6971921324074074
3 0.231251259375 0.40074116296296297 0.23123111041666666 0.409378562962963 0.26121297604166666 0.40935005740740743 0.2611726776041667 0.4005986314814815 0.231251259375 0.40074116296296297
3 0.3251259317708334 0.6970923601851852 0.3251259317708334 0.7055017101851853 0.33844448906249996 0.7054732037037037 0.33842434010416667 0.6970638537037037 0.3251259317708334 0.6970923601851852
3 0.33844448906249996 0.7054732037037037 0.3323393109375 0.7055017101851853 0.33248035468750003 0.7485461805555556 0.33834374375000004 0.7485461805555556 0.33844448906249996 0.7054732037037037
3 0.33836389270833334 0.7401368305555555 0.33834374375000004 0.7485461805555556 0.3568607697916667 0.7484891675925925 0.35684062083333334 0.7400513111111111 0.33836389270833334 0.7401368305555555
3 0.43649405625 0.739777650925926 0.43641144479166666 0.7482896240740741 0.472008865625 0.7485860888888889 0.4719665526041667 0.7400142527777778 0.43649405625 0.739777650925926
3 0.515859359375 0.7399657925925925 0.5159621197916667 0.7484891675925925 0.5558291354166667 0.7484891675925925 0.5558633890625 0.7399173314814815 0.515859359375 0.7399657925925925
3 0.5999194036458333 0.7400798175925926 0.5999395526041666 0.7486602055555556 0.6184162807291667 0.7484891675925925 0.6184162807291667 0.7399657925925925 0.5999194036458333 0.7400798175925926
3 0.6237154947916667 0.7399087796296296 0.6237719119791667 0.7485290768518518 0.64216804375 0.7484720638888889 0.642027 0.7400057009259259 0.6237154947916667 0.7399087796296296
3 0.6184162807291667 0.7484891675925925 0.6237719119791667 0.7485290768518518 0.6235260932291666 0.7221208666666666 0.6184485192708333 0.7220524518518519 0.6184162807291667 0.7484891675925925
3 0.6860809994791667 0.7400313564814816 0.6861978640624999 0.7483637398148149 0.7261212973958333 0.7484464083333334 0.7260064479166667 0.7401140249999999 0.6860809994791667 0.7400313564814816
3 0.6179931494791667 0.7220353481481482 0.6240378802083334 0.7221208666666666 0.6239371348958334 0.6105701250000001 0.6180374770833333 0.6105359175925926 0.6179931494791667 0.7220353481481482
3 0.6184021760416667 0.610507412037037 0.6235804958333334 0.6105359175925926 0.6235946 0.5924458379629629 0.6183679223958334 0.5924714935185185 0.6184021760416667 0.610507412037037
3 0.6579609109375001 0.5923631694444444 0.6580112833333334 0.5838511972222222 0.5840016119791667 0.5840649944444445 0.5839532541666668 0.5924486888888889 0.6579609109375001 0.5923631694444444
3 0.5840016119791667 0.5840649944444445 0.5898730604166667 0.5840222351851851 0.5899657463541667 0.4656784490740741 0.5839814630208333 0.46573546203703703 0.5840016119791667 0.5840649944444445
3 0.6580334473958334 0.46575256574074075 0.6520491640625 0.46578107222222226 0.6520592385416666 0.5838683009259259 0.6580112833333334 0.5838511972222222 0.6580334473958334 0.46575256574074075
3 0.5899657463541667 0.4656784490740741 0.5899153739583334 0.4574657925925926 0.5628611729166667 0.4573204101851852 0.5628611729166667 0.465741162962963 0.5899657463541667 0.4656784490740741
3 0.6519846864583333 0.4573004564814815 0.6520491640625 0.46578107222222226 0.679260528125 0.46567274814814813 0.6791597822916666 0.4573717222222222 0.6519846864583333 0.4573004564814815
3 0.7121418494791667 0.45742303333333334 0.7122143864583333 0.4656328388888889 0.7406729802083334 0.46570125462962964 0.7406971588541666 0.457217787962963 0.7121418494791667 0.45742303333333334
3 0.7346806364583334 0.45728620277777776 0.7406971588541666 0.457217787962963 0.7406004432291666 0.3530615731481481 0.7345939953124999 0.3530216648148148 0.7346806364583334 0.45728620277777776
3 0.5013681239583333 0.4659264537037037 0.529850896875 0.46562998888888885 0.5298750755208333 0.45734321574074077 0.5013882734375 0.4573517675925926 0.5013681239583333 0.4659264537037037
3 0.4502216401041667 0.5478819842592593 0.4567781583333333 0.5478819842592593 0.4567499494791667 0.4670553018518519 0.4501349989583333 0.4670153935185185 0.4502216401041667 0.5478819842592593
3 0.4505097723958333 0.46703249722222223 0.4564356234375 0.4670610037037037 0.4563489822916667 0.45424173333333334 0.450564175 0.45424173333333334 0.4505097723958333 0.46703249722222223
3 0.5013882734375 0.4573517675925926 0.5072939755208333 0.4572462944444445 0.5072939755208333 0.35307867685185185 0.5012895427083334 0.3531356898148148 0.5013882734375 0.4573517675925926
3 0.493022365625 0.34445838055555555 0.4931493046875 0.3531927027777778 0.5072939755208333 0.35307867685185185 0.5072939755208333 0.3443272518518518 0.493022365625 0.34445838055555555
3 0.49883135208333335 0.34444127685185183 0.5072939755208333 0.3443272518518518 0.5073544229166667 0.325513112962963 0.49883135208333335 0.3255986314814815 0.49883135208333335 0.34444127685185183
3 0.5073544229166667 0.325513112962963 0.5073463630208334 0.3341391101851852 0.5405440260416667 0.3341391101851852 0.5403747734375001 0.32551881388888887 0.5073544229166667 0.325513112962963
3 0.5698710458333333 0.3254675027777778 0.5700100744791666 0.3340450398148148 0.5906326817708333 0.3340393388888889 0.59059036875 0.3256841509259259 0.5698710458333333 0.3254675027777778
3 0.5906306671875 0.3531071833333333 0.5965746526041666 0.35299315833333333 0.5965746526041666 0.23597491481481483 0.5905097723958334 0.23600342037037036 0.5906306671875 0.3531071833333333
3 0.33749748125 0.6919327249999999 0.34267580104166667 0.6918557583333333 0.3427563973958333 0.6789338657407407 0.3374370338541667 0.6789338657407407 0.33749748125 0.6919327249999999
3 0.337118678125 0.6789082101851852 0.3430727380208333 0.6789395666666667 0.34310094687500003 0.5947092361111112 0.33719322968750004 0.59454675 0.337118678125 0.6789082101851852
3 0.3371750958333333 0.5566248574074074 0.34309893229166666 0.5566248574074074 0.34317146875 0.45331812962962964 0.33724763229166665 0.45331812962962964 0.3371750958333333 0.5566248574074074
3 0.2845778760416667 0.40066134537037035 0.28453757812499997 0.4091134546296296 0.30684868020833334 0.4092930444444445 0.30684868020833334 0.40072120833333336 0.2845778760416667 0.40066134537037035
3 0.30066492031250003 0.40060148240740745 0.30684868020833334 0.40072120833333336 0.306721740625 0.364603762962963 0.30087245625 0.3647234888888889 0.30066492031250003 0.40060148240740745
3 0.306721740625 0.364603762962963 0.30677211354166667 0.37325826666666667 0.32531331875 0.3730530212962963 0.3252266776041666 0.3646379703703704 0.306721740625 0.364603762962963
3 0.37657465260416667 0.36468643055555555 0.3514346161458333 0.36483466388888885 0.351470884375 0.37335803888888885 0.37653838385416666 0.37306157314814814 0.37657465260416667 0.36468643055555555
3 0.42077171041666667 0.36466362592592594 0.42073745729166667 0.3729874574074074 0.45694741093749996 0.3730359175925926 0.45694741093749996 0.36466362592592594 0.42077171041666667 0.36466362592592594
3 0.4507838 0.36461516574074077 0.45694741093749996 0.36466362592592594 0.4568083817708333 0.3444184722222222 0.45095909739583334 0.3443671611111111 0.4507838 0.36461516574074077
3 0.4568083817708333 0.3444184722222222 0.4568607697916667 0.353295325 0.46679830729166666 0.353124287037037 0.4666774130208333 0.3443329537037037 0.4568083817708333 0.3444184722222222
3 0.49883135208333335 0.3255986314814815 0.5049365302083333 0.325513112962963 0.5049566796875 0.22759407037037035 0.4989119484375 0.22770809537037037 0.49883135208333335 0.3255986314814815
3 0.5049566796875 0.22759407037037035 0.5049748135416666 0.23609749166666666 0.6037034052083333 0.23598061574074072 0.6035361677083333 0.22740877962962963 0.5049566796875 0.22759407037037035
3 0.6387829942708334 0.22768529074074073 0.6388313520833333 0.23599771944444445 0.7406971588541666 0.2358950972222222 0.7406246223958333 0.22744583796296297 0.6387829942708334 0.22768529074074073
3 0.7406971588541666 0.2358950972222222 0.7346282489583333 0.23592930462962963 0.7346766067708334 0.34429874537037036 0.7406246223958333 0.34426453796296297 0.7406971588541666 0.2358950972222222
3 0.6296191817708333 0.34431584907407403 0.629647390625 0.3530615731481481 0.7345939953124999 0.3530216648148148 0.7346766067708334 0.34429874537037036 0.6296191817708333 0.34431584907407403
3 0.7406004432291666 0.3530615731481481 0.7406246223958333 0.34426453796296297 0.7346766067708334 0.34429874537037036 0.7345939953124999 0.3530216648148148 0.7406004432291666 0.3530615731481481
3 0.7406246223958333 0.34426453796296297 0.7406004432291666 0.3530615731481481 0.7488696354166666 0.3529389962962963 0.7488112031249999 0.34440136851851855 0.7406246223958333 0.34426453796296297