1 0.7899778359374999 0 0 0.00022234907407407407 0 1 1 1 1 0.7873831240740741 0.9998972395833333 0 0.7899778359374999 0
2 0.41803344739583337 0.5485091222222223 0.44115454374999996 0.5485091222222223 0.44115454374999996 0.5127337518518518 0.41791053802083333 0.5130615731481482 0.41803344739583337 0.5485091222222223
2 0.40715494635416666 0.4110176740740741 0.4302760427083333 0.4110176740740741 0.4302760427083333 0.3752423037037037 0.4070320369791667 0.375570125 0.40715494635416666 0.4110176740740741
2 0.35625025208333333 0.49165906481481486 0.3562562963541666 0.46009122037037037 0.3304251458333333 0.4606328388888889 0.33034454947916664 0.491533637037037 0.35625025208333333 0.49165906481481486
2 0.3011082005208333 0.49287343240740744 0.3011082005208333 0.46077537037037036 0.27660689114583337 0.4606328388888889 0.27680838177083333 0.4928648805555556 0.3011082005208333 0.49287343240740744
2 0.692061253125 0.3551881416666666 0.6920814026041667 0.3249144814814815 0.6682651619791666 0.3245439 0.6685895630208333 0.3555045611111111 0.692061253125 0.3551881416666666
2 0.4408704411458333 0.27699828981481484 0.44077574062499997 0.25027366018518515 0.4185573239583333 0.25039908796296295 0.4187588151041667 0.2769954388888889 0.4408704411458333 0.27699828981481484
4 0.36460205520833333 0.22477765092592591 0.36440459375 0.23177308981481481 0.42471690520833333 0.23177308981481481 0.42471690520833333 0.2245923601851852 0.36460205520833333 0.22477765092592591
3 0.4400302234375 0.42148232592592594 0.43969171874999996 0.3620638537037037 0.48445899635416667 0.3619127703703704 0.4844066088541667 0.45192417314814814 0.43963530104166665 0.4523717222222222 0.43963530104166665 0.4481185861111111 0.43536167656249997 0.4482269101851852 0.43536167656249997 0.45796465185185187 0.5033104979166667 0.4577423037037037 0.5031513197916666 0.4130900796296296 0.52688091875 0.4128677305555556 0.5267862182291666 0.3545781074074074 0.5199959703125 0.3549515388888889 0.5198629859375 0.3611031925925926 0.5225669958333333 0.3611031925925926 0.5226012494791666 0.40734891666666667 0.49898045520833334 0.40704104907407407 0.49899454375 0.41007136944444444 0.49895829114583334 0.40691562129629627 0.4890711265625 0.4068187 0.48885754583333335 0.36120581574074073 0.4913358854166667 0.36120581574074073 0.4913358854166667 0.3551624861111111 0.4397219421875 0.35515108333333334 0.43992343333333334 0.2770923601851852 0.4357505541666667 0.27701824444444445 0.4357505541666667 0.28012542777777777 0.42470884531249997 0.28004561018518515 0.42465444270833336 0.28579817592592593 0.4351440661458333 0.28602907685185186 0.43495869427083333 0.4041049027777778 0.4303042515625 0.4040507407407407 0.43022768489583335 0.4104190425925926 0.4352629458333333 0.4102565564814815 0.4353012291666667 0.42153648796296295 0.4400302234375 0.42148232592592594
3 0.407118678125 0.4103563287037037 0.407118678125 0.4041077537037037 0.3916280473958333 0.40429589537037036 0.3915615557291667 0.41100912222222225 0.3996030625 0.4107297601851852 0.39967761458333334 0.4441562148148148 0.3558351802083333 0.44439566666666663 0.3556377192708334 0.45166761666666666 0.40421720729166666 0.45157639722222226 0.40401974635416665 0.4103563287037037 0.407118678125 0.4103563287037037
3 0.35603868645833336 0.4041049027777778 0.35596211979166664 0.410795325 0.365841225 0.410741162962963 0.36584726979166665 0.4041049027777778 0.35603868645833336 0.4041049027777778
3 0.35587144895833334 0.5135661342592592 0.35587144895833334 0.5200427592592592 0.41793270208333333 0.5199885972222222 0.41793270208333333 0.5135661342592592 0.35587144895833334 0.5135661342592592
3 0.4641910135416667 0.6627052453703703 0.4492484385416667 0.662782212037037 0.4491940359375 0.5138084379629629 0.4412290953125 0.5137286203703704 0.4412290953125 0.5197919046296297 0.445075559375 0.5198688712962963 0.44479951666666667 0.662782212037037 0.43062865208333334 0.6627052453703703 0.43062865208333334 0.6686887111111111 0.46435422135416665 0.6686117444444445 0.4641910135416667 0.6627052453703703
3 0.35585935937499996 0.6627850629629629 0.35585935937499996 0.6686659064814815 0.3697823895833333 0.6687200685185185 0.3697058229166667 0.6629475481481482 0.35585935937499996 0.6627850629629629
3 0.31625226666666667 0.7773346638888888 0.28137215416666667 0.7254076398148148 0.28117469270833334 0.518745724074074 0.2925649807291667 0.5186373999999999 0.2897944791666667 0.5495239453703704 0.281329840625 0.5494099203703704 0.281329840625 0.5548945268518518 0.2935140036458333 0.5550057009259259 0.29739069114583333 0.5131556444444444 0.2815716302083333 0.5131556444444444 0.28183356822916666 0.49287343240740744 0.2772536770833333 0.49283637407407405 0.2771831552083333 0.7276795898148148 0.31617569999999995 0.7855957814814815 0.3551299614583333 0.7312314712962963 0.369435825 0.7315535916666667 0.369320975 0.7253477768518518 0.35585532968750005 0.7252394527777778 0.35579488229166667 0.49167616851851853 0.35168245000000004 0.4915621435185185 0.35165143072916666 0.5127994 0.3359399557291667 0.512842075 0.33954463020833336 0.5550057009259259 0.3518839411458333 0.5547434435185186 0.3519605078125 0.7266106046296297 0.31625226666666667 0.7773346638888888
3 0.43027402760416666 0.7250798175925925 0.4303364901041667 0.7312428731481482 0.46438243020833336 0.7310604333333333 0.464255490625 0.7252594074074075 0.43027402760416666 0.7250798175925925
3 0.5702256697916667 0.7249144814814815 0.5702921619791667 0.7311630555555556 0.6099073140625 0.7312571268518518 0.609709853125 0.7251026222222222 0.5702256697916667 0.7249144814814815
3 0.5702035057291667 0.6624344351851852 0.5702035057291667 0.6691334092592592 0.6100664921875 0.6689994296296295 0.6098750755208333 0.6620296462962963 0.5889905296875 0.6618928166666667 0.5887688895833333 0.5084464083333333 0.5909611119791667 0.5084464083333333 0.5909611119791667 0.5027366018518518 0.5842534755208334 0.502782212037037 0.5842232520833334 0.6624344351851852 0.5702035057291667 0.6624344351851852
3 0.6301430588541667 0.5027194981481481 0.6297864192708332 0.42232611203703707 0.6258130161458334 0.42221208703703705 0.6257062260416667 0.4436516537037037 0.6095264958333334 0.44351767407407405 0.6096695546875 0.36515678425925924 0.6260165223958333 0.36515678425925924 0.6259097317708334 0.38862884814814813 0.6300664921875 0.3885746861111111 0.6300322385416667 0.36518243981481485 0.6339230302083333 0.36507411666666667 0.6339995968750001 0.35924743425925926 0.6096977635416666 0.3595267962962963 0.6097985088541668 0.3163112888888889 0.6208382026041667 0.3161545037037037 0.6208966348958334 0.3102480046296296 0.60969171875 0.31040763981481484 0.6096836588541666 0.2582611175925926 0.605577271875 0.2582611175925926 0.6056095104166667 0.2887400231481482 0.5974471088541667 0.2888483462962963 0.5974853916666666 0.29445838055555557 0.60541809375 0.29445838055555557 0.605577271875 0.4493671611111111 0.6259057020833333 0.4492559861111111 0.6259661494791666 0.502442987037037 0.6142494458333334 0.5024030787037037 0.614281684375 0.5084749148148149 0.6412693937499999 0.5086545037037037 0.6412693937499999 0.5026282777777777 0.6301430588541667 0.5027194981481481
3 0.6701208947916667 0.3554418472222222 0.6700745515625001 0.35945838055555557 0.6632097520833333 0.35945838055555557 0.6632540802083333 0.3652850629629629 0.71845859375 0.36541619166666667 0.7185049364583332 0.35952109444444447 0.6738283296875001 0.35945838055555557 0.6738283296875001 0.3554418472222222 0.6701208947916667 0.3554418472222222
3 0.6733145276041667 0.2581043333333333 0.6696715697916668 0.2581043333333333 0.6697763447916666 0.3103221212962963 0.6579830750000001 0.3100456101851852 0.6579508359375 0.31616305555555557 0.6698710458333333 0.3164367157407407 0.66974410625 0.3246636259259259 0.6737175093750001 0.3246636259259259 0.6738988515625 0.2779646518518518 0.6806064880208333 0.27778506296296296 0.6806064880208333 0.2580416194444445 0.6763147291666667 0.2580416194444445 0.6764033848958333 0.2719099203703704 0.6732923635416667 0.2719099203703704 0.6733145276041667 0.2581043333333333
3 0.7172516625 0.27181014814814813 0.7141204916666666 0.2718871148148148 0.7142836994791666 0.2581328388888889 0.710493653125 0.2579789055555555 0.7102740276041666 0.27810433333333334 0.7184041911458333 0.27779361481481485 0.7172516625 0.27181014814814813
3 0.7020572234375 0.5027793611111111 0.7020572234375 0.5089965796296296 0.7184807578125 0.5092303305555556 0.7184807578125 0.5026254277777777 0.7020572234375 0.5027793611111111
3 0.6996373161458334 0.661704675 0.6998670161458332 0.6689908777777778 0.7185956072916666 0.6689367157407408 0.7185573239583333 0.661596350925926 0.6996373161458334 0.661704675
3 0.7172113640625 0.27187286203703703 0.7184747130208333 0.2783238314814815 0.71856336875 0.7250912203703704 0.7001188796875 0.7251539342592592 0.7000241791666666 0.731308437962963 0.7226395322916667 0.7311773092592593 0.7224299817708334 0.25236602037037037 0.7105661895833334 0.2527565564814815 0.7105661895833334 0.25796180185185186 0.7174309890625 0.25796180185185186 0.7172113640625 0.27187286203703703
3 0.6585170260416666 0.25268814166666664 0.6587467255208334 0.2582468638888889 0.6811746927083333 0.2580330675925926 0.6811746927083333 0.2525285064814815 0.6585170260416666 0.25268814166666664
3 0.6055248843750001 0.2582098064814815 0.6206850692708333 0.2582098064814815 0.6206286520833333 0.25253705833333334 0.6094237354166666 0.25261687592592597 0.6094237354166666 0.2350513111111111 0.5980535968749999 0.2351311287037037 0.5981624015624999 0.24173603148148146 0.6054684666666666 0.2416590648148148 0.6055248843750001 0.2582098064814815
3 0.5372456177083333 0.2885176740740741 0.5273584526041667 0.2884407074074074 0.5275780776041666 0.24103762870370374 0.5226355026041667 0.24103762870370374 0.522855128125 0.29504561018518516 0.5371912151041667 0.2948916759259259 0.5372456177083333 0.2885176740740741
3 0.5226818458333333 0.24101482314814818 0.5373806166666667 0.2408295324074074 0.5371831552083334 0.2349543898148148 0.5274934515624999 0.23513968055555554 0.5275639734375 0.21470923611111112 0.5033024380208333 0.21452964629629628 0.5033024380208333 0.22152508518518518 0.5226153536458333 0.22161630555555556 0.5226818458333333 0.24101482314814818
3 0.4404191015625 0.23090079814814815 0.4356639130208333 0.23084378518518517 0.43576465833333333 0.25039908796296295 0.440237759375 0.25028506296296293 0.4404191015625 0.23090079814814815
3 0.44066895 0.22104903055555555 0.4627503526041667 0.2208637398148148 0.4627503526041667 0.21480045648148147 0.4353959296875 0.21480045648148147 0.4355289140625 0.22505986296296296 0.4247833973958333 0.22515108333333334 0.4247833973958333 0.2307468638888889 0.44066895 0.23093500555555554 0.44066895 0.22104903055555555
3 0.33499899270833333 0.2856898518518518 0.33062663697916667 0.2856898518518518 0.33052387656250004 0.3104789055555556 0.3349103364583333 0.3105245157407407 0.33499899270833333 0.2856898518518518
3 0.3028249041666667 0.28556442407407406 0.2982490427083333 0.28556442407407406 0.29810598437499997 0.3101482324074074 0.3026395322916667 0.3101767388888889 0.3028249041666667 0.28556442407407406
3 0.28178722552083335 0.46065849444444446 0.28170662916666667 0.4511459518518518 0.2935724359375 0.4510347777777778 0.29697360468749995 0.41768529074074073 0.28131604479166666 0.4177981518518519 0.28170864375 0.28586088981481483 0.31508764843750003 0.2855245157407407 0.31508764843750003 0.27959521111111113 0.277515615625 0.2800427592592593 0.2773564375 0.46065849444444446 0.28178722552083335 0.46065849444444446
3 0.3557042109375 0.46003135648148147 0.35674793489583334 0.28610889351851854 0.3644388473958333 0.28610889351851854 0.364273625 0.2799714935185185 0.31939552708333335 0.2799714935185185 0.3195607494791667 0.23062428703703702 0.3642192223958334 0.2319441277777778 0.3648780979166667 0.22471778796296296 0.31500100729166663 0.22463797037037037 0.31511182760416667 0.2856442416666667 0.35152931718749997 0.2856442416666667 0.3516623010416666 0.3104903074074074 0.2816643161458333 0.31023375185185187 0.2816643161458333 0.31602052407407405 0.3516623010416666 0.3163626 0.351558140625 0.41775239722222224 0.335655853125 0.4175997722222222 0.33988514999999997 0.4510148231481481 0.3517489421875 0.45140535925925923 0.3515837192708334 0.46003135648148147 0.3557042109375 0.46003135648148147
2 0.391497078125 0.41083238333333333 0.391638121875 0.4034207527777778 0.36581301614583334 0.40377423055555556 0.36586741875 0.4104903074074074 0.391497078125 0.41083238333333333
4 0.6096856739583333 0.7239025083333334 0.6098226880208333 0.7320239453703704 0.6999798510416666 0.7316419611111111 0.7001813421875 0.724030787037037 0.6096856739583333 0.7239025083333334
4 0.6096856739583333 0.661251425 0.6098226880208333 0.669372862037037 0.6997783598958333 0.6698403648148148 0.6995970177083334 0.6613740018518518 0.6096856739583333 0.661251425
4 0.4642353416666667 0.7233466361111112 0.464370340625 0.7314680731481481 0.5702760427083333 0.7313711518518519 0.5702760427083333 0.7234749148148147 0.4642353416666667 0.7233466361111112
4 0.46413862604166667 0.6608751425925925 0.46427563958333334 0.6689965796296297 0.5701793270833334 0.6688996583333334 0.5701793270833334 0.6610034203703704 0.46413862604166667 0.6608751425925925
4 0.36927060260416666 0.723805587037037 0.36940761614583334 0.7319270240740741 0.4302297 0.7321208666666666 0.4302337296875 0.7242018240740741 0.36927060260416666 0.723805587037037
4 0.36963731614583334 0.6612257694444444 0.3697723151041667 0.6693472064814815 0.4305964135416666 0.6695410490740741 0.43060044322916663 0.6616220064814815 0.36963731614583334 0.6612257694444444
4 0.6411323796875 0.5007753703703703 0.6412693937499999 0.5088968074074074 0.7020914770833334 0.50909065 0.7020955067708333 0.5011687574074074 0.6411323796875 0.5007753703703703
4 0.6340439250000001 0.35882269074074075 0.6339633286458334 0.3658067277777778 0.6632883338541667 0.365849487037037 0.6632480354166667 0.35897947592592594 0.6340439250000001 0.35882269074074075
4 0.6811525286458333 0.2518215509259259 0.6810719322916667 0.25880558703703704 0.710598428125 0.2587229194444444 0.71053798125 0.25171037592592593 0.6811525286458333 0.2518215509259259
4 0.6209550677083333 0.30963511944444444 0.6208744708333334 0.3166191564814815 0.6579891192708334 0.3165336370370371 0.6579286723958333 0.30926453796296294 0.6209550677083333 0.30963511944444444
4 0.6206447713541666 0.25184150555555557 0.6206447713541666 0.2586687574074074 0.6586137416666666 0.2584378564814815 0.6584545635416668 0.25173033055555555 0.6206447713541666 0.25184150555555557
4 0.5371730807291667 0.28851197222222225 0.5372556921875 0.2957810722222222 0.5974410640625 0.2955530212962963 0.59744509375 0.28862599814814816 0.5371730807291667 0.28851197222222225
4 0.5371750958333333 0.23514823240740743 0.537322184375 0.24250570092592594 0.5981462822916667 0.24211801574074074 0.5981462822916667 0.23515678425925926 0.5371750958333333 0.23514823240740743
4 0.46268587552083335 0.21424173333333332 0.46276445677083333 0.22140250833333333 0.5032621395833333 0.22140250833333333 0.5033427364583333 0.21413055833333333 0.46268587552083335 0.21424173333333332
4 0.3644388473958333 0.2793500574074074 0.3644388473958333 0.2861887111111111 0.42469675625000003 0.2862656787037037 0.42469675625000003 0.2792702398148148 0.3644388473958333 0.2793500574074074
2 0.49131976614583334 0.3547947546296296 0.49131976614583334 0.3615108324074074 0.5199516421875 0.3617331814814815 0.5198730604166667 0.3547947546296296 0.49131976614583334 0.3547947546296296
2 0.6301873864583333 0.38869156203703703 0.6258472697916667 0.38869156203703703 0.6256276447916667 0.42218358055555555 0.6300221640625 0.4223403648148148 0.6301873864583333 0.38869156203703703
2 0.4568245015625 0.4481043333333333 0.4567298005208333 0.4213825537037037 0.4345133989583333 0.4215051314814815 0.4347148901041667 0.4481014824074074 0.4568245015625 0.4481043333333333
2 0.5911202901041667 0.5381214370370371 0.6142413864583334 0.5381214370370371 0.6142413864583334 0.5023460657407408 0.5909973807291667 0.502673887962963 0.5911202901041667 0.5381214370370371