1 0 0 0 1 1 1 1 0 0 0
3 0.5131090067708334 0.330171037962963 0.5131493046875 0.3357297601851852 0.5532943786458334 0.33574686388888886 0.5532742291666667 0.3301596351851852 0.5131090067708334 0.330171037962963
3 0.569171871875 0.46399657962962965 0.5693733630208333 0.33720068425925925 0.5653435421875 0.3372291907407407 0.5652226473958333 0.46949828981481484 0.5705218619791667 0.46949828981481484 0.5705017125 0.46399657962962965 0.569171871875 0.46399657962962965
3 0.6318960307291667 0.5166191564814814 0.6318758817708333 0.5222919046296296 0.662484384375 0.5222862027777778 0.6624642354166668 0.5168700111111111 0.6424158776041666 0.516641961111111 0.6425952046875001 0.46981185833333333 0.6543139229166666 0.4696750287037037 0.6541688494791666 0.4384350055555556 0.6637517630208334 0.43822691018518517 0.6637114645833333 0.43252565555555555 0.6542514609375 0.4328534777777778 0.6541809390625001 0.3356698972222222 0.7274027807291666 0.33560433333333334 0.7274229296875 0.3301596351851852 0.6541748942708333 0.33021949814814816 0.6541466854166667 0.2812314712962963 0.6504996979166666 0.2812314712962963 0.6502317145833333 0.33024515370370366 0.6281684463541667 0.3303021666666667 0.62822889375 0.33554732037037033 0.6502538786458333 0.33558722962962967 0.6502720130208334 0.4638255416666667 0.5912855130208333 0.4639737740740741 0.5912673786458333 0.4695895092592593 0.6383034453125 0.4697548462962963 0.6384243401041666 0.516533637037037 0.6318960307291667 0.5166191564814814
3 0.6060850291666667 0.6824116305555555 0.6059842838541667 0.7108038768518519 0.6251863791666668 0.7106984037037036 0.625206528125 0.7051881416666667 0.6099939552083333 0.7051311287037036 0.6098911947916666 0.5223033064814815 0.6110417088541666 0.5222919046296296 0.61103969375 0.5166904222222223 0.6060467458333334 0.5166533638888889 0.605964134375 0.676710375925926 0.5922828932291666 0.676824400925926 0.5922788635416667 0.6823745722222222 0.6060850291666667 0.6824116305555555
3 0.6843038484375 0.43278221203703704 0.6843239973958333 0.4383409351851852 0.7274027807291666 0.43831242870370374 0.7274229296875 0.4326396805555556 0.6843038484375 0.43278221203703704
3 0.7139230302083334 0.7051026222222223 0.7139431796875001 0.7109179018518519 0.727463228125 0.7108038768518519 0.727463228125 0.7049885972222223 0.7139230302083334 0.7051026222222223
3 0.3262542817708333 0.49124857499999997 0.326334878125 0.5233181296296296 0.3328833364583333 0.5233751425925925 0.3328833364583333 0.5178164194444445 0.3305863390625 0.5178164194444445 0.33056618958333334 0.4668472064814815 0.33769897239583335 0.466704675 0.3376788234375 0.46094640833333334 0.303586540625 0.4608893953703703 0.303586540625 0.4667331814814815 0.32639532552083333 0.46676168796296297 0.32647592187499996 0.48529076388888887 0.30310296197916664 0.4854332953703704 0.303022365625 0.4669042185185185 0.29867015937499997 0.4669042185185185 0.298811203125 0.4913340935185185 0.3262542817708333 0.49124857499999997
3 0.349788434375 0.6544469787037037 0.3498287328125 0.6598346638888889 0.3666935322916667 0.6599201824074074 0.3666935322916667 0.6543329537037037 0.3593794078125 0.6543044472222223 0.3595406005208333 0.5235176740740741 0.4289542614583333 0.5233181296296296 0.4289744104166667 0.5174743444444445 0.35376385260416665 0.5176567842592593 0.35374370364583335 0.523187000925926 0.35551682447916666 0.5232155074074074 0.3554664515625 0.6544469787037037 0.349788434375 0.6544469787037037
3 0.2696957484375 0.6542759407407408 0.26970380833333335 0.6599828962962963 0.2752166026041667 0.6599771953703704 0.27524481145833335 0.6543956666666666 0.2696957484375 0.6542759407407408
2 0.3377594197916666 0.466704675 0.35835180312500003 0.4667331814814815 0.3583558333333333 0.42734321574074075 0.337682853125 0.42745724074074076 0.3377594197916666 0.466704675
4 0.6252710052083333 0.7039025083333333 0.6252851098958333 0.7121864305555555 0.7138827322916667 0.7118871148148148 0.7138625833333333 0.7039053592592593 0.6252710052083333 0.7039025083333333
4 0.46587346354166664 0.6754361462962963 0.46588756822916666 0.6837229194444444 0.5922224463541668 0.6838369444444444 0.5922022968749999 0.6755986314814815 0.46587346354166664 0.6754361462962963
4 0.27533548281250003 0.6531984037037037 0.27529719947916664 0.6613169898148148 0.34976828541666666 0.6613169898148148 0.34970783802083333 0.6530786768518518 0.27533548281250003 0.6531984037037037
4 0.48659681666666665 0.7481043333333334 0.4865726375 0.7566505129629629 0.7017932703124999 0.7566419611111111 0.7017731213541667 0.7480615731481483 0.48659681666666665 0.7481043333333334
4 0.36680838177083336 0.6531556444444444 0.36676808385416665 0.6612742305555556 0.44186983697916665 0.6612884833333333 0.44184968750000003 0.6529931583333334 0.36680838177083336 0.6531556444444444
2 0.42900261927083333 0.5556984037037037 0.44985694114583336 0.5557269101851852 0.4497078380208333 0.5173318129629629 0.42907515625 0.5172177879629629 0.42900261927083333 0.5556984037037037
2 0.3329034859375 0.5557582666666667 0.35375780781250005 0.5557867731481482 0.3536570625 0.5177023944444444 0.33298408229166665 0.5178164194444445 0.3329034859375 0.5557582666666667
4 0.28650010052083336 0.7110319268518519 0.286475921875 0.7195752564814815 0.4283094901041667 0.7196408212962963 0.42828934114583334 0.7112314712962963 0.28650010052083336 0.7110319268518519
2 0.38192625416666665 0.3637827824074074 0.402740278125 0.36369726296296295 0.40267378593750003 0.32420182407407405 0.38200080572916667 0.32431584907407407 0.38192625416666665 0.3637827824074074
2 0.5705621598958334 0.4695267962962963 0.59115454375 0.4696693268518518 0.5912129760416666 0.4309977194444444 0.5705399958333334 0.43111174444444444 0.5705621598958334 0.4695267962962963
2 0.6637920614583332 0.4385974916666667 0.6842434010416666 0.4384549601851852 0.6843622807291666 0.39978620277777777 0.6636893010416667 0.3999002277777778 0.6637920614583332 0.4385974916666667
2 0.611047753125 0.5552537055555555 0.6318617770833334 0.5551681870370371 0.6317952848958334 0.5165051314814815 0.6111223052083333 0.5167046750000001 0.611047753125 0.5552537055555555
4 0.45167640520833335 0.32886545 0.4516421520833333 0.33720068425925925 0.5130364697916667 0.3371721777777778 0.5130163208333334 0.3288768527777778 0.45167640520833335 0.32886545
4 0.5533084828125 0.32882839259259256 0.5533346765625 0.3371721777777778 0.6281482973958333 0.33700113981481483 0.6280677010416666 0.32910490277777776 0.5533084828125 0.32882839259259256
3 0.26961112239583335 0.7112998861111112 0.26972395729166665 0.4668472064814815 0.3035482572916666 0.4668472064814815 0.303586540625 0.36432440092592594 0.38176506145833333 0.36316134537037037 0.38172879322916664 0.35439281666666667 0.2975377796875 0.3547092361111111 0.29761233125 0.45802736574074077 0.26367519635416664 0.45807867685185183 0.26367519635416664 0.7194355759259259 0.286413459375 0.7195410490740741 0.2863751765625 0.7113540481481482 0.26961112239583335 0.7112998861111112
3 0.5018275234374999 0.24904218888888888 0.5017630463541667 0.281080387962963 0.7274410640625 0.2812029648148148 0.727523675 0.7479190425925926 0.7018819260416667 0.7480672749999999 0.7019181947916666 0.756644812037037 0.7335341526041667 0.756644812037037 0.7335482572916666 0.27247719537037035 0.5077997177083333 0.2725655648148148 0.5077433005208333 0.240342075 0.41991537395833334 0.24042474351851853 0.4190953052083334 0.35472633981481483 0.40288736666666664 0.3545781074074074 0.40288736666666664 0.3631584944444445 0.42517025989583335 0.36295325 0.42569413645833337 0.24899942962962962 0.5018275234374999 0.24904218888888888
3 0.4865041307291667 0.756587799074074 0.4865242796875 0.7482924740740741 0.45468869635416664 0.7484350055555555 0.45464638333333335 0.7110661342592592 0.4284082208333333 0.7112457240740742 0.4283860567708333 0.7195695555555556 0.44867821874999997 0.7195410490740741 0.4486842635416667 0.7565022805555556 0.4865041307291667 0.756587799074074
3 0.36349788437499997 0.4664937287037037 0.363445496875 0.36353192685185187 0.3597420916666667 0.3636060435185185 0.35970783802083334 0.46108038796296297 0.35842031041666667 0.46108038796296297 0.35847672760416666 0.46655359166666666 0.36349788437499997 0.4664937287037037
3 0.4211646182291667 0.36311573518518514 0.42114043906250004 0.4627736601851852 0.42525085625 0.4627736601851852 0.425075559375 0.3631128851851852 0.4211646182291667 0.36311573518518514
3 0.6971771104166666 0.5167559861111111 0.6972254682291666 0.5223660203703704 0.7274189 0.5222633981481482 0.7273987505208334 0.5168472064814814 0.6971771104166666 0.5167559861111111
3 0.4419685671875 0.6544156212962963 0.4419685671875 0.6599173314814816 0.4508140239583333 0.6598603194444445 0.4508140239583333 0.6823631694444444 0.46580495677083333 0.6824486888888889 0.46578682239583336 0.6766818703703704 0.45482571041666664 0.676710375925926 0.4546826515625 0.5174372861111111 0.449840821875 0.517451538888889 0.449840821875 0.5232098064814815 0.4507676807291666 0.5232098064814815 0.4506649203125 0.6544099203703704 0.4419685671875 0.6544156212962963
3 0.4253677213541666 0.3301596351851852 0.4253677213541666 0.3358893953703703 0.4515897640625 0.3358893953703703 0.4516220026041667 0.33018814166666666 0.4253677213541666 0.3301596351851852