3 0.2725589359375 0.25908805925925926 0.27263751770833333 0.2560359074074074 0.23567600260416668 0.2564719296296296 0.23536772135416667 0.30297805648148146 0.23721539375 0.30297805648148146 0.23721539375 0.258652037962963 0.2725589359375 0.25908805925925926
3 0.18688897864583334 0.3066001712962963 0.18684263541666668 0.3091279564814815 0.19736248229166667 0.3091194074074074 0.19741084010416668 0.30666286666666664 0.18688897864583334 0.3066001712962963
3 0.22315333489583333 0.3066457675925926 0.223260125 0.3092163009259259 0.25133387083333336 0.30914220555555555 0.25133387083333336 0.30634368796296296 0.22315333489583333 0.3066457675925926
3 0.2771609911458333 0.30679965833333334 0.27721539375 0.3090681101851852 0.29769494270833335 0.3090681101851852 0.2978017328125 0.30649472777777775 0.2771609911458333 0.30679965833333334
3 0.34765262968750005 0.3064690796296296 0.34765262968750005 0.3090994583333333 0.36036872864583336 0.30923055 0.3603385046875 0.3065175259259259 0.34765262968750005 0.3064690796296296
3 0.39093894843750004 0.30655457407407405 0.39096917187499997 0.30922485 0.39474712864583333 0.3091821027777778 0.39481765052083334 0.306540325 0.39093894843750004 0.30655457407407405
3 0.3992464234375 0.25855229444444444 0.3974491234375 0.2584554 0.39738666145833335 0.3062895407407408 0.3991819463541667 0.30638073518518516 0.3992464234375 0.25855229444444444
3 0.386810396875 0.15715018518518517 0.38693935104166666 0.1280165287037037 0.3850775739583333 0.12792533518518517 0.3850775739583333 0.15996295277777778 0.3952810802083333 0.1600512962962963 0.3953455572916667 0.1569677972222222 0.386810396875 0.15715018518518517
3 0.5689623213541667 0.2934853231481482 0.5692141848958333 0.3404417212962963 0.5727563973958334 0.34065830740740743 0.5726012494791667 0.2935024222222222 0.5689623213541667 0.2934853231481482
3 0.5801047755208334 0.23435736666666665 0.5801571630208334 0.2720974638888889 0.5837396734375001 0.2720233685185185 0.5836872859375001 0.23420632685185186 0.5801047755208334 0.23435736666666665
3 0.5418335682291667 0.26852664537037035 0.5418577473958333 0.2717469361111111 0.5802297000000001 0.27165859259259256 0.5801994760416667 0.2687289824074074 0.5418335682291667 0.26852664537037035
3 0.5652105583333333 0.23619549722222222 0.5655188395833334 0.24305500185185183 0.5801470885416666 0.24316329444444443 0.5801470885416666 0.2404417212962963 0.5671347973958334 0.24011684259259258 0.5669816640625 0.23445141111111112 0.5438807171875 0.2339070962962963 0.5438807171875 0.21049016851851854 0.5488857546875 0.21038472500000002 0.5488091880208333 0.23216585925925926 0.5680515817708333 0.2324793388888889 0.5681200885416666 0.23149045277777777 0.5999073140625 0.23158734722222224 0.5998065687499999 0.22909375925925926 0.56603465625 0.22877742962962963 0.56603465625 0.2296608722222222 0.5504795484374999 0.2296608722222222 0.5504815635416667 0.20832430925925927 0.5418537177083333 0.20815616944444443 0.5418778963541667 0.2524223425925926 0.5441889984375 0.2525306351851852 0.5441889984375 0.23641208333333333 0.5652105583333333 0.23619549722222222
3 0.5159278661458333 0.26914505555555557 0.5160024177083333 0.27187802777777775 0.5264376385416667 0.27187802777777775 0.5264376385416667 0.26914505555555557 0.5159278661458333 0.26914505555555557
3 0.5355732421875 0.24641493333333334 0.535577271875 0.24893701944444446 0.5417650614583334 0.24893701944444446 0.5417247630208333 0.2464804787037037 0.5355732421875 0.24641493333333334
3 0.5159036875 0.24648902777777776 0.5159036875 0.24893986851851851 0.5239875078125 0.24893986851851851 0.5240519848958333 0.24639783425925926 0.5159036875 0.24648902777777776
3 0.5618315536458333 0.20377885462962964 0.5618315536458333 0.20545454537037036 0.5641527302083333 0.20542319722222224 0.5641728791666666 0.2037845537037037 0.5618315536458333 0.20377885462962964
3 0.5641547453125 0.18485323425925926 0.5642010880208334 0.20546879444444444 0.5618819260416666 0.20552294074074073 0.5618375984374999 0.20823311481481482 0.5663389078125001 0.2083613564814815 0.5664275640625 0.18466229722222222 0.5641547453125 0.18485323425925926
3 0.5440459401041667 0.18474494166666666 0.5420672979166666 0.18482188703703706 0.5419061052083334 0.20221430648148148 0.516026596875 0.2023681962962963 0.5159721942708333 0.20463664907407406 0.5440459401041667 0.20448275833333332 0.5440459401041667 0.18474494166666666
3 0.6002579083333334 0.18957537777777778 0.6001289541666667 0.18422057592592594 0.5906971588541666 0.18422057592592594 0.5907616359375001 0.17986605833333336 0.5615011083333333 0.17959247685185187 0.5613721541666667 0.18458250185185185 0.5871690510416666 0.18458250185185185 0.5872980052083334 0.1896665712962963 0.6002579083333334 0.18957537777777778
3 0.6581603869791667 0.21155029907407408 0.6581603869791667 0.20612425185185185 0.6566653234375 0.20613565092592595 0.6566653234375 0.18457110277777777 0.6164698770833333 0.18435451666666666 0.6164698770833333 0.18947278425925926 0.6530465442708333 0.18958107685185185 0.653268184375 0.2113650611111111 0.6581603869791667 0.21155029907407408
3 0.6759077171875 0.05272727314814815 0.6756618979166666 0.21153605 0.6809893208333333 0.21149330277777778 0.68103969375 0.20707608981481482 0.7074471088541666 0.20733257314814815 0.7075256901041667 0.2172556287037037 0.7089723958333334 0.2173639212962963 0.7089482166666666 0.23809917314814816 0.7135925848958333 0.23802507870370374 0.7134616161458334 0.23375320648148148 0.7154241385416668 0.23397264166666665 0.7154241385416668 0.23083784537037036 0.7126919203125 0.23083784537037036 0.7125226677083333 0.20231405000000002 0.6807979046875 0.20205186666666666 0.6808825307291666 0.1174180675925926 0.7179427765625 0.1174180675925926 0.7178883739583333 0.09631233981481481 0.7143018333333334 0.09623539444444444 0.7144630265625 0.11015388981481482 0.6809369333333334 0.11007694537037037 0.6808825307291666 0.05978341388888889 0.7144247432291666 0.05978056388888888 0.7144086239583333 0.07392134537037037 0.7178742697916667 0.0739640925925926 0.7179709854166667 0.05980906203703704 0.7224944588541666 0.05991450555555556 0.7224158776041667 0.05239954444444444 0.6759077171875 0.05272727314814815
3 0.7397038083333333 0.05978056388888888 0.7440338505208334 0.059948703703703705 0.7439834776041666 0.07907096018518518 0.7490852307291667 0.07914220555555555 0.7491960505208334 0.01007409537037037 0.7593995567708334 0.010131091666666668 0.7593975416666667 0.0031689944444444444 0.7440237760416667 0.0031433453703703703 0.7438222848958334 0.052704474074074074 0.739814628125 0.052846964814814816 0.7397038083333333 0.05978056388888888
3 0.7570824098958333 0.10895126851851852 0.7920632682291667 0.10907666018518518 0.7922425953125 0.0031917925925925928 0.7766451744791667 0.003696210185185185 0.7768224864583334 0.010376175925925926 0.7869836791666667 0.01 0.7868950229166667 0.1021430611111111 0.7439814630208333 0.10189227685185186 0.7439814630208333 0.10901396388888888 0.7528047552083332 0.10913935555555555 0.7528611729166667 0.1389028212962963 0.7551118276041666 0.13905956111111112 0.7551420510416667 0.13637503518518518 0.7572516625 0.13637503518518518 0.7570824098958333 0.10895126851851852
3 0.7456054807291667 0.27392704444444443 0.7459399557291667 0.23114277592592591 0.7438222848958334 0.23105158148148147 0.7437578078125 0.19656597314814814 0.7571045739583333 0.19611000277777776 0.7571045739583333 0.16452835555555556 0.755180334375 0.16425477314814813 0.7548599635416667 0.16171273888888887 0.7528692322916667 0.16162439444444446 0.7528047552083332 0.18984896018518518 0.7396514203125 0.19048446851851852 0.7396635098958334 0.23076090092592594 0.7313802135416666 0.23091479074074076 0.7313802135416666 0.23381020277777778 0.7332016927083332 0.23381020277777778 0.7333507958333333 0.23784838981481482 0.7418517026041667 0.23805927592592593 0.7418456578125 0.27805642592592594 0.7444126536458333 0.27814477037037033 0.7443602661458333 0.37188942685185183 0.7329659479166666 0.37185807962962963 0.7329659479166666 0.3765887712962963 0.7487044125 0.37679965833333334 0.7484545635416667 0.27392704444444443 0.7456054807291667 0.27392704444444443
3 0.6778299416666667 0.3717782842592593 0.6777856135416667 0.37701054444444443 0.7066169656250001 0.3768224564814815 0.7066612937500001 0.3717782842592593 0.6778299416666667 0.3717782842592593
3 0.6320108807291667 0.3718466796296296 0.6319766270833332 0.3769991453703704 0.6517287932291667 0.37678255925925924 0.6516542411458333 0.3719521231481482 0.6320108807291667 0.3718466796296296
3 0.5821217005208333 0.37695354814814813 0.5822103567708333 0.37172413796296294 0.5682188192708334 0.371721287962963 0.5682188192708334 0.3823112 0.5718295385416667 0.38249928796296295 0.5718738666666667 0.37701624351851853 0.5821217005208333 0.37695354814814813
3 0.5309711869791667 0.3774038185185185 0.5310014104166666 0.38243659166666666 0.5422063265625 0.38243944166666666 0.5421458796874999 0.37739811944444446 0.5309711869791667 0.3774038185185185
3 0.5121861776041666 0.17650612685185185 0.5123755791666667 0.27874038148148145 0.5089925447916667 0.27874038148148145 0.5089723958333333 0.3825676833333333 0.5180858354166666 0.3825334851851852 0.5180858354166666 0.37726987777777776 0.5134656458333333 0.37726987777777776 0.5133104979166666 0.2841379314814815 0.5158915979166667 0.28409803333333333 0.5159661494791666 0.18069250462962963 0.5421458796874999 0.18078084907407407 0.5421055812500001 0.18464519814814814 0.5470884546875 0.18468509537037037 0.547066290625 0.17984326018518518 0.545770703125 0.17980051296296296 0.5457122708333333 0.1764206324074074 0.5121861776041666 0.17650612685185185
2 0.7464033848958334 0.0792277 0.7465041307291667 0.10185522962962963 0.764422728125 0.10176973518518519 0.7642595203125 0.07907381018518518 0.7464033848958334 0.0792277
2 0.710334475 0.12492732962962963 0.7102881322916667 0.13803647777777778 0.7162159984375 0.1379110861111111 0.7163046546875 0.12467654629629629 0.710334475 0.12492732962962963
2 0.5414003624999999 0.2524736388888889 0.5414527505208333 0.26842975185185186 0.5547672776041667 0.26865773703703705 0.5545536973958334 0.2542861212962963 0.5414003624999999 0.2524736388888889
2 0.7155692119791667 0.2336392138888889 0.7313056619791667 0.23367626111111112 0.7309671567708332 0.20997435185185184 0.7154684666666667 0.2097178685185185 0.7155692119791667 0.2336392138888889
2 0.6829175901041666 0.27230550000000003 0.6944670562499999 0.2724052435185185 0.6942272817708334 0.2532430888888889 0.6832117671875 0.2529410092592593 0.6829175901041666 0.27230550000000003
2 0.6933326614583333 0.29652892592592595 0.6931029619791667 0.31787688796296293 0.7057304052083333 0.31733257314814817 0.7065766671875 0.2964206324074074 0.6933326614583333 0.29652892592592595
2 0.6426737859375 0.2965517240740741 0.6425972192708334 0.3181162722222223 0.6549949625 0.31768025092592594 0.6560729395833333 0.2964434314814815 0.6426737859375 0.2965517240740741
2 0.5369595005208333 0.3748817324074074 0.5369151723958333 0.35799088055555556 0.5241245213541667 0.3577999425925926 0.5244388473958334 0.3737475064814815 0.5369595005208333 0.3748817324074074
2 0.5730807979166667 0.2934283268518519 0.5729538583333333 0.2720917638888889 0.5555651822916666 0.27172983796296296 0.5556336890625 0.29306070092592595 0.5730807979166667 0.2934283268518519
4 0.6000664921875 0.22919635185185186 0.5998871651041667 0.2351154175925926 0.6215011083333334 0.23530920462962962 0.6213237958333334 0.22919635185185186 0.6000664921875 0.22919635185185186
4 0.6582832963541667 0.20548589351851854 0.6583417286458333 0.21122257037037037 0.6756054807291666 0.2114790537037037 0.6756558531250001 0.20574807592592592 0.6582832963541667 0.20548589351851854
2 0.7102841026041666 0.17556853796296298 0.7103767880208333 0.18913650648148148 0.7161011484375001 0.1889598175925926 0.7160407010416667 0.17561128518518518 0.7102841026041666 0.17556853796296298
4 0.7595003020833333 0.003114847222222222 0.7595748541666667 0.009677971296296297 0.7765444286458333 0.009626674074074073 0.7765081604166666 0.0033257342592592594 0.7595003020833333 0.003114847222222222
2 0.5648740682291666 0.2550441722222222 0.5648740682291666 0.26865773703703705 0.568881725 0.26862638888888885 0.5689018739583334 0.2551182675925926 0.5648740682291666 0.2550441722222222
2 0.5240983276041666 0.24617554814814815 0.5240580291666667 0.2519777712962963 0.535551078125 0.25178398425925924 0.5354624218749999 0.24636648611111112 0.5240983276041666 0.24617554814814815
4 0.6568023375 0.24133371296296294 0.656784203125 0.24736107129629628 0.6738484786458333 0.2472470787037037 0.6737981057291667 0.24146765462962966 0.6568023375 0.24133371296296294
4 0.6003223854166666 0.18386719907407406 0.6003183557291667 0.18931889444444444 0.616167640625 0.18931889444444444 0.6161716703125 0.18377600462962962 0.6003223854166666 0.18386719907407406
3 0.6561112229166667 0.7318409805555555 0.6561414468750001 0.7343801657407407 0.660598428125 0.7344229129629629 0.6605682046875 0.7318409805555555 0.6561112229166667 0.7318409805555555
3 0.6334293776041666 0.7316243944444445 0.6334938546875001 0.734420062962963 0.6440741489583334 0.7343374185185185 0.6440419098958333 0.7316243944444445 0.6334293776041666 0.7316243944444445
3 0.65614950625 0.7725847824074075 0.65614950625 0.7749558277777778 0.6602800723958333 0.7750612712962963 0.6603022364583333 0.7724764888888889 0.65614950625 0.7725847824074075
3 0.6337215395833333 0.7725049870370371 0.6337960911458332 0.7749757768518518 0.6441204916666667 0.774816187037037 0.6440076567708334 0.7726104305555556 0.6337215395833333 0.7725049870370371
3 0.6624561755208334 0.7749757768518518 0.6625589359375 0.732131661111111 0.6606105177083333 0.7321459101851852 0.6607616359375 0.7537389574074075 0.6338243 0.7534254777777778 0.6337134796875 0.7378854370370371 0.5796594802083334 0.7373325731481482 0.5794982875 0.7749045314814814 0.6030404994791667 0.7750897694444444 0.6029699776041666 0.7716671416666667 0.5813721541666667 0.7722542037037037 0.5814064072916667 0.7394927333333333 0.614942575 0.7397178685185185 0.6149445901041666 0.7749757768518518 0.6165383838541667 0.7721487601851852 0.6166391296874999 0.7396608722222222 0.6221841630208333 0.7396466231481481 0.6218758817708333 0.7722542037037037 0.6165585333333333 0.7722200055555556 0.6149727989583333 0.775018524074074 0.63368325625 0.7750470222222222 0.632840771875 0.7737151787037037 0.63368325625 0.775004275 0.6335804958333333 0.7564605296296296 0.6606004432291667 0.7565944712962963 0.6602216401041667 0.7750840694444444 0.6624561755208334 0.7749757768518518
3 0.63188588125 0.7722057564814815 0.6318355833333332 0.7396181249999999 0.6239310901041667 0.7395326305555555 0.6239210156249999 0.7722057564814815 0.63188588125 0.7722057564814815
3 0.5732601249999999 0.7729438583333333 0.5732057223958333 0.7750584212962963 0.5793169453125 0.7749757768518518 0.5793673182291667 0.7730008546296296 0.5732601249999999 0.7729438583333333
3 0.5735119885416666 0.7376432027777778 0.5734334072916667 0.739056711111111 0.5795929880208334 0.7392761472222222 0.5795788838541667 0.7377001990740741 0.5735119885416666 0.7376432027777778
3 0.6040963125 0.6723824453703704 0.6043280276041667 0.6671558851851852 0.5763147291666667 0.6674408666666667 0.5771489020833334 0.672114562962963 0.588607696875 0.6721715592592593 0.5886943380208333 0.694819037037037 0.5771186781250001 0.6946309490740741 0.577144871875 0.6721658592592592 0.5762986098958333 0.6673724703703703 0.5754503322916666 0.6653548018518518 0.5736228088541666 0.6666457675925926 0.5737235541666668 0.698652037962963 0.5917751359375 0.6989569675925925 0.5918920010416666 0.6722713027777778 0.6040963125 0.6723824453703704
3 0.5675982270833334 0.6507979481481481 0.5694458994791667 0.6550470222222222 0.5712935723958333 0.6544998574074073 0.5697521661458332 0.650578512037037 0.5675982270833334 0.6507979481481481
3 0.6695103765624999 0.6929695074074074 0.6694902276041667 0.6879395842592593 0.6591638119791666 0.6881960675925926 0.659004634375 0.6821715592592592 0.6269252468750001 0.6819749212962963 0.6268748739583334 0.6870589907407408 0.6555671973958332 0.6869165 0.6555671973958332 0.6926674268518519 0.6695103765624999 0.6929695074074074
3 0.6856719723958334 0.6878170416666667 0.6858936124999999 0.6923653462962963 0.7299133588541667 0.692681675925926 0.7300241791666667 0.7717212879629629 0.7330949020833334 0.7718808777777778 0.7335684062500001 0.7360815046296296 0.802651621875 0.7361214018518518 0.802687890625 0.7739669425925926 0.8063147291666667 0.7740666861111112 0.8060729395833334 0.7302165861111111 0.7333507958333333 0.7303191796296297 0.7330183359375 0.6886007407407407 0.6856719723958334 0.6878170416666667
3 0.8022083416666667 0.7922171555555555 0.80227281875 0.8086434879629629 0.8064436833333333 0.8087346824074074 0.8064436833333333 0.7921943574074074 0.8022083416666667 0.7922171555555555
3 0.8063227885416667 0.856534625 0.8064819666666666 0.833468225 0.8020995364583333 0.8335423194444443 0.8022043119791668 0.8503305787037038 0.7818859562499999 0.8506355083333332 0.7818859562499999 0.8771815333333333 0.7782490427083334 0.8772556287037037 0.7783558333333332 0.8822485037037038 0.7861636109375 0.8821744083333334 0.7862159984375 0.8566087203703704 0.8063227885416667 0.856534625
3 0.7527503526041667 0.8772698777777778 0.7527906510416666 0.882296950925926 0.7657001812500001 0.8823482472222223 0.7656981666666667 0.8771986324074074 0.7527503526041667 0.8772698777777778
3 0.7092020953125 0.8774551157407408 0.7092464234375 0.8821202620370371 0.7223473703125 0.8822513537037037 0.7222587145833333 0.8772100314814815 0.7092020953125 0.8774551157407408
3 0.6385150109375 0.8772271305555556 0.6384646385416667 0.8824536907407408 0.6592484385416667 0.8821459101851852 0.6592444088541666 0.8771416361111111 0.6385150109375 0.8772271305555556
3 0.5835482572916667 0.877893987037037 0.5836590770833333 0.8821288120370371 0.6121559541666667 0.8822855518518519 0.6120451338541667 0.8777372472222222 0.5835482572916667 0.877893987037037
3 0.5433407213541667 0.6912510685185185 0.5434817651041667 0.7283271583333334 0.5414326010416667 0.7284098037037037 0.5413620791666667 0.8359874611111111 0.5385291156249999 0.8357965231481482 0.5385291156249999 0.8822798518518519 0.557541809375 0.8822827018518519 0.5574833770833333 0.877312625 0.54288938125 0.8770418925925926 0.5427483375000001 0.8409461388888888 0.5451380213541667 0.8409461388888888 0.5452387666666667 0.7353576518518519 0.5539371348958333 0.7351866629629629 0.5539069109375 0.7311256768518518 0.5558654041666667 0.7310544314814814 0.5558956276041667 0.728255912962963 0.5476848682291667 0.7281305212962963 0.5474047953125001 0.6840923342592592 0.5306467864583333 0.6840467370370371 0.5306467864583333 0.6869734962962963 0.5324642354166667 0.6869165 0.5325146083333333 0.6910658305555556 0.5433407213541667 0.6912510685185185
3 0.5710396937500001 0.6067996583333333 0.5710396937500001 0.5918951268518519 0.6039955671875 0.5929809064814815 0.6045678015625 0.6434767740740741 0.5708482770833334 0.6433855796296297 0.5706588755208333 0.629398688888889 0.567285915625 0.6294556851851851 0.5670542010416667 0.6506497574074074 0.6041869838541667 0.6501595898148148 0.6047430989583333 0.7285066972222223 0.572016925 0.7281276712962963 0.5720149104166666 0.7310686805555555 0.5737940760416667 0.7311399259259259 0.5738444489583333 0.7352864064814815 0.6091315734375 0.7351724138888889 0.6093068708333333 0.6868310055555555 0.6126314729166666 0.6867740092592592 0.6126616963541667 0.6820604157407408 0.6093169453125 0.6818894268518518 0.61008865625 0.5853092046296297 0.5628007255208334 0.585391849074074 0.5627362484374999 0.5926503277777778 0.5673987505208333 0.5927073240740741 0.5673987505208333 0.6067996583333333 0.5710396937500001 0.6067996583333333
3 0.5411505140624999 0.6168310055555556 0.5411505140624999 0.5928355657407408 0.5455309286458333 0.5929353092592593 0.54548055625 0.585577087037037 0.5410114848958333 0.5855200907407407 0.5411505140624999 0.5408007981481481 0.5254503322916667 0.5408007981481481 0.5258492848958334 0.5479538333333333 0.53649405625 0.5483300083333333 0.53649405625 0.6162667425925926 0.5411505140624999 0.6168310055555556
3 0.17113036458333333 0.6847534907407408 0.16907918593750002 0.6848788833333332 0.16907918593750002 0.7022741518518519 0.14301027604166666 0.7022114564814815 0.14301027604166666 0.7046708462962964 0.170995365625 0.7045426046296297 0.17113036458333333 0.6847534907407408
3 0.1430707234375 0.7464377314814814 0.1430707234375 0.7487831287037038 0.1506649203125 0.7489341694444444 0.15071730833333333 0.7464377314814814 0.1430707234375 0.7464377314814814
3 0.16248639947916665 0.7461812481481482 0.16248639947916665 0.7489085212962963 0.16883538177083332 0.7488087777777778 0.16883538177083332 0.7462239953703704 0.16248639947916665 0.7461812481481482
4 0.31940963125 0.16779424351851852 0.31921619999999995 0.17324023981481482 0.340713278125 0.1736933601851852 0.340713278125 0.16770304907407407 0.31940963125 0.16779424351851852
2 0.29429377395833334 0.7719920203703704 0.307823896875 0.7720689657407407 0.30787628437500003 0.7512710175925926 0.29445496666666665 0.7514990027777778 0.29429377395833334 0.7719920203703704
2 0.3199919401041667 0.7964006842592593 0.32012089479166667 0.8177286972222222 0.3330828130208333 0.8175463092592593 0.3335321380208333 0.7961271018518519 0.3199919401041667 0.7964006842592593
2 0.269401571875 0.7963550870370371 0.2694660489583333 0.8174095185185185 0.28275035260416664 0.8175919064814815 0.2832621395833333 0.7960815046296296 0.269401571875 0.7963550870370371
2 0.16390086666666667 0.8746765462962963 0.1638122104166667 0.8577828444444445 0.15097924635416668 0.8577828444444445 0.15102357447916667 0.874422912962963 0.16390086666666667 0.8746765462962963
2 0.19992343333333332 0.7935765175925926 0.19992343333333332 0.7719065259259259 0.182599234375 0.7717953833333333 0.18252468281249998 0.7933570814814814 0.19992343333333332 0.7935765175925926
2 0.1918718515625 0.7547335425925925 0.1918194640625 0.7683727555555555 0.19574047968750002 0.7682986601851852 0.19584324010416668 0.7548047879629629 0.1918718515625 0.7547335425925925
2 0.16831150520833335 0.7523767453703704 0.16831150520833335 0.768862924074074 0.18199879114583334 0.7684098037037037 0.18018335677083333 0.7545625537037037 0.16831150520833335 0.7523767453703704
2 0.15093088854166667 0.7458706185185184 0.150775740625 0.751920775 0.162536771875 0.7519920203703704 0.1624823697916667 0.7460216583333333 0.15093088854166667 0.7458706185185184
4 0.22729397552083333 0.6835679685185185 0.2271589765625 0.6926446277777778 0.2432460203125 0.6927073240740741 0.2433366916666667 0.6835679685185185 0.22729397552083333 0.6835679685185185
4 0.16932701979166667 0.8472328296296295 0.16925246822916667 0.853274437037037 0.19502518645833333 0.8533798805555556 0.19517428958333335 0.8470760898148149 0.16932701979166667 0.8472328296296295
4 0.3865786822916667 0.5030493018518518 0.3865424140625 0.5095098314814815 0.4035442270833334 0.5094642351851851 0.40351198854166664 0.5029438583333333 0.3865786822916667 0.5030493018518518
4 0.34954865989583334 0.5530350527777779 0.3494197057291667 0.5593872898148149 0.366423534375 0.5591108574074074 0.366361071875 0.5526731259259259 0.34954865989583334 0.5530350527777779
4 0.33354019739583335 0.8682274148148148 0.333612734375 0.8775748074074075 0.3596433609375 0.8775805074074075 0.35957082395833334 0.8682274148148148 0.33354019739583335 0.8682274148148148
4 0.2851077979166667 0.7056198342592593 0.2850010072916667 0.7143260185185185 0.3024863994791666 0.7142490740740741 0.30264759218750004 0.7053234537037036 0.2851077979166667 0.7056198342592593
4 0.16929478125 0.8775292101851851 0.16918799114583333 0.882898262037037 0.1952286921875 0.882898262037037 0.1952286921875 0.8772271305555556 0.16929478125 0.8775292101851851
4 0.20890993333333335 0.8680393277777778 0.20890993333333335 0.8776204046296295 0.2588837395833333 0.877514961111111 0.25896030625 0.8684724990740741 0.20890993333333335 0.8680393277777778
4 0.2784988916666667 0.8683271583333333 0.278774934375 0.8774779138888888 0.3047410838541667 0.8772157305555555 0.304924440625 0.8683271583333333 0.2784988916666667 0.8683271583333333
4 0.17427362500000002 0.6798803074074073 0.17424340104166666 0.6845198064814815 0.18842031041666668 0.6846451981481482 0.18838404166666667 0.679791963888889 0.17427362500000002 0.6798803074074073
4 0.17109006666666668 0.7033969796296295 0.17104372343750002 0.7079338842592592 0.1885593390625 0.7079994296296296 0.18851098125 0.7035223712962964 0.17109006666666668 0.7033969796296295
2 0.19136006458333332 0.7079310342592593 0.191470884375 0.7294642351851852 0.19518839427083332 0.7293616416666666 0.19518839427083332 0.7079281842592593 0.19136006458333332 0.7079310342592593
4 0.14540801927083333 0.8772328296296297 0.14530122916666668 0.8818466796296296 0.15781382239583333 0.8818466796296296 0.157868225 0.877309775 0.14540801927083333 0.8772328296296297
3 0.2105762645833333 0.7716671416666667 0.21057229270833336 0.7342039787037037 0.20703002239583332 0.7340923342592592 0.20711061874999998 0.7716671416666667 0.2105762645833333 0.7716671416666667
3 0.188422325 0.6845682527777778 0.18855127968750002 0.7043545166666667 0.19053999583333334 0.7044457111111111 0.19047551875 0.6845682527777778 0.188422325 0.6845682527777778
3 0.33727987083333333 0.6175634083333333 0.33727987083333333 0.624998575 0.3393290348958333 0.6250612712962963 0.3393290348958333 0.6176261046296296 0.33727987083333333 0.6175634083333333
3 0.33739472083333333 0.6757024796296297 0.33933507968750004 0.675574237962963 0.3390590369791667 0.6379338842592593 0.32440084010416664 0.6380645240740741 0.32440056406249995 0.6379367342592592 0.30810396927083333 0.6378027925925925 0.30801128333333333 0.6423767453703704 0.32103969375 0.6425078370370371 0.32113237968749997 0.669430037037037 0.3373020348958333 0.6692989453703704 0.33739472083333333 0.6757024796296297
3 0.32440990156250005 0.6422594296296296 0.3244589963541667 0.6649871759259259 0.3360084625 0.6651182675925925 0.3360084625 0.6422456537037037 0.3244106385416667 0.6423112 0.32440990156250005 0.6422594296296296
3 0.33728591562500004 0.6883015101851852 0.33734031822916666 0.7022171555555556 0.33926455781250003 0.7021402111111111 0.33926455781250003 0.6883015101851852 0.33728591562500004 0.6883015101851852
3 0.51283699375 0.6867255629629629 0.5145939953125 0.6869535481481482 0.5144328026041667 0.6840153888888889 0.4981462822916667 0.6840153888888889 0.4981462822916667 0.6469791962962963 0.5409389484375 0.6469791962962963 0.5409389484375 0.6399800509259259 0.49782792656249997 0.6397549157407407 0.4981462822916667 0.5478398407407407 0.5083659078125 0.5482901111111111 0.5085089661458333 0.5414249074074073 0.4927181140625 0.5410658305555556 0.4930364697916667 0.6912453694444444 0.51283699375 0.6914705046296297 0.51283699375 0.6867255629629629
2 0.6441648197916667 0.7725619833333334 0.6441688494791666 0.7780022796296296 0.6560366713541667 0.7779310342592592 0.6561414468750001 0.7724080935185185 0.6441648197916667 0.7725619833333334
2 0.75446705625 0.7683613564814815 0.7582429984375001 0.7684924481481482 0.7581805359375 0.7545312055555555 0.7540660890625 0.7548361361111111 0.75446705625 0.7683613564814815
2 0.7815655854166667 0.7685551435185185 0.781585734375 0.7525163861111112 0.7685492645833333 0.7523767453703704 0.7682832963541667 0.7685095472222222 0.7815655854166667 0.7685551435185185
2 0.782228490625 0.7908150472222222 0.7822687890625001 0.7962553435185186 0.7936369130208334 0.7961100027777778 0.793638928125 0.7905585638888889 0.782228490625 0.7908150472222222
2 0.7609087244791667 0.8577001990740741 0.7607535765625 0.8746822453703704 0.7730082609375 0.8745939018518518 0.7737799718749999 0.8580079796296297 0.7609087244791667 0.8577001990740741
2 0.7170763651041666 0.7716984898148148 0.7172355432291667 0.7931775435185185 0.7347209348958333 0.7931775435185185 0.7349365302083334 0.7716984898148148 0.7170763651041666 0.7716984898148148
2 0.6319867015625 0.7104160731481481 0.6322063265625 0.7316642916666667 0.63559540625 0.7316557425925926 0.6357304052083333 0.7101652888888889 0.6319867015625 0.7104160731481481
2 0.6442131776041666 0.7344799092592592 0.6560971187500001 0.7345340555555556 0.6560608505208333 0.729022513888889 0.6442494458333333 0.7291222574074074 0.6442131776041666 0.7344799092592592
2 0.634344146875 0.7997577657407408 0.6341527302083333 0.8209945851851852 0.6471146484375 0.8213593620370371 0.6472436026041667 0.8001225416666666 0.634344146875 0.7997577657407408
2 0.582651621875 0.7997834138888888 0.5837457182291667 0.8201196925925927 0.5955490630208333 0.8212026222222222 0.5958694338541667 0.7996950694444445 0.582651621875 0.7997834138888888
2 0.6030787828124999 0.7753833 0.6149768286458334 0.7754488453703703 0.6148418296875 0.75691935 0.6037034052083333 0.7580507268518518 0.6030787828124999 0.7753833
2 0.5560185369791667 0.7308720435185185 0.572061253125 0.7310259333333333 0.5720068505208334 0.7073525222222222 0.5562865203125 0.7079566824074074 0.5560185369791667 0.7308720435185185
3 0.5735220630208333 0.7122143064814815 0.5736993755208334 0.7281590194444445 0.5756155552083333 0.7280963240740741 0.5754825708333333 0.7125306351851852 0.5735220630208333 0.7122143064814815
2 0.5756880916666667 0.7122371046296296 0.575726375 0.6987916787037037 0.5692282895833334 0.6987916787037037 0.57160386875 0.7069848962962962 0.5737578078125 0.7120803648148148 0.5756880916666667 0.7122371046296296
2 0.5713197661458334 0.654633799074074 0.5657948822916666 0.6573439722222223 0.5717207333333333 0.667868338888889 0.5754201088541666 0.6651581648148148 0.5713197661458334 0.654633799074074
3 0.51098730625 0.659783413888889 0.5110900666666667 0.6839070962962962 0.5130082609375 0.6838358509259259 0.512959903125 0.6596152750000001 0.51098730625 0.659783413888889
2 0.5110900666666667 0.6469677972222223 0.51115454375 0.6592220009259259 0.5168668145833333 0.6593131944444445 0.5163530125 0.6472413796296296 0.5110900666666667 0.6469677972222223
2 0.5384908322916666 0.6402336851851851 0.5384908322916666 0.6173639212962962 0.5213963328125 0.6177999425925925 0.5204714890625 0.6393644916666666 0.5384908322916666 0.6402336851851851
4 0.60933105 0.7031404962962964 0.6093874671874999 0.7073724703703703 0.6295466453125 0.7075434592592592 0.6294962723958334 0.7033114851851852 0.60933105 0.7031404962962964
4 0.6127765463541667 0.6821829583333334 0.61272214375 0.6865688231481482 0.6267862182291667 0.686719862962963 0.6268930083333333 0.6821060129629629 0.6127765463541667 0.6821829583333334
4 0.6119262541666667 0.8739298944444445 0.6122345354166666 0.8828612138888888 0.6384162807291667 0.8824251925925927 0.6386459802083333 0.8741493305555555 0.6119262541666667 0.8739298944444445
4 0.6697602255208334 0.6874180675925926 0.6695023171875001 0.6964947277777778 0.6856719723958334 0.6964947277777778 0.6856719723958334 0.687509262037037 0.6697602255208334 0.6874180675925926
4 0.7996393312500001 0.774029637962963 0.7997501510416666 0.7922029064814815 0.8063227885416667 0.7920974638888889 0.80621196875 0.7742405240740741 0.7996393312500001 0.774029637962963
4 0.7997662703124999 0.8088144768518518 0.7998911947916666 0.8334112287037037 0.8061797302083333 0.8333200342592593 0.8061797302083333 0.8088144768518518 0.7997662703124999 0.8088144768518518
4 0.7657364494791667 0.8774693648148149 0.7657908520833333 0.8820062694444445 0.7781422526041666 0.8820062694444445 0.7781422526041666 0.8776204046296295 0.7657364494791667 0.8774693648148149
4 0.7220572234374999 0.8472242805555555 0.7219725973958333 0.8532145907407408 0.7526758010416666 0.8532145907407408 0.7528510979166666 0.8474095185185185 0.7220572234374999 0.8472242805555555
4 0.7223272213541667 0.8772812768518519 0.7222345354166666 0.8832915361111111 0.7528208744791667 0.8831604444444444 0.7527281885416667 0.8775434592592593 0.7223272213541667 0.8772812768518519
4 0.6592444088541666 0.8739726416666667 0.6594458994791667 0.8827671703703704 0.709171871875 0.8825961814814816 0.709171871875 0.8739726416666667 0.6592444088541666 0.8739726416666667
4 0.5575579286458333 0.8739298944444445 0.5575055411458333 0.8829296092592592 0.5837074348958333 0.8830065546296296 0.5836550473958333 0.8740039898148149 0.5575579286458333 0.8739298944444445
4 0.5457021963541667 0.5859019666666667 0.5456216 0.5924223425925926 0.5625911744791666 0.5924422916666666 0.5626556520833332 0.5859076657407407 0.5457021963541667 0.5859019666666667
4 0.5086520250000001 0.5418124824074074 0.5083699375 0.5477885435185185 0.5255732421875 0.5478597888888889 0.5254926458333333 0.5417811342592592 0.5086520250000001 0.5418124824074074
3 0.7175659885416666 0.7687574805555555 0.717489421875 0.7715873472222222 0.7300020151041667 0.7715816472222222 0.7298609713541667 0.7685836416666667 0.7175659885416666 0.7687574805555555
3 0.7431311708333334 0.768649187962963 0.7429760223958334 0.7429467083333333 0.7578380010416667 0.743271587037037 0.7579145677083333 0.7366286694444444 0.756220028125 0.7363009407407407 0.7559137619791667 0.7402222851851852 0.7409732015625 0.7401139925925926 0.7410517833333333 0.7688657740740741 0.7331654239583333 0.7689683666666666 0.73311908125 0.7712624675925926 0.7803989520833333 0.7715873472222222 0.7803989520833333 0.7687574805555555 0.7431311708333334 0.768649187962963
3 0.7790429177083333 0.7364006842592592 0.7790429177083333 0.7521915074074075 0.780660890625 0.752299800925926 0.780660890625 0.7360729555555555 0.7790429177083333 0.7364006842592592
3 0.7938404192708333 0.7933428324074073 0.7938363890625 0.7959304648148149 0.8001470885416667 0.7960017101851852 0.7999858958333333 0.793282987037037 0.7938404192708333 0.7933428324074073
3 0.7822002822916667 0.7961840981481482 0.7821237156249999 0.7933599314814814 0.7741950432291667 0.7935708175925925 0.7745013098958334 0.8475947564814815 0.7760407010416667 0.8475947564814815 0.775964134375 0.7960815046296296 0.7822002822916667 0.7961840981481482
3 0.7819141645833334 0.8529125111111112 0.7819141645833334 0.8507580509259259 0.7610074552083332 0.8508036481481481 0.7608966348958333 0.8574950129629629 0.7625629661458333 0.8575947564814815 0.7624541609375 0.8529068111111111 0.7819141645833334 0.8529125111111112
3 0.7609369333333333 0.8747135935185185 0.7609369333333333 0.8771815333333333 0.7625347572916666 0.8772328296296297 0.7624602057291666 0.8747135935185185 0.7609369333333333 0.8747135935185185
3 0.7528208744791667 0.85077515 0.7527302036458334 0.8533770305555556 0.7610779770833334 0.8535024222222222 0.7610175296875 0.8507609009259259 0.7528208744791667 0.85077515
3 0.7201491031249999 0.8510886296296296 0.7200765666666666 0.8775577083333334 0.7219242395833334 0.8775577083333334 0.7217690911458334 0.8511997722222222 0.7201491031249999 0.8510886296296296
3 0.7176687489583333 0.7933428324074073 0.7176687489583333 0.8473496722222222 0.7207273828125 0.8477258481481481 0.7207213380208334 0.7933285833333333 0.7176687489583333 0.7933428324074073
3 0.6470723354166666 0.8001624398148148 0.6478702395833333 0.8740096898148149 0.6509046947916667 0.8744628101851852 0.6509046947916667 0.800387575 0.6470723354166666 0.8001624398148148
3 0.6338787026041667 0.8029467083333334 0.6339895223958333 0.8002792814814814 0.5957384645833332 0.8004331722222222 0.5958452546875 0.8743032203703703 0.5973987505208334 0.8749301796296296 0.5975075557291666 0.8034169277777778 0.6338787026041667 0.8029467083333334
3 0.5823111020833333 0.8030464518518519 0.5824037880208334 0.8003020805555555 0.5558553296875 0.7998489601851851 0.5558049567708333 0.7916386435185185 0.5541285510416666 0.7915816472222222 0.5540983276041668 0.8000484472222222 0.5454402578124999 0.8000769453703704 0.5454422729166667 0.8034397268518519 0.5823111020833333 0.8030464518518519
3 0.5558795083333333 0.775389 0.5557142859374999 0.7637389574074074 0.554062059375 0.763667712037037 0.554114446875 0.7724394416666667 0.5454523473958334 0.7725904814814816 0.5453455572916667 0.7751638638888889 0.5558795083333333 0.775389
3 0.553929075 0.7379680824074074 0.5540056416666667 0.7471159870370371 0.5558553296875 0.7472271305555556 0.5555470479166666 0.7379680824074074 0.553929075 0.7379680824074074
3 0.6296050776041666 0.6871587342592592 0.6296050776041666 0.7068766027777778 0.6315273020833333 0.7069449981481482 0.6316139432291668 0.6870874888888889 0.6296050776041666 0.6871587342592592
3 0.6092544833333334 0.7344856083333333 0.6313338708333334 0.7347620407407407 0.6312029015624999 0.7319492731481482 0.6174027807291667 0.7318495296296297 0.6173423333333333 0.7075292101851851 0.6093874671874999 0.7075149611111111 0.6093189604166667 0.7104331722222222 0.6153516020833333 0.7105243657407407 0.6154160791666666 0.7318523796296297 0.6092544833333334 0.7318523796296297 0.6092544833333334 0.7344856083333333
3 0.14289139635416664 0.7689398685185185 0.14285512812499998 0.7717811342592593 0.15350795885416665 0.7717811342592593 0.15340116874999998 0.7691023083333334 0.14289139635416664 0.7689398685185185
3 0.20700987291666667 0.7430578509259259 0.20710054427083333 0.740179537962963 0.19416481979166667 0.7400712453703703 0.1940842234375 0.7323311481481481 0.20848680208333334 0.7322456537037036 0.20856336875 0.733864349074074 0.21048559322916666 0.7339384444444444 0.21048760833333333 0.7295069824074074 0.17760225677083333 0.7296751212962963 0.17768285312499998 0.707871187962963 0.16880515833333334 0.7080820750000001 0.16880515833333334 0.733909799074074 0.168774934375 0.7339099462962964 0.1687527703125 0.751724137962963 0.17106387291666666 0.7521601592592593 0.1707838 0.7362667425925926 0.19222647604166668 0.736352237037037 0.19232722135416666 0.7429866055555555 0.20700987291666667 0.7430578509259259
3 0.16975947916666667 0.7339051685185185 0.19226677395833333 0.7337959537037038 0.19229699791666668 0.732288400925926 0.17587547864583333 0.7322171555555556 0.17583518020833333 0.7100142490740741 0.1708140239583333 0.7101282416666667 0.1707636510416667 0.7337532064814816 0.16975947916666667 0.7339051685185185
3 0.16883538177083332 0.7687261324074075 0.16883538177083332 0.7716243944444444 0.20713076770833333 0.7716243944444444 0.2072415875 0.7683442574074074 0.16883538177083332 0.7687261324074075
3 0.16375982291666666 0.857509262037037 0.1637618375 0.8509318898148148 0.14039089270833335 0.850550013888889 0.1404452953125 0.8528213166666666 0.16231513177083334 0.8528213166666666 0.16231513177083334 0.8575862064814814 0.16375982291666666 0.857509262037037
3 0.1622164015625 0.8747249925925926 0.16225266979166666 0.8771302361111111 0.1638807171875 0.8771302361111111 0.1638464640625 0.8747249925925926 0.1622164015625 0.8747249925925926
3 0.1638625833333333 0.8506925046296295 0.16386056822916667 0.853451125925926 0.16924440885416667 0.8534938731481481 0.16927664739583334 0.8506497574074073 0.1638625833333333 0.8506925046296295
3 0.1951098125 0.8507950981481481 0.1951098125 0.8715930462962963 0.19707838020833332 0.8715389 0.19703606666666668 0.8508463953703703 0.1951098125 0.8507950981481481
3 0.19625428177083334 0.7937988027777778 0.19586540416666667 0.8405158166666666 0.19963933125000002 0.8405158166666666 0.1994841828125 0.7937959537037037 0.19625428177083334 0.7937988027777778
3 0.2658392098958334 0.7968139074074074 0.2661716703125 0.8687973777777778 0.2696091072916667 0.8687973777777778 0.26927664739583335 0.7966571675925925 0.2658392098958334 0.7968139074074074
3 0.3201470885416667 0.8685066972222222 0.31983880729166664 0.7970618407407407 0.2832621395833333 0.796736962037037 0.2832621395833333 0.8000028499999999 0.31837598229166664 0.8000028499999999 0.31822083437500004 0.8686149898148149 0.3201470885416667 0.8685066972222222
3 0.36009671562499995 0.7966970648148148 0.36012492447916666 0.7889541175925926 0.3583679223958333 0.7889541175925926 0.35828732604166663 0.7966970648148148 0.3334898244791667 0.7967968083333333 0.33345355625 0.7998489601851851 0.36895023177083336 0.7996323740740741 0.3688736651041667 0.7965830722222222 0.36009671562499995 0.7966970648148148
3 0.36006850677083335 0.7696494731481482 0.3598891796875 0.7639127953703704 0.3583316541666666 0.7638501000000001 0.3583779973958333 0.7723624962962963 0.3688474713541667 0.7724223425925926 0.3688474713541667 0.7695240805555555 0.36006850677083335 0.7696494731481482
3 0.35833568385416664 0.7402194361111112 0.35833568385416664 0.7475292101851851 0.36016119270833336 0.7476147046296296 0.36007052187500005 0.7401310916666667 0.35833568385416664 0.7402194361111112
3 0.3327160989583334 0.7216500425925926 0.33275639739583335 0.7687261324074075 0.32162804739583334 0.7684696490740741 0.32170864375 0.7716101453703704 0.334475115625 0.7716813907407407 0.334475115625 0.7192761472222222 0.3097259723958333 0.7189940157407407 0.30963731614583334 0.7071729833333333 0.30821075937500003 0.707115987037037 0.3078984484375 0.7715246509259259 0.3099677614583333 0.7714961527777777 0.30983679218750004 0.7214933027777778 0.3327160989583334 0.7216500425925926
3 0.2723453557291667 0.7691222574074074 0.2722526697916667 0.7144941583333333 0.27040298229166665 0.7146224 0.27040298229166665 0.7718666287037037 0.29424340104166663 0.7718666287037037 0.29433608697916663 0.7689911657407407 0.2723453557291667 0.7691222574074074
3 0.27447108593749997 0.7083642064814815 0.27447108593749997 0.6896437731481482 0.2728269192708333 0.6896437731481482 0.2729558734375 0.7106953546296296 0.2799959703125 0.7107580509259259 0.2799959703125 0.7083642064814815 0.27447108593749997 0.7083642064814815
3 0.37183356822916663 0.6291023083333332 0.37183356822916663 0.6091849527777778 0.3711646182291667 0.609059561111111 0.3711646182291667 0.6301111425925926 0.37980858333333334 0.6301738388888889 0.37976425572916667 0.6291023083333332 0.37183356822916663 0.6291023083333332
3 0.37984686666666667 0.667509262037037 0.3799536572916667 0.6664519805555555 0.36685270989583335 0.6733314333333333 0.36685270989583335 0.6899715018518519 0.36754785416666663 0.6900484472222222 0.36754785416666663 0.673861499074074 0.37984686666666667 0.667509262037037
3 0.22732822864583332 0.6894328870370371 0.22720531927083334 0.6840695351851852 0.21780777760416664 0.6841749787037037 0.21773322604166667 0.6796038759259259 0.18839613125000002 0.6796038759259259 0.18847471302083332 0.6842889712962963 0.2142514609375 0.6847449416666667 0.21430183333333333 0.6892049018518518 0.22732822864583332 0.6894328870370371
3 0.2849586942708333 0.7110344824074074 0.2851198869791667 0.7061954972222223 0.28340721354166665 0.7061185518518518 0.28351400364583335 0.6843374185185186 0.24330243802083332 0.6841863777777778 0.24330243802083332 0.6891764037037037 0.27993149322916666 0.6894813333333334 0.28009268593750003 0.7110344824074074 0.2849586942708333 0.7110344824074074
3 0.3080294177083333 0.7110515814814815 0.30806971614583334 0.7069620972222221 0.33420914791666667 0.706907950925926 0.334281684375 0.7172014814814814 0.33580495677083333 0.7172014814814814 0.3361031635416667 0.7378939870370371 0.34063268177083333 0.7378426898148148 0.3405943984375 0.7338501 0.34230304270833334 0.7338501 0.3421922223958333 0.7307523509259259 0.3395547046875 0.7306469083333333 0.3395547046875 0.7022314046296296 0.3079165828125 0.7019720722222221 0.3079165828125 0.617304075 0.34494055989583333 0.6174636648148148 0.3449022770833333 0.5960872046296296 0.34152327239583335 0.5959276148148148 0.341188796875 0.6103191796296297 0.30788031458333337 0.6102165861111111 0.30784203125 0.5596380731481482 0.34130163229166666 0.5596380731481482 0.34133790052083335 0.5739241953703703 0.3450151119791667 0.5738700481481482 0.34486600833333336 0.5596380731481482 0.3493955270833334 0.5596893703703704 0.3493592583333333 0.552493587962963 0.30279266562499996 0.552493587962963 0.3027563973958333 0.7111627240740741 0.3080294177083333 0.7110515814814815
3 0.36660487604166664 0.5595098314814815 0.3708120088541667 0.5596124250000001 0.3708120088541667 0.5788999712962962 0.37569010677083337 0.5790595611111111 0.37597420937500003 0.5099601027777777 0.386334878125 0.5100541462962963 0.3865565182291667 0.5026845259259259 0.37087245625 0.5030008546296296 0.3709732015625 0.5523909944444444 0.3664436833333333 0.5523909944444444 0.36660487604166664 0.5595098314814815
3 0.3841345958333333 0.6088686231481482 0.41924843854166666 0.6089769166666666 0.41901672395833334 0.5027928185185185 0.40369333072916663 0.5027928185185185 0.4036167640625 0.5099800509259259 0.41385653854166665 0.5099800509259259 0.41385653854166665 0.6016813907407408 0.37089059062499996 0.6017896833333334 0.371198871875 0.6090852092592592 0.3798992546875 0.6090852092592592 0.379762240625 0.6390168138888889 0.3819605078125 0.6389455685185185 0.3820511786458333 0.6362040462962963 0.38428974427083334 0.6362040462962963 0.3841345958333333 0.6088686231481482
3 0.3728913963541666 0.7732003416666667 0.37283094895833335 0.7307352518518518 0.3705319364583334 0.7307352518518518 0.3708523072916667 0.6960986037037037 0.3842212369791667 0.6960986037037037 0.384114446875 0.664029637962963 0.38213580520833335 0.664029637962963 0.3820814026041666 0.6617611851851852 0.37994358229166664 0.6616870907407407 0.3798347776041667 0.689820462037037 0.3665746526041667 0.690199487037037 0.3666814427083333 0.7307352518518518 0.3584465041666667 0.7306611574074074 0.3584465041666667 0.7336107157407408 0.360263953125 0.7336107157407408 0.360263953125 0.7376945 0.36903687291666665 0.7381362212962963 0.3690449322916667 0.7783300083333333 0.37140439270833336 0.7782302648148148 0.37152528697916665 0.8716414935185185 0.3596232119791667 0.8718637787037037 0.35973000208333333 0.8768566546296296 0.375665928125 0.8767056138888889 0.37552286927083334 0.7732288398148148 0.3728913963541666 0.7732003416666667
3 0.3047612333333333 0.871718437962963 0.30479750156249996 0.8766571675925926 0.333576465625 0.8767084638888889 0.333576465625 0.8718780277777778 0.3047612333333333 0.871718437962963
3 0.2588353817708333 0.8718723287037037 0.25880717291666666 0.8768224564814815 0.2787628453125 0.8768281564814815 0.2787023979166667 0.8717868342592592 0.2588353817708333 0.8718723287037037
3 0.2089905296875 0.8767084638888889 0.20895426145833335 0.8716671416666667 0.19528913958333333 0.871718437962963 0.19525085625 0.8821202620370371 0.19885351614583333 0.8822228555555556 0.19874269583333334 0.8766571675925926 0.2089905296875 0.8767084638888889
3 0.15785009062500002 0.877298375925926 0.157938746875 0.8822770018518519 0.16912552916666668 0.8822684527777778 0.1692121703125 0.877107437962963 0.15785009062500002 0.877298375925926
3 0.1390086640625 0.6759019666666666 0.13883336666666668 0.7780592759259259 0.13612129739583334 0.7779595324074073 0.13598226875 0.8823168990740741 0.14523675208333334 0.8824479907407407 0.145268990625 0.8771957824074074 0.1404090265625 0.8771957824074074 0.14026395312499998 0.7839726416666667 0.1426657265625 0.7839726416666667 0.14301229114583333 0.6804331722222222 0.16911545416666665 0.6806497574074074 0.16911545416666665 0.6846879453703704 0.17418698385416667 0.6846451981481482 0.17412049166666668 0.6795611287037037 0.17269595000000001 0.6795297805555556 0.17272214375 0.6758649185185186 0.1390086640625 0.6759019666666666
2 0.3740539994791667 0.5792106009259259 0.3740539994791667 0.60153605 0.3915091677083333 0.6014448564814815 0.3909308885416667 0.5790282129629629 0.3740539994791667 0.5792106009259259
2 0.33740076562500004 0.6250869194444445 0.33740076562500004 0.6378825879629629 0.34298408229166666 0.6376118555555556 0.34279065104166667 0.6252693074074074 0.33740076562500004 0.6250869194444445
2 0.33723755781250003 0.6756768305555556 0.33731210937499995 0.6883357083333334 0.34303244010416667 0.6882815620370369 0.34288333645833335 0.675574237962963 0.33723755781250003 0.6756768305555556
2 0.34234132604166667 0.7342177259259259 0.35842031041666667 0.7342718722222222 0.3580072536458333 0.7101139925925926 0.3422667739583333 0.7096922203703703 0.34234132604166667 0.7342177259259259
4 0.7225307276041666 0.05303220277777778 0.7226153536458334 0.05937304074074074 0.7395123916666667 0.05937304074074074 0.739673584375 0.05294385833333333 0.7225307276041666 0.05303220277777778
4 0.7068204713541667 0.34409803333333333 0.70688091875 0.3501225416666667 0.7324863994791666 0.3500740953703704 0.7325408020833333 0.34409803333333333 0.7068204713541667 0.34409803333333333
4 0.7066935322916666 0.37185522962962964 0.7065585333333334 0.37777999444444443 0.7328510979166667 0.37771729814814814 0.7328510979166667 0.37179253333333334 0.7066935322916666 0.37185522962962964
4 0.6519262541666666 0.34393274444444444 0.6519584927083333 0.3500170990740741 0.6777654645833333 0.3501510398148148 0.67766471875 0.34401538888888894 0.6519262541666666 0.34393274444444444
4 0.6517751359375 0.3720689657407407 0.6518033447916667 0.37777999444444443 0.6778782994791667 0.37762325462962965 0.6778782994791667 0.37196067222222223 0.6517751359375 0.3720689657407407
4 0.58238766875 0.37185237962962964 0.5822587145833332 0.37748076388888885 0.6318617770833334 0.3775719574074074 0.6317973 0.372125962037037 0.58238766875 0.37185237962962964
4 0.5825609510416666 0.33993730370370373 0.5825045333333333 0.34562553425925924 0.6316623010416667 0.3460188083333333 0.6316643161458334 0.3398375601851852 0.5825609510416666 0.33993730370370373
4 0.5423413260416667 0.3471986324074074 0.5424319968750001 0.35331433425925923 0.5680979244791666 0.3535024222222222 0.5681422526041667 0.34745226574074073 0.5423413260416667 0.3471986324074074
4 0.5422607291666667 0.3776346537037037 0.5422063265625 0.38315474537037036 0.5682490427083333 0.3831518953703704 0.5681946401041666 0.3776346537037037 0.5422607291666667 0.3776346537037037
4 0.5180858354166666 0.37746936481481486 0.5183921015624999 0.38226275277777777 0.5307898447916667 0.3819350240740741 0.5309449927083334 0.37746936481481486 0.5180858354166666 0.37746936481481486
4 0.5441204916666667 0.20387859814814815 0.5441345958333332 0.20818181851851852 0.5618920010416667 0.20838130555555553 0.5618194640625 0.2037275574074074 0.5441204916666667 0.20387859814814815
4 0.54716300625 0.1801310916666667 0.54716300625 0.18459390185185184 0.5612814828125 0.1846679962962963 0.5612814828125 0.1801310916666667 0.54716300625 0.1801310916666667
3 0.6476183760416667 0.20844115092592594 0.6476727786458334 0.18968367037037037 0.6456941364583333 0.189609575 0.6456941364583333 0.21154175 0.6531795286458333 0.21154175 0.6531795286458333 0.20851524629629628 0.6476183760416667 0.20844115092592594
3 0.6567277854166667 0.2438444 0.6567277854166667 0.2413793101851852 0.6479266572916667 0.24143060740740738 0.6478521057291666 0.22903391296296297 0.6214487203125 0.22887717314814815 0.6214870036458334 0.23155599907407406 0.6458835380208333 0.23166144166666666 0.6459218213541666 0.2439498435185185 0.6567277854166667 0.2438444
3 0.645180334375 0.2467626101851852 0.6434152729166667 0.24683670555555556 0.6433649005208333 0.27178113425925926 0.6564718921875 0.2718808777777778 0.6565222645833334 0.2693074953703704 0.645180334375 0.26930179537037036 0.645180334375 0.2467626101851852
3 0.6695103765624999 0.2691735537037037 0.6694499296875001 0.2719321740740741 0.6809590973958334 0.27193787407407405 0.6809590973958334 0.26922485 0.6695103765624999 0.2691735537037037
3 0.6828793067708333 0.27172128796296297 0.6828793067708333 0.2210487314814815 0.7059802536458334 0.22142490740740742 0.7059802536458334 0.2689227703703704 0.6946443682291666 0.2686947851851852 0.6945355630208333 0.27179538333333336 0.7074229296875 0.27179538333333336 0.7076365104166666 0.21915645462962963 0.6827725166666667 0.2192334 0.6827866208333333 0.20725847777777778 0.6811102156250001 0.20723282962962963 0.6810598427083333 0.24146765462962966 0.6739492244791666 0.24157879722222222 0.6739089260416667 0.2438102027777778 0.6810618578125 0.2439640925925926 0.6811142453125 0.27172128796296297 0.6828793067708333 0.27172128796296297
3 0.7076949427083333 0.2716956398148148 0.7141446703125 0.2718723287037037 0.7142514609375 0.26975491574074073 0.7084585937500001 0.269820462037037 0.7084585937500001 0.24234824722222223 0.7141124317708333 0.24244514074074075 0.7141446703125 0.2401082925925926 0.7074612130208333 0.24018238796296296 0.7076949427083333 0.2716956398148148
3 0.6391476927083333 0.2967141638888889 0.639224259375 0.3404958675925926 0.6423816239583334 0.3404958675925926 0.6424622203125 0.2967113138888889 0.6391476927083333 0.2967141638888889
3 0.6931875880208334 0.34447135925925926 0.6929558734375 0.2972043314814815 0.6560729395833333 0.2968794527777778 0.6559943583333333 0.29992590462962965 0.6913399156250001 0.29992590462962965 0.6913399156250001 0.3442547731481482 0.6931875880208334 0.34447135925925926
3 0.7419040901041666 0.29995725277777774 0.7418577473958333 0.29667996574074074 0.7331251260416667 0.29674266203703703 0.7330344552083333 0.2884240527777778 0.7313540197916667 0.2885152462962963 0.7313318557291667 0.29693644907407407 0.7065202500000001 0.29699629537037037 0.7062986098958334 0.29995725277777774 0.7419040901041666 0.29995725277777774
3 0.7331251260416667 0.269820462037037 0.7330949020833334 0.263656312037037 0.7313278260416667 0.2636135648148148 0.7313781984375001 0.27247648888888887 0.7417731213541666 0.27253348518518516 0.7417348380208334 0.2698005129629629 0.7331251260416667 0.269820462037037
3 0.7313882734374999 0.24010259351851854 0.7314688697916666 0.24756055833333335 0.7332762442708333 0.24754630925925925 0.733145275 0.24004559722222218 0.7313882734374999 0.24010259351851854
3 0.7325730406250001 0.3474237675925926 0.7326032640625001 0.35005129629629633 0.7443622807291667 0.3501253916666667 0.7443098932291666 0.34746366481481483 0.7325730406250001 0.3474237675925926
3 0.6777251661458333 0.34746651481481483 0.6777856135416667 0.3501225416666667 0.7067660687499999 0.3501168425925926 0.7068023375 0.3474408666666667 0.6777251661458333 0.34746651481481483
3 0.6519000604166667 0.3501538898148148 0.6519222244791667 0.34738102037037033 0.6400423130208334 0.34738102037037033 0.6400120895833333 0.343260187962963 0.6318637921875 0.3431860925925926 0.6318114041666667 0.3460330574074074 0.6380777755208332 0.3461413509259259 0.6380253880208334 0.3501538898148148 0.6519000604166667 0.3501538898148148
3 0.582238565625 0.34605585648148146 0.582238565625 0.34325448888888893 0.5718093895833333 0.3431233972222222 0.5717167036458334 0.3508264462962963 0.5682389682291666 0.35076375000000004 0.5681906104166666 0.3535423194444445 0.5737900463541667 0.3536705611111111 0.5737295989583333 0.345967512037037 0.582238565625 0.34605585648148146
3 0.5353153333333334 0.37489883148148145 0.535295184375 0.37741236851851856 0.5368728593750001 0.37734112314814816 0.5368688291666667 0.37486178425925926 0.5353153333333334 0.37489883148148145
3 0.5368567401041666 0.3508919916666667 0.5369212171875 0.3535679685185185 0.5422929677083334 0.3535679685185185 0.5422708041666666 0.3508321462962963 0.5368567401041666 0.3508919916666667
3 0.5368144265625 0.3580564259259259 0.5368144265625 0.3507922481481482 0.5134193026041667 0.35074950092592594 0.5135119885416667 0.3529809064814815 0.5352971994791667 0.3530236537037037 0.5352971994791667 0.3580136787037037 0.5368144265625 0.3580564259259259
3 0.3652105583333333 0.12809062407407407 0.36525488593750005 0.15147335462962963 0.36739472083333335 0.15141065833333334 0.36761837604166664 0.12802792777777777 0.3652105583333333 0.12809062407407407
3 0.36052186197916664 0.19167284166666665 0.36052186197916664 0.22470789444444444 0.35866008437499997 0.22470789444444444 0.3585956072916667 0.22706754074074073 0.38721539375 0.22743231666666666 0.38721539375 0.22452550555555556 0.3621902072916667 0.22479908796296297 0.36212573020833333 0.19348817314814815 0.3667640541666667 0.19343687685185185 0.36679427760416666 0.1731946425925926 0.3853556317708334 0.17328013703703704 0.3854825708333333 0.20800797962962964 0.3871509166666666 0.20800797962962964 0.3871509166666666 0.17007409537037038 0.39731815416666666 0.17031062962962965 0.39742897447916664 0.22815616944444445 0.3991497078125 0.22815616944444445 0.39927664739583335 0.1600968935185185 0.39709651406249996 0.16013964074074075 0.39709651406249996 0.16751211203703703 0.3850513802083333 0.16740666851851851 0.38501511197916666 0.17039897407407406 0.3674571833333333 0.1705386148148148 0.3674471088541667 0.16754061018518518 0.34075760625 0.1674408666666667 0.34062865208333337 0.1701652888888889 0.364986903125 0.17023938425925925 0.364986903125 0.19168993981481483 0.36052186197916664 0.19167284166666665
3 0.2911767078125 0.12811057314814814 0.2910880515625 0.14695639814814815 0.2856518234375 0.14682815648148148 0.2856074953125 0.14953832962962962 0.29291557500000004 0.1496637222222222 0.293137215625 0.12804502685185185 0.2911767078125 0.12811057314814814
3 0.31934918385416666 0.17031062962962965 0.319339109375 0.16746936481481484 0.29093088854166665 0.16759190648148148 0.29096514218749997 0.17310914814814815 0.28079185989583333 0.1731233972222222 0.2807414869791666 0.17589341666666666 0.2929740078125 0.17590766574074074 0.29289341145833336 0.17011399259259258 0.31934918385416666 0.17031062962962965
3 0.2936570625 0.17887717314814813 0.2935301229166667 0.22552579074074075 0.2715817046875 0.22561413518518517 0.27158371927083336 0.22815616944444445 0.2955188395833333 0.2282473638888889 0.2954543625 0.17896836666666666 0.2936570625 0.17887717314814813
3 0.22483376979166667 0.22656882314814816 0.2247793671875 0.2282331148148148 0.23108805156249998 0.2282331148148148 0.23108805156249998 0.22656882314814816 0.22483376979166667 0.22656882314814816
3 0.19963933125000002 0.2561271018518519 0.19957485416666668 0.2591222574074074 0.22222647604166665 0.25903391296296296 0.22228893802083333 0.25630948981481483 0.19963933125000002 0.2561271018518519
3 0.24416280468749998 0.2282844111111111 0.2440681041666667 0.22554288981481482 0.23299415677083332 0.2254431462962963 0.23305661875 0.17805927592592594 0.25577271822916664 0.1780250787037037 0.25592383645833333 0.22799942962962963 0.2580052385416666 0.22815616944444445 0.2577009875 0.1759219148148148 0.25920814010416665 0.1758791675925926 0.25908724583333337 0.1733086351851852 0.25798105989583336 0.1731946425925926 0.2578722546875 0.1707238527777778 0.23292363489583331 0.17085209444444444 0.23278259114583333 0.1685209462962963 0.23120894635416667 0.16847534907407408 0.23126536354166666 0.17278426944444444 0.25597219427083334 0.17294100925925926 0.25595405989583336 0.1754402962962963 0.23136610937500002 0.1755115416666667 0.23123514010416668 0.19177543425925925 0.22574249427083334 0.19178113425925927 0.22558734635416666 0.1709803361111111 0.223586540625 0.1709803361111111 0.223753778125 0.1945027074074074 0.23113237968749997 0.1945055574074074 0.23116461822916667 0.22815616944444445 0.24416280468749998 0.2282844111111111
3 0.217868225 0.1921316611111111 0.2178057625 0.19479623796296297 0.22367318177083334 0.19475919074074075 0.22374370364583335 0.19217440833333332 0.217868225 0.1921316611111111
3 0.19994559739583334 0.19222570555555554 0.19989320989583334 0.19456825277777778 0.2057747328125 0.19487033333333334 0.2057747328125 0.19207181574074073 0.19994559739583334 0.19222570555555554
3 0.1510618578125 0.24864633796296298 0.15117267760416667 0.26177828425925925 0.1532903484375 0.2619350240740741 0.15317751354166667 0.24854089444444447 0.1510618578125 0.24864633796296298
3 0.15113842447916664 0.23591336574074076 0.15308079791666668 0.2359903101851852 0.15317549843749997 0.19760045555555555 0.13824098333333332 0.19772869722222222 0.13822553906249999 0.19966309537037039 0.13822083437500002 0.1978569388888889 0.12194035885416667 0.19769735 0.12175498697916667 0.20200911944444444 0.13496876875 0.20187802777777777 0.13502720104166668 0.229618125 0.15119685677083333 0.22958962685185186 0.15113842447916664 0.23591336574074076
3 0.13823233333333332 0.2022714472222222 0.13829135625 0.22493017962962963 0.14970179322916666 0.22501567407407408 0.14960104791666667 0.20233114814814815 0.13823233333333332 0.2022714472222222
3 0.15112835 0.17773154722222223 0.15112835 0.18535480185185185 0.15320572239583333 0.18535765185185185 0.1533608703125 0.17751496111111112 0.15112835 0.17773154722222223
3 0.1803123109375 0.2906070101851852 0.17237960885416664 0.2908150472222222 0.17234938541666667 0.29368481018518516 0.17393511979166665 0.29361071574074077 0.17402780572916668 0.2979253351851852 0.1826213984375 0.2981846675925926 0.1825287125 0.33817611851851853 0.19731815416666668 0.33806212592592594 0.19731815416666668 0.3332202907407407 0.186590771875 0.3329780564814815 0.186721740625 0.2908150472222222 0.18460205520833334 0.29074380185185184 0.18465444270833334 0.2563636361111111 0.197682853125 0.2562325444444445 0.19749748125 0.22421487592592593 0.19583518020833332 0.22447420925925926 0.19555712291666666 0.2215987462962963 0.193524078125 0.22172983796296294 0.193524078125 0.2503505268518519 0.18068103958333334 0.25074380185185186 0.1803123109375 0.2906070101851852
3 0.12223252083333333 0.2668709037037037 0.1481805359375 0.26705899074074074 0.148325609375 0.2772071814814815 0.14992141875 0.2773924194444445 0.14974209166666666 0.29781989166666667 0.15416079010416667 0.29781989166666667 0.15424138645833332 0.2937703046296296 0.156220028125 0.2935708175925926 0.15624017708333332 0.290957537962963 0.15363489843749997 0.2907723 0.15310699166666666 0.26189512685185184 0.12143461614583333 0.2623539472222222 0.121700584375 0.17728982592592593 0.15855732395833336 0.17747791388888887 0.15873060625 0.15628954074074072 0.15509570833333333 0.15617839814814816 0.15509570833333333 0.16991450555555557 0.12158976406250001 0.16991450555555557 0.12165021145833334 0.11968367037037037 0.15508563385416665 0.11979766296296296 0.15523473697916668 0.13366201203703704 0.15862986093749998 0.13381875185185185 0.158881725 0.11958392685185186 0.16316945416666667 0.11954117962962964 0.16307878281250002 0.11273582222222223 0.11651017552083333 0.1123624962962963 0.1166471890625 0.27128241666666664 0.12235140052083333 0.2713679111111111 0.12223252083333333 0.2668709037037037
3 0.22358049583333334 0.33300085462962964 0.22351601875 0.33799088055555554 0.25111223072916666 0.338076375 0.2510437234375 0.3331803935185185 0.22358049583333334 0.33300085462962964
3 0.2772254682291667 0.3330891990740741 0.277285915625 0.33799088055555554 0.29769494270833335 0.33808207500000004 0.29769494270833335 0.3330891990740741 0.2772254682291667 0.3330891990740741
3 0.3476808380208333 0.3330891990740741 0.34774128541666666 0.33817611851851853 0.36038686302083334 0.33817611851851853 0.36045134010416663 0.3330891990740741 0.3476808380208333 0.3330891990740741
3 0.3946463833333333 0.3330350527777778 0.3909288734375 0.3331775435185185 0.39100947031250005 0.3381333712962963 0.3997682854166667 0.3381903675925926 0.39985895625 0.3135936166666667 0.41963328645833337 0.3135936166666667 0.4199093291666667 0.2461556 0.41464235364583335 0.2461556 0.41464235364583335 0.306534625 0.3948680234375 0.306534625 0.3946463833333333 0.3330350527777778
3 0.4198166432291667 0.19557993703703705 0.41454966770833335 0.19584212037037038 0.41454966770833335 0.22799088055555555 0.41963328645833337 0.22812197222222225 0.4198166432291667 0.19557993703703705
3 0.41470280052083336 0.15995725277777775 0.4146121296875 0.17785408981481482 0.41958492864583335 0.17792533518518516 0.41941164635416667 0.15283271574074075 0.4003405197916667 0.15255628425925924 0.40011686458333334 0.1231917925925926 0.38348579479166667 0.12303505277777778 0.38348579479166667 0.12789683703703703 0.395127946875 0.12789683703703703 0.39544025781250003 0.15991450555555556 0.41470280052083336 0.15995725277777775
3 0.34005843229166666 0.12312054722222222 0.34005641770833334 0.12796808240740742 0.369145678125 0.12796808240740742 0.3690932901041667 0.12282701666666666 0.34005843229166666 0.12312054722222222
3 0.31342534739583333 0.12800512962962962 0.3135019140625 0.12299515555555555 0.28208543229166666 0.12310344814814816 0.2821619989583333 0.144231975 0.2811605885416667 0.14444856111111112 0.28131372135416666 0.1495582787037037 0.2855107796875 0.149615275 0.2855490630208333 0.12800512962962962 0.31342534739583333 0.12800512962962962
3 0.25105379791666665 0.14434026759259258 0.25110215572916667 0.14943003703703706 0.25898448541666663 0.14935024259259258 0.2590610515625 0.14455970370370372 0.25105379791666665 0.14434026759259258
3 0.18483981458333335 0.1619891703703704 0.18477332239583333 0.16889142222222223 0.193753778125 0.16904816203703704 0.19364295781250002 0.19828156203703706 0.19580092708333333 0.19821031666666666 0.19578077760416665 0.19640638333333335 0.19790046354166665 0.1963066398148148 0.19763449531250002 0.16873468240740738 0.23289542604166666 0.16826446296296296 0.23291356041666667 0.1494015388888889 0.23815635729166665 0.1494015388888889 0.2382067296875 0.14447135925925925 0.2328631875 0.14465659722222224 0.23269595 0.06260758055555556 0.2175458390625 0.06271872314814815 0.21743501927083334 0.06962382407407408 0.22764054010416668 0.07008834444444445 0.22786218020833332 0.16167569074074073 0.18483981458333335 0.1619891703703704
3 0.18456175677083334 0.11942718703703703 0.18467257708333334 0.13887432314814815 0.18944186979166666 0.13887432314814815 0.18977433020833334 0.06971216851851851 0.20008462604166669 0.06986890833333334 0.20030626614583333 0.06249928796296296 0.18478339739583335 0.06297520648148147 0.18478339739583335 0.11252778611111111 0.1803485796875 0.11252778611111111 0.1803485796875 0.11942718703703703 0.18456175677083334 0.11942718703703703
2 0.22243804166666664 0.25562838425925927 0.2227584125 0.27686520370370366 0.23527100520833333 0.2773211740740741 0.23565786822916665 0.2555371898148148 0.22243804166666664 0.25562838425925927
2 0.19548055625000002 0.2217127388888889 0.1956739875 0.19875178148148148 0.17886157552083332 0.19875178148148148 0.1787970984375 0.2219863212962963 0.19548055625000002 0.2217127388888889
2 0.3556578682291667 0.22718438333333335 0.3557163005208333 0.24942148796296296 0.3731110213541667 0.24896836666666666 0.37330243802083335 0.22754915925925928 0.3556578682291667 0.22718438333333335
2 0.37527705 0.18902536296296296 0.37536570625 0.19501282407407408 0.38485794895833336 0.19501282407407408 0.38485794895833336 0.1888971212962963 0.37527705 0.18902536296296296
2 0.3877050171875 0.22432031944444444 0.3877050171875 0.2081276712962963 0.3743884744791667 0.20836705648148146 0.3744791458333333 0.22424907407407407 0.3877050171875 0.22432031944444444
2 0.36560749531250003 0.15161869444444445 0.3656961515625 0.167312625 0.3779508359375 0.16737532037037037 0.37790650833333334 0.15180678240740741 0.36560749531250003 0.15161869444444445
2 0.24291759010416666 0.17048731851851853 0.25575055416666664 0.17048731851851853 0.25575055416666664 0.1538501 0.24270400989583332 0.15407523518518518 0.24291759010416666 0.17048731851851853
2 0.25807777552083333 0.22836990555555556 0.2713902880208333 0.22866628703703704 0.27128551302083337 0.20772014814814815 0.2579689703125 0.2071929324074074 0.25807777552083333 0.22836990555555556
2 0.24422728177083333 0.22860929074074074 0.2559903286458333 0.22860929074074074 0.25561756979166667 0.20962667407407407 0.24465444270833334 0.20985465925925925 0.24422728177083333 0.22860929074074074
2 0.20593995572916668 0.1920946138888889 0.20588555312499998 0.19708748888888888 0.21764658489583333 0.1974722138888889 0.21765061458333335 0.19179253333333332 0.20593995572916668 0.1920946138888889
2 0.15115454375 0.2358364203703704 0.15108805156250002 0.24835565648148147 0.15712270781249998 0.2481704185185185 0.15686479947916665 0.23565403240740743 0.15115454375 0.2358364203703704
2 0.27283497864583334 0.2555058416666667 0.27240781770833333 0.2762296953703704 0.2856155552083333 0.2769848962962963 0.2857223453125 0.25542889722222223 0.27283497864583334 0.2555058416666667
2 0.15110820052083335 0.18558278703703704 0.15123715468750001 0.19738671944444444 0.15688293385416668 0.1970190935185185 0.15675397968750002 0.18558278703703704 0.15110820052083335 0.18558278703703704
2 0.187426959375 0.13893416944444445 0.1873000203125 0.16162439444444446 0.20533145260416666 0.1618039324074074 0.2052024984375 0.13857224259259257 0.187426959375 0.13893416944444445
4 0.19734434791666666 0.33330863518518516 0.19734434791666666 0.33897121666666663 0.22344751145833333 0.33875463055555555 0.22337094479166666 0.33341692777777776 0.19734434791666666 0.33330863518518516
4 0.251225065625 0.33326303796296297 0.251225065625 0.33906526111111107 0.2773463630208333 0.3389997148148148 0.2771952447916667 0.3333171842592592 0.251225065625 0.33326303796296297
4 0.297902478125 0.333459675 0.29780979270833335 0.3385551435185185 0.34752166041666666 0.33894841851851853 0.34761434635416666 0.33371900833333334 0.297902478125 0.333459675
4 0.36052186197916664 0.3331632944444444 0.36052186197916664 0.33870048425925925 0.3910658875 0.33906241111111113 0.39087245625 0.3331632944444444 0.36052186197916664 0.3331632944444444
4 0.2592484385416667 0.17320319166666667 0.2591416484375 0.17940723888888888 0.28090469479166663 0.17940723888888888 0.2807435020833333 0.1731290962962963 0.2592484385416667 0.17320319166666667
4 0.19727987083333334 0.3034169277777778 0.19761233125000002 0.30937874074074073 0.22305057447916665 0.3093815898148148 0.2231150515625 0.3037304074074074 0.19727987083333334 0.3034169277777778
4 0.25127543802083335 0.30321174166666665 0.25146685468749996 0.30902251388888885 0.2771992744791667 0.30902251388888885 0.2771992744791667 0.3031233972222222 0.25127543802083335 0.30321174166666665
4 0.2977735239583333 0.3032288398148148 0.2977735239583333 0.3093473925925926 0.3474491234375 0.3087175833333333 0.34755994375000004 0.30338557962962964 0.2977735239583333 0.3032288398148148
3 0.3557646583333333 0.17299800555555556 0.3555430182291667 0.22694784814814817 0.3586479953125 0.22694784814814817 0.3586479953125 0.1728441148148148 0.3557646583333333 0.17299800555555556
4 0.238361878125 0.14481903703703705 0.23830546041666667 0.1494015388888889 0.2509812614583333 0.14935594166666666 0.2509812614583333 0.14459390185185186 0.238361878125 0.14481903703703705
1 0 0 0 1 1 1 1 0 0 0
3 0.3557646583333333 0.24959532592592593 0.3562079385416667 0.30338557962962964 0.35875881510416663 0.30354516944444443 0.35920209531249997 0.24959532592592593 0.3557646583333333 0.24959532592592593
4 0.36051783177083335 0.30310344814814816 0.3603929072916667 0.3094756342592592 0.3907999192708333 0.30922485 0.3907898447916667 0.3033314333333333 0.36051783177083335 0.30310344814814816
4 0.39472697968750003 0.22804217685185185 0.3947874270833333 0.25836990555555556 0.3991154541666667 0.25852664537037034 0.3992202296875 0.22811912222222222 0.39472697968750003 0.22804217685185185
4 0.41468869635416666 0.22799373055555555 0.41480354635416666 0.2458278712962963 0.4194640338541667 0.24585351944444442 0.4193874671875 0.22821031666666666 0.41468869635416666 0.22799373055555555
4 0.4146383234375 0.1779823314814815 0.4146383234375 0.1954402962962963 0.4194942572916667 0.1955029925925926 0.41940560156249995 0.1779823314814815 0.4146383234375 0.1779823314814815
4 0.3692746322916667 0.12316899444444444 0.36935119895833335 0.1277429462962963 0.38328833385416666 0.12785123981481483 0.3832117671875 0.12349672314814815 0.3692746322916667 0.12316899444444444
2 0.31001611927083333 0.771917925 0.3213882734375 0.7721202620370371 0.3210759619791667 0.7530578509259259 0.31001611927083333 0.7527842694444444 0.31001611927083333 0.771917925
4 0.3135140036458333 0.12228270185185185 0.3134696755208333 0.12787118796296298 0.34003828333333336 0.12800797962962962 0.3400282088541667 0.1223112 0.3135140036458333 0.12228270185185185
4 0.25896836614583335 0.14367626111111112 0.25904493229166664 0.1497748648148148 0.28102155937499995 0.1497720148148148 0.2809510375 0.14367626111111112 0.25896836614583335 0.14367626111111112
4 0.200334475 0.06275862037037036 0.20024380416666665 0.06945568518518519 0.21738666145833332 0.06945568518518519 0.21738666145833332 0.06280421759259258 0.200334475 0.06275862037037036
4 0.16312109635416666 0.11266172685185186 0.16320975208333335 0.11915360462962962 0.1802337296875 0.11902821296296295 0.1802780578125 0.11278711851851851 0.16312109635416666 0.11266172685185186
3 0.18569816666666666 0.1890766601851852 0.18575256927083333 0.16916500462962963 0.18491839635416665 0.16898261574074075 0.18498488802083332 0.19015673981481482 0.19364295781250002 0.19014249074074074 0.19364497291666666 0.18903961203703704 0.18569816666666666 0.1890766601851852
3 0.28588756822916667 0.25564548333333337 0.2861192828125 0.30334853240740745 0.28889179947916666 0.303456825 0.28935321354166665 0.25564548333333337 0.28588756822916667 0.25564548333333337