1 0 0.9999430037037036 1 0.9991849527777777 0.99988515 0.00223140462962963 0 0.0007181537037037037 0 0.9999430037037036
2 0.25188394114583335 0.6218580796296296 0.2520048359375 0.6510401824074074 0.2630868427083333 0.6514106583333333 0.2630868427083333 0.6218010833333333 0.25188394114583335 0.6218580796296296
3 0.19419705833333334 0.3621544601851852 0.2218013296875 0.3622114564814815 0.22186177708333332 0.3981476203703704 0.22109611145833333 0.3981476203703704 0.22111626041666668 0.39977201481481484 0.22226475937499998 0.3997435166666667 0.22226475937499998 0.4000569962962963 0.24606085052083332 0.39988600740740743 0.24608099947916667 0.40034197777777775 0.25043320572916666 0.40028498148148145 0.250352609375 0.3941008833333334 0.22663711458333333 0.39401538888888893 0.22653636927083334 0.36087204351851854 0.24646383229166666 0.3609290398148148 0.24646383229166666 0.37061841018518515 0.2504130567708333 0.37061841018518515 0.2504735041666667 0.35545739537037035 0.23816240156250001 0.35571387870370375 0.2381019546875 0.3274437157407407 0.23473705416666668 0.3274437157407407 0.234757203125 0.3556853805555556 0.19419705833333334 0.35579937314814813 0.19419705833333334 0.3621544601851852
3 0.25067499479166666 0.6751781129629629 0.26907112656250004 0.6750641203703703 0.2690509770833333 0.6654887435185185 0.26306669375 0.6655742379629629 0.26318758802083336 0.651342262962963 0.2561253276041667 0.6512824166666666 0.25604271614583335 0.6654659444444444 0.25071529322916664 0.6654602453703703 0.25067499479166666 0.6751781129629629
3 0.20622607291666667 0.6654887435185185 0.19457183177083334 0.6654573953703704 0.194307878125 0.6175235111111111 0.20626637135416667 0.6174978629629629 0.20634696770833333 0.6087489314814815 0.19429780364583332 0.608834425925926 0.19415675989583334 0.3249358796296296 0.2535361677083333 0.3247078944444444 0.25348378020833334 0.31536335092592593 0.18793270208333332 0.31523510925925924 0.18783397135416668 0.6749900259259259 0.20630666927083335 0.675007124074074 0.20622607291666667 0.6654887435185185
3 0.3045133989583333 0.38623539444444444 0.29014708854166665 0.38609290370370375 0.29014708854166665 0.36816756944444445 0.30443280260416666 0.368082075 0.30443280260416666 0.3630948990740741 0.28654039895833333 0.3630948990740741 0.28656054791666663 0.3912795666666667 0.30441265364583336 0.39113707592592595 0.3045133989583333 0.38623539444444444
3 0.3043925046875 0.6100313481481481 0.25093693333333333 0.6101738388888889 0.25093693333333333 0.61923625 0.25647793697916665 0.6192932462962963 0.2565726375 0.6217041888888889 0.26269796510416665 0.6218067824074074 0.26269796510416665 0.619239099074074 0.30436026614583334 0.6193416925925926 0.30419101354166667 0.6656027361111111 0.29586943385416664 0.6656027361111111 0.29582913541666667 0.6750641203703703 0.31098932083333336 0.6750954685185185 0.3109611119791667 0.31510401851851855 0.28484787447916665 0.3153320037037037 0.28484787447916665 0.32473639259259257 0.30440257916666663 0.32479053888888887 0.3043925046875 0.6100313481481481
3 0.2024178921875 0.39811912222222223 0.19421720729166667 0.3980906240740741 0.19419705833333334 0.3998575092592593 0.2024178921875 0.3997435166666667 0.2024178921875 0.39811912222222223
3 0.250352609375 0.42963807314814817 0.24612129739583333 0.4296665712962963 0.2461011484375 0.45460245092592594 0.19423735625 0.45468794537037033 0.19421720729166667 0.4607580509259259 0.25043320572916666 0.4608150472222222 0.250352609375 0.42963807314814817
2 0.2537437036458333 0.2768053574074074 0.2535361677083333 0.32456540370370374 0.28484787447916665 0.32456540370370374 0.2845657869791667 0.2773154740740741 0.2537437036458333 0.2768053574074074
2 0.24658472708333334 0.370589912037037 0.24668547239583333 0.39415787962962967 0.2530525890625 0.3939868907407407 0.25327422916666664 0.3705329157407407 0.24658472708333334 0.370589912037037
2 0.20263953229166667 0.3854944425925926 0.2024178921875 0.399800512962963 0.22111626041666668 0.399800512962963 0.22081402395833333 0.3855514388888889 0.20263953229166667 0.3854944425925926
2 0.22667741302083336 0.40011399259259256 0.22708039479166667 0.42972356759259256 0.25089663489583336 0.4295810768518519 0.2508764859375 0.40034197777777775 0.22667741302083336 0.40011399259259256
4 0.25100745520833334 0.603838700925926 0.20630666927083335 0.6039897407407407 0.20628450520833336 0.6144770592592592 0.2509570822916667 0.6146167 0.25100745520833334 0.603838700925926
4 0.2506548458333333 0.6657452268518519 0.206246221875 0.6658307212962963 0.20634696770833333 0.6744371620370371 0.2506548458333333 0.6746366490740741 0.2506548458333333 0.6657452268518519
4 0.29584928489583334 0.6657452268518519 0.2690509770833333 0.6657452268518519 0.26907112656250004 0.6745796527777778 0.29580898645833337 0.674608150925926 0.29584928489583334 0.6657452268518519