1 0 0 0 1 1 1 1 0 0 0
2 0.6112114494791666 0.4629218925925926 0.6112114494791666 0.4895809574074074 0.6165611770833334 0.4895809574074074 0.6168111265624999 0.4628648805555556 0.6112114494791666 0.4629218925925926
2 0.5399617010416667 0.4832782212962963 0.5664684541666667 0.4833779935185185 0.5671638781249999 0.44337799351851853 0.5399254182291667 0.4432297601851852 0.5399617010416667 0.4832782212962963
3 0.3149546463541667 0.23178164166666668 0.30872807916666667 0.23178164166666668 0.30830880885416667 0.7120553018518518 0.314579721875 0.7122348916666666 0.3149546463541667 0.23178164166666668
3 0.3146200364583333 0.7032924740740741 0.31457165885416666 0.7122548462962963 0.3362688973958334 0.7122548462962963 0.3362688973958334 0.7034977194444445 0.3146200364583333 0.7032924740740741
3 0.39838742187500004 0.7034150509259259 0.39827050989583335 0.7124885972222222 0.4265430359375 0.7123232611111111 0.42657125572916665 0.703457811111111 0.39838742187500004 0.7034150509259259
3 0.4073412619791667 0.7034891675925925 0.41343680729166665 0.7034891675925925 0.413680709375 0.6479190425925926 0.40751662968749996 0.6477708092592593 0.4073412619791667 0.7034891675925925
3 0.40755089687499996 0.6477679592592592 0.41347309010416666 0.6478164194444445 0.4137976213541667 0.5540136833333333 0.407875428125 0.55386545 0.40755089687499996 0.6477679592592592
3 0.407875428125 0.55386545 0.4255009072916666 0.5541134546296297 0.42536182239583337 0.5327337518518518 0.4077363432291667 0.5328335231481481 0.407875428125 0.55386545
3 0.40626889739583333 0.5328677305555556 0.4062890546875 0.5390820981481481 0.40780084635416664 0.5391106046296297 0.40774037500000004 0.5328107185185185 0.40626889739583333 0.5328677305555556
3 0.5149163473958334 0.7036031925925925 0.5150010078125 0.7128249712962963 0.5417093328125 0.7125883694444445 0.5415843578125 0.7037799314814814 0.5149163473958334 0.7036031925925925
3 0.5322112479166666 0.7127423037037037 0.5321669020833333 0.7379218925925926 0.5416045151041666 0.7381698972222221 0.5415722635416667 0.7125057009259259 0.5322112479166666 0.7127423037037037
3 0.5416045151041666 0.7282212083333334 0.5415843578125 0.7380273657407408 0.5471679098958333 0.7379988601851852 0.5472082239583334 0.7282212083333334 0.5416045151041666 0.7282212083333334
3 0.5911973390625 0.7281442416666667 0.5912678895833333 0.7381442416666667 0.6037734328125001 0.7378477768518518 0.6037089296875 0.7281071833333334 0.5911973390625 0.7281442416666667
3 0.5975791171875 0.7380758268518518 0.5974400322916666 0.7533437851851852 0.6038842973958333 0.7533950972222222 0.6037089296875 0.7377793611111111 0.5975791171875 0.7380758268518518
3 0.6038137473958333 0.7432468638888888 0.6038500302083333 0.753295325 0.6088651479166667 0.7529988601851852 0.6087945979166667 0.7431470925925926 0.6038137473958333 0.7432468638888888
3 0.6386091515625 0.7432326111111112 0.6385224755208333 0.7533323833333333 0.6544869984375 0.7532896240740741 0.6544587786458334 0.7434378564814814 0.6386091515625 0.7432326111111112
3 0.6484942552083334 0.7432753703703704 0.6544487 0.7434378564814814 0.6553920578125 0.29940706944444445 0.6491231604166666 0.29940706944444445 0.6484942552083334 0.7432753703703704
3 0.6273090104166666 0.29935005740740744 0.6273815760416667 0.3083124287037037 0.6490788145833334 0.3083124287037037 0.6491271921875 0.2993158490740741 0.6273090104166666 0.29935005740740744
3 0.5827534770833334 0.3083808435185185 0.5827051 0.299144812037037 0.5666599473958333 0.2992873435185185 0.5665712557291667 0.3082782212962963 0.5827534770833334 0.3083808435185185
3 0.5665692401041666 0.29916761666666664 0.5731969359375 0.29916761666666664 0.5732312036458332 0.24985746851851853 0.5666639791666667 0.2499201824074074 0.5665692401041666 0.29916761666666664
3 0.5666216489583333 0.2585632842592593 0.5666014916666666 0.24984321574074073 0.5421064302083334 0.2496778787037037 0.5420479739583333 0.25858038796296295 0.5666216489583333 0.2585632842592593
3 0.5373795604166667 0.24992303333333332 0.5374400322916667 0.2595581527777778 0.5389921385416667 0.2596436712962963 0.5391130822916667 0.24980900833333333 0.5373795604166667 0.24992303333333332
4 0.5391130822916667 0.24980900833333333 0.5389921385416667 0.2596436712962963 0.5420076598958333 0.2596066138888889 0.5421366661458333 0.24966647685185184 0.5391130822916667 0.24980900833333333
3 0.48294093958333334 0.2495781074074074 0.48294093958333334 0.25836373981481486 0.5107478333333334 0.2584863166666667 0.5108062890625 0.24945553055555555 0.48294093958333334 0.2495781074074074
3 0.41629711770833333 0.24949543888888892 0.4164120135416667 0.2583209805555555 0.44755895989583333 0.2583209805555555 0.44767385625 0.24961801574074072 0.41629711770833333 0.24949543888888892
3 0.42269703697916666 0.25832383148148147 0.4164079822916667 0.25832383148148147 0.4163475104166666 0.41627708055555557 0.4225357791666667 0.41627708055555557 0.42269703697916666 0.25832383148148147
3 0.314964725 0.2485518814814815 0.3149365046875 0.25314994259259255 0.33911509791666666 0.2534777648148148 0.3403628302083333 0.2485518814814815 0.314964725 0.2485518814814815
3 0.34036081458333334 0.24856898518518517 0.33917153802083333 0.2535347777777778 0.3568776458333333 0.27446978333333333 0.36033057864583334 0.271761687962963 0.34036081458333334 0.24856898518518517
3 0.36033057864583334 0.271761687962963 0.3568474098958333 0.27455245185185184 0.3569381171875 0.303295325 0.36003829895833334 0.3033437851851852 0.36033057864583334 0.271761687962963
3 0.36003829895833334 0.3033409351851852 0.3568675671875 0.3032924740740741 0.3567607338541666 0.35299315833333333 0.36012900625 0.35295325 0.36003829895833334 0.3033409351851852
3 0.360126990625 0.3529503990740741 0.3567607338541666 0.35295325 0.3569139286458333 0.3808437851851852 0.3602237453125 0.38088654537037037 0.360126990625 0.3529503990740741
3 0.3602237453125 0.38088654537037037 0.3568272526041667 0.3809264537037037 0.35679903229166665 0.4078135694444444 0.36028220104166664 0.4077736601851852 0.3602237453125 0.38088654537037037
3 0.31491231614583337 0.3032839222222222 0.31491231614583337 0.3077309009259259 0.35687966145833333 0.3077309009259259 0.35690385 0.3032497148148148 0.31491231614583337 0.3032839222222222
3 0.31489619010416664 0.3483466361111111 0.31491634739583335 0.3528791333333333 0.3567425921875 0.3528791333333333 0.35676274947916664 0.3484321546296297 0.31489619010416664 0.3483466361111111
3 0.31483975 0.37888255370370366 0.31486393854166667 0.3831927027777778 0.3568312838541667 0.3830216648148148 0.3568312838541667 0.3788141388888889 0.31483975 0.37888255370370366
3 0.37371497656249997 0.4077394527777778 0.3148780489583333 0.40769954351851856 0.314908284375 0.4160718361111111 0.37371497656249997 0.41619726296296294 0.37371497656249997 0.4077394527777778
3 0.40390445468749997 0.40800171018518516 0.4038701875 0.41627708055555557 0.4163737151041667 0.41627708055555557 0.4163394479166667 0.40824686388888887 0.40390445468749997 0.40800171018518516
3 0.32168917552083337 0.4189566703703704 0.31844386197916663 0.4189566703703704 0.318262446875 0.5382554157407407 0.3211046161458333 0.5381984037037038 0.32168917552083337 0.4189566703703704
3 0.36759121145833334 0.5301026222222223 0.36759121145833334 0.5342388824074074 0.32110864739583334 0.5338968074074074 0.3210844588541667 0.5381043333333334 0.37031243697916666 0.5383181296296297 0.37020963489583336 0.5300484611111111 0.36759121145833334 0.5301026222222223
3 0.3702902640625 0.532785062962963 0.37033057864583335 0.5388568981481482 0.379744003125 0.5388283925925926 0.37972384583333335 0.5328420749999999 0.3702902640625 0.532785062962963
3 0.37050393072916665 0.4188483462962963 0.36754283385416664 0.4188483462962963 0.36754485 0.49923888240740744 0.37043539583333335 0.4993358037037037 0.37050393072916665 0.4188483462962963
3 0.3216488609375 0.4361174462962963 0.321608546875 0.4403933861111111 0.367546865625 0.4405929305555556 0.367546865625 0.4361174462962963 0.3216488609375 0.4361174462962963
3 0.4223543640625 0.41981185833333334 0.42239467864583335 0.46459521111111113 0.42546865572916664 0.4645096925925926 0.4255855671875 0.41976624814814817 0.4223543640625 0.41981185833333334
3 0.4254101994791667 0.46455245185185184 0.40660149166666665 0.46467502870370375 0.40660149166666665 0.46590649907407405 0.42544043541666665 0.46586659074074077 0.4254101994791667 0.46455245185185184
3 0.4254726869791667 0.4658865453703704 0.42474702656249996 0.4658865453703704 0.4246865552083333 0.48336088981481484 0.4254726869791667 0.48336088981481484 0.4254726869791667 0.4658865453703704
3 0.40749244114583333 0.46597206388888884 0.40662568020833334 0.4659435574074074 0.40658536562500003 0.48336088981481484 0.40749244114583333 0.48333238333333334 0.40749244114583333 0.46597206388888884
3 0.5284660348958333 0.5328819842592593 0.5284317677083333 0.561305587037037 0.5420862729166667 0.5612542759259259 0.5419814552083333 0.5330302166666667 0.5284660348958333 0.5328819842592593
3 0.53251360625 0.5612428731481481 0.528449909375 0.5612770805555556 0.5282564 0.6767958953703703 0.5322233421875 0.6766248574074074 0.53251360625 0.5612428731481481
3 0.5420076598958333 0.5330387685185185 0.5420278171875 0.5398517675925926 0.5429752067708333 0.5397947546296297 0.5430155208333333 0.5330387685185185 0.5420076598958333 0.5330387685185185
3 0.5726426124999999 0.5330900796296296 0.5727151786458333 0.5398631694444445 0.5886071354166666 0.5399657925925926 0.5884136260416667 0.5329874574074074 0.5726426124999999 0.5330900796296296
3 0.5884136260416667 0.5329760546296296 0.5886313244791667 0.5402622574074074 0.6020076598958333 0.5403306731481482 0.6019834708333334 0.5326681870370371 0.5884136260416667 0.5329760546296296
3 0.6270570447916667 0.5330216648148148 0.6271155010416667 0.54 0.6446764765625 0.54 0.6446180203124999 0.5330216648148148 0.6270570447916667 0.5330216648148148
3 0.6102156822916667 0.49091220092592586 0.61039105 0.49509977222222223 0.6457105421875 0.4950028509259259 0.6457105421875 0.4910604333333334 0.6102156822916667 0.49091220092592586
3 0.6422858296875 0.4909549601851852 0.6457327151041666 0.4909264537037037 0.6457730296875 0.44277080925925927 0.6424067729166667 0.4427993157407407 0.6422858296875 0.4909549601851852
3 0.6423664583333333 0.4469042185185185 0.642386615625 0.44285632870370367 0.6121830276041667 0.44283067314814817 0.6121427130208333 0.446992587962963 0.6423664583333333 0.4469042185185185
3 0.6121830276041667 0.44283067314814817 0.6152469260416668 0.4427451537037037 0.6152610359375 0.4266989740740741 0.61206813125 0.4266989740740741 0.6121830276041667 0.44283067314814817
3 0.6452811932291667 0.4268072972222222 0.6453053817708334 0.4218814138888889 0.5733198953124999 0.4216419611111111 0.5733198953124999 0.4263626 0.6452811932291667 0.4268072972222222
3 0.5762749447916666 0.4263397944444444 0.5732715177083333 0.4264253138888889 0.573291675 0.49509692129629623 0.5762144729166666 0.49509692129629623 0.5762749447916666 0.4263397944444444
3 0.5762467244791666 0.49066134537037037 0.5762467244791666 0.49502280462962966 0.5880588588541666 0.4951368305555556 0.5880185447916666 0.49066134537037037 0.5762467244791666 0.49066134537037037
3 0.5773231203125 0.4957525657407408 0.5724853859375 0.4957525657407408 0.5723039708333334 0.5331242870370371 0.5773029630208334 0.53295325 0.5773231203125 0.4957525657407408
3 0.5665591614583333 0.47662485740740745 0.5664986895833334 0.48340934999999996 0.5726063291666666 0.48338084351851857 0.5726063291666666 0.47659635092592595 0.5665591614583333 0.47662485740740745
3 0.5343680708333333 0.48343785648148146 0.5388026609375001 0.483352337962963 0.5389840760416666 0.35880843796296297 0.5343680708333333 0.35880843796296297 0.5343680708333333 0.48343785648148146
3 0.514001209375 0.3587172175925926 0.5392178994791668 0.3587172175925926 0.5391251765625 0.3415564425925926 0.5139205807291667 0.3413483462962963 0.514001209375 0.3587172175925926
3 0.538842975 0.47665336388888885 0.5388026609375001 0.48332383148148145 0.5399919369791667 0.483352337962963 0.5399717796875 0.47665336388888885 0.538842975 0.47665336388888885
3 0.566643821875 0.299657925 0.5320782098958333 0.29969213240740744 0.5321265875 0.3079361462962963 0.5665470671875 0.3080729759259259 0.566643821875 0.299657925
3 0.535091715625 0.308067275 0.5321165088541666 0.30793044444444445 0.5320338640625 0.3373033064814815 0.5350776052083333 0.33744583796296296 0.535091715625 0.308067275
3 0.4950594640625 0.33083808425925926 0.495099778125 0.33753705833333336 0.5320540213541667 0.3373033064814815 0.5319532354166667 0.33328392222222225 0.4982644630208333 0.33314709259259256 0.4982241484375 0.33072405925925924 0.4950594640625 0.33083808425925926
3 0.547288853125 0.2586088935185185 0.5472082239583334 0.29960091203703704 0.5504535374999999 0.29960091203703704 0.5504938520833333 0.2586088935185185 0.547288853125 0.2586088935185185
3 0.49586776875 0.25838084351851853 0.49584761145833334 0.2642246296296296 0.49826647864583334 0.2642531361111111 0.49824632135416663 0.2584378564814815 0.49586776875 0.25838084351851853
3 0.5914412416666667 0.6814538194444445 0.5914130213541667 0.6860119722222222 0.5995988713541667 0.6860119722222222 0.5995686354166666 0.6814965796296296 0.5914412416666667 0.6814538194444445
3 0.5995646041666667 0.6815051314814815 0.5996210442708333 0.6876624861111111 0.6485023182291666 0.6873745722222223 0.6485305380208334 0.6816676166666666 0.5995646041666667 0.6815051314814815
3 0.6027272729166667 0.6876624861111111 0.5992441041666667 0.687619725925926 0.5991574281250001 0.6991134546296297 0.6028441848958334 0.6991562148148148 0.6027272729166667 0.6876624861111111
3 0.5473412619791667 0.6814481185185185 0.5318363234375 0.681413911111111 0.5318605119791667 0.6857240592592593 0.5473896390624999 0.685621437037037 0.5473412619791667 0.6814481185185185
3 0.5346583348958334 0.685741162962963 0.5318524489583333 0.685741162962963 0.5318826848958333 0.7036801592592592 0.5345817375 0.7036374000000001 0.5346583348958334 0.685741162962963
3 0.41634347916666664 0.24959521111111113 0.4054061682291667 0.24949543888888892 0.40537190104166665 0.2583124287037037 0.4163777463541667 0.25841220092592593 0.41634347916666664 0.24959521111111113
3 0.40890949427083334 0.258352337962963 0.40540213645833334 0.25832383148148147 0.40534166510416664 0.36582098055555556 0.4088893369791667 0.3657639685185185 0.40890949427083334 0.258352337962963
3 0.40888732135416667 0.3658095777777778 0.4053356177083333 0.3658095777777778 0.40542632552083335 0.40797890555555555 0.40878653489583333 0.4081157351851852 0.40888732135416667 0.3658095777777778
3 0.40893368281250003 0.3637628277777778 0.40893368281250003 0.3679361462962963 0.4163596046875 0.36800456111111113 0.41633541614583336 0.36386545000000003 0.40893368281250003 0.3637628277777778
4 0.33638984062500005 0.6977736601851852 0.33630518020833333 0.711989737962963 0.39828260416666666 0.7121493731481481 0.39833904479166665 0.6981299888888889 0.33638984062500005 0.6977736601851852
4 0.426585365625 0.6978933861111112 0.426585365625 0.7122862027777778 0.5149828661458333 0.7122862027777778 0.5148216083333333 0.6984663629629629 0.426585365625 0.6978933861111112
4 0.54722838125 0.7292189277777777 0.5471880666666666 0.7378278222222222 0.5911308203125 0.7377137972222222 0.5911711348958334 0.7291619157407407 0.54722838125 0.7292189277777777
4 0.547292884375 0.6762143675925926 0.5473412619791667 0.6865108324074074 0.59135255 0.6864025083333333 0.5913888328125 0.6764880277777778 0.547292884375 0.6762143675925926
4 0.6088288651041667 0.7431100342592593 0.6088873213541667 0.7531271379629629 0.6384640192708333 0.7530444694444445 0.6385224755208333 0.7432753703703704 0.6088288651041667 0.7431100342592593
2 0.49165490833333336 0.2642246296296296 0.49181616614583334 0.3308437851851852 0.4960290265625 0.33078677314814814 0.4959080828125 0.2642246296296296 0.49165490833333336 0.2642246296296296
4 0.44765974583333334 0.24985176759259256 0.44746623645833333 0.2646294185185185 0.48285426302083334 0.2645267962962963 0.4829268291666667 0.24981756018518517 0.44765974583333334 0.24985176759259256
4 0.5107841161458333 0.24997149351851855 0.5107236442708333 0.25929304444444445 0.5374319692708334 0.2592075259259259 0.537351340625 0.24994298703703702 0.5107841161458333 0.24997149351851855
4 0.5828744203125 0.29924743425925926 0.5826809109375 0.31395667037037034 0.6273130416666667 0.3139680731481481 0.6273090104166666 0.2995210944444444 0.5828744203125 0.29924743425925926
2 0.37376536979166664 0.4111231472222222 0.4038601088541667 0.4111231472222222 0.4038601088541667 0.3664965796296296 0.37397702083333334 0.36687571296296295 0.37376536979166664 0.4111231472222222
2 0.37092320104166665 0.529994299074074 0.37096553125000004 0.49931584907407406 0.3457609354166667 0.49896237129629634 0.3459181614583333 0.5303021666666667 0.37092320104166665 0.529994299074074
2 0.406252771875 0.5328563287037037 0.37975206614583334 0.5328164194444445 0.379868978125 0.5722633981481482 0.40628300729166666 0.5725114027777778 0.406252771875 0.5328563287037037
2 0.57264664375 0.5331527935185185 0.5430155208333333 0.5330216648148148 0.5426143921875001 0.5769298749999999 0.57270913125 0.5774258833333333 0.57264664375 0.5331527935185185
2 0.6030054427083333 0.7279960092592592 0.6031808104166667 0.6992303305555556 0.5905019151041666 0.6991790194444444 0.5905704494791667 0.7280444694444445 0.6030054427083333 0.7279960092592592
2 0.5880628906250001 0.4957126564814815 0.6102580125 0.4958893953703704 0.6101330375 0.4676339796296296 0.587937915625 0.4676938425925926 0.5880628906250001 0.4957126564814815