1 0 0 0 1 1 1 1 0 0 0
3 0.2392259625 0.7119726342592593 0.2563475104166667 0.7119640824074074 0.25627897604166666 0.7050142527777777 0.23431566197916667 0.705057012962963 0.23421286041666667 0.7197405925925926 0.2391312234375 0.7197405925925926 0.2392259625 0.7119726342592593
3 0.34711550104166666 0.66522805 0.34920580520833333 0.665054162037037 0.34945172343750003 0.7049914481481482 0.33338439843749995 0.7052252 0.3333420682291666 0.7119469787037037 0.3546563192708333 0.7117730898148148 0.3544224953125 0.6642360314814815 0.3659483973958333 0.6639595212962963 0.36572666822916666 0.6574600916666667 0.3520459583333333 0.6572976055555555 0.3515984682291667 0.5391676166666667 0.34708929635416663 0.5391106046296297 0.34711550104166666 0.66522805
3 0.4599637171875 0.40708665925925924 0.44264664375 0.4071322694444445 0.44281596458333333 0.4144754842592593 0.45449909270833333 0.41442702407407406 0.4549566619791667 0.4846465222222222 0.4069663375 0.48509122037037034 0.4069522276041667 0.41430159629629626 0.4191816166666667 0.41430159629629626 0.4191816166666667 0.4070068416666667 0.40159040520833333 0.40681584907407403 0.4016932067708333 0.47436716111111116 0.37996976406250005 0.4740763972222223 0.37979842760416666 0.43842930462962965 0.3710542229166667 0.4385262259259259 0.37139689583333335 0.44562713796296294 0.37447087291666664 0.44577252037037035 0.3744487 0.48198118611111107 0.4016649869791667 0.4815735462962963 0.4017053015625 0.49270239444444447 0.42855271093749997 0.4925285064814815 0.428645434375 0.6575399083333333 0.41467446093750004 0.6575883694444444 0.41460794218749997 0.6644469787037037 0.433872203125 0.6643500574074074 0.4335678291666667 0.4928819842592593 0.4601028020833333 0.49253420740740744 0.4601511791666667 0.481878562962963 0.4874904255208333 0.48158779907407406 0.4872686958333333 0.445795325 0.4904777260416667 0.44575256574074074 0.49036484583333334 0.43848346666666665 0.4821810119791667 0.43851197222222227 0.4820721630208334 0.47444412777777784 0.4599737958333333 0.4739338657407407 0.4599637171875 0.40708665925925924
3 0.48447288854166665 0.3240108324074074 0.40413827864583335 0.3238939564814815 0.4040556338541667 0.3313711518518519 0.4896371697916667 0.33125427592592593 0.489419471875 0.2301995435185185 0.40118121354166664 0.2301995435185185 0.40131021979166664 0.2375855185185185 0.4842652692708333 0.2376966935185185 0.48447288854166665 0.3240108324074074
3 0.38071759739583333 0.32414481203703704 0.36118121354166666 0.3238939564814815 0.3608849020833333 0.2375855185185185 0.38048175781250004 0.2379218925925926 0.38054021354166667 0.23015678425925926 0.35557347291666663 0.22999144814814815 0.35557347291666663 0.33140535925925924 0.38089498072916667 0.33140535925925924 0.38071759739583333 0.32414481203703704
3 0.5201229588541667 0.4383437851851852 0.5139447692708333 0.43846351203703704 0.5140294296875 0.4457098064814815 0.5255573473958334 0.4457468638888889 0.5253759322916667 0.32403648796296297 0.5036867567708333 0.32403648796296297 0.5037492442708333 0.3314709231481482 0.5199496067708334 0.3314310148148148 0.5201229588541667 0.4383437851851852
2 0.21773835937500002 0.3837856324074074 0.217933884375 0.3540678453703704 0.1938399515625 0.3537970351851852 0.19375327552083332 0.38370581574074075 0.21773835937500002 0.3837856324074074
2 0.23095746822916666 0.49897092314814817 0.25260229791666666 0.49879988611111115 0.25257004635416663 0.46556442407407406 0.2306752671875 0.4660746861111111 0.23095746822916666 0.49897092314814817
2 0.16743196927083334 0.47815564444444447 0.1858435796875 0.47797890555555556 0.18572062083333335 0.45009122037037036 0.167746421875 0.4509720638888889 0.16743196927083334 0.47815564444444447
2 0.23734932447916668 0.5397405925925927 0.21404555520833332 0.5396123148148148 0.21420681302083333 0.5757753703703704 0.23708929635416667 0.5757753703703704 0.23734932447916668 0.5397405925925927
2 0.17174158437499998 0.6821265675925926 0.17160249947916667 0.7050826685185185 0.18797419895833334 0.7048774231481482 0.1875529125 0.6817246296296297 0.17174158437499998 0.6821265675925926
2 0.37304978854166665 0.5392816416666667 0.3515984682291667 0.5391676166666667 0.35172949010416665 0.5749914481481482 0.37342471250000003 0.5748061574074075 0.37304978854166665 0.5392816416666667
2 0.37311630729166667 0.5002451537037037 0.3730780083333334 0.5254732037037038 0.392195121875 0.5248517675925927 0.3927978229166667 0.5007611175925926 0.37311630729166667 0.5002451537037037
2 0.3479359 0.4424372861111111 0.37140294270833335 0.4424372861111111 0.37117113489583337 0.40775085555555557 0.34769804479166666 0.40775085555555557 0.3479359 0.4424372861111111
2 0.38089498072916667 0.33140535925925924 0.4040556338541667 0.3313711518518519 0.40411409010416666 0.2963055870370371 0.3808808708333334 0.296476625 0.38089498072916667 0.33140535925925924
4 0.3189619026041666 0.3238112888888889 0.29863938697916664 0.3236088935185185 0.2985547270833333 0.3303335231481481 0.3190203588541667 0.33041334074074075 0.3189619026041666 0.3238112888888889
4 0.29308808697916666 0.3236088935185185 0.2790546260416667 0.3236202962962963 0.2790546260416667 0.33026225740740744 0.2931183229166667 0.3303335231481481 0.29308808697916666 0.3236088935185185
4 0.2527413828125 0.3431299888888889 0.2178976010416667 0.3433979472222222 0.21766982447916666 0.3500142527777778 0.2524289458333333 0.34991733148148146 0.2527413828125 0.3431299888888889
4 0.20830477708333334 0.34307297592592595 0.18810320520833335 0.34323831203703703 0.18810320520833335 0.3502508555555555 0.20825236822916665 0.34986031944444446 0.20830477708333334 0.34307297592592595
4 0.16934489010416665 0.7126368305555556 0.15018141510416666 0.7127337518518518 0.15038701875 0.7197348916666666 0.16927635572916666 0.7199287342592593 0.16934489010416665 0.7126368305555556
4 0.185807296875 0.719831812962963 0.23421286041666667 0.7197405925925926 0.23419471875 0.7126567842592593 0.185807296875 0.7126852907407407 0.185807296875 0.719831812962963
4 0.33338439843749995 0.7052252 0.25627897604166666 0.7050142527777777 0.2563475104166667 0.7119640824074074 0.3333420682291666 0.7119469787037037 0.33338439843749995 0.7052252
4 0.3418222130208333 0.33161630555555555 0.35557347291666663 0.33140535925925924 0.3556863536458333 0.32402793611111114 0.34204595833333334 0.3238683009259259 0.3418222130208333 0.33161630555555555
4 0.5037492442708333 0.3314709231481482 0.5036867567708333 0.32403648796296297 0.48962507552083334 0.32402793611111114 0.4896371697916667 0.33125427592592593 0.5037492442708333 0.3314709231481482
4 0.40118121354166664 0.2301995435185185 0.38054021354166667 0.23015678425925926 0.38048175781250004 0.2379218925925926 0.40131021979166664 0.2375855185185185 0.40118121354166664 0.2301995435185185
4 0.3189578713541667 0.38383694444444444 0.28450110885416663 0.3836887111111111 0.28423906458333337 0.39486031944444444 0.31908083072916665 0.3943700111111111 0.3189578713541667 0.38383694444444444
4 0.25257004635416663 0.38383694444444444 0.21773835937500002 0.3837856324074074 0.21784720833333332 0.39449258796296294 0.2524289458333333 0.39486031944444444 0.25257004635416663 0.38383694444444444
4 0.18588994166666667 0.6774515388888889 0.23418060885416667 0.6774144814814814 0.23429550468750002 0.6668728620370371 0.18604515208333333 0.6671721777777778 0.18588994166666667 0.6774515388888889
4 0.256385809375 0.6645866592592593 0.333422696875 0.6646322694444444 0.33322314062499997 0.6536431018518518 0.2564241078125 0.6533922462962963 0.256385809375 0.6645866592592593
4 0.3659483973958333 0.6639595212962963 0.41460794218749997 0.6644469787037037 0.41485385989583334 0.6537314712962963 0.36579721822916667 0.6538540481481482 0.3659483973958333 0.6639595212962963
3 0.33790767968749996 0.4990649944444444 0.3373392463541667 0.4456043333333333 0.3368857083333333 0.4455444694444444 0.3368332994791666 0.4449258833333333 0.33488006458333336 0.44500855185185184 0.3348760328125 0.4951738879629629 0.319165490625 0.4952679592592593 0.31927030833333336 0.499258837037037 0.33790767968749996 0.4990649944444444
3 0.27812134635416663 0.34570125462962964 0.27812134635416663 0.33034777685185185 0.2755674260416667 0.3302679592592592 0.2755674260416667 0.34159635092592594 0.2575125984375 0.34163626018518517 0.25754081822916663 0.345741162962963 0.27812134635416663 0.34570125462962964
3 0.319423503125 0.35185860925925927 0.3368978026041667 0.3518215509259259 0.33678089114583337 0.3477565564814815 0.32218101197916665 0.3477565564814815 0.32218101197916665 0.33055872314814816 0.319423503125 0.33055872314814816 0.319423503125 0.35185860925925927
3 0.33678089114583337 0.3837998861111111 0.3189578713541667 0.38383694444444444 0.31892965104166665 0.39069555277777773 0.33678089114583337 0.3906527935185185 0.33678089114583337 0.3837998861111111
3 0.25768191875 0.3904190425925926 0.2843559765625 0.3904190425925926 0.28450110885416663 0.3836887111111111 0.25779681510416663 0.38372862037037037 0.25779681510416663 0.382785062962963 0.25257206197916665 0.38286773055555556 0.25263656510416665 0.49946978333333336 0.25772223333333333 0.49932440092592595 0.25768191875 0.3904190425925926
3 0.21773835937500002 0.3837856324074074 0.19027816979166667 0.38386830092592594 0.1902882484375 0.3906385407407408 0.21779479947916666 0.3903534777777778 0.21773835937500002 0.3837856324074074
3 0.1489195729166667 0.4259150509259259 0.15619633125 0.4256043333333333 0.15636766770833335 0.3959806157407407 0.18581737552083333 0.39557867685185183 0.1858395484375 0.39218928148148147 0.15628703906250002 0.39210376296296295 0.15632936927083335 0.38993443518518517 0.15385003020833335 0.38999429907407407 0.1536424109375 0.4219127703703704 0.1436444265625 0.4219441277777778 0.14360411197916667 0.42593215462962963 0.1462225359375 0.4259036490740741 0.14631525885416666 0.47439281666666666 0.14355775052083333 0.4743244009259259 0.14355775052083333 0.4783950972222222 0.16743196927083334 0.47815564444444447 0.16739367083333334 0.4742730898148148 0.14908284635416666 0.47440992037037033 0.1489195729166667 0.4259150509259259
3 0.16488611145833335 0.5395667046296296 0.14349324739583333 0.5397263398148148 0.14352348333333334 0.5438740018518519 0.16494456770833335 0.543751425 0.16488611145833335 0.5395667046296296
3 0.20843378333333332 0.499258837037037 0.23095746822916666 0.49897092314814817 0.2310018140625 0.49429874537037033 0.19046563177083334 0.4947006842592593 0.19055230781250002 0.49897092314814817 0.2053860109375 0.49913340925925925 0.20536786927083334 0.539945837962963 0.18650070572916666 0.5402023944444444 0.18648054843749998 0.5435091222222223 0.21405563385416665 0.5437656787037037 0.21404555520833332 0.5396123148148148 0.2084841765625 0.5395838083333333 0.20843378333333332 0.499258837037037
3 0.17174158437499998 0.6774971490740741 0.17174158437499998 0.6821265675925926 0.17686151979166667 0.681929875 0.1767929854166667 0.6775456101851852 0.17174158437499998 0.6774971490740741
3 0.17696633750000001 0.7124714935185185 0.17686151979166667 0.7050826685185185 0.17160249947916667 0.7050826685185185 0.17163676666666666 0.7126197259259259 0.17696633750000001 0.7124714935185185
3 0.2377484380208333 0.6701140250000001 0.23421890729166667 0.67022805 0.23418060885416667 0.6774144814814814 0.24204192708333333 0.6771265675925926 0.24211247708333333 0.6645182444444444 0.256385809375 0.6645866592592593 0.25625075572916667 0.6573945268518518 0.24228381354166664 0.6572462944444445 0.2420983671875 0.539198974074074 0.23729086875000002 0.5390992018518518 0.2377484380208333 0.6701140250000001
3 0.333422696875 0.6646322694444444 0.34713162656249996 0.6645724055555555 0.34712759531250004 0.6574116305555555 0.333422696875 0.6575399083333333 0.333422696875 0.6646322694444444
3 0.37598468072916663 0.5500712657407407 0.3757911713541667 0.5252366018518518 0.3730780083333334 0.5254732037037038 0.3730780083333334 0.55386545 0.4284922395833333 0.553976625 0.4284640192708334 0.5500370583333334 0.37598468072916663 0.5500712657407407
3 0.37309615 0.48114310185185183 0.37311630729166667 0.5002451537037037 0.3758153598958333 0.5002166472222223 0.3758556744791666 0.49808152777777775 0.42849022395833336 0.49824401388888884 0.4285144125 0.49423603148148143 0.37562991354166664 0.49435575833333334 0.3754988911458333 0.4820210944444444 0.3744487 0.48198118611111107 0.3744043541666667 0.4810575824074074 0.37309615 0.48114310185185183
3 0.3770046359375 0.4384378564814815 0.37979842760416666 0.43842930462962965 0.379673453125 0.38831812962962964 0.39976012916666664 0.3882782212962963 0.4111288046875 0.40469783333333337 0.4111550088541666 0.4068557583333333 0.4141564203125 0.40688996574074077 0.4140516026041666 0.40294754814814815 0.4007821005208333 0.3844270240740741 0.37709534375 0.3844270240740741 0.3770046359375 0.4384378564814815
3 0.5040193510416667 0.35124572407407406 0.5198649463541667 0.35127423055555557 0.5199153395833334 0.34720638518518515 0.5067607338541666 0.3472947546296296 0.5067224348958334 0.3315450398148148 0.5040193510416667 0.3315450398148148 0.5040193510416667 0.35124572407407406
3 0.4473835921875 0.40676453796296297 0.450580528125 0.4070439 0.45023583958333335 0.4046094638888889 0.459481959375 0.3914623712962963 0.4796492640625 0.39153078703703703 0.47984277343750004 0.4386259981481481 0.48510380989583335 0.4385404787037037 0.4847631526041667 0.38395096944444446 0.4606631729166667 0.38422747962962966 0.4472848213541667 0.4038426453703704 0.4473835921875 0.40676453796296297
3 0.3480346703125 0.4457782212962963 0.3480346703125 0.43858893981481484 0.3422979239583333 0.4384720638888889 0.34204595833333334 0.3238683009259259 0.3189619026041666 0.3238112888888889 0.3190203588541667 0.33041334074074075 0.33677887500000003 0.330735462037037 0.3368857083333333 0.4455444694444444 0.3480346703125 0.4457782212962963
3 0.29863938697916664 0.3236088935185185 0.29308808697916666 0.3236088935185185 0.2931183229166667 0.3303335231481481 0.2985547270833333 0.3303335231481481 0.29863938697916664 0.3236088935185185
3 0.2790546260416667 0.3236202962962963 0.25253174739583334 0.3234464083333333 0.2524289458333333 0.34991733148148146 0.2576698244791667 0.350114025 0.25747833072916665 0.33026225740740744 0.2790546260416667 0.33026225740740744 0.2790546260416667 0.3236202962962963
3 0.217933884375 0.3540678453703704 0.2178976010416667 0.3433979472222222 0.20830477708333334 0.34307297592592595 0.20825236822916665 0.34986031944444446 0.21301552083333333 0.35001140277777776 0.21308204010416668 0.353976625 0.217933884375 0.3540678453703704
3 0.1436444265625 0.6775855185185186 0.18588994166666667 0.6774515388888889 0.186002821875 0.6703648805555555 0.1434509171875 0.6702822120370371 0.14366861510416667 0.3899800453703704 0.18592622447916665 0.3898061574074074 0.18550090729166666 0.49932155092592595 0.19048377343749998 0.49932155092592595 0.1902297921875 0.3827679592592592 0.18363434791666666 0.3828848342592593 0.18359403333333332 0.3501339796296296 0.18810320520833335 0.3502508555555555 0.18810320520833335 0.34323831203703703 0.17908486197916668 0.34329532500000004 0.17878451927083333 0.38198688703703704 0.13820399114583332 0.38200684166666665 0.1381576296875 0.7198403648148148 0.15038701875 0.7197348916666666 0.15018141510416666 0.7127337518518518 0.14346301145833334 0.7124914481481481 0.1436444265625 0.6775855185185186
3 0.185807296875 0.7126852907407407 0.16934489010416665 0.7126368305555556 0.16927635572916666 0.7199287342592593 0.185807296875 0.719831812962963 0.185807296875 0.7126852907407407