3 0.5746987708333333 0.15587346851851852 0.5747169052083334 0.15053861481481481 0.5753193635416667 0.15053291574074074 0.5752669755208333 0.145773725 0.5673262140625001 0.14573667685185185 0.5672959901041666 0.15060986018518518 0.5715937942708333 0.15064120833333333 0.5715937942708333 0.15587346851851852 0.5746987708333333 0.15587346851851852
3 0.5477191213541667 0.33599031018518516 0.5449284708333334 0.335961812037037 0.5450372760416666 0.31066970648148146 0.5636792260416666 0.3105443148148148 0.5636792260416666 0.3192704472222222 0.5654221239583334 0.3192704472222222 0.5655571229166667 0.3129467083333333 0.5718053598958334 0.31297520648148147 0.571815434375 0.30833285833333335 0.5450372760416666 0.30826731296296295 0.5450816036458334 0.17915075555555557 0.5546483979166666 0.17908805925925927 0.5546483979166666 0.17478768888888888 0.5449466046875 0.17478768888888888 0.5449929479166666 0.15069820462962963 0.5558553296875 0.15063265925925926 0.5558553296875 0.145765175 0.5415494661458333 0.1458278712962963 0.5416381218749999 0.3405158166666667 0.5477191213541667 0.3404787685185185 0.5477191213541667 0.33599031018518516
3 0.7555792869791667 0.6907324027777778 0.75570018125 0.6026731259259259 0.7322526697916667 0.6026360787037036 0.7322627442708334 0.6109318898148147 0.7498287328125 0.6109176407407407 0.7498287328125 0.6906811055555556 0.7555792869791667 0.6907324027777778
3 0.6192303041666667 0.17478768888888888 0.6192162 0.17917925370370372 0.6437295989583334 0.17914790555555554 0.6437295989583334 0.17464234814814814 0.6192303041666667 0.17478768888888888
3 0.6040902682291667 0.23535765185185184 0.6167177109375 0.23531205462962965 0.6166753979166667 0.23311484722222223 0.6040842234375 0.23311484722222223 0.6040902682291667 0.23535765185185184
3 0.6715434213541667 0.1648275861111111 0.6647269796875 0.16477628981481482 0.6646886963541667 0.16720148148148148 0.6715212572916667 0.1672470787037037 0.6715434213541667 0.1648275861111111
3 0.7100463427083333 0.07862923888888888 0.7100302234375 0.07781134259259259 0.7288031432291666 0.0777514962962963 0.7287386661458334 0.07338273055555555 0.7070824098958333 0.07347392407407408 0.7070803947916667 0.07869478518518519 0.7100463427083333 0.07862923888888888
3 0.65418496875 0.12842120277777777 0.6542111625 0.1104873185185185 0.6524783395833332 0.11049016851851852 0.6524783395833332 0.13076090092592593 0.6599274630208334 0.13072385277777776 0.6599274630208334 0.12842120277777777 0.65418496875 0.12842120277777777
3 0.6600040296874999 0.11050726666666666 0.6596050776041668 0.19073240277777778 0.7265806973958333 0.19101453425925924 0.7266008463541667 0.18888287222222222 0.6613237958333333 0.18910230833333333 0.6614769291666666 0.10857224259259259 0.6436328833333333 0.10857224259259259 0.6437094499999999 0.16014534074074074 0.6462280880208334 0.1600968935185185 0.6461092083333334 0.11050726666666666 0.6600040296874999 0.11050726666666666
3 0.7199214187499999 0.23025363333333335 0.7266048760416666 0.23029923055555557 0.7265686078125 0.22831860925925926 0.7199214187499999 0.22836990555555556 0.7199214187499999 0.23025363333333335
3 0.7458875682291667 0.2528270166666667 0.7442957890625 0.2528270166666667 0.7442937739583333 0.2559276148148148 0.7458875682291667 0.25591336574074075 0.7458875682291667 0.2528270166666667
3 0.7459097317708333 0.2332972361111111 0.7561354020833334 0.23331148518518519 0.7561394317708333 0.23073240277777776 0.7458573442708333 0.23073240277777776 0.7458089864583334 0.2191222574074074 0.744281684375 0.2191222574074074 0.744344146875 0.23622684537037036 0.7459016723958333 0.2362068962962963 0.7459097317708333 0.2332972361111111
3 0.7458734635416667 0.20229980092592595 0.7458996572916666 0.19153889999999998 0.7561716703125001 0.19135936203703705 0.7561595807291667 0.18910230833333333 0.7428873666666667 0.18907951018518518 0.7428732619791667 0.19146765462962964 0.7443219828125 0.19150470185185184 0.7442695947916668 0.20229980092592595 0.7458734635416667 0.20229980092592595
3 0.7470058432291666 0.304813337037037 0.7469655447916667 0.3082958111111111 0.7586459802083334 0.3082958111111111 0.7586459802083334 0.291929325 0.7561273421875 0.291929325 0.7562442072916667 0.30475919074074076 0.7470058432291666 0.304813337037037
3 0.6961656255208334 0.30831290925925925 0.7253354828125 0.3083414074074074 0.7252931692708333 0.3047905388888889 0.6960548057291667 0.30485323425925925 0.6961656255208334 0.30831290925925925
3 0.6600564177083333 0.3083670564814815 0.6743642958333333 0.3082929611111111 0.6743381020833333 0.3046964944444444 0.6599959703124999 0.30478483888888885 0.6600564177083333 0.3083670564814815
4 0.7450674994791666 0.33593331388888886 0.7226798307291666 0.33589056666666667 0.7226999796875 0.3420974638888889 0.7450775739583333 0.34212596203703705 0.7450674994791666 0.33593331388888886
3 0.7116502114583334 0.30475919074074076 0.7116502114583334 0.25591336574074075 0.6833346765625 0.25591336574074075 0.6833729598958332 0.25849529814814814 0.7098609713541666 0.25844400092592595 0.7098247026041666 0.30475919074074076 0.7116502114583334 0.30475919074074076
3 0.6627705015625001 0.20485608425925927 0.6831875880208333 0.20474779166666665 0.6832621395833333 0.23025363333333335 0.6849002619791666 0.23025363333333335 0.6849002619791666 0.19310344814814814 0.7183921015625 0.19310344814814814 0.7184303848958333 0.22777429444444444 0.69659883125 0.22782844074074074 0.69659883125 0.23025363333333335 0.7199214187499999 0.23025363333333335 0.7199939552083333 0.19089199166666668 0.6831875880208333 0.19083784537037038 0.6832238567708333 0.20243089166666667 0.6628087848958334 0.20237674537037037 0.6628450536458333 0.19073240277777778 0.6596050776041668 0.19073240277777778 0.6594559739583333 0.23046167037037038 0.6627342333333334 0.23046167037037038 0.6627705015625001 0.20485608425925927
3 0.6405420109375 0.10857224259259259 0.6405420109375 0.16014534074074074 0.6437094499999999 0.16014534074074074 0.6436328833333333 0.10857224259259259 0.6614769291666666 0.10857224259259259 0.6613237958333333 0.18910230833333333 0.7266008463541667 0.18888287222222222 0.7266008463541667 0.18440296388888888 0.66472295 0.1842918212962963 0.6646443682291667 0.1082445138888889 0.6715978239583333 0.10835565648148147 0.6715212572916667 0.1672470787037037 0.7103022364583332 0.1670304925925926 0.7102236552083333 0.1470333425925926 0.7070562161458334 0.1470333425925926 0.7070562161458334 0.16255058425925925 0.6747652630208333 0.16265887685185185 0.6746886963541667 0.10846394999999999 0.7070562161458334 0.10857224259259259 0.7071347973958333 0.12387004814814814 0.710378803125 0.12397834166666667 0.7103022364583332 0.10168993981481482 0.7070562161458334 0.10168993981481482 0.7070562161458334 0.10376745555555557 0.6209208140625001 0.10398404074074073 0.6209208140625001 0.11819036759259259 0.6241648197916666 0.11819036759259259 0.6241648197916666 0.10857224259259259 0.6405420109375 0.10857224259259259
3 0.6192464234375 0.1506070101851852 0.6242716098958333 0.1506070101851852 0.6242151921875 0.13447135925925927 0.6208623817708333 0.13447135925925927 0.6208643963541667 0.14579082314814815 0.6192262744791667 0.14585066944444444 0.6192464234375 0.1506070101851852
3 0.6961656255208334 0.30831290925925925 0.6961656255208334 0.312884012962963 0.7253576463541667 0.31297805648148147 0.7253354828125 0.3083414074074074 0.6961656255208334 0.30831290925925925
3 0.6600564177083333 0.3083670564814815 0.6600322385416667 0.31297805648148147 0.6743381020833333 0.31297805648148147 0.6743642958333333 0.3082929611111111 0.6600564177083333 0.3083670564814815
3 0.611638121875 0.3083471074074074 0.5981019546875 0.30830151018518515 0.5981341932291666 0.3129125111111111 0.611638121875 0.3130008546296296 0.611638121875 0.3083471074074074
4 0.2842232520833334 0.28204901666666665 0.23569615156249998 0.28204901666666665 0.23571428593750002 0.29022228518518517 0.284166834375 0.2900940435185185 0.2842232520833334 0.28204901666666665
4 0.22542212395833333 0.2884155027777778 0.1992645578125 0.2883043601851852 0.1992665723958333 0.296355087037037 0.22549264583333334 0.29626674259259256 0.22542212395833333 0.2884155027777778
4 0.1917831958333333 0.31845255092592595 0.17839411666666666 0.31837560555555555 0.17838605677083336 0.32307495 0.1917932703125 0.3231034481481482 0.1917831958333333 0.31845255092592595
2 0.185859359375 0.16265602777777777 0.1992162 0.16267027685185184 0.19915575260416668 0.14228555185185185 0.18583920989583333 0.14241094351851852 0.185859359375 0.16265602777777777
2 0.20441668333333332 0.13886577407407405 0.20443481770833336 0.1581333712962963 0.21946000416666667 0.1581761185185185 0.21946403385416666 0.13891707037037038 0.20441668333333332 0.13886577407407405
3 0.17839411666666666 0.31837560555555555 0.1762180135416667 0.31837560555555555 0.17628249062499998 0.29416357962962963 0.19417690937499998 0.29422342592592593 0.19419705833333334 0.3018153324074074 0.19597219427083334 0.30179538333333333 0.19594398541666666 0.29635793703703706 0.19928672187500002 0.2964120833333333 0.19930687083333334 0.2920233685185185 0.17634696770833333 0.29215161018518515 0.17630666927083333 0.162698775 0.185859359375 0.16265602777777777 0.18585532968750001 0.15831575925925925 0.17628249062499998 0.15831575925925925 0.17632480364583333 0.1366942148148148 0.18801128333333333 0.13666571666666666 0.1879891192708333 0.13187802777777777 0.17296191822916668 0.13187802777777777 0.17298408229166667 0.3230692509259259 0.17839411666666666 0.3231005981481481 0.17839411666666666 0.31837560555555555
3 0.20441668333333332 0.13886577407407405 0.2078057625 0.1389028212962963 0.2078057625 0.13667141666666666 0.20842635520833333 0.13667141666666666 0.20845254895833334 0.13187802777777777 0.19957888385416667 0.13187802777777777 0.19957888385416667 0.13673126203703703 0.20441668333333332 0.13670846388888888 0.20441668333333332 0.13886577407407405
3 0.2895990328125 0.131929325 0.2635361677083333 0.1318039324074074 0.2635361677083333 0.13664291851851854 0.2895990328125 0.13661726944444444 0.2895990328125 0.131929325
3 0.2633951239583333 0.1583072101851852 0.263374975 0.16276717037037036 0.2700745515625 0.16272727314814814 0.2700483578125 0.15827586203703703 0.2633951239583333 0.1583072101851852
3 0.33122103541666664 0.1764776287037037 0.3468083817708333 0.17652037592592593 0.3467882328125 0.1747734398148148 0.3326355026041667 0.1747192935185185 0.33260729375 0.16190367592592594 0.3193592583333333 0.16201481944444443 0.31934918385416666 0.14989740648148148 0.31808382031250004 0.14989740648148148 0.31811404374999996 0.16400398981481482 0.33120088645833334 0.16394699351851852 0.33122103541666664 0.1764776287037037
3 0.284166834375 0.2900940435185185 0.2863953255208333 0.2900940435185185 0.2863731614583333 0.2963664861111111 0.30129961718750004 0.2963693361111111 0.3012794682291667 0.29203761759259256 0.28955873489583334 0.2920091194444444 0.2895285109375 0.28560273611111114 0.28419504322916667 0.285574237962963 0.284166834375 0.2900940435185185
3 0.36394720937499997 0.24151610185185188 0.34760225677083334 0.24155029907407408 0.34762845052083335 0.24406098611111113 0.36394720937499997 0.24402678796296295 0.36394720937499997 0.24151610185185188
3 0.23107797708333333 0.24045882037037034 0.22773121093749998 0.24045882037037034 0.22772113645833333 0.2828469648148148 0.2311142453125 0.2828583638888889 0.23107797708333333 0.24045882037037034
3 0.22549264583333334 0.29626674259259256 0.2335905703125 0.29630094074074076 0.23366512187500002 0.29025648333333337 0.23571428593750002 0.29022228518518517 0.23571428593750002 0.28562553425925924 0.23034051979166667 0.28562553425925924 0.23031634114583335 0.29195497314814817 0.22546846666666667 0.29198917037037037 0.22549264583333334 0.29626674259259256
3 0.22758613749999998 0.15830436018518518 0.1992162 0.15821886574074073 0.1992162 0.16267027685185184 0.246000403125 0.16268452592592592 0.246000403125 0.1583471074074074 0.23079588958333333 0.1583471074074074 0.23076566614583335 0.13667141666666666 0.24607092500000002 0.13666001666666666 0.24605077552083332 0.1318723287037037 0.22533749739583334 0.131920775 0.22530727395833333 0.13671416388888888 0.22752569010416668 0.13671416388888888 0.22758613749999998 0.15830436018518518
3 0.2204896234375 0.18788828703703706 0.22778964322916667 0.18788828703703706 0.22778964322916667 0.21628954074074075 0.20464033854166666 0.21628954074074075 0.20464033854166666 0.2154345962962963 0.20300020156249998 0.2154345962962963 0.20304251458333333 0.2186719861111111 0.2311142453125 0.21885437407407407 0.2311142453125 0.18550584166666667 0.23090466979166668 0.18550584166666667 0.23081200885416667 0.16449415833333333 0.20300020156249998 0.16443431203703704 0.20300020156249998 0.20010544351851853 0.20468466666666665 0.20010544351851853 0.2047269796875 0.1666942148148148 0.22036066875000002 0.1667540611111111 0.2204896234375 0.18788828703703706
3 0.22914565989583335 0.18550584166666667 0.22908523072916667 0.16681675648148148 0.22204513385416666 0.16681675648148148 0.22204513385416666 0.18550584166666667 0.22914565989583335 0.18550584166666667
3 0.28864195052083336 0.15832430925925925 0.28328631875 0.15832430925925925 0.28335281093750003 0.16251353703703705 0.28554100364583335 0.16251353703703705 0.28557525677083334 0.17366201203703702 0.3163953255208333 0.17359646666666667 0.3163953255208333 0.17644628055555556 0.28284303854166665 0.17640923333333333 0.28284908333333336 0.2163208888888889 0.28617570000000003 0.21628669166666667 0.28622204322916667 0.17889427222222223 0.3029538583333334 0.17891422037037039 0.30293975416666663 0.21595611296296296 0.30462421927083333 0.2159333138888889 0.304626234375 0.1788885722222222 0.33810396927083336 0.17895126851851853 0.33811404375 0.21354231944444446 0.3162986098958333 0.2135679685185185 0.3163368932291667 0.21605585648148148 0.3398186578125 0.2160815046296296 0.33988716510416667 0.17654887407407407 0.31811202916666664 0.17656312314814815 0.31808382031250004 0.14989740648148148 0.31934486302083337 0.14988320648148148 0.3193592583333333 0.16200057037037036 0.33260729375 0.16190082685185184 0.33262542812499996 0.17470219444444446 0.3469494255208333 0.1747734398148148 0.346899053125 0.16991450555555557 0.33597017916666666 0.16999999999999998 0.33597017916666666 0.1571444851851852 0.3226032640625 0.15724137962962964 0.3226536369791667 0.13666001666666666 0.3550332458333333 0.13661726944444444 0.35500302239583337 0.13190082685185184 0.30146080989583335 0.13194357407407406 0.3014507354166666 0.13660302037037036 0.30144872031250003 0.14975491574074073 0.3163852510416667 0.14980336296296295 0.316449728125 0.1713109148148148 0.28859762239583336 0.17127956666666666 0.28864195052083336 0.15832430925925925
3 0.3163953255208333 0.17359646666666667 0.28557525677083334 0.17366201203703702 0.28554100364583335 0.16251353703703705 0.28293975416666667 0.16252778611111113 0.2829437838541667 0.17641208333333333 0.3163953255208333 0.17644628055555556 0.3163953255208333 0.17359646666666667
3 0.34502317135416666 0.1366457675925926 0.3433467661458333 0.13662581944444444 0.3433467661458333 0.16992590462962964 0.34504130572916664 0.16992875462962964 0.34502317135416666 0.1366457675925926
3 0.3230062463541667 0.2919663722222222 0.3230263953125 0.296355087037037 0.3432077375 0.29641493333333335 0.3431855734375 0.2920262185185185 0.3230062463541667 0.2919663722222222
4 0.3230606489583333 0.2882986601851852 0.3012895427083333 0.28823596481481484 0.30129961718750004 0.2963693361111111 0.3230263953125 0.296355087037037 0.3230606489583333 0.2882986601851852
4 0.3649707838541667 0.2883129092592593 0.3431573645833333 0.28825876296296293 0.3432077375 0.29641493333333335 0.3649929479166667 0.296355087037037 0.3649707838541667 0.2883129092592593
3 0.3230606489583333 0.2882986601851852 0.3230062463541667 0.2919663722222222 0.3431855734375 0.2920262185185185 0.3431573645833333 0.28825876296296293 0.3230606489583333 0.2882986601851852
3 0.3012794682291667 0.29203761759259256 0.3012895427083333 0.28823596481481484 0.29212976041666666 0.2883015101851852 0.2920793875 0.28288971203703706 0.28879911354166665 0.28287546296296295 0.28879105364583335 0.2820319175925926 0.2842232520833334 0.28204901666666665 0.28419504322916667 0.285574237962963 0.2895285109375 0.28560273611111114 0.28955873489583334 0.2920091194444444 0.3012794682291667 0.29203761759259256
3 0.22786620989583334 0.28833570833333333 0.22542212395833333 0.2884155027777778 0.22546846666666667 0.29198917037037037 0.23031634114583335 0.29195497314814817 0.23034051979166667 0.28562553425925924 0.23571428593750002 0.28562553425925924 0.23569615156249998 0.28204901666666665 0.2311142453125 0.28200057037037035 0.2311142453125 0.2828583638888889 0.22782188177083332 0.2828669138888889 0.22786620989583334 0.28833570833333333
3 0.263374975 0.16276717037037036 0.26340318333333335 0.16652607592592591 0.27010477552083334 0.16653177500000002 0.2700745515625 0.16272727314814814 0.263374975 0.16276717037037036
4 0.20842635520833333 0.13667141666666666 0.22530727395833333 0.13671416388888888 0.2253395125 0.1311627240740741 0.20841829531249997 0.1311627240740741 0.20842635520833333 0.13667141666666666
3 0.22003626822916666 0.18755770833333332 0.21434213177083333 0.1875862064814815 0.21434213177083333 0.1885380453703704 0.22003626822916666 0.18855229444444446 0.22003626822916666 0.18755770833333332
3 0.20298609687500002 0.18898261574074074 0.19966350989583334 0.18903106296296296 0.19968164427083332 0.19134511296296297 0.20298609687500002 0.19139640925925927 0.20298609687500002 0.18898261574074074
4 0.30146080989583335 0.13194357407407406 0.2895990328125 0.131929325 0.2895990328125 0.13661726944444444 0.3014507354166666 0.13660302037037036 0.30146080989583335 0.13194357407407406
4 0.26350594375 0.13182958148148147 0.24605077552083332 0.1318723287037037 0.24607092500000002 0.13666001666666666 0.2635361677083333 0.13664291851851854 0.26350594375 0.13182958148148147
3 0.39600241770833333 0.17007124537037036 0.37927866197916665 0.17011399259259258 0.379286721875 0.17086064444444443 0.39600241770833333 0.17079509814814817 0.39600241770833333 0.17007124537037036
3 0.34296191822916666 0.31842975185185185 0.3232460203125 0.3184440009259259 0.3232460203125 0.3230464518518519 0.3429820671875 0.3229923055555555 0.34296191822916666 0.31842975185185185
3 0.28437638541666665 0.31841550277777775 0.284396534375 0.32307495 0.3009490229166667 0.3230350527777778 0.30093894843749996 0.31842975185185185 0.28437638541666665 0.31841550277777775
3 0.2262945796875 0.31842975185185185 0.22628450520833335 0.3230607009259259 0.23545436250000001 0.3229780564814815 0.2354442875 0.31842975185185185 0.2262945796875 0.31842975185185185
3 0.19179931510416667 0.32309774907407407 0.19919605052083333 0.3230607009259259 0.19919605052083333 0.31841550277777775 0.19596413437500002 0.31837275555555555 0.19596413437500002 0.3165916212962963 0.19418496875000002 0.31657167314814816 0.19418496875000002 0.31843260185185185 0.1917831958333333 0.31845255092592595 0.19179931510416667 0.32309774907407407
3 0.36502720104166664 0.2920091194444444 0.3649929479166667 0.296355087037037 0.3759883135416667 0.2963864351851852 0.3760084625 0.3053120546296296 0.3765303244791667 0.3053120546296296 0.37657062239583333 0.3183613564814815 0.36522869218750004 0.31841550277777775 0.365268990625 0.32307495 0.37994559739583333 0.3230721 0.3799254484375 0.3052807064814815 0.39092081406249996 0.3052807064814815 0.3909409630208333 0.30051011666666666 0.37927866197916665 0.30051011666666666 0.3792363489583333 0.2012710175925926 0.39975216614583337 0.20133086388888888 0.39973201666666663 0.1965289259259259 0.39916784218749995 0.1965289259259259 0.39912552916666666 0.17025363333333332 0.39600241770833333 0.17025363333333332 0.3959399557291666 0.19650042777777776 0.37927866197916665 0.1965289259259259 0.37927866197916665 0.16992875462962964 0.36320169270833336 0.16992875462962964 0.3632198265625 0.17475919074074073 0.3759238364583333 0.17478768888888888 0.3759036875 0.2919663722222222 0.36502720104166664 0.2920091194444444
4 0.36524884166666666 0.31845825 0.3429316947916667 0.31842975185185185 0.34299214166666664 0.32465374722222223 0.365268990625 0.32462524907407403 0.36524884166666666 0.31845825
4 0.3232359458333333 0.31855799351851855 0.30093894843749996 0.3184440009259259 0.3009590973958333 0.32463949814814813 0.3232359458333333 0.324611 0.3232359458333333 0.31855799351851855
4 0.2354140640625 0.3184440009259259 0.23545436250000001 0.32463949814814813 0.28438645989583333 0.324611 0.28437638541666665 0.31850099722222225 0.2354140640625 0.3184440009259259
4 0.6141990729166668 0.5854203472222222 0.6011021557291667 0.5854060981481481 0.6011122307291666 0.5935594185185186 0.6141708645833333 0.5935565685185186 0.6141990729166668 0.5854203472222222
3 0.5681281484375 0.7343773157407408 0.625488615625 0.7342234259259259 0.6254704817708333 0.7295212314814815 0.5496494057291667 0.7300598462962964 0.5497179125 0.7172613277777778 0.5439230302083333 0.7172328296296296 0.5439572838541668 0.7379338842592593 0.5680979244791666 0.7378996861111111 0.5681281484375 0.7343773157407408
3 0.7666008463541666 0.8395896268518519 0.7557102557291666 0.8395155314814815 0.7557646583333334 0.7939868907407408 0.7769030828125001 0.7938358509259259 0.7768486802083333 0.7892818462962963 0.7557102557291666 0.7893587916666667 0.7557102557291666 0.765001425 0.7523856536458333 0.7649273296296296 0.7523312510416668 0.8443687657407407 0.7666008463541666 0.8442946712962963 0.7666008463541666 0.8395896268518519
3 0.5656074953125 0.8257452268518518 0.5623231916666668 0.8257594759259259 0.5623372958333334 0.83153605 0.5655873463541667 0.8315673981481482 0.5656074953125 0.8257452268518518
3 0.5655571229166667 0.7834140777777778 0.5817650614583333 0.783271587037037 0.5818073744791668 0.7877315472222223 0.5876727786458333 0.7877457962962963 0.5876627041666667 0.7782302648148148 0.5681180739583334 0.7781732685185185 0.5681079989583334 0.7691393555555556 0.5623231916666668 0.7691650046296297 0.5623131171875 0.787306925 0.5655470479166667 0.7872926759259259 0.5655571229166667 0.7834140777777778
4 0.5499093291666667 0.6473838703703704 0.542818859375 0.6473838703703704 0.5428390088541666 0.7172185805555555 0.5499395526041667 0.7172470787037037 0.5499093291666667 0.6473838703703704
3 0.6946685473958334 0.6026360787037036 0.6947189197916667 0.610974637037037 0.7098448520833334 0.6109461388888888 0.7098549265624999 0.6027215731481481 0.6946685473958334 0.6026360787037036
3 0.571815434375 0.30833285833333335 0.571815434375 0.30479338888888885 0.5475196453125 0.3047563407407407 0.5475196453125 0.23522656018518517 0.5564678619791666 0.23522656018518517 0.5564416682291667 0.2328583638888889 0.54744509375 0.2328583638888889 0.54744509375 0.20751496111111112 0.5567600239583333 0.20754345925925927 0.5567660687499999 0.20557138796296295 0.5473685270833334 0.20557138796296295 0.5474692723958333 0.1827016240740741 0.5546665322916666 0.18266742685185186 0.5546483979166666 0.17908805925925927 0.5450816036458334 0.17915075555555557 0.5450372760416666 0.30826731296296295 0.571815434375 0.30833285833333335
3 0.5438928067708333 0.6473696212962963 0.5497179125 0.6473696212962963 0.5497078380208333 0.6350954685185185 0.585956075 0.6350954685185185 0.5859258510416667 0.6267996583333333 0.5679750151041667 0.6267626101851852 0.5679750151041667 0.5853092046296297 0.5645597421875 0.5852664574074073 0.5645597421875 0.6268937018518519 0.5439754182291666 0.6267626101851852 0.5438928067708333 0.6473696212962963
4 0.5655571229166667 0.787306925 0.561198871875 0.787306925 0.561188796875 0.825787974074074 0.5656074953125 0.8257452268518518 0.5655571229166667 0.787306925
4 0.5682994156250001 0.7691393555555556 0.5682691921875 0.7378854370370371 0.561188796875 0.7378854370370371 0.561198871875 0.7691536046296296 0.5682994156250001 0.7691393555555556
2 0.6233286317708333 0.7341065833333333 0.6216018536458333 0.7341065833333333 0.6216441666666667 0.7783271583333333 0.6231996776041666 0.7783271583333333 0.6233286317708333 0.7341065833333333
2 0.6830969171875 0.7232715870370371 0.6831835583333333 0.7432430888888889 0.6872657666666666 0.743268737962963 0.6871267380208333 0.723268737962963 0.6830969171875 0.7232715870370371
2 0.566872859375 0.8287432314814814 0.5776304656250001 0.8288287259259259 0.57755994375 0.8116984898148148 0.5668627843749999 0.8116842407407407 0.566872859375 0.8287432314814814
3 0.5668829338541667 0.8260074092592592 0.5656074953125 0.8259304648148148 0.5656074953125 0.8281675694444445 0.566872859375 0.8281476203703704 0.5668829338541667 0.8260074092592592
2 0.6411646182291667 0.7293416925925926 0.6254704817708333 0.7295212314814815 0.6255309286458334 0.7539555425925926 0.6412069312500001 0.7540182388888889 0.6411646182291667 0.7293416925925926
2 0.6619806567708333 0.7817725851851852 0.6500745515625 0.7817469361111111 0.6500846260416666 0.7880450268518518 0.6619967760416666 0.7881020231481481 0.6619806567708333 0.7817725851851852
2 0.6546544427083333 0.8043402675925926 0.6430324401041666 0.8043317185185186 0.6430022161458333 0.8223112 0.6546745921875 0.8222513537037037 0.6546544427083333 0.8043402675925926
3 0.6587829942708333 0.8347677398148149 0.6527160989583333 0.834796237962963 0.6527160989583333 0.8358620685185185 0.65879306875 0.8358620685185185 0.6587829942708333 0.8347677398148149
2 0.6527160989583333 0.834796237962963 0.6430425145833334 0.8347420916666667 0.6430344552083334 0.841926475 0.65269595 0.8419549731481482 0.6527160989583333 0.834796237962963
2 0.7024924442708333 0.7465802222222222 0.68609711875 0.7465460240740741 0.6861192828125 0.7721373611111112 0.7026637114583333 0.7719378740740741 0.7024924442708333 0.7465802222222222
2 0.6676707635416667 0.7110943287037037 0.6561454765625 0.7110059842592593 0.6561212973958334 0.7284924481481482 0.6676808380208333 0.7285522944444445 0.6676707635416667 0.7110943287037037
2 0.7057465244791667 0.6647990879629629 0.7056760026041666 0.6854402962962963 0.7190650817708334 0.6854402962962963 0.7191356036458333 0.6648845824074073 0.7057465244791667 0.6647990879629629
2 0.6634273625 0.6648646342592592 0.663383034375 0.6853833 0.6771730807291667 0.685394699074074 0.6772214385416666 0.664821887037037 0.6634273625 0.6648646342592592
2 0.5838928067708333 0.6268595037037038 0.583929075 0.6099088055555555 0.5701088052083333 0.6100113990740741 0.5701813421874999 0.6268082074074074 0.5838928067708333 0.6268595037037038
3 0.6231996776041666 0.7783271583333333 0.5876627041666667 0.7782302648148148 0.587656659375 0.7808919916666667 0.6231996776041666 0.7807096037037037 0.6231996776041666 0.7783271583333333
3 0.5834817651041667 0.85385295 0.5850795890625 0.85385295 0.5850292161458334 0.825779424074074 0.5776344953125 0.8258934166666666 0.5776344953125 0.8281903675925926 0.5834817651041667 0.8281561694444445 0.5834817651041667 0.85385295
4 0.5876828531249999 0.7877172981481482 0.5839169859375001 0.7877315472222223 0.5839552687499999 0.8257566259259259 0.5877795687499999 0.8257765740740741 0.5876828531249999 0.7877172981481482
3 0.34530122916666667 0.6366343685185185 0.34537578072916664 0.6700911944444444 0.34677815833333336 0.6701111425925926 0.34686882916666667 0.6366343685185185 0.34530122916666667 0.6366343685185185
4 0.22721740885416666 0.6311199768518518 0.21022365520833333 0.6310344824074074 0.21025186354166667 0.6365004277777778 0.22724964739583334 0.6365973212962963 0.22721740885416666 0.6311199768518518
2 0.20456981666666665 0.6396694212962963 0.20477735260416668 0.6584326018518518 0.21940963125000001 0.6583043601851851 0.21943381041666665 0.6396694212962963 0.20456981666666665 0.6396694212962963
2 0.2015373765625 0.6892590481481481 0.18955269010416667 0.6892590481481481 0.18958492864583334 0.6952550583333333 0.20150916770833333 0.6952522083333333 0.2015373765625 0.6892590481481481
3 0.20482168020833333 0.6892390990740741 0.2015373765625 0.6892590481481481 0.2015373765625 0.6912368194444444 0.2048055609375 0.6912225703703704 0.20482168020833333 0.6892390990740741
2 0.20480959114583333 0.7001453407407408 0.20477533750000002 0.7156027361111111 0.21725770729166666 0.7156283842592592 0.21725770729166666 0.700205187037037 0.20480959114583333 0.7001453407407408
2 0.20691920208333334 0.6884041037037038 0.21616562552083335 0.68846395 0.21613943177083333 0.681547449074074 0.20691920208333334 0.6815759472222223 0.20691920208333334 0.6884041037037038
3 0.2217630463541667 0.6875776574074075 0.2161696552083333 0.6875434592592592 0.21616562552083335 0.68846395 0.22178924062500002 0.6884981472222222 0.2217630463541667 0.6875776574074075
2 0.2850272010416666 0.6553206037037037 0.285039290625 0.6745454546296297 0.29947813802083334 0.6745540037037037 0.29952246614583333 0.6553092046296296 0.2850272010416666 0.6553206037037037
2 0.29986097135416667 0.7139697916666666 0.2880596411458333 0.7140039898148148 0.2880838203125 0.7203305787037038 0.29988313541666667 0.7202564833333333 0.29986097135416667 0.7139697916666666
2 0.3674068104166667 0.7060786546296296 0.3673866614583333 0.6894642351851852 0.3629881119791667 0.6895012824074074 0.3630687083333333 0.7060957537037037 0.3674068104166667 0.7060786546296296
2 0.3064275640625 0.7159333138888889 0.31815031250000003 0.7159789111111111 0.31803344739583334 0.6983813055555556 0.30643159375 0.6983243092592593 0.3064275640625 0.7159333138888889
2 0.3485532942708333 0.6725448842592593 0.3648861578125 0.6725277861111111 0.3649667541666667 0.6483642064814815 0.3485532942708333 0.6483585064814814 0.3485532942708333 0.6725448842592593
2 0.3496151520833333 0.7416186944444444 0.33614144687499997 0.7415502990740741 0.3362280880208333 0.7623482472222222 0.3497501510416667 0.7623482472222222 0.3496151520833333 0.7416186944444444
2 0.3078460609375 0.7414961527777777 0.2939854927083333 0.7414277574074074 0.29394922447916666 0.7620062694444444 0.30783800104166664 0.7619635222222223 0.3078460609375 0.7414961527777777
3 0.30308079791666664 0.8184269018518519 0.2862341328125 0.818444000925926 0.2862341328125 0.8232031916666667 0.3031150515625 0.823263037962963 0.30308079791666664 0.8184269018518519
3 0.23098529114583333 0.7919948703703704 0.23101148489583334 0.8184354518518518 0.23723151302083334 0.8184582499999999 0.23723151302083334 0.8149073814814815 0.23280475520833335 0.8148931324074074 0.23292564999999998 0.782909661111111 0.22953657083333334 0.7828270166666667 0.22953657083333334 0.7883414074074074 0.22802135781250002 0.7883442574074074 0.22801128333333331 0.7919806212962963 0.23098529114583333 0.7919948703703704
3 0.28622405781250004 0.8184297518518518 0.30308079791666664 0.8184269018518519 0.30307273802083334 0.814807637962963 0.29386459791666664 0.8148503851851852 0.2939854927083333 0.7828697638888888 0.29071529322916667 0.7828697638888888 0.2908059640625 0.8148503851851852 0.2862139833333333 0.8148503851851852 0.28622405781250004 0.8184297518518518
3 0.32494055989583337 0.8184183527777779 0.3447995166666667 0.818444000925926 0.3448095911458333 0.8148503851851852 0.3249042916666667 0.8149358796296297 0.32494055989583337 0.8184183527777779
3 0.3674068104166667 0.677298375925926 0.3759681645833333 0.6773268740740741 0.3760729395833333 0.7162410944444445 0.3673866614583333 0.7162410944444445 0.3674068104166667 0.7060786546296296 0.36570018125000003 0.7060786546296296 0.3657848078125 0.744231975 0.3760084625 0.7442804222222222 0.3759681645833333 0.814799087962963 0.36703606666666666 0.8148931324074074 0.3670461416666667 0.818472499074074 0.37849687708333335 0.8183699055555556 0.37849687708333335 0.8053491018518518 0.3777473302083333 0.8053063546296296 0.37775941979166666 0.7415730981481482 0.37774330260416666 0.7415730981481482 0.3777473302083333 0.6747477916666667 0.3650533953125 0.67461955 0.3650533953125 0.677298375925926 0.3656800322916667 0.677298375925926 0.3657404796875 0.6894927333333334 0.3673866614583333 0.6894642351851852 0.3674068104166667 0.677298375925926
3 0.37603459843750003 0.7415730981481482 0.3759681645833333 0.7187717296296297 0.3675115859375 0.7188030777777777 0.3674914364583334 0.7415730981481482 0.37603459843750003 0.7415730981481482
3 0.37849687708333335 0.8053491018518518 0.37849687708333335 0.8183699055555556 0.36703606666666666 0.818472499074074 0.3670461416666667 0.8231319462962963 0.38185573229166664 0.8231632944444444 0.38182550885416666 0.8053491018518518 0.3927725166666667 0.8053491018518518 0.39274229270833333 0.8007666 0.38107797708333335 0.8007267027777778 0.3811061859375 0.701342262962963 0.40165021145833335 0.7012567685185185 0.4015897640625 0.6966771157407408 0.4009611119791667 0.6966771157407408 0.4009530526041667 0.6702821314814815 0.3978702395833333 0.6702536333333333 0.3978702395833333 0.696719862962963 0.38107797708333335 0.696719862962963 0.38107797708333335 0.6701225416666666 0.3649123515625 0.6701652888888888 0.364942575 0.6746622972222222 0.3777473302083333 0.6747477916666667 0.3777473302083333 0.8053063546296296 0.37849687708333335 0.8053491018518518
4 0.3249042916666667 0.8149358796296297 0.30307273802083334 0.814807637962963 0.30311908125000003 0.8245825018518518 0.3249727989583333 0.8245682527777778 0.3249042916666667 0.8149358796296297
4 0.28622405781250004 0.8148503851851852 0.2372214385416667 0.8149073814814815 0.23726173697916667 0.824611 0.28622405781250004 0.824611 0.28622405781250004 0.8148503851851852
4 0.36703606666666666 0.8147648907407408 0.3448095911458333 0.814836136111111 0.3447995166666667 0.8245825018518518 0.36705621614583334 0.824611 0.36703606666666666 0.8147648907407408
3 0.1976606890625 0.8184098037037038 0.1976606890625 0.8165973212962964 0.19610316354166668 0.8165973212962964 0.19611726770833335 0.8184098037037038 0.19358855520833332 0.8184098037037038 0.1935724359375 0.8232031916666667 0.20102357447916666 0.8231889425925926 0.20100342552083333 0.8184297518518518 0.1976606890625 0.8184098037037038
4 0.2282228489583333 0.8187004842592592 0.2010135 0.8187432314814815 0.20102357447916666 0.8246537472222222 0.2282027 0.8246394981481481 0.2282228489583333 0.8187004842592592
3 0.3447995166666667 0.8184582499999999 0.32494055989583337 0.8184183527777779 0.32494055989583337 0.8232117416666667 0.3447995166666667 0.8232316898148149 0.3447995166666667 0.8184582499999999
3 0.22950836197916666 0.818444000925926 0.22821277447916666 0.8184297518518518 0.22821277447916666 0.8232174407407408 0.23726173697916667 0.8232174407407408 0.23723151302083334 0.818472499074074 0.23101148489583334 0.8184354518518518 0.23098529114583333 0.7919948703703704 0.22801128333333331 0.7919806212962963 0.22803143281250002 0.7966400685185185 0.2294116463541667 0.7966600166666667 0.22950836197916666 0.818444000925926
2 0.19611323802083333 0.8020091194444444 0.19610316354166668 0.8165973212962964 0.20761434635416667 0.8166742657407408 0.20767277864583333 0.8019977203703704 0.19611323802083333 0.8020091194444444
4 0.19357848072916667 0.8187118833333333 0.1801632078125 0.8187147333333333 0.18017328229166668 0.8229096611111111 0.19357848072916667 0.8228669138888889 0.19357848072916667 0.8187118833333333
4 0.20128954270833335 0.6320205185185186 0.18979649427083334 0.6320433175925926 0.18981664322916666 0.640199487037037 0.2012955875 0.6401538898148148 0.20128954270833335 0.6320205185185186
4 0.26525891614583336 0.6320205185185186 0.247912553125 0.6320832148148148 0.24794882135416665 0.6403391277777777 0.26530324375 0.6403932740740741 0.26525891614583336 0.6320205185185186
4 0.30301027604166664 0.6320205185185186 0.2915313317708333 0.6320205185185186 0.29151722760416665 0.6402108861111111 0.30306064895833335 0.6403163296296297 0.30301027604166664 0.6320205185185186
3 0.26529316927083335 0.6366856657407407 0.26530324375 0.6403932740740741 0.29151722760416665 0.6402108861111111 0.291507153125 0.6366600166666666 0.26529316927083335 0.6366856657407407
4 0.22802135781250002 0.7883442574074074 0.2010618578125 0.7884525509259259 0.20104573854166666 0.7935993157407407 0.22800725364583335 0.7935993157407407 0.22802135781250002 0.7883442574074074
3 0.39785613541666665 0.6709632370370371 0.3978702395833333 0.6702536333333333 0.38107797708333335 0.6701225416666666 0.38109006666666667 0.6709062407407408 0.39785613541666665 0.6709632370370371
3 0.2328329640625 0.7189512685185184 0.24407213385416665 0.7189398685185185 0.24408825312500002 0.7166286694444445 0.23283497864583333 0.7167113138888889 0.2328329640625 0.7189512685185184
3 0.20104976822916668 0.7919521231481482 0.2010618578125 0.7884525509259259 0.180634696875 0.7884354518518518 0.18058633906250002 0.7189370194444444 0.19143260104166665 0.718834425925926 0.19140842239583333 0.7164975777777778 0.18058633906250002 0.7165659731481482 0.18062260729166668 0.6912197203703704 0.18956477916666667 0.6912083212962963 0.18955269010416667 0.6892590481481481 0.18059842812500002 0.6892932462962963 0.180634696875 0.6402507833333334 0.18981664322916666 0.640199487037037 0.18979649427083334 0.6366999148148148 0.17810799895833332 0.636728412962963 0.1779206125 0.7919521231481482 0.20104976822916668 0.7919521231481482
3 0.20646786197916667 0.6396694212962963 0.20649607083333335 0.6367027638888889 0.20130969166666668 0.6366771157407407 0.2012955875 0.6401538898148148 0.20456981666666665 0.6401681388888889 0.20456981666666665 0.6396694212962963 0.20646786197916667 0.6396694212962963
3 0.20648398125 0.6628412657407408 0.20648398125 0.6584468509259259 0.20477735260416668 0.6584326018518518 0.20480959114583333 0.6646167 0.23275035260416665 0.6645454546296296 0.23292766458333333 0.6404132231481482 0.24794882135416665 0.6403391277777777 0.247938746875 0.6366457675925926 0.2310437234375 0.6366657166666667 0.230942978125 0.6628412657407408 0.20648398125 0.6628412657407408
3 0.2047975015625 0.7188857222222222 0.2328329640625 0.7189512685185184 0.23280274010416668 0.6852807064814814 0.23275035260416665 0.6645454546296296 0.20480959114583333 0.6646167 0.20480959114583333 0.7001453407407408 0.20648398125 0.7001453407407408 0.20647390677083333 0.6668139074074074 0.2222244609375 0.6667455111111111 0.222123715625 0.6879994296296297 0.22964914583333332 0.6879823314814816 0.2295285109375 0.7164918777777778 0.206475921875 0.7164491305555555 0.206475921875 0.7156027361111111 0.20477533750000002 0.7156027361111111 0.2047975015625 0.7188857222222222
3 0.22964940572916664 0.68792095 0.22965948020833335 0.6855400398148148 0.23093491822916665 0.6855400398148148 0.23093491822916665 0.6668139074074074 0.22388273229166666 0.6666685666666667 0.22388273229166666 0.685568537962963 0.22964940572916664 0.685568537962963 0.22964940572916664 0.68792095
3 0.34182349375 0.7159418638888889 0.34795889583333334 0.7159532629629629 0.34794479166666664 0.714049587037037 0.3418114041666667 0.714029637962963 0.34182349375 0.7159418638888889
3 0.3331996776041667 0.6639669425925926 0.3331493046875 0.6765004277777777 0.34863792083333334 0.6767113138888888 0.3486560546875 0.6746337990740741 0.33459802552083334 0.6746337990740741 0.334537578125 0.6618837277777778 0.32104170885416666 0.6617896833333333 0.3210779770833333 0.6367027638888889 0.303048559375 0.6365887712962963 0.303048559375 0.6396266740740741 0.31979649427083334 0.6397349675925926 0.31986097135416663 0.6640467370370371 0.3331996776041667 0.6639669425925926
3 0.30478944166666666 0.7139697916666666 0.29986097135416667 0.7139697916666666 0.29986097135416667 0.7159076657407408 0.3047793671875 0.7159333138888889 0.30478944166666666 0.7139697916666666
3 0.3183276244791667 0.6765061268518519 0.2867076364583333 0.6765004277777777 0.28669353229166666 0.6745397546296296 0.2848176505208333 0.6745397546296296 0.28476123333333336 0.7163636361111111 0.28802941770833335 0.7163636361111111 0.288079790625 0.6789541175925926 0.3047793671875 0.6789541175925926 0.3047793671875 0.7159333138888889 0.3064275640625 0.7159333138888889 0.30643159375 0.6788999712962962 0.3399355229166667 0.6788828722222222 0.3398932098958333 0.7136962101851853 0.31815031250000003 0.7136905101851851 0.31815031250000003 0.7159789111111111 0.34182349375 0.7159418638888889 0.34161394322916666 0.6764833287037036 0.3198629859375 0.676523225925926 0.3198045536458333 0.6477799944444445 0.30497078385416665 0.6476289537037037 0.3049566796875 0.6396551722222222 0.30334878072916666 0.6396409231481481 0.3033608703125 0.650019949074074 0.31829135625 0.6500997435185185 0.3183276244791667 0.6765061268518519
3 0.2868406208333333 0.6400769453703704 0.2850594401041667 0.6400826444444445 0.2850272010416666 0.6553206037037037 0.28678621822916667 0.6553234537037037 0.2868406208333333 0.6400769453703704
3 0.334537578125 0.6618837277777778 0.33459802552083334 0.6746337990740741 0.3486560546875 0.6746337990740741 0.34863792083333334 0.6701082925925925 0.33773322604166667 0.6700569962962963 0.33773322604166667 0.6573325731481481 0.32451742916666665 0.6573639212962963 0.3245254885416667 0.636728412962963 0.3569937536458333 0.6366771157407407 0.35697964947916666 0.6320547166666667 0.30301027604166664 0.6320205185185186 0.30304654427083333 0.6366001712962963 0.3210779770833333 0.6367027638888889 0.32104170885416666 0.6617896833333333 0.334537578125 0.6618837277777778
3 0.26525891614583336 0.6320205185185186 0.26529316927083335 0.6366856657407407 0.291507153125 0.6366457675925926 0.2915313317708333 0.6320205185185186 0.26525891614583336 0.6320205185185186
3 0.20648398125 0.6584468509259259 0.20648398125 0.6628412657407408 0.230942978125 0.6628412657407408 0.2310437234375 0.6366657166666667 0.247938746875 0.6366457675925926 0.247912553125 0.6320832148148148 0.22723957291666666 0.6320718157407408 0.22724964739583334 0.6365973212962963 0.22793471666666668 0.6365973212962963 0.227912553125 0.658278712037037 0.20648398125 0.6584468509259259
3 0.20954060052083331 0.6396836703703704 0.20953657083333335 0.636734112037037 0.21026596822916668 0.636734112037037 0.21022365520833333 0.6320205185185186 0.20128954270833335 0.6320205185185186 0.20130969166666668 0.6366771157407407 0.20649607083333335 0.6367027638888889 0.20646786197916667 0.6396836703703704 0.20954060052083331 0.6396836703703704
3 0.23301632083333335 0.7405357648148149 0.229506346875 0.7404930175925926 0.22953657083333334 0.7828270166666667 0.23292564999999998 0.782909661111111 0.23301632083333335 0.7405357648148149
3 0.2939854927083333 0.7414277574074074 0.29068708437499996 0.7413850101851852 0.29071529322916667 0.7828697638888888 0.2939854927083333 0.7828697638888888 0.2939854927083333 0.7414277574074074
3 0.33592988125 0.8149073814814815 0.3358815234375 0.7442604731481482 0.3361615958333333 0.7442633231481481 0.33614144687499997 0.7415502990740741 0.3078460609375 0.7414961527777777 0.3078198671875 0.7441835277777777 0.3340721338541667 0.7441977768518518 0.3340721338541667 0.8149216305555556 0.33592988125 0.8149073814814815
3 0.3496151520833333 0.7416186944444444 0.3496151520833333 0.744231975 0.3657848078125 0.744231975 0.3657848078125 0.7415474490740741 0.3496151520833333 0.7416186944444444
3 0.18015716302083332 0.8184297518518518 0.17809389479166665 0.818444000925926 0.17810799895833332 0.7942804222222222 0.19608301406249998 0.794234825 0.19611323802083333 0.8020091194444444 0.19769695729166664 0.8020091194444444 0.19769695729166664 0.7966514675925926 0.20104976822916668 0.7965631231481481 0.20104976822916668 0.7919521231481482 0.1779206125 0.7919521231481482 0.17810799895833332 0.636728412962963 0.18979649427083334 0.6366999148148148 0.18979649427083334 0.6320433175925926 0.1747531734375 0.6320319175925926 0.17478541197916667 0.8232174407407408 0.1801632078125 0.8232174407407408 0.18015716302083332 0.8184297518518518
4 0.5655873463541667 0.8315673981481482 0.5623372958333334 0.83153605 0.5623735645833333 0.8507039046296296 0.5656095104166667 0.8506697064814815 0.5655873463541667 0.8315673981481482
4 0.755796896875 0.7434454259259259 0.7524561755208333 0.7434083787037037 0.7523856536458333 0.7649273296296296 0.7557102557291666 0.765001425 0.755796896875 0.7434454259259259
3 0.5858432401041667 0.6076090055555555 0.5857989119791667 0.5929495583333334 0.6011122307291666 0.5929638074074074 0.60109208125 0.5901937870370371 0.5847612333333333 0.5900512962962963 0.5847370541666667 0.6075548592592593 0.5858432401041667 0.6076090055555555
3 0.6678097927083333 0.6026617268518519 0.66917993125 0.6026845259259259 0.6691275437499999 0.5901367907407407 0.6604996979166666 0.5901225416666667 0.6605500703125 0.6027785694444444 0.6621096109375001 0.6027842694444445 0.6620652833333334 0.5919720722222223 0.6678964338541667 0.5920319175925925 0.6678097927083333 0.6026617268518519
3 0.6430324401041666 0.8043317185185186 0.6411464838541666 0.8043545166666667 0.6411444692708332 0.8563778851851852 0.6430324401041666 0.8564206324074074 0.6430324401041666 0.8043317185185186
3 0.6428410234374999 0.7817469361111111 0.6428228895833333 0.7631005981481481 0.6412210354166666 0.7631262472222222 0.6411968567708333 0.7844941583333334 0.6500644770833334 0.7844514111111112 0.6500745515625 0.7817469361111111 0.6428410234374999 0.7817469361111111
3 0.6676969572916666 0.7607067537037038 0.6428269192708334 0.7608520944444445 0.64300423125 0.7132544888888889 0.6561515213541667 0.7131974925925926 0.6561454765625 0.7110059842592593 0.6411646182291667 0.7110772296296296 0.6412210354166666 0.7631262472222222 0.6700342536458332 0.762898262037037 0.669850896875 0.7817668851851851 0.6619806567708333 0.7817725851851852 0.6619766270833334 0.7844086638888889 0.6698811203125 0.7844514111111112 0.6699113437499999 0.8043687657407407 0.6546443682291667 0.8043545166666667 0.6546645171875001 0.8070105444444444 0.6661051781249999 0.8070675407407407 0.6662683859374999 0.8355001425925925 0.65879306875 0.8354773435185184 0.6588232921875 0.8563579370370371 0.6603002218749999 0.8563579370370371 0.6603002218749999 0.8378141916666667 0.6676465848958333 0.8377714444444444 0.6676546442708333 0.8563949842592592 0.6689542614583334 0.8564120833333334 0.6689925447916667 0.8088315759259259 0.6726435625 0.8087802796296296 0.6727181140624999 0.7641493305555556 0.6822184161458333 0.7640438870370371 0.6821801328125 0.7457053287037038 0.6861293572916666 0.7457053287037038 0.6861112229166667 0.7432145907407407 0.6807576062499999 0.7432544888888889 0.6809429781249999 0.7621658592592593 0.671303646875 0.7619036759259259 0.671303646875 0.7609318898148147 0.6691879911458333 0.760755200925926 0.6691879911458333 0.7457167287037036 0.6807475317708334 0.7456853805555556 0.6807576062499999 0.743268737962963 0.6696695546875 0.743268737962963 0.6695486598958333 0.7129837564814815 0.6834918395833333 0.7129980055555555 0.6836006447916667 0.723254488888889 0.6852871244791667 0.723268737962963 0.6852004833333333 0.7105585638888888 0.6676969572916666 0.7107124537037036 0.6676969572916666 0.7607067537037038
3 0.7090207536458333 0.7106127101851852 0.7026032640625 0.7105984611111111 0.7026133385416667 0.7127415222222222 0.7090409026041667 0.7127700203703703 0.7090207536458333 0.7106127101851852
3 0.7498307473958333 0.6827586203703704 0.7190570218750001 0.6827785694444444 0.7190670963541667 0.6853776 0.7498307473958333 0.6853776 0.7498307473958333 0.6827586203703704
3 0.6771730807291667 0.685394699074074 0.7056760026041666 0.6854459962962962 0.7056760026041666 0.682695925 0.7053898848958333 0.682695925 0.7053898848958333 0.6109774861111111 0.7035180333333333 0.6109774861111111 0.7035180333333333 0.6827985185185186 0.6771730807291667 0.6827985185185186 0.6771730807291667 0.685394699074074
3 0.660096715625 0.6828355657407407 0.6489885151041667 0.6828982620370371 0.6489744104166667 0.6854545453703704 0.6601188796875 0.6854117981481481 0.660096715625 0.6828355657407407
3 0.621444690625 0.632473638888889 0.5859460005208333 0.632482188888889 0.5859580901041667 0.634628099074074 0.621444690625 0.6345226564814814 0.621444690625 0.632473638888889
3 0.6197823895833333 0.5899658018518518 0.61974410625 0.6133912796296296 0.621329840625 0.6133912796296296 0.621329840625 0.5899658018518518 0.6197823895833333 0.5899658018518518
3 0.5966350994791667 0.6097834138888889 0.5966028609375 0.5929353092592593 0.5949546645833333 0.5929495583333334 0.5949506348958333 0.6075548592592593 0.5847370541666667 0.6075548592592593 0.5847410838541667 0.5900797944444444 0.6010820067708333 0.590179537962963 0.6010860364583334 0.5852265601851852 0.5813157364583332 0.5853348527777779 0.5813157364583332 0.5899601027777778 0.5814245416666667 0.6098603592592592 0.5966350994791667 0.6097834138888889
3 0.6197582109374999 0.5935822175925927 0.6197723151041666 0.5899800509259259 0.621339915625 0.5899515527777778 0.6213358854166666 0.5936021657407408 0.6321277453125 0.593642062962963 0.6321075963541667 0.585363350925926 0.6142051177083334 0.5853576518518518 0.6142051177083334 0.5899715018518519 0.6141708645833333 0.5935565685185186 0.6197582109374999 0.5935822175925927
3 0.6691214989583333 0.5901538898148149 0.66917993125 0.6026845259259259 0.6601632078125 0.6027899685185185 0.6601088052083333 0.685397549074074 0.663383034375 0.6853833 0.6635039291666666 0.6110173842592592 0.6725226677083334 0.6110458824074074 0.6725468468750001 0.5853320037037036 0.6451118276041666 0.5853462527777777 0.645154140625 0.5935451694444445 0.6605097723958333 0.5935736675925927 0.6604795484375 0.5901225416666667 0.6691214989583333 0.5901538898148149
3 0.5549163812500001 0.8637902537037037 0.5549163812500001 0.8595212314814814 0.5810699171875 0.8595212314814814 0.5811061859375 0.862103162962963 0.6689542614583334 0.8620518666666667 0.6690288130208334 0.8868680537037037 0.6724199072916667 0.8868680537037037 0.6723836390625001 0.813468225 0.6761071932291667 0.813468225 0.676070925 0.7685237962962963 0.6855349588541666 0.7684696490740741 0.6856457786458333 0.7503419777777778 0.6860930890625 0.7503419777777778 0.6861293572916666 0.7457053287037038 0.6821801328125 0.7457053287037038 0.6822184161458333 0.7640438870370371 0.6727181140624999 0.7641493305555556 0.6726435625 0.8087802796296296 0.6689925447916667 0.8088315759259259 0.6689965744791666 0.8563721861111111 0.5877231515625 0.8563579370370371 0.5877231515625 0.8257594759259259 0.5850292161458334 0.825779424074074 0.5850795890625 0.85385295 0.5656095104166667 0.8537788546296295 0.5656095104166667 0.8506697064814815 0.5623735645833333 0.8507039046296296 0.5624037880208334 0.8538016527777778 0.5515373765625 0.8538159018518519 0.5515635703124999 0.8637902537037037 0.5549163812500001 0.8637902537037037
3 0.6724017729166667 0.8578255916666667 0.6723634895833333 0.8585579935185185 0.6854785411458334 0.8585579935185185 0.6855349588541666 0.7684696490740741 0.6850755593750001 0.7684696490740741 0.6851521255208334 0.8577457962962963 0.6724017729166667 0.8578255916666667
2 0.7361293572916666 0.8443402675925925 0.7523312510416668 0.8443687657407407 0.7523332661458333 0.8199116555555556 0.7360165223958333 0.8200455972222221 0.7361293572916666 0.8443402675925925
2 0.5679568807291666 0.589811912037037 0.5813157364583332 0.5899601027777778 0.5813056619791667 0.5844257620370371 0.5679568807291666 0.5844913083333334 0.5679568807291666 0.589811912037037
4 0.6946483979166668 0.6011883731481482 0.6725528911458334 0.6011313768518519 0.6725226677083334 0.6110458824074074 0.6947189197916667 0.6110031351851851 0.6946483979166668 0.6011883731481482
4 0.6451239171875 0.5853491018518518 0.6321075963541667 0.5853776 0.6320914770833334 0.5939042462962963 0.6451380213541668 0.5939042462962963 0.6451239171875 0.5853491018518518
4 0.7562663713541667 0.6906953546296296 0.7498085833333333 0.6907096037037037 0.7497179125 0.705186662962963 0.7562965947916667 0.7051581648148149 0.7562663713541667 0.6906953546296296
3 0.7556437640625 0.7051439157407408 0.7497179125 0.705186662962963 0.7498085833333333 0.7107267027777777 0.709030828125 0.7106127101851852 0.7090066489583333 0.74308065 0.7025065484374999 0.74308065 0.7025528911458333 0.7503733259259259 0.7109389484374999 0.7503647759259259 0.7106629057291667 0.8444685092592592 0.7361293572916666 0.8443402675925925 0.7361112229166668 0.8394870333333333 0.7140922828124999 0.8396238240740741 0.7140939260416667 0.7401426481481481 0.752405803125 0.7402365342592593 0.7524561755208333 0.7434083787037037 0.755796896875 0.7434454259259259 0.7556679427083334 0.7175463092592592 0.7556437640625 0.7051439157407408
3 0.714094 0.735657187962963 0.7523413260416666 0.7358392703703703 0.7523413260416666 0.7176375037037037 0.7140942979166667 0.7176375037037037 0.714094 0.735657187962963
4 0.7322123713541667 0.6012026222222222 0.7098448520833334 0.6012168712962963 0.7098448520833334 0.6109461388888888 0.7322526697916667 0.610988886111111 0.7322123713541667 0.6012026222222222
4 0.2262945796875 0.31860074074074074 0.1991759015625 0.31848674814814815 0.19919605052083333 0.324611 0.22631472916666664 0.32456825277777773 0.2262945796875 0.31860074074074074
4 0.19957888385416667 0.13187802777777777 0.1879891192708333 0.13187802777777777 0.18801128333333333 0.13666571666666666 0.19957888385416667 0.13673126203703703 0.19957888385416667 0.13187802777777777
2 0.29796494062499995 0.21393559444444446 0.2861877895833333 0.2139526935185185 0.2861656255208333 0.22014249074074074 0.2979750151041667 0.2200598462962963 0.29796494062499995 0.21393559444444446
1 0 0 0 1 1 1 1 0 0 0
2 0.3655127947916667 0.20610145370370372 0.36549264583333335 0.18951838148148148 0.36117267760416666 0.1895611287037037 0.36119685677083335 0.20607010555555555 0.3655127947916667 0.20610145370370372
4 0.2633951239583333 0.1583072101851852 0.246000403125 0.1583471074074074 0.246000403125 0.16650327685185187 0.26340318333333335 0.16652607592592591 0.2633951239583333 0.1583072101851852
2 0.30462421927083333 0.2159333138888889 0.3163368932291667 0.21605585648148148 0.31635502708333335 0.1983528074074074 0.30465242812500004 0.19838985462962963 0.30462421927083333 0.2159333138888889
2 0.19966350989583334 0.18903106296296296 0.18781986718750002 0.18909945833333333 0.18779971770833334 0.19524935833333332 0.19969574843750001 0.19524935833333332 0.19966350989583334 0.18903106296296296
2 0.34685270989583333 0.17369905925925927 0.3631754984375 0.17370190925925927 0.36317952864583336 0.1484069537037037 0.34685270989583333 0.1483414074074074 0.34685270989583333 0.17369905925925927
2 0.2701450734375 0.16222855555555554 0.2833608703125 0.16221715555555555 0.28339512395833333 0.14156454814814814 0.27008462604166666 0.14155884907407407 0.2701450734375 0.16222855555555554
2 0.20496876875 0.18849814722222222 0.21434213177083333 0.1885380453703704 0.21426153541666665 0.18139070925925924 0.20491839635416667 0.1814277574074074 0.20496876875 0.18849814722222222
3 0.3029377390625 0.2139070962962963 0.29796494062499995 0.21392134537037039 0.29796494062499995 0.21595326296296297 0.30293975416666663 0.21595611296296296 0.3029377390625 0.2139070962962963
2 0.34759218229166666 0.24160729537037037 0.3343300421875 0.24157309814814817 0.3343844447916667 0.2619777712962963 0.34754180937499995 0.2619350240740741 0.34759218229166666 0.24160729537037037
2 0.30586943385416665 0.24153604999999997 0.2921922223958333 0.24146480462962963 0.2921922223958333 0.26179823333333335 0.30593995572916666 0.2617526361111111 0.30586943385416665 0.24153604999999997
2 0.19419705833333334 0.3018153324074074 0.19418496875000002 0.31657167314814816 0.20580495677083332 0.31662581944444446 0.20573443489583332 0.30185237962962963 0.19419705833333334 0.3018153324074074
2 0.23107797708333333 0.24045882037037034 0.2311142453125 0.21885437407407407 0.21374974791666668 0.21892277037037036 0.21385049374999998 0.24047306944444444 0.23107797708333333 0.24045882037037034
2 0.20300020156249998 0.20010544351851853 0.20300020156249998 0.2154345962962963 0.21545637708333334 0.2156027361111111 0.21548660104166667 0.20010259351851853 0.20300020156249998 0.20010544351851853
3 0.3340640739583333 0.28832715833333333 0.33404392499999996 0.24403818796296295 0.33433205729166665 0.2440210888888889 0.33430586354166664 0.24152180092592593 0.30586943385416665 0.24153604999999997 0.30586943385416665 0.24400398981481483 0.33221237135416665 0.24400398981481483 0.3321599838541667 0.28832715833333333 0.3340640739583333 0.28832715833333333
3 0.20300020156249998 0.16443431203703704 0.23081200885416667 0.16449415833333333 0.230828128125 0.1664776287037037 0.246000403125 0.16650327685185187 0.246000403125 0.16271302407407406 0.1992162 0.16267027685185184 0.19892806770833332 0.16265032777777777 0.19891194843749999 0.16638073518518517 0.20300624635416667 0.16638073518518517 0.20300020156249998 0.16443431203703704
3 0.19930687083333334 0.2920233685185185 0.1992645578125 0.2883043601851852 0.17882329218749998 0.2882530638888889 0.17878702395833335 0.2186206898148148 0.1894398546875 0.2186206898148148 0.18940358645833333 0.21668851481481483 0.17878702395833335 0.21668851481481483 0.17878702395833335 0.19128811666666665 0.18781986718750002 0.19128811666666665 0.18781986718750002 0.18909945833333333 0.17875075572916668 0.18904816203703703 0.17878702395833335 0.16634653703703703 0.18594801510416667 0.16624394444444446 0.185859359375 0.16265602777777777 0.17630666927083333 0.162698775 0.17634696770833333 0.29215161018518515 0.19930687083333334 0.2920233685185185
3 0.3655127947916667 0.1771444851851852 0.37415675989583336 0.17717583333333334 0.374176909375 0.21614705 0.36553294375 0.21611570277777778 0.3655127947916667 0.20610145370370372 0.3639512390625 0.20607295555555558 0.36394720937499997 0.24402678796296295 0.37419705833333333 0.2440695351851852 0.374176909375 0.288255912962963 0.3649707838541667 0.2883129092592593 0.36502720104166664 0.2920091194444444 0.3759036875 0.2919663722222222 0.3759258510416667 0.24162439444444445 0.37591376354166667 0.2416243277777778 0.3759238364583333 0.17478768888888888 0.3632198265625 0.17475919074074073 0.3632641546875 0.1771444851851852 0.363929075 0.17717583333333334 0.3639512390625 0.18951838148148148 0.36549264583333335 0.18951838148148148 0.3655127947916667 0.1771444851851852
3 0.37459802395833336 0.24161703796296294 0.37459198072916666 0.21882587592592592 0.3656598833333333 0.2187375324074074 0.36563771927083333 0.24156739814814815 0.37459802395833336 0.24161703796296294
3 0.3462341328125 0.21380450277777777 0.3398186578125 0.21382160185185187 0.3398186578125 0.2160815046296296 0.3462260729166667 0.2160815046296296 0.3462341328125 0.21380450277777777
3 0.2921922223958333 0.24146480462962963 0.28874269583333334 0.24146480462962963 0.28879911354166665 0.28287546296296295 0.292149909375 0.2829039611111111 0.2921922223958333 0.24146480462962963
3 0.5968789036458334 0.18291251111111112 0.60907515625 0.18273582222222223 0.6090288130208333 0.17906241111111112 0.5680495666666666 0.17909090925925927 0.5680374770833333 0.1825961814814815 0.5699858958333334 0.1825961814814815 0.5700161192708334 0.1808862925925926 0.5968789036458334 0.18291251111111112
3 0.6009570822916667 0.2066115703703704 0.6009026796875 0.23282416666666667 0.596475921875 0.23287546296296296 0.5965403989583333 0.2094043888888889 0.6008785010416666 0.2094043888888889 0.6008966348958332 0.20717013425925926 0.5969574854166667 0.2071957824074074 0.5969111427083333 0.18102308333333333 0.5700161192708334 0.1808862925925926 0.57002619375 0.21627814166666665 0.5716925244791666 0.21627814166666665 0.5717287932291666 0.1832373898148148 0.5874551682291667 0.18324308888888888 0.5874189 0.20430322037037038 0.5951964536458333 0.2042918212962963 0.5951964536458333 0.20190367592592592 0.5890167239583334 0.20189797685185185 0.5890590369791667 0.1832316898148148 0.5952669755208333 0.1832316898148148 0.5951158572916667 0.23282986574074074 0.5700725369791667 0.23277571944444445 0.5700926859375 0.23525220833333332 0.6040902682291667 0.23535765185185184 0.6040862380208334 0.2066115703703704 0.6009570822916667 0.2066115703703704
3 0.6041869838541667 0.2567084638888889 0.6009187989583332 0.2567939583333333 0.6008523072916667 0.3048817324074074 0.6041668343750001 0.3048817324074074 0.6041869838541667 0.2567084638888889
3 0.669709853125 0.255765175 0.6663570421874999 0.2557224277777778 0.6663409229166667 0.30474494166666666 0.6697400765625 0.3047677398148148 0.669709853125 0.255765175
3 0.5980898651041666 0.30478483888888885 0.5981019546875 0.30830151018518515 0.611638121875 0.3083471074074074 0.6116260328125 0.30474209166666666 0.5980898651041666 0.30478483888888885
4 0.7008664114583334 0.33600455925925926 0.6785895630208334 0.33589056666666667 0.6785794880208333 0.34212596203703705 0.7008462625 0.34214021111111115 0.7008664114583334 0.33600455925925926
4 0.6598267177083332 0.33605870648148145 0.6108140239583334 0.3359190648148148 0.6108140239583334 0.34212596203703705 0.6598367921875 0.342111712962963 0.6598267177083332 0.33605870648148145
4 0.5981200885416667 0.33593331388888886 0.5713318557291667 0.33593331388888886 0.5713419302083333 0.342111712962963 0.5981684463541667 0.3420974638888889 0.5981200885416667 0.33593331388888886
3 0.5713419302083333 0.34056426296296294 0.5713318557291667 0.3359048157407407 0.5655168244791666 0.3359247648148148 0.5655168244791666 0.3338814481481482 0.563727584375 0.3338814481481482 0.5637114645833333 0.3358734685185185 0.5613137213541666 0.33589626666666667 0.5612895427083333 0.3405015675925926 0.5713419302083333 0.34056426296296294
3 0.7541970583333334 0.18438016574074076 0.7428873666666667 0.18432601851851851 0.7428873666666667 0.18907951018518518 0.7561595807291667 0.18910230833333333 0.7561354020833334 0.25590481574074075 0.7253113036458333 0.25597036203703705 0.7253354828125 0.25840695370370376 0.7561273421875 0.25839555462962965 0.7561273421875 0.291929325 0.7586459802083334 0.291929325 0.7586459802083334 0.3082958111111111 0.7469655447916667 0.3082958111111111 0.7470118880208333 0.31277571944444443 0.7586842635416667 0.31290681111111107 0.7586842635416667 0.33588486759259256 0.7450876484375001 0.3359048157407407 0.7450775739583333 0.3405357648148148 0.7628269192708333 0.34047306944444444 0.7627785614583333 0.2874266175925926 0.7600745515625 0.2874266175925926 0.7602841026041667 0.18330863518518517 0.7583598630208334 0.18326588796296295 0.7581442677083333 0.11350242222222222 0.7560185369791667 0.11335993148148148 0.7559198067708334 0.0781875175925926 0.7528289338541666 0.0781875175925926 0.7526979651041666 0.11799088055555555 0.7542655651041666 0.11799088055555555 0.7541970583333334 0.18438016574074076
3 0.7008664114583334 0.3359048157407407 0.7008563369791666 0.34050726666666664 0.7226798307291666 0.3404787685185185 0.7226899052083334 0.3358620685185185 0.7008664114583334 0.3359048157407407
3 0.6598267177083332 0.33587631759259257 0.6598367921875 0.34050726666666664 0.6785794880208333 0.3405357648148148 0.6785794880208333 0.33587631759259257 0.6598267177083332 0.33587631759259257
3 0.5981200885416667 0.3359048157407407 0.598158371875 0.3405500138888889 0.6108140239583334 0.34050726666666664 0.6108140239583334 0.33589056666666667 0.5981200885416667 0.3359048157407407
4 0.6192403786458333 0.17473069259259258 0.6090288130208333 0.17476204074074075 0.60907515625 0.18273582222222223 0.6192323192708333 0.18275862037037038 0.6192403786458333 0.17473069259259258
2 0.6597400765625 0.14765745185185183 0.6462099536458333 0.14765745185185183 0.6461777151041667 0.15381875185185187 0.6597078380208334 0.1538614990740741 0.6597400765625 0.14765745185185183
2 0.7103022364583332 0.10168993981481482 0.7100463427083333 0.07862923888888888 0.693268184375 0.07872613240740742 0.6931170661458333 0.10162724444444445 0.7103022364583332 0.10168993981481482
2 0.6787588151041667 0.22809347407407407 0.6668889786458333 0.228073525 0.6669091276041667 0.23436306666666668 0.6787789645833333 0.23432031944444445 0.6787588151041667 0.22809347407407407
2 0.6849002619791666 0.23025363333333335 0.69659883125 0.23025363333333335 0.6964759218750001 0.21255913333333332 0.6849002619791666 0.21255628425925926 0.6849002619791666 0.23025363333333335
2 0.7266975619791667 0.18658022222222223 0.7429357244791667 0.1865203759259259 0.7429780375 0.16257053333333335 0.7266572635416666 0.16251353703703705 0.7266975619791667 0.18658022222222223
2 0.7458089864583334 0.2191222574074074 0.7458734635416667 0.20229980092592595 0.741700584375 0.20229125092592593 0.7417610317708333 0.21908805925925925 0.7458089864583334 0.2191222574074074
4 0.6241648197916666 0.11819036759259259 0.6209208140625001 0.11819036759259259 0.6208623817708333 0.13447135925925927 0.6242151921875 0.13447135925925927 0.6241648197916666 0.11819036759259259
2 0.7458875682291667 0.2528270166666667 0.7459016723958333 0.2362068962962963 0.7417308078125 0.23621829537037037 0.741752971875 0.25282986574074073 0.7458875682291667 0.2528270166666667
2 0.7253113036458333 0.25597036203703705 0.7116502114583334 0.25591336574074075 0.7115514807291666 0.2760986037037037 0.7253516020833334 0.2760986037037037 0.7253113036458333 0.25597036203703705
2 0.6833346765625 0.25591336574074075 0.669709853125 0.255765175 0.6697481364583333 0.2760815046296296 0.6833487807291667 0.2759846111111111 0.6833346765625 0.25591336574074075
2 0.6437295989583334 0.17464234814814814 0.6437094499999999 0.16014534074074074 0.6315353614583333 0.16021088611111112 0.6315776750000001 0.1743887148148148 0.6437295989583334 0.17464234814814814
2 0.57210558125 0.20483613611111112 0.5814386458333334 0.20487603333333335 0.5814064072916667 0.19784268981481481 0.5720773723958333 0.19779424351851851 0.57210558125 0.20483613611111112
2 0.5715937942708333 0.15587346851851852 0.5715232723958333 0.1744628101851852 0.5865524885416666 0.1744628101851852 0.5864477130208333 0.15592191481481482 0.5715937942708333 0.15587346851851852
2 0.5546483979166666 0.17908805925925927 0.5680495666666666 0.17909090925925927 0.5680979244791666 0.15917355370370373 0.5545758614583334 0.1591792537037037 0.5546483979166666 0.17908805925925927
2 0.5686016520833334 0.20546879444444444 0.5567660687499999 0.20557138796296295 0.5567600239583333 0.21155029907407408 0.5686318760416668 0.21157879722222223 0.5686016520833334 0.20546879444444444
2 0.57002619375 0.21627814166666665 0.5700725369791667 0.23277571944444445 0.5826012494791667 0.232687375 0.5824984890625 0.2162724425925926 0.57002619375 0.21627814166666665
2 0.6041869838541667 0.2567084638888889 0.6040902682291667 0.23535765185185184 0.5870380817708334 0.23535765185185184 0.5869715895833333 0.25673696203703705 0.6041869838541667 0.2567084638888889
2 0.5636792260416666 0.3192704472222222 0.563727584375 0.3338814481481482 0.5752488416666667 0.33383015092592594 0.5752488416666667 0.31932744351851855 0.5636792260416666 0.3192704472222222
4 0.6192262744791667 0.14585066944444444 0.6088998588541668 0.1458392703703704 0.6088857546875001 0.1505956111111111 0.6192464234375 0.1506070101851852 0.6192262744791667 0.14585066944444444
4 0.5916199880208333 0.14505557129629632 0.575268990625 0.14504132222222224 0.5753193635416667 0.15053291574074074 0.5916502114583333 0.1505528638888889 0.5916199880208333 0.14505557129629632
4 0.5673262140625001 0.14573667685185185 0.5558553296875 0.145765175 0.5558553296875 0.15063265925925926 0.5672959901041666 0.15060986018518518 0.5673262140625001 0.14573667685185185
4 0.5980898651041666 0.30478483888888885 0.571815434375 0.30479338888888885 0.5718053598958334 0.31297520648148147 0.5981341932291666 0.3129125111111111 0.5980898651041666 0.30478483888888885
4 0.6599959703124999 0.30478483888888885 0.6116260328125 0.30474209166666666 0.611638121875 0.3130008546296296 0.6600322385416667 0.31297805648148147 0.6599959703124999 0.30478483888888885
4 0.6960548057291667 0.30485323425925925 0.6743381020833333 0.3046964944444444 0.6743381020833333 0.31297805648148147 0.6961656255208334 0.312884012962963 0.6960548057291667 0.30485323425925925
4 0.7470058432291666 0.304813337037037 0.7252931692708333 0.3047905388888889 0.7253576463541667 0.31297805648148147 0.7470118880208333 0.31277571944444443 0.7470058432291666 0.304813337037037
4 0.5613137213541666 0.33589626666666667 0.5476909125 0.3360302083333333 0.5477291958333333 0.3404930175925926 0.5612895427083333 0.3405015675925926 0.5613137213541666 0.33589626666666667
3 0.5700141041666666 0.2054773435185185 0.5686016520833334 0.20546879444444444 0.5686117265625 0.20779994259259257 0.5700141041666666 0.20779709351851852 0.5700141041666666 0.2054773435185185
3 0.5814386458333334 0.20390139629629628 0.5814386458333334 0.20487603333333335 0.5869917390625 0.20485893425925925 0.5869816640625001 0.20386434907407408 0.5814386458333334 0.20390139629629628
3 0.6192323192708333 0.18275862037037038 0.6461132380208333 0.18272157314814816 0.6460608505208333 0.1745996009259259 0.6437295989583334 0.17464234814814814 0.6437295989583334 0.17914790555555554 0.6192162 0.17917925370370372 0.6192323192708333 0.18275862037037038
3 0.7542655651041666 0.11799088055555555 0.7531432598958333 0.11800797962962963 0.7531352005208334 0.1843345685185185 0.7541970583333334 0.18438016574074076 0.7542655651041666 0.11799088055555555
3 0.6787588151041667 0.22809347407407407 0.6787588151041667 0.2302308351851852 0.6832621395833333 0.23025363333333335 0.6832822890625 0.22803077777777778 0.6787588151041667 0.22809347407407407
3 0.6668889786458333 0.228073525 0.6627584125 0.228073525 0.6627342333333334 0.23046167037037038 0.6668889786458333 0.23053291574074075 0.6668889786458333 0.228073525
3 0.5680556114583334 0.1747734398148148 0.5680495666666666 0.17909090925925927 0.6090288130208333 0.17906241111111112 0.6090288130208333 0.17476204074074075 0.59536570625 0.17474494166666665 0.5954563770833333 0.1505984611111111 0.6088857546875001 0.1505956111111111 0.6088998588541668 0.1458392703703704 0.5916199880208333 0.14580792222222222 0.5916602859375 0.15053861481481481 0.5923634895833333 0.15053861481481481 0.5923594598958334 0.17475634074074076 0.5680556114583334 0.1747734398148148