2 0.7636328833333333 0.4886520379629629 0.7636953453125 0.5039840407407408 0.77727785625 0.5040723851851853 0.7771206932291667 0.48851809629629633 0.7636328833333333 0.4886520379629629
2 0.7593471692708333 0.5094670842592594 0.7450715291666667 0.5095098314814815 0.7451339916666666 0.5318409805555555 0.7593733630208334 0.531744087037037 0.7593471692708333 0.5094670842592594
4 0.6411525286458333 0.5927472212962963 0.6411464838541666 0.5997549157407408 0.6881422526041666 0.5997235675925926 0.6882369536458334 0.5927272731481481 0.6411525286458333 0.5927472212962963
4 0.707735240625 0.592710174074074 0.7076707635416667 0.5997748648148148 0.7361595807291667 0.5997492166666667 0.7361575661458333 0.5927272731481481 0.707735240625 0.592710174074074
4 0.754140640625 0.592690225 0.7541245213541666 0.5997748648148148 0.7825952046875 0.5997492166666667 0.7825770703125 0.5927272731481481 0.754140640625 0.592690225
3 0.6526536369791667 0.4163807351851852 0.6878924036458333 0.41668851481481484 0.6878581505208333 0.44132516388888887 0.6996232119791667 0.4413508120370371 0.6996594802083334 0.4329011111111111 0.69396534375 0.4329011111111111 0.6939895223958333 0.4092390990740741 0.6959802536458334 0.40924764907407407 0.69598226875 0.4063636361111111 0.69216804375 0.4062809916666667 0.69216804375 0.38113707592592594 0.6901188796875 0.38113707592592594 0.6900866411458334 0.4080364777777778 0.6526536369791667 0.4079823314814815 0.6526536369791667 0.4163807351851852
3 0.6340681041666667 0.39366486203703704 0.63652025 0.39377315462962964 0.6364678619791667 0.3811684240740741 0.6339754182291667 0.3811798231481482 0.6340681041666667 0.39366486203703704
3 0.5930828130208333 0.4110971787037037 0.5993532135416667 0.4110971787037037 0.5993753776041667 0.4260843546296296 0.5940519848958333 0.4260558564814815 0.5940419098958334 0.44876033055555553 0.5935603463541667 0.4487973777777778 0.5935079588541666 0.4522485037037037 0.5940560145833333 0.4522656027777778 0.5940157161458333 0.4631376462962963 0.5966008463541667 0.46312054722222223 0.5966391296875 0.4497007694444444 0.5971086036458334 0.4496808203703704 0.5971227078125001 0.44816756944444447 0.5965867416666666 0.44816756944444447 0.5966270401041667 0.42913935555555555 0.6123393109375 0.42913935555555555 0.6123393109375 0.4487033342592593 0.621507153125 0.4487859787037037 0.6214849890625 0.4458848675925926 0.61440459375 0.44579082314814816 0.6143139229166666 0.4263664861111111 0.6053395125000001 0.4261755481481481 0.6053173484375001 0.4244827583333333 0.6156659281250001 0.4243944148148148 0.6156800322916667 0.42146195462962965 0.6053959296875 0.4214249074074074 0.605373765625 0.4026104305555555 0.5930364697916667 0.4025790824074074 0.5930828130208333 0.4110971787037037
3 0.70811404375 0.5690937592592593 0.7080213578125 0.560569962962963 0.7018637921875001 0.5606241092592592 0.7019786421875001 0.5096950694444444 0.6979871046875 0.5096865203703704 0.697973 0.5605557138888889 0.6875720328125 0.5606241092592592 0.6876909125 0.5690937592592593 0.70811404375 0.5690937592592593
3 0.7356377192708333 0.5606155601851851 0.7356639130208333 0.5691051583333333 0.754678621875 0.5691621546296296 0.7546383234375 0.5605956111111111 0.7451380213541667 0.5606155601851851 0.74508361875 0.5102051870370371 0.7160205520833334 0.5102422342592592 0.7160205520833334 0.5129923055555555 0.7435966151041666 0.5129923055555555 0.7435603463541667 0.5606326592592593 0.7356377192708333 0.5606155601851851
4 0.5930646786458333 0.4029837564814815 0.5779004635416667 0.4029467083333333 0.5778339713541667 0.41130806481481486 0.5930767682291667 0.4112909657407407 0.5930646786458333 0.4029837564814815
4 0.6416844651041667 0.5687973777777777 0.6876687489583334 0.5687717296296296 0.687594196875 0.5604531203703703 0.6417025994791667 0.5604787685185185 0.6416844651041667 0.5687973777777777
4 0.7080374770833333 0.5604787685185185 0.7080999395833333 0.5687859787037037 0.735629659375 0.5686748361111111 0.7356357041666667 0.5604075231481482 0.7080374770833333 0.5604787685185185
3 0.7821599838541666 0.5605557138888889 0.7821196854166667 0.5690823592592593 0.7914507354166667 0.569048162037037 0.7914507354166667 0.5606668564814815 0.7821599838541666 0.5605557138888889
4 0.6996574651041667 0.43320034166666666 0.6996171671875 0.4415787972222222 0.7134636307291667 0.44154175 0.7134515416666667 0.4333114851851852 0.6996574651041667 0.43320034166666666
3 0.7134636307291667 0.4409375888888889 0.7161394317708333 0.44095468796296294 0.7161132380208334 0.432889712037037 0.7134374369791666 0.432889712037037 0.7134636307291667 0.4409375888888889
3 0.6375901671875001 0.42151610185185184 0.6376324802083333 0.41640923333333335 0.6388917994791666 0.4163807351851852 0.6389119484375 0.4079823314814815 0.6316764052083333 0.4079566824074074 0.6316764052083333 0.42145910555555555 0.6375901671875001 0.42151610185185184
3 0.5778380010416666 0.41106583055555557 0.5779105380208333 0.40261328055555556 0.569981865625 0.40258763148148147 0.569981865625 0.4110401824074074 0.5778380010416666 0.41106583055555557
3 0.6416703604166667 0.5690937592592593 0.641700584375 0.560589912037037 0.62884545625 0.5606554574074074 0.6288474713541666 0.5691023083333333 0.6416703604166667 0.5690937592592593
3 0.7759742093750001 0.36409518425925924 0.776000403125 0.4018039324074074 0.7716542411458334 0.40802222870370375 0.7393149307291667 0.4079680824074074 0.7393290348958333 0.40929609537037037 0.7720189401041666 0.4092220009259259 0.7768486802083333 0.4021544601851852 0.7768728593750001 0.3640752351851852 0.7759742093750001 0.36409518425925924
2 0.7521962520833333 0.4092789972222222 0.7441446703125 0.4092789972222222 0.7440640739583333 0.41480193796296294 0.7521317750000001 0.41492732962962964 0.7521962520833333 0.4092789972222222
2 0.7768930083333333 0.3679424333333334 0.7768607697916666 0.38360501574074074 0.7811283499999999 0.3834511259259259 0.7812452145833333 0.36804502685185186 0.7768930083333333 0.3679424333333334
2 0.15139431770833334 0.4707779990740741 0.15138021354166667 0.48785123981481476 0.16508361875000002 0.48788828703703707 0.16501712656249998 0.4707779990740741 0.15139431770833334 0.4707779990740741
2 0.14893814218749998 0.5907181537037037 0.14881724739583332 0.5738557990740741 0.13453556302083333 0.5739441435185185 0.13448922031250002 0.5906668564814815 0.14893814218749998 0.5907181537037037
3 0.29433608697916663 0.5247905388888888 0.29584928489583334 0.524824736111111 0.2959036875 0.5220376175925926 0.29433004218750003 0.5220347675925926 0.29433608697916663 0.5247905388888888
2 0.182818859375 0.524046737037037 0.18283497864583334 0.5018238814814815 0.16429377395833333 0.5017782842592593 0.16422929687499999 0.5240552861111111 0.182818859375 0.524046737037037
2 0.29557122708333333 0.5046309490740741 0.29559742083333335 0.5216842407407408 0.30946201874999996 0.5215816472222222 0.30935321354166667 0.5047791398148148 0.29557122708333333 0.5046309490740741
2 0.2727725166666667 0.4614904527777778 0.2885512796875 0.4615132518518518 0.288537175 0.4374807638888889 0.27275035260416663 0.4373240240740741 0.2727725166666667 0.4614904527777778
2 0.29430787812500003 0.5212453694444444 0.2803969375 0.5212824166666666 0.2804090265625 0.5439070962962963 0.2943602661458333 0.5440324879629629 0.29430787812500003 0.5212453694444444
3 0.2896594802083333 0.46276717037037035 0.3218295385416667 0.4626816759259259 0.3216320776041667 0.5217041888888889 0.29589159791666664 0.5216842407407408 0.2958553296875 0.5253234537037037 0.32172073333333334 0.52538615 0.3216401369791667 0.598076375 0.31311908125 0.5980393277777778 0.3130546041666667 0.6035964666666667 0.32573241979166667 0.6036078657407407 0.3254583921875 0.462690225 0.3576062864583333 0.46269592499999995 0.35761031614583333 0.4616414935185185 0.358811203125 0.46166144166666667 0.35875881510416663 0.45722997962962963 0.28856336875 0.4572014814814815 0.2885512796875 0.4615132518518518 0.28968567395833333 0.4615132518518518 0.2896594802083333 0.46276717037037035
3 0.2697541807291667 0.4089398685185185 0.30723151302083335 0.40883442592592595 0.30726778177083336 0.40318324351851853 0.269780375 0.40305785092592594 0.26968970364583333 0.3804930175925926 0.3075216604166667 0.3804616703703704 0.30742494479166665 0.36454830462962967 0.3035281078125 0.3644542601851852 0.3035281078125 0.37490738148148145 0.269788434375 0.37496722685185185 0.2697541807291667 0.32397264166666667 0.30353213802083334 0.3238757481481481 0.3035986296875 0.33968082037037034 0.3074491234375 0.3397463666666667 0.30726778177083336 0.3182359648148148 0.2658029416666667 0.3182929611111111 0.2658029416666667 0.41149330277777774 0.2582168041666667 0.41147335462962964 0.2582611322916667 0.4170162435185185 0.26097118697916666 0.41698489629629626 0.26101551458333333 0.4587033342592593 0.2304452953125 0.4587346824074074 0.230467459375 0.46424622407407407 0.26173282291666666 0.46418352777777777 0.2618214791666667 0.47289256203703706 0.2615534958333333 0.47346252499999997 0.2615091677083333 0.49826731296296295 0.2654503322916667 0.4982331148148148 0.26527100520833335 0.4627244231481481 0.2716542411458333 0.46278996851851856 0.2716542411458333 0.4614904527777778 0.2727725166666667 0.4614904527777778 0.2727463229166667 0.4572670277777778 0.264942575 0.45724992870370373 0.264942575 0.41710458796296296 0.2697844046875 0.41706754074074076 0.2697541807291667 0.4089398685185185
2 0.3357928671875 0.39700199444444445 0.33577876302083337 0.42041892314814816 0.355629659375 0.4202792814814815 0.3553495869791667 0.3968652037037037 0.3357928671875 0.39700199444444445
2 0.358811203125 0.46166144166666667 0.37423735625 0.46175263611111106 0.37423937135416663 0.43744941574074075 0.3588494859375 0.43738956944444446 0.358811203125 0.46166144166666667
4 0.3828873666666667 0.3407779990740741 0.3827705015625 0.3238985462962963 0.3789723958333333 0.32402393888888886 0.3789623213541667 0.3407779990740741 0.3828873666666667 0.3407779990740741
4 0.3359278661458333 0.3183499574074074 0.30726778177083336 0.3182359648148148 0.30722748333333333 0.32348247407407404 0.33588958281250003 0.32348247407407404 0.3359278661458333 0.3183499574074074
3 0.3827705015625 0.3238985462962963 0.3827966953125 0.3182359648148148 0.3359278661458333 0.3183499574074074 0.3357928671875 0.39700199444444445 0.33985291145833335 0.39688515277777775 0.3397964942708333 0.32397549166666667 0.3827705015625 0.3238985462962963
3 0.3755369734375 0.46274152222222226 0.3862421921875 0.46287831296296295 0.3862704010416667 0.4170390425925926 0.38890791875 0.4170048444444444 0.38897642552083334 0.41145625555555554 0.3828873666666667 0.41139070925925925 0.3828873666666667 0.3407779990740741 0.3789623213541667 0.3407779990740741 0.3789623213541667 0.4201310916666667 0.33577876302083337 0.42041892314814816 0.3358694338541667 0.4259019666666667 0.382369534375 0.42603305740740743 0.3823916984375 0.4572584777777778 0.37430183333333333 0.45728697592592593 0.37424944583333336 0.46175263611111106 0.3755410036458333 0.46178968333333337 0.3755369734375 0.46274152222222226
2 0.13004634270833332 0.4707324027777778 0.1436953453125 0.47075235092592593 0.14362683854166666 0.4487403814814815 0.13000604479166666 0.44854944444444445 0.13004634270833332 0.4707324027777778
3 0.23267378593750002 0.4289455685185185 0.23273020364583333 0.41706469074074076 0.2303042515625 0.41706469074074076 0.2302861171875 0.42886862314814816 0.23267378593750002 0.4289455685185185
3 0.2304452953125 0.4587346824074074 0.23268184583333335 0.45870903425925924 0.23268184583333335 0.43181533240740744 0.22547854114583332 0.43174123703703704 0.22553092864583332 0.4402678824074074 0.22667942760416665 0.4403419777777778 0.22666733854166665 0.46677400925925927 0.22926254270833332 0.4669222 0.229198065625 0.45964947314814814 0.23042514583333332 0.45968652037037033 0.2304452953125 0.4587346824074074
3 0.2116441666666667 0.43175833611111114 0.1813258109375 0.43174123703703704 0.181303646875 0.4402935305555556 0.21173483802083334 0.44030493055555553 0.2116441666666667 0.43175833611111114
3 0.1596030625 0.44766030185185185 0.1764356234375 0.44765175277777774 0.17640942968749998 0.4444998574074074 0.16181341927083331 0.4444770592592593 0.16184767291666666 0.4335309203703704 0.15953657083333334 0.4335138212962963 0.1596030625 0.44766030185185185
3 0.14363288333333332 0.46240239351851853 0.1436953453125 0.47075235092592593 0.177374571875 0.47068395555555553 0.177348378125 0.4623966944444445 0.14363288333333332 0.46240239351851853
3 0.13004634270833332 0.4707324027777778 0.12999395520833332 0.4623710462962963 0.12855530937499998 0.4624166425925926 0.12836389270833334 0.46305215185185183 0.12831150520833334 0.4707324027777778 0.13004634270833332 0.4707324027777778
3 0.18566995781249998 0.5659105157407407 0.1825770703125 0.5658934166666667 0.18253878697916667 0.5744770592592592 0.18574853906250002 0.5745141064814815 0.18566995781249998 0.5659105157407407
3 0.2614849890625 0.4950498712962963 0.25731009479166667 0.49506982037037034 0.25727785625 0.4658107722222222 0.255321378125 0.4658278712962963 0.25526093072916667 0.49805927592592586 0.26152528697916666 0.49805927592592586 0.2614849890625 0.4950498712962963
1 0 0 0 1 1 1 1 0 0 0
3 0.32167640520833335 0.5659361638888889 0.3128249041666667 0.5659361638888889 0.3127705015625 0.5744941583333334 0.3216582713541667 0.5744941583333334 0.32167640520833335 0.5659361638888889
3 0.2554946604166667 0.5247734398148148 0.2785935927083333 0.5248275861111111 0.2786036671875 0.5659760611111111 0.27231513177083333 0.565958962962963 0.27232722135416665 0.5744115129629629 0.28480354635416666 0.5744856083333334 0.28477735260416664 0.565950412962963 0.2803304453125 0.5659276148148148 0.28034051979166663 0.5219920203703704 0.25552286927083334 0.5220034194444444 0.2554946604166667 0.5247734398148148
3 0.24181744895833335 0.5214448564814814 0.23748539166666666 0.5214078083333333 0.23750755572916665 0.5641521805555556 0.23778158385416667 0.564836136111111 0.23775539010416666 0.5659789111111111 0.2319867015625 0.5659789111111111 0.23200080572916668 0.5744884583333334 0.24452750364583334 0.5744884583333334 0.24454966770833333 0.5659447138888889 0.24156155572916665 0.5659817611111111 0.24154946614583334 0.564781988888889 0.24187588177083336 0.564411512962963 0.24181744895833335 0.5214448564814814
3 0.19079185989583333 0.5013622111111111 0.19079185989583333 0.4990196638888889 0.181303646875 0.4990196638888889 0.181277453125 0.5013622111111111 0.19079185989583333 0.5013622111111111
3 0.2710457385416667 0.49542604722222217 0.2654463026041667 0.49536905092592587 0.2654463026041667 0.49782559166666673 0.2710618578125 0.49787403796296303 0.2710457385416667 0.49542604722222217
3 0.29585331458333336 0.4978626388888889 0.2958110015625 0.5046309490740741 0.29848680208333334 0.5046879453703704 0.29843038489583334 0.4733257342592593 0.32179931510416665 0.4733228842592593 0.32179931510416665 0.4703134796296296 0.29805964114583333 0.470387575 0.29807374583333335 0.4633542324074074 0.2959943583333333 0.4633912796296296 0.295841225 0.4954431462962963 0.29002014895833333 0.4953519518518518 0.289981865625 0.4978056425925926 0.29585331458333336 0.4978626388888889
3 0.24615756614583334 0.4114648046296296 0.243260125 0.4114847537037037 0.24327221458333334 0.4170219435185185 0.2461233125 0.41703049259259256 0.24615756614583334 0.4114648046296296
3 0.2373000203125 0.4114391564814815 0.21454362291666668 0.41145625555555554 0.21453959322916666 0.41699059537037036 0.2373000203125 0.41704759166666666 0.2373000203125 0.4114391564814815
3 0.1457666734375 0.5907352518518518 0.14575256927083335 0.5980934740740741 0.1443038484375 0.5980564259259259 0.1443159380208333 0.6035195212962963 0.1488494859375 0.6035822175925926 0.14893814218749998 0.5907181537037037 0.1457666734375 0.5907352518518518
3 0.2711968567708333 0.6048076379629629 0.28463429375 0.6047620407407408 0.2846141447916667 0.5981077231481481 0.27129155729166665 0.5980022796296296 0.2711968567708333 0.6048076379629629
3 0.12854724947916668 0.5739384444444444 0.14835381822916668 0.57384155 0.14835381822916668 0.5683756055555556 0.12826717708333332 0.5683357083333332 0.12826717708333332 0.5598090620370371 0.12856739895833333 0.5594585351851852 0.12850292187499998 0.4723225990740741 0.1282772515625 0.4717497861111111 0.1283659078125 0.46304360185185184 0.12854724947916668 0.4625021370370371 0.12850090677083334 0.4334511259259259 0.13625226666666668 0.4334739240740741 0.13625226666666668 0.42791393518518517 0.12446101145833333 0.42782559166666667 0.12447310104166666 0.6035822175925926 0.1314668546875 0.6035622685185186 0.1314406609375 0.598067825925926 0.12853113020833334 0.598067825925926 0.12854724947916668 0.5739384444444444
3 0.232317146875 0.6047249925925926 0.2427181140625 0.6047249925925926 0.24275639739583335 0.598079225 0.23242192239583334 0.598062125925926 0.232317146875 0.6047249925925926
3 0.16299012708333332 0.4170390425925926 0.17738464635416668 0.41701054444444446 0.17733628854166666 0.49824451388888885 0.1539693734375 0.49818181851851856 0.1539875078125 0.48784268981481477 0.15148901875 0.48784268981481477 0.151470884375 0.501718437962963 0.181303646875 0.5017697351851851 0.18129357239583335 0.4169563981481481 0.19221237135416666 0.41701054444444446 0.19224864010416667 0.41148190370370374 0.159119484375 0.4113764601851852 0.15902478333333334 0.4279082361111111 0.15152730208333332 0.4278284407407407 0.15156558541666668 0.433462525 0.1630082609375 0.43349387314814813 0.16299012708333332 0.4170390425925926
3 0.18117469270833333 0.5744001138888889 0.18253072760416666 0.5744742092592593 0.18272214375 0.5240524370370371 0.17878097916666666 0.524032487962963 0.17893008281249997 0.5683556564814815 0.1719867015625 0.568261612962963 0.1719867015625 0.5739555425925926 0.17721942395833334 0.5739355944444445 0.17715696145833335 0.5981020231481482 0.1721982671875 0.5980279277777778 0.17213379010416666 0.6036392138888889 0.1853919 0.6036221148148148 0.18536167656250002 0.5981162722222222 0.18110820052083335 0.598079225 0.18117469270833333 0.5744001138888889
4 0.31311908125 0.5980393277777778 0.2846141447916667 0.5981077231481481 0.28467459218749996 0.6048902824074075 0.31303848489583336 0.6049073814814815 0.31311908125 0.5980393277777778
4 0.3128249041666667 0.5659361638888889 0.28477735260416664 0.565950412962963 0.28480354635416666 0.5744856083333334 0.3127705015625 0.5744941583333334 0.3128249041666667 0.5659361638888889
4 0.27231513177083333 0.565958962962963 0.24454966770833333 0.5659447138888889 0.24452750364583334 0.5744884583333334 0.27232722135416665 0.5744115129629629 0.27231513177083333 0.565958962962963
4 0.27129155729166665 0.5980022796296296 0.24275639739583335 0.598079225 0.24274833750000002 0.6060359074074074 0.271162603125 0.6059903101851851 0.27129155729166665 0.5980022796296296
4 0.23242192239583334 0.598062125925926 0.18536167656250002 0.5981162722222222 0.18542816822916666 0.6048731833333334 0.23229296770833333 0.6048874324074074 0.23242192239583334 0.598062125925926
4 0.2319867015625 0.5659789111111111 0.18566995781249998 0.5659105157407407 0.18574853906250002 0.5745141064814815 0.23200080572916668 0.5744884583333334 0.2319867015625 0.5659789111111111
4 0.14835381822916668 0.57384155 0.1719867015625 0.5739555425925926 0.1719867015625 0.566332287962963 0.14840620572916666 0.5662980907407408 0.14835381822916668 0.57384155
4 0.1721982671875 0.5980279277777778 0.14890187395833332 0.5980906240740741 0.148837396875 0.6049330296296296 0.17215192447916666 0.6048418351851852 0.1721982671875 0.5980279277777778
4 0.1443038484375 0.5980564259259259 0.1314406609375 0.598067825925926 0.13145879531250002 0.6072613277777777 0.14425347552083334 0.607500712037037 0.1443038484375 0.5980564259259259
4 0.15152730208333332 0.4278284407407407 0.13625226666666668 0.42791393518518517 0.13625226666666668 0.4334739240740741 0.15156558541666668 0.433462525 0.15152730208333332 0.4278284407407407
4 0.19221237135416666 0.41701054444444446 0.21453959322916666 0.41699059537037036 0.21450533958333334 0.41000285000000003 0.19229296770833332 0.40993445462962963 0.19221237135416666 0.41701054444444446
4 0.243260125 0.4114847537037037 0.2373000203125 0.4114391564814815 0.2373000203125 0.41704759166666666 0.24327221458333334 0.4170219435185185 0.243260125 0.4114847537037037
4 0.2582168041666667 0.41147335462962964 0.24615756614583334 0.4114648046296296 0.2461233125 0.41703049259259256 0.2582611322916667 0.4170162435185185 0.2582168041666667 0.41147335462962964
2 0.21173483802083334 0.44030493055555553 0.22553092864583332 0.4402678824074074 0.22540801927083332 0.41777714444444447 0.21157364479166668 0.4176831009259259 0.21173483802083334 0.44030493055555553
4 0.5779407614583333 0.37601310925925924 0.5779770302083332 0.3809831861111111 0.5931150515625 0.38105728148148144 0.5930787828124999 0.37603590740740744 0.5779407614583333 0.37601310925925924
4 0.777144871875 0.3070048444444444 0.8040338505208333 0.30696209722222223 0.8040338505208333 0.30217725833333337 0.7770824098958333 0.3022000574074074 0.777144871875 0.3070048444444444
2 0.638915978125 0.41638643518518514 0.6526375177083333 0.41645768055555554 0.6526496072916667 0.3938671990740741 0.63890791875 0.3939213453703704 0.638915978125 0.41638643518518514
3 0.5930928875 0.37568823055555556 0.5931090067708333 0.3812054712962963 0.6085653838541667 0.38118267314814813 0.6085492645833334 0.37562268425925927 0.5930928875 0.37568823055555556
3 0.5903143260416667 0.5683613564814816 0.590352609375 0.5629923055555556 0.5699617166666666 0.5630692509259259 0.5700000000000001 0.38116272407407403 0.5779488213541666 0.3810059842592593 0.5779306869791667 0.37568823055555556 0.5663731614583334 0.3756625814814815 0.5662059239583334 0.5982274148148148 0.5734011687499999 0.5982616129629629 0.5734394520833334 0.5927586203703703 0.5701692526041667 0.5927586203703703 0.5700947010416667 0.5685437444444444 0.5903143260416667 0.5683613564814816
3 0.5907455166666666 0.585371900925926 0.587656659375 0.585403249074074 0.5876788234375 0.592704474074074 0.5862139833333334 0.5927358222222222 0.5861998791666667 0.5982844111111111 0.5901390286458333 0.598255912962963 0.5901390286458333 0.5929609574074074 0.5907696958333334 0.5929296092592592 0.5907455166666666 0.585371900925926
3 0.6288293369791667 0.5683642064814814 0.6290006046875 0.5058592194444445 0.6251339916666667 0.5058820175925925 0.6252730203125 0.5630265037037037 0.6183679223958334 0.5630265037037037 0.618351803125 0.5684981472222221 0.6235200484375 0.5685408944444444 0.6235200484375 0.5927728694444444 0.6185714286458333 0.5927500712962963 0.6185875479166667 0.5981989166666667 0.6411525286458333 0.5981989166666667 0.6411847671875001 0.5927728694444444 0.6274350192708333 0.592884012962963 0.6273403182291666 0.5683642064814814 0.6288293369791667 0.5683642064814814
3 0.6882591177083334 0.5927272731481481 0.6881482973958334 0.5981761185185185 0.707682853125 0.5982473638888889 0.7077090468749999 0.5927728694444444 0.6882591177083334 0.5927272731481481
3 0.7361313723958334 0.592704474074074 0.7361636109374999 0.5993958388888888 0.7541084020833334 0.599415787962963 0.7541245213541666 0.5927956685185185 0.7361313723958334 0.592704474074074
3 0.7477835984375001 0.44656882314814816 0.7912976020833333 0.44642918240740737 0.7914265567708333 0.4554773435185185 0.7909067098958332 0.45538615 0.7909389484375 0.5100427472222222 0.7663892807291667 0.5100427472222222 0.7663892807291667 0.504023938888889 0.7638243 0.5039783416666667 0.7638243 0.5133485324074074 0.7914910338541666 0.5133485324074074 0.7914265567708333 0.5926674268518519 0.7825931895833332 0.592710174074074 0.7825931895833332 0.5983157592592593 0.7949647390625 0.5981333712962963 0.7955087651041667 0.4411741240740741 0.7463530125 0.44101168425925924 0.7463530125 0.44537475092592593 0.7478158369791666 0.44537475092592593 0.7477835984375001 0.44656882314814816
3 0.804035865625 0.40946993425925926 0.8663127140625 0.4093901398148148 0.8663691317708333 0.4408862925925926 0.8703163411458333 0.44091479074074075 0.8704473098958334 0.4038899972222222 0.8510155145833332 0.40383870092592594 0.8509792463541667 0.3242861212962963 0.8470904692708333 0.3242604731481481 0.8471267380208333 0.4039156453703704 0.8039794479166668 0.40399544074074073 0.804035865625 0.40946993425925926
3 0.8510235744791667 0.3075377601851852 0.8510014104166667 0.30204901666666667 0.8040519848958334 0.30192362500000003 0.8040056416666667 0.3807039046296296 0.8079306869791666 0.38057566296296297 0.8079306869791666 0.30756910833333334 0.8510235744791667 0.3075377601851852
4 0.8505943984375001 0.3075406101851852 0.8473342734375 0.3075406101851852 0.8473524078125 0.3242861212962963 0.8505802942708333 0.32426332314814815 0.8505943984375001 0.3075406101851852
4 0.6204291760416666 0.3760473064814815 0.6085593390625 0.3760473064814815 0.6085432197916667 0.3809860361111111 0.6204452953125 0.38096608703703705 0.6204291760416666 0.3760473064814815
4 0.6234837802083334 0.3759988601851852 0.6234878098958333 0.3810059842592593 0.6292665723958333 0.3809831861111111 0.6292645578125 0.37603590740740744 0.6234837802083334 0.3759988601851852
4 0.6462744307291667 0.37420632685185184 0.6463207739583333 0.38437161574074075 0.6684928468750001 0.38430607037037035 0.6685432197916668 0.37418352777777775 0.6462744307291667 0.37420632685185184
4 0.7134253473958334 0.4041464805555556 0.6994600041666666 0.4040552861111111 0.6994317953125001 0.4123282990740741 0.7134757203125001 0.41240524351851854 0.7134253473958334 0.4041464805555556
4 0.5903102963541667 0.560963237037037 0.5903364901041667 0.5679566824074075 0.6183296395833333 0.5680136787037038 0.6184062057291667 0.5609803361111111 0.5903102963541667 0.560963237037037
4 0.59014104375 0.5929296092592592 0.5901450734375 0.5997207185185186 0.6186036671875 0.599814762037037 0.61856336875 0.5928925620370371 0.59014104375 0.5929296092592592
4 0.5861938343750001 0.5929495583333334 0.5734434817708334 0.5929723564814815 0.5733507958333333 0.6014391564814815 0.58621196875 0.6014762037037037 0.5861938343750001 0.5929495583333334
2 0.5971509166666666 0.43682530648148143 0.5971247229166666 0.44967797129629633 0.6064980859375001 0.44971216851851853 0.6064799515625 0.43692790000000004 0.5971509166666666 0.43682530648148143
2 0.5937537781250001 0.46315759444444443 0.5937840015625 0.47982616111111115 0.6074612130208333 0.47978341388888884 0.6074289744791667 0.4629809064814815 0.5937537781250001 0.46315759444444443
2 0.5935643765624999 0.4484069537037037 0.5802337296875 0.44836135648148145 0.5802337296875 0.4546907953703704 0.5934938546875 0.4547392416666667 0.5935643765624999 0.4484069537037037
2 0.6293028411458333 0.4834112287037037 0.6106991739583333 0.4834112287037037 0.6104352208333333 0.5059276148148149 0.6293431390625001 0.5058677685185184 0.6293028411458333 0.4834112287037037
2 0.25552085416666664 0.5212795666666666 0.24181744895833335 0.5212795666666666 0.24181744895833335 0.5438985462962963 0.2552528713541667 0.5439640925925926 0.25552085416666664 0.5212795666666666
2 0.7019786421875001 0.5094670842592594 0.7019544630208333 0.5317811342592592 0.7160467458333333 0.5315958962962962 0.7160185369791667 0.5094214879629629 0.7019786421875001 0.5094670842592594
3 0.7134213177083333 0.4039099462962963 0.7134475114583334 0.40945853518518516 0.7160991333333333 0.4094955824074074 0.7161273421875 0.440957537962963 0.7148821276041667 0.440957537962963 0.7148559338541667 0.4841293814814815 0.7184545635416666 0.48416927870370374 0.7183739671875 0.4464690796296296 0.7296030625000001 0.4463921342592592 0.7295768687499999 0.44532060370370374 0.7309570822916667 0.4452807064814815 0.7309570822916667 0.44103448240740745 0.7298468666666668 0.4409945851851852 0.7298750755208334 0.4252265601851852 0.7289542614583334 0.42526360740740743 0.7289804552083333 0.44103448240740745 0.7199435822916667 0.440957537962963 0.7199697765625 0.4093815898148148 0.7289542614583334 0.40942148796296296 0.7289542614583334 0.4117925333333333 0.7299012692708333 0.4117925333333333 0.729929478125 0.40942148796296296 0.7393411244791667 0.40935309166666667 0.73910135 0.3924280425925926 0.7759580901041667 0.3924280425925926 0.7759580901041667 0.38695354814814814 0.7393451541666667 0.38683955555555555 0.7392383640625 0.36425762314814814 0.7771489020833333 0.36406668611111115 0.7770944994791668 0.34615275 0.7732258713541668 0.3462695925925926 0.7732258713541668 0.35874608148148146 0.7392383640625 0.35870903425925926 0.7392907515625 0.30749786296296294 0.7732258713541668 0.3075377601851852 0.7732520651041667 0.3211627240740741 0.7771489020833333 0.32112282685185184 0.7770944994791668 0.3020632657407407 0.7353677213541666 0.3020262185185185 0.7353939151041666 0.4039469935185185 0.7134213177083333 0.4039099462962963
4 0.7546725770833334 0.5687631805555555 0.7821096109375 0.5687175833333333 0.7821559541666667 0.5604132231481481 0.754626234375 0.5604132231481481 0.7546725770833334 0.5687631805555555
3 0.6234958692708333 0.37577942407407405 0.6204291760416666 0.37575947592592596 0.6204553697916667 0.38118552314814813 0.6234837802083334 0.3811684240740741 0.6234958692708333 0.37577942407407405
3 0.6292645578125 0.3756483324074074 0.6292645578125 0.3812425194444444 0.6462945796875 0.3810743805555556 0.646282490625 0.37568538055555556 0.6292645578125 0.3756483324074074
3 0.6994620187499999 0.40937589074074077 0.6994620187499999 0.40404958703703703 0.6998911947916666 0.40408093518518523 0.6998690307291666 0.3756625814814815 0.6685230708333333 0.37563123425925926 0.6685230708333333 0.381148475 0.6959681645833334 0.381148475 0.6959903286458334 0.4093131944444444 0.6994620187499999 0.40937589074074077
3 0.7276365104166668 0.47528355648148146 0.7276888979166666 0.48144770555555555 0.7184485192708333 0.48144770555555555 0.7184485192708333 0.4839013962962963 0.7293189604166667 0.48388429722222226 0.7293451541666667 0.47528355648148146 0.7276365104166668 0.47528355648148146
3 0.7664598026041667 0.4886263888888889 0.7662240578125 0.4505500138888889 0.7913459598958333 0.450567112962963 0.7913076765625 0.4474494157407407 0.7639794479166666 0.44748646296296296 0.7639673583333334 0.4810772296296296 0.7559943583333334 0.4810772296296296 0.7559943583333334 0.4474494157407407 0.7539310901041667 0.44746651481481486 0.7539190005208333 0.4814106583333333 0.7481241182291666 0.48142775740740734 0.7481120291666666 0.48388429722222226 0.76395526875 0.48386434907407405 0.76395526875 0.48864633796296303 0.7664598026041667 0.4886263888888889
3 0.6064980859375001 0.4482274148148148 0.6064980859375001 0.44971216851851853 0.6122083416666667 0.4497178685185185 0.6121982671875 0.4482274148148148 0.6064980859375001 0.4482274148148148
3 0.5940560145833333 0.47984041018518514 0.5940560145833333 0.4834967231481482 0.6376687489583334 0.4834397268518519 0.6375901671875001 0.4777571953703703 0.6251924239583333 0.4777571953703703 0.6250896635416667 0.4265916212962963 0.6362079385416667 0.4267768592592593 0.636141446875 0.42151610185185184 0.6156659281250001 0.42127671666666666 0.615692121875 0.42675691111111114 0.6215655854166666 0.4267768592592593 0.6214084223958333 0.4801196925925926 0.5940560145833333 0.47984041018518514
3 0.7593471692708333 0.5102422342592592 0.7593471692708333 0.5129552583333333 0.7638243 0.5129723564814814 0.7638243 0.5102222851851852 0.7593471692708333 0.5102422342592592
3 0.7277009875 0.45447990925925924 0.7293854526041667 0.4543887148148148 0.7293451541666667 0.4483528074074074 0.7277009875 0.44837275555555556 0.7277009875 0.45447990925925924
3 0.5802417890625 0.44897976666666667 0.5699778359375001 0.4489911657407407 0.5699979848958333 0.4513052148148148 0.5802297000000001 0.45123396944444444 0.5802417890625 0.44897976666666667
3 0.5791114244791667 0.48059561111111115 0.5699778359375001 0.4804702194444444 0.5699778359375001 0.48292391018518516 0.5791779166666667 0.48295810740740736 0.5791114244791667 0.48059561111111115
2 0.8055490630208334 0.38062980925925927 0.8055752567708333 0.40406668611111113 0.8238001208333333 0.40391849537037033 0.82385049375 0.38037332592592593 0.8055490630208334 0.38062980925925927
2 0.85649405625 0.4118295814814815 0.8523957286458334 0.4117925333333333 0.8524984890624999 0.42118267314814817 0.8564658473958333 0.42121972037037037 0.85649405625 0.4118295814814815
2 0.729877090625 0.4117782842592593 0.729877090625 0.42109717870370367 0.73396534375 0.42107438055555557 0.7340338505208333 0.4118096324074074 0.729877090625 0.4117782842592593
2 0.7309631270833333 0.4451724138888889 0.7463449526041667 0.44529780555555554 0.7463006244791667 0.42104018240740737 0.7308261130208333 0.4211028787037037 0.7309631270833333 0.4451724138888889
2 0.5907334276041667 0.5683955546296297 0.5764416682291666 0.5684497009259258 0.5764033848958333 0.5856169851851852 0.5907334276041667 0.5853491018518518 0.5907334276041667 0.5683955546296297
2 0.7311464838541667 0.45433741851851855 0.7284767276041666 0.45443146203703705 0.7284324000000001 0.47529210555555557 0.7313157364583333 0.4752636074074075 0.7311464838541667 0.45433741851851855