2 0.33724360260416664 0.6754260472222222 0.33733628854166664 0.6889940157407407 0.34306266354166665 0.6888173268518519 0.3430002015625 0.6754687944444444 0.33724360260416664 0.6754260472222222
4 0.3864598026041667 0.5029723564814815 0.38653435416666665 0.5095354805555555 0.40350392916666666 0.5094841833333333 0.40346766093750003 0.5031832435185185 0.3864598026041667 0.5029723564814815
2 0.19183356822916667 0.7549016814814815 0.19183356822916667 0.7685152462962963 0.195841225 0.7684838981481482 0.19586137395833333 0.7549757768518518 0.19183356822916667 0.7549016814814815
2 0.151057828125 0.7460330574074073 0.1510175296875 0.7518352805555556 0.162510578125 0.7516414935185186 0.16242192239583333 0.7462239953703704 0.151057828125 0.7460330574074073
4 0.28376385260416664 0.7411912222222222 0.28374370364583335 0.7472185805555556 0.3008079791666667 0.747104587962963 0.30075760625000003 0.7413251638888889 0.28376385260416664 0.7411912222222222
4 0.22728188593749998 0.6837247083333333 0.22727785625000002 0.6891764037037037 0.243127140625 0.6891764037037037 0.24313318541666668 0.6836335138888889 0.22728188593749998 0.6837247083333333
4 0.3494902276041667 0.5528897120370371 0.34957485416666667 0.55923055 0.3664718921875 0.55923055 0.36663308489583335 0.5528013675925926 0.3494902276041667 0.5528897120370371
4 0.33377997187499997 0.8439555425925926 0.3338424338541667 0.849980050925926 0.3594479145833333 0.8499316046296297 0.35950030208333333 0.8439555425925926 0.33377997187499997 0.8439555425925926
4 0.3336530322916667 0.8717127388888889 0.3335200484375 0.8776375037037037 0.3598105984375 0.8775748074074075 0.3598105984375 0.8716500425925925 0.3336530322916667 0.8717127388888889
4 0.2788877692708333 0.8437902537037036 0.27891799322916666 0.8498746083333334 0.3047249645833333 0.8500085490740741 0.30462421927083333 0.8438728981481481 0.2788877692708333 0.8437902537037036
4 0.27873463645833335 0.8719264750000001 0.2787628453125 0.8776375037037037 0.30483779947916667 0.8774807638888888 0.30483779947916667 0.8718181814814815 0.27873463645833335 0.8719264750000001
4 0.20934716927083336 0.8717098888888889 0.20921821458333334 0.8773382731481482 0.2588212776041667 0.8774294666666667 0.25875680052083333 0.8719834712962964 0.20934716927083336 0.8717098888888889
4 0.20952045156250002 0.839794812962963 0.20946403385416668 0.8454830435185184 0.2586218015625 0.8458763175925926 0.25862381614583335 0.8396950694444445 0.20952045156250002 0.839794812962963
4 0.16930082604166669 0.8470561416666668 0.169391496875 0.8531718435185186 0.195057425 0.8533599314814815 0.195101753125 0.847309775 0.16930082604166669 0.8470561416666668
4 0.1692202296875 0.877492162962963 0.1691678421875 0.8830122546296296 0.19520854322916667 0.8830094046296296 0.195154140625 0.877492162962963 0.1692202296875 0.877492162962963
4 0.6126637114583333 0.6823624962962963 0.6126637114583333 0.6865232259259259 0.6267257708333334 0.6866742657407408 0.6267257708333334 0.6821373611111111 0.6126637114583333 0.6823624962962963
4 0.6093854526041667 0.7033684814814815 0.6093854526041667 0.7078341407407407 0.6294056015625 0.7080507268518519 0.6297138828125 0.7035850666666668 0.6093854526041667 0.7033684814814815
4 0.6698367921875 0.6874465657407407 0.6696776145833333 0.6928925620370371 0.685718315625 0.6930436018518519 0.6857727182291666 0.6874465657407407 0.6698367921875 0.6874465657407407
4 0.6417630463541666 0.7323339981481481 0.64160386875 0.7378540898148148 0.6585532942708333 0.7383841546296296 0.658607696875 0.7318780277777778 0.6417630463541666 0.7323339981481481
4 0.6966109208333333 0.732111712962963 0.6966109208333333 0.7380136787037037 0.7177876286458333 0.7384668 0.7178400161458334 0.7318096324074075 0.6966109208333333 0.732111712962963
4 0.8023836390625 0.7745739527777777 0.80238766875 0.7925477342592593 0.8058472697916667 0.7922171555555555 0.806078984375 0.7745739527777777 0.8023836390625 0.7745739527777777
2 0.5560407010416667 0.7315702481481482 0.571815434375 0.7318723287037037 0.5719222244791666 0.7072926759259259 0.5559339109375 0.7073667712962962 0.5560407010416667 0.7315702481481482
3 0.8022083416666667 0.7927529212962963 0.8024279671875 0.808429751851852 0.806423534375 0.808278712037037 0.806423534375 0.7925961814814815 0.8022083416666667 0.7927529212962963
4 0.781815434375 0.8091507555555556 0.781815434375 0.8329296092592593 0.7861797302083333 0.8329296092592593 0.7860507755208332 0.8090595611111111 0.781815434375 0.8091507555555556
4 0.7658190609375001 0.8773268740740741 0.7656901067708334 0.8818666287037037 0.7781402375 0.8819578231481482 0.7781402375 0.877509262037037 0.7658190609375001 0.8773268740740741
4 0.7221942375 0.8472470787037036 0.7222708041666667 0.8531290962962963 0.7526858755208334 0.8532373898148149 0.7528410234374999 0.8474636648148148 0.7221942375 0.8472470787037036
4 0.7225025187499999 0.8774152175925926 0.7223473703125 0.8826446277777779 0.7527624421875 0.8828612138888888 0.7528410234374999 0.8773069250000001 0.7225025187499999 0.8774152175925926
4 0.6595829135416668 0.8775662583333333 0.6595829135416668 0.8831205472222222 0.7093270197916667 0.8829039611111111 0.7093270197916667 0.8775662583333333 0.6595829135416668 0.8775662583333333
4 0.6595144067708334 0.8470931888888888 0.6599576869791667 0.852895412037037 0.7086359057291667 0.852895412037037 0.7088575458333334 0.8470931888888888 0.6595144067708334 0.8470931888888888
4 0.6125085635416667 0.8472100314814816 0.6125972192708333 0.8531974925925926 0.6383538182291667 0.8533855796296297 0.6383538182291667 0.8472100314814816 0.6125085635416667 0.8472100314814816
4 0.6124581906250001 0.8772356796296297 0.6124581906250001 0.882681675925926 0.6384444890625001 0.8828640638888889 0.6383820270833334 0.8772356796296297 0.6124581906250001 0.8772356796296297
4 0.5576224057291667 0.8772955259259259 0.5575176302083332 0.882892562037037 0.5836651218750001 0.882892562037037 0.5835583317708333 0.8773696212962964 0.5576224057291667 0.8772955259259259
3 0.5428793067708334 0.8506070101851851 0.5429095307291667 0.8535024222222222 0.5574027807291666 0.8533770305555556 0.5574330041666666 0.8508178972222222 0.5428793067708334 0.8506070101851851
4 0.5574853916666667 0.8471786833333333 0.5575478541666666 0.8530778 0.583471690625 0.8531689944444444 0.583471690625 0.8472698777777777 0.5574853916666667 0.8471786833333333
4 0.5456780171875 0.5856540324074074 0.5456135401041667 0.5926417787037037 0.5625528911458333 0.5924593898148148 0.5626818458333334 0.5861954972222222 0.5456780171875 0.5856540324074074
4 0.5086218015625 0.5419977203703703 0.5085452348958334 0.5479880305555556 0.5255611526041667 0.547879737962963 0.5254845859375 0.5419977203703703 0.5086218015625 0.5419977203703703
3 0.76080999375 0.8749415787037037 0.7608341729166667 0.8771273870370371 0.762510578125 0.8771644342592593 0.7624863994791667 0.8748674833333334 0.76080999375 0.8749415787037037
3 0.6663147291666667 0.7376033055555555 0.6665383838541667 0.7750527212962963 0.6686540401041667 0.775001425 0.6687265765625 0.7376033055555555 0.6663147291666667 0.7376033055555555
3 0.6558613739583333 0.7724365916666667 0.6558915979166666 0.7751068675925926 0.6664436833333334 0.775018524074074 0.6664134593750001 0.7724793388888889 0.6558613739583333 0.7724365916666667
3 0.6337154947916667 0.7723966944444445 0.6337154947916667 0.7748446851851852 0.6443300421875 0.7748047879629629 0.6442796697916666 0.7726617268518519 0.6337154947916667 0.7723966944444445
3 0.6339875078125 0.8031490453703704 0.6342192223958333 0.7999914509259259 0.595718315625 0.8001025935185185 0.5957989119791667 0.8472670277777778 0.5972556921875001 0.8472527787037037 0.5974128552083333 0.8029324592592593 0.6339875078125 0.8031490453703704
3 0.5834233328124999 0.8506070101851851 0.5835563166666666 0.853448275925926 0.6124823697916667 0.853448275925926 0.6125226677083333 0.8508577944444444 0.5834233328124999 0.8506070101851851
3 0.6476949427083334 0.8000028499999999 0.6478803145833333 0.8474437157407407 0.6506508161458334 0.8478369907407407 0.6509288734375 0.8001339416666667 0.6476949427083334 0.8000028499999999
3 0.6383538182291667 0.8507609009259259 0.6383981463541667 0.8534112287037037 0.6596574651041667 0.8534739240740741 0.6597461213541667 0.8506355083333332 0.6383538182291667 0.8507609009259259
3 0.7208926052083334 0.7936278138888888 0.7174068104166668 0.7933855796296296 0.717735240625 0.8479652324074074 0.7208764859375 0.8478369907407407 0.7208926052083334 0.7936278138888888
3 0.7089341124999999 0.8510715305555555 0.7089341124999999 0.8533399833333333 0.7223453557291666 0.8532487888888889 0.7222808786458333 0.8510715305555555 0.7089341124999999 0.8510715305555555
3 0.7526213984375 0.85077515 0.7526939348958332 0.8533542324074074 0.7608623817708333 0.8534055287037037 0.7609369333333333 0.8508834425925926 0.7526213984375 0.85077515
3 0.7818597625 0.8527301222222222 0.7818597625 0.8507637499999999 0.7610034255208333 0.8509147907407407 0.761057828125 0.8570418925925926 0.7625025187500001 0.8570418925925926 0.7625025187500001 0.8528042175925926 0.7818597625 0.8527301222222222
3 0.7842313114583334 0.8331205472222222 0.784158775 0.85076945 0.7861998791666667 0.8505585638888888 0.7860145072916667 0.8331205472222222 0.7842313114583334 0.8331205472222222
3 0.7859963729166667 0.7385722425925926 0.7842131776041666 0.7386235398148149 0.7841426557291666 0.8087517814814814 0.7861212973958334 0.8087517814814814 0.7859963729166667 0.7385722425925926
3 0.7808079791666667 0.7688116268518519 0.7808240984375 0.7360957537037037 0.7791134395833333 0.736164149074074 0.7792041104166666 0.7715218009259259 0.7820552083333333 0.7715844972222222 0.7820995364583333 0.7688116268518519 0.7808079791666667 0.7688116268518519
3 0.7431976625 0.768278712037037 0.7429296796875 0.7431718435185185 0.7579347166666667 0.7430151037037037 0.7580032239583333 0.736337987962963 0.75603465625 0.736337987962963 0.7559238364583333 0.7405243657407407 0.7413802135416667 0.7405243657407407 0.7411122307291667 0.7691137074074074 0.7335381822916667 0.7689968648148148 0.7335180333333333 0.7714562555555556 0.7674733026041667 0.7713821601851851 0.7676344953124999 0.7683556564814815 0.7431976625 0.768278712037037
3 0.7176909125000001 0.7685836416666667 0.7176909125000001 0.7715332 0.7298287328125 0.7716072953703703 0.7298287328125 0.7685836416666667 0.7176909125000001 0.7685836416666667
3 0.7178198671874999 0.7319635222222223 0.7178803145833333 0.7346907953703703 0.7298549265625 0.7347620407407407 0.729850896875 0.7319635222222223 0.7178198671874999 0.7319635222222223
3 0.658581503125 0.7317269879629629 0.6585170260416666 0.7346309490740741 0.6965041307291667 0.7344485611111111 0.6965041307291667 0.7320889138888889 0.658581503125 0.7317269879629629
3 0.6295869432291668 0.6871872324074074 0.6296413458333333 0.7104816185185185 0.6318335682291667 0.7105585638888888 0.6318355833333332 0.6871159870370371 0.6295869432291668 0.6871872324074074
3 0.6094076161458334 0.7322741518518519 0.6093955270833333 0.7345483046296296 0.6414809588541667 0.7347306925925926 0.6412875276041666 0.7322456537037036 0.6173524078125 0.731735537037037 0.61753375 0.7079566824074074 0.609427765625 0.707871187962963 0.6093471692708333 0.7103277287037038 0.6154281682291667 0.7104075231481481 0.6155551078125 0.7323710462962963 0.6094076161458334 0.7322741518518519
3 0.5810981260416667 0.7397036194444444 0.6145295182291667 0.7397036194444444 0.6149788432291667 0.7749187805555555 0.6337134796875 0.7750755203703703 0.6334636307291667 0.737475063888889 0.6238707098958333 0.737290987037037 0.6238733750000001 0.7396038907407407 0.6238706427083333 0.7396038759259259 0.6238114968749999 0.7373396435185186 0.6223151317708333 0.7392932462962962 0.6222948791666667 0.7392933435185185 0.6222949828125 0.739250499074074 0.6238107114583333 0.7373095731481482 0.6238101953124999 0.737289825925926 0.6238258973958334 0.7372901277777777 0.6238371177083334 0.7372757592592593 0.5798791052083333 0.7376175546296296 0.5798287328125 0.7749615277777777 0.6030445296875 0.7749187805555555 0.6029800526041666 0.7720119694444444 0.5812955875 0.7723339981481482 0.5810981260416667 0.7397036194444444
3 0.5733326614583334 0.7728498148148149 0.5734011687499999 0.7748760333333333 0.5798287328125 0.7747905388888888 0.57985895625 0.7729723564814815 0.5733326614583334 0.7728498148148149
3 0.5733971390625 0.7375434592592592 0.5733971390625 0.739632374074074 0.5800100744791667 0.7399886009259259 0.5799395526041666 0.7376318037037036 0.5733971390625 0.7375434592592592
3 0.58227281875 0.8031775435185184 0.5823090875 0.8001852379629629 0.555796896875 0.8001339416666667 0.5559077171875 0.7916243944444444 0.5540137015625 0.7916243944444444 0.5540499697916667 0.7998689083333334 0.5452871244791667 0.8001339416666667 0.5452125729166667 0.8031262472222223 0.58227281875 0.8031775435185184
3 0.5558996572916667 0.7752066111111111 0.5556417489583333 0.7635907666666667 0.554229296875 0.7635993157407408 0.5541023572916667 0.7725762324074075 0.5454402578124999 0.7726674268518519 0.5453113036458334 0.7750270731481481 0.5558996572916667 0.7752066111111111
2 0.75463429375 0.768084924074074 0.7581644166666667 0.7680877740740741 0.7580999395833333 0.753471074074074 0.7542494458333333 0.7535622685185186 0.75463429375 0.768084924074074
3 0.5736751963541666 0.7114505555555555 0.5736751963541666 0.7280991731481482 0.575718315625 0.7280991731481482 0.5756115255208333 0.7115075518518518 0.5736751963541666 0.7114505555555555
3 0.5770884546875 0.6946451981481482 0.5769292765625 0.6722542037037037 0.5886338906249999 0.671926475 0.5885573239583334 0.6947164435185186 0.5918214791666667 0.6991479055555556 0.5916361072916666 0.6720347675925926 0.6041889984375001 0.6720347675925926 0.6040338505208334 0.6675833574074074 0.5764054000000001 0.6674266175925926 0.57531331875 0.6653918490740741 0.5737336286458333 0.6663066398148149 0.5736953453125 0.6991536046296297 0.5917146885416666 0.6991536046296297 0.5885069515625 0.6946879453703704 0.5770884546875 0.6946451981481482
3 0.56761233125 0.6505500138888889 0.5695285109375 0.6560330574074075 0.5713560348958333 0.6549615277777777 0.5696614953125 0.6504246222222222 0.56761233125 0.6505500138888889
3 0.5110155145833333 0.6595440296296297 0.5110195447916667 0.6838358509259259 0.5129316947916667 0.6838073527777777 0.5129498286458333 0.6596295240740742 0.5110155145833333 0.6595440296296297
3 0.5449707838541666 0.8407039046296296 0.5452387666666667 0.735200912037037 0.5540076567708333 0.7355029925925926 0.5540076567708333 0.7311171277777778 0.5559339109375 0.731342262962963 0.5559339109375 0.7281647194444445 0.5473765869791667 0.7281647194444445 0.5474309890625 0.6841493305555555 0.5307999192708334 0.6839213453703703 0.5307999192708334 0.6869478481481481 0.5325851302083333 0.6871587342592592 0.5325750552083334 0.6908948416666667 0.5434213177083334 0.6912596185185185 0.543260125 0.7279367342592593 0.5413882734375 0.7277885435185185 0.5410679026041667 0.8364690796296297 0.5389280677083333 0.8364690796296297 0.5386620994791667 0.882299800925926 0.5574853916666667 0.8822257055555556 0.5574853916666667 0.8772328296296297 0.542510578125 0.8773867194444445 0.5428853515625 0.8410059842592593 0.5449707838541666 0.8407039046296296
3 0.5836530322916667 0.8772727268518519 0.5836570625 0.8822542037037037 0.6122063265625 0.8820832148148148 0.6123352812499999 0.8771815333333333 0.5836530322916667 0.8772727268518519
3 0.6383900864583333 0.8773867194444445 0.6384424744791667 0.8823767453703704 0.6593511989583334 0.8823767453703704 0.6594579890625 0.877309775 0.6383900864583333 0.8773867194444445
3 0.709250453125 0.8771444851851852 0.7092061255208333 0.8823767453703704 0.7223070723958334 0.8822513537037037 0.7223070723958334 0.8773354231481482 0.709250453125 0.8771444851851852
3 0.7527604270833332 0.8772556287037037 0.7528007255208333 0.882296950925926 0.7656880916666666 0.8823539472222223 0.7656840619791667 0.8771957824074074 0.7527604270833332 0.8772556287037037
3 0.7819181947916667 0.8771416361111111 0.7783215796875 0.8772698777777778 0.7783779973958332 0.8821943574074074 0.7860487609375001 0.8823254490740741 0.7861394317708333 0.8565802222222222 0.8061918192708333 0.8567113138888889 0.8062845052083334 0.8331860925925926 0.8022184161458333 0.833448275925926 0.8024037880208332 0.8503049305555556 0.7818899859375 0.8508292962962962 0.7819181947916667 0.8771416361111111
3 0.7335442270833333 0.7714619546296296 0.7330002015625 0.7361755481481481 0.8025327421875 0.7360701055555555 0.8021539390625 0.7741920777777778 0.8066169656250001 0.7742946712962963 0.8063852510416667 0.7397691648148148 0.8058815234375001 0.7309261898148148 0.7332319161458333 0.730188087962963 0.7334575859375001 0.6930977490740741 0.7363892807291667 0.6930977490740741 0.7364658473958333 0.6860815046296297 0.7328853515625 0.6859789111111111 0.7328249041666666 0.6881390712962963 0.6856336890625 0.687871187962963 0.6858190609375 0.6928355657407408 0.7297924640625 0.6930977490740741 0.7299234333333333 0.7716813907407407 0.7335442270833333 0.7714619546296296
3 0.6696171671875 0.6931490453703704 0.6696171671875 0.6879310342592593 0.6590308281249999 0.6880051296296296 0.6589240380208333 0.6818808777777777 0.6268386057291667 0.6818808777777777 0.626731815625 0.6870988888888888 0.6552871244791666 0.6870219435185185 0.6553415270833334 0.6929980055555556 0.6696171671875 0.6931490453703704
3 0.5707979046875 0.6070817898148148 0.5709308885416667 0.5925933314814815 0.6041950432291666 0.5931575944444444 0.604062059375 0.6434055287037037 0.5705802942708333 0.6433485324074074 0.5706588755208333 0.6293274435185185 0.5672053192708333 0.6291023083333332 0.5672053192708333 0.6501795379629629 0.603929075 0.6503676259259259 0.604062059375 0.7279053861111111 0.5721277453125 0.7280906240740741 0.5719947614583333 0.7309147907407407 0.5737235541666668 0.7309147907407407 0.5737235541666668 0.7356198342592593 0.6092121703125 0.7350926185185186 0.6093471692708333 0.6869877453703704 0.6126516218750001 0.6871159870370371 0.6125911744791667 0.6819464231481481 0.6095083619791667 0.6818324305555555 0.6093451541666667 0.5854773435185184 0.5629457989583333 0.5861926472222223 0.5629457989583333 0.5925933314814815 0.5670703203124999 0.5927814194444444 0.5670703203124999 0.6065203759259259 0.5707979046875 0.6070817898148148
3 0.5411908119791666 0.6174038185185184 0.5410799921875 0.5930948990740741 0.5456276447916667 0.5929381592592592 0.5456115255208334 0.5859732120370371 0.540969171875 0.5857224277777778 0.5410799921875 0.5410259333333333 0.5257787630208334 0.5410259333333333 0.5258895828125 0.5480849240740742 0.5355369734375 0.5480849240740742 0.5359802536458333 0.6172442287037038 0.5411908119791666 0.6174038185185184
3 0.5127785614583333 0.6869877453703704 0.514704815625 0.6869877453703704 0.51458190625 0.6838102027777778 0.4981503125 0.6840809351851852 0.49814225260416667 0.6469307490740741 0.5410699171875 0.6473895694444445 0.5410014104166667 0.6401253916666667 0.49801128333333333 0.6401253916666667 0.4981503125 0.5481533203703703 0.5083135197916666 0.5482616129629629 0.5084666531250001 0.540963237037037 0.49299012708333334 0.540963237037037 0.4930203505208333 0.6908862925925926 0.5127785614583333 0.6912596185185185 0.5127785614583333 0.6869877453703704
2 0.7607374572916666 0.8572328296296297 0.7608482770833334 0.8749871759259259 0.7734374369791667 0.8747762898148148 0.7737336286458334 0.8573382731481481 0.7607374572916666 0.8572328296296297
2 0.7171388270833333 0.7716158453703703 0.7172274833333333 0.7934853231481481 0.7339371348958333 0.7929182101851852 0.7350070520833333 0.7718039324074074 0.7171388270833333 0.7716158453703703
3 0.554166834375 0.7377258481481481 0.5542313114583333 0.7470732398148149 0.5557062260416666 0.7470732398148149 0.5556437640625 0.7377286972222222 0.554166834375 0.7377258481481481
2 0.7675962119791666 0.7718951268518519 0.7790187385416666 0.7720775148148148 0.778889784375 0.753653462962963 0.7680455369791667 0.7535622685185186 0.7675962119791666 0.7718951268518519
2 0.63435220625 0.799831861111111 0.6344448921875 0.8213964092592593 0.6472879307291667 0.8215275009259259 0.647656659375 0.7995725277777778 0.63435220625 0.799831861111111
2 0.5823292364583333 0.7994414361111111 0.5822365505208332 0.8208748935185185 0.5954503322916668 0.8212653175925926 0.5956357041666667 0.7995725277777778 0.5823292364583333 0.7994414361111111
2 0.6031009468749999 0.7755115416666667 0.6149284708333334 0.7755115416666667 0.6146201895833333 0.7567369620370371 0.60317146875 0.757121687037037 0.6031009468749999 0.7755115416666667
4 0.802431996875 0.8093758907407407 0.8020975218749999 0.8333713305555556 0.806423534375 0.8333713305555556 0.8061998791666666 0.8092191509259259 0.802431996875 0.8093758907407407
2 0.5697461213541666 0.7008321462962963 0.572087446875 0.7073382731481481 0.5730606489583334 0.7114078083333333 0.5756719723958333 0.7115218009259259 0.5756538385416667 0.6992220009259259 0.5732480354166667 0.6992818462962963 0.5697461213541666 0.7008321462962963
2 0.5714406609375 0.6550299231481481 0.5654523473958334 0.6575263611111111 0.571815434375 0.6672014814814814 0.5753435421875001 0.6652408092592592 0.5714406609375 0.6550299231481481
2 0.5111525286458334 0.6472955259259259 0.5111525286458334 0.6595269305555556 0.516475921875 0.6598404101851852 0.516475921875 0.6471387861111111 0.5111525286458334 0.6472955259259259
2 0.5385291156249999 0.6401424907407407 0.5383074755208334 0.6175605583333333 0.5203465645833333 0.6175605583333333 0.5203465645833333 0.6399857509259259 0.5385291156249999 0.6401424907407407
3 0.16377392708333333 0.8579139351851852 0.16377392708333333 0.8506497574074073 0.140378803125 0.8506070101851851 0.1404714890625 0.8528384157407407 0.16225871458333332 0.852881162962963 0.16225871458333332 0.857871187962963 0.16377392708333333 0.8579139351851852
3 0.16381624010416665 0.8507495009259259 0.1638807171875 0.8534254777777778 0.16925246822916667 0.8534254777777778 0.16923030416666668 0.8506896555555555 0.16381624010416665 0.8507495009259259
3 0.1622768484375 0.8747563407407407 0.16225669947916668 0.8772698777777778 0.16383235937500001 0.8771986324074074 0.1638283296875 0.8747192935185185 0.1622768484375 0.8747563407407407
3 0.20919806562499998 0.8459133657407408 0.20919806562499998 0.8431119981481482 0.19876888958333333 0.8429809064814815 0.19867620416666665 0.8506839555555555 0.19519846875000002 0.8506212592592592 0.1951501109375 0.8533998287037038 0.200749546875 0.8535280703703704 0.2006890994791667 0.8458250212962963 0.20919806562499998 0.8459133657407408
3 0.2788595609375 0.8500113990740741 0.27888373958333335 0.8472385296296296 0.26700181354166663 0.8472385296296296 0.26697158958333334 0.8431176972222222 0.2588232921875 0.8430436018518518 0.2587709046875 0.8458905666666667 0.26503727604166666 0.8459988601851852 0.2649848880208333 0.8500113990740741 0.2788595609375 0.8500113990740741
3 0.30468466666666666 0.8473240240740741 0.30474511406250004 0.849980050925926 0.33372556927083336 0.8499743518518519 0.3337618375 0.8472983759259259 0.30468466666666666 0.8473240240740741
3 0.35953254062499995 0.8472812768518518 0.3595627645833333 0.8499088055555556 0.37132178125 0.849982900925926 0.37126939374999995 0.847321174074074 0.35953254062499995 0.8472812768518518
3 0.3583477734375 0.7399601027777778 0.35842836979166665 0.7474180675925925 0.3602357442708334 0.7474038185185186 0.3601067901041667 0.7399031064814815 0.3583477734375 0.7399601027777778
3 0.36008664114583333 0.7696779712962963 0.3600564177083333 0.7635138212962963 0.35828732604166663 0.7634710740740741 0.35833769895833334 0.7723339981481482 0.3687326213541667 0.7723909944444445 0.36869433802083335 0.7696580222222222 0.36008664114583333 0.7696779712962963
3 0.36886359062499996 0.799814762037037 0.3688172473958333 0.796537475 0.3600846260416667 0.7966001712962962 0.3599939552083333 0.788281562037037 0.35831351979166665 0.7883727555555556 0.35829135624999997 0.7967939583333333 0.33347975 0.7968538046296296 0.33326012499999996 0.799814762037037 0.36886359062499996 0.799814762037037
3 0.3201470885416667 0.8443288685185185 0.31991537395833336 0.7970618407407407 0.28303244010416667 0.796736962037037 0.2829538583333333 0.7997834138888888 0.31829941562499997 0.7997834138888888 0.31829941562499997 0.8441122824074074 0.3201470885416667 0.8443288685185185
3 0.26610719322916665 0.7965716731481481 0.2661837598958333 0.8403533768518519 0.26934112447916664 0.8403533768518519 0.2694217208333333 0.7965688231481481 0.26610719322916665 0.7965716731481481
3 0.33465444270833333 0.7715531490740741 0.3411061859375 0.7717298379629629 0.3412109609375 0.769612425 0.33541809375000003 0.7696779712962963 0.33541809375000003 0.7422057564814815 0.34107394739583335 0.7423026500000001 0.3411061859375 0.7399658018518518 0.3344207130208333 0.7400398972222223 0.33465444270833333 0.7715531490740741
3 0.30983880729166663 0.7715787972222222 0.30983880729166663 0.7209062407407407 0.33293975416666666 0.7212824166666667 0.33293975416666666 0.7687802796296296 0.32160386874999997 0.7685522944444444 0.3214950635416667 0.7716528925925926 0.33438243020833336 0.7716528925925926 0.3345960104166667 0.7190139638888888 0.30973201666666667 0.7190909092592593 0.3097461213541666 0.707115987037037 0.30806971614583334 0.7070903388888888 0.3080193432291667 0.7413251638888889 0.30090872447916667 0.7414363064814815 0.3008684265625 0.743667712037037 0.3080213578125 0.7438216018518519 0.3080737458333333 0.7715787972222222 0.30983880729166663 0.7715787972222222
3 0.29646987708333333 0.769031062962963 0.2964094296875 0.7717896833333333 0.3079185973958333 0.7717953833333333 0.3079185973958333 0.7690823592592593 0.29646987708333333 0.769031062962963
3 0.2721398348958333 0.7466201194444445 0.2703767880208333 0.7466942148148148 0.270326415625 0.7716386435185185 0.28343340729166666 0.771738387037037 0.2834837802083333 0.7691650046296297 0.2721398348958333 0.7691593046296297 0.2721398348958333 0.7466201194444445
3 0.2836872859375 0.7437019092592593 0.2836872859375 0.7412368194444444 0.27488615781250003 0.7412881166666667 0.2748116057291667 0.7288914222222221 0.2484102359375 0.7287346824074074 0.24844650416666667 0.7314135083333334 0.2728430385416667 0.731518950925926 0.272881321875 0.7438073527777779 0.2836872859375 0.7437019092592593
3 0.27457989114583337 0.7082986601851852 0.27463227864583334 0.6895411796296297 0.27265363697916667 0.6894670842592593 0.27265363697916667 0.7113992592592593 0.28014104375 0.7113992592592593 0.28014104375 0.7083727555555556 0.27457989114583337 0.7082986601851852
4 0.17412250677083335 0.679988600925926 0.17412250677083335 0.6844514111111112 0.18824098333333333 0.6845255055555556 0.18824098333333333 0.679988600925926 0.17412250677083335 0.679988600925926
4 0.17108200677083335 0.7037361074074074 0.17109409635416667 0.7080393277777778 0.18885150104166665 0.7082388148148148 0.18878097916666667 0.7035850666666668 0.17108200677083335 0.7037361074074074
4 0.14504533541666667 0.8773268740740741 0.14535160208333334 0.8821202620370371 0.15774934531249998 0.8817925333333333 0.15790449322916666 0.8773268740740741 0.14504533541666667 0.8773268740740741
3 0.19592182135416666 0.7933428324074073 0.19617368541666666 0.8402992305555556 0.19971589739583334 0.8405158166666666 0.19956276458333333 0.7933599314814814 0.19592182135416666 0.7933428324074073
3 0.2070642755208333 0.7342148759259258 0.20711666354166666 0.7719549731481481 0.21069917395833335 0.7718808777777778 0.21064678645833332 0.7340638361111111 0.2070642755208333 0.7342148759259258
3 0.16879508385416667 0.7683841546296296 0.1688192625 0.7716044453703704 0.20718920000000002 0.7715161018518518 0.20715897656249999 0.7685864916666666 0.16879508385416667 0.7683841546296296
3 0.19217005833333334 0.7360530064814814 0.19247833958333332 0.7429125111111111 0.20710860364583333 0.7430208037037036 0.20710860364583333 0.7402992305555556 0.19409429791666666 0.7399743518518518 0.19394116458333333 0.7343089203703703 0.17084021770833333 0.7337646055555556 0.17084021770833333 0.7103476777777777 0.17584525468749998 0.7102422342592593 0.17576868854166666 0.7320233685185186 0.19501108177083332 0.7323368481481481 0.1950795890625 0.7313479620370371 0.22686681458333335 0.7314448564814815 0.22676606875 0.7289512685185185 0.19299415677083334 0.728634938888889 0.19299415677083334 0.7295183814814815 0.17743904895833335 0.7295183814814815 0.17744106406250001 0.7081818185185185 0.1688152328125 0.7080136787037037 0.16883941145833334 0.7522798518518518 0.17114849895833334 0.7523881444444445 0.17114849895833334 0.7362695925925926 0.19217005833333334 0.7360530064814814
3 0.14288938125 0.7690025648148149 0.14296393333333332 0.771735537037037 0.15339713906250002 0.771735537037037 0.15339713906250002 0.7690025648148149 0.14288938125 0.7690025648148149
3 0.1625327421875 0.7462724425925926 0.162536771875 0.7487945287037037 0.1687245619791667 0.7487945287037037 0.16868426354166666 0.7463379879629629 0.1625327421875 0.7462724425925926
3 0.14286318750000002 0.746346537037037 0.14286318750000002 0.7487973777777778 0.1509470078125 0.7487973777777778 0.15101148489583333 0.7462553435185185 0.14286318750000002 0.746346537037037
3 0.18879105364583332 0.703636363888889 0.18879105364583332 0.7053120546296296 0.19111223072916667 0.7052807064814814 0.19113237968750002 0.703642062962963 0.18879105364583332 0.703636363888889
3 0.1911142453125 0.6847107435185186 0.19116058854166665 0.7053263037037036 0.1888414265625 0.7053804499999999 0.1887970984375 0.7080906240740741 0.19329840833333334 0.7082188657407408 0.1933870640625 0.6845198064814815 0.1911142453125 0.6847107435185186
3 0.17100544010416666 0.6846024509259259 0.1690267984375 0.6846793962962963 0.16886560572916667 0.7020718157407407 0.142986096875 0.7022257055555556 0.142933709375 0.7044941583333334 0.17100544010416666 0.7043402675925926 0.17100544010416666 0.6846024509259259
3 0.22721740885416666 0.6894328870370371 0.22709046927083334 0.6840780851851852 0.21765665937499998 0.6840780851851852 0.21772113645833333 0.6797235675925926 0.1884606083333333 0.6794499861111111 0.18833165416666667 0.6844400111111111 0.21412855104166667 0.6844400111111111 0.21425750572916666 0.6895240805555556 0.22721740885416666 0.6894328870370371
3 0.2851198869791667 0.7114078083333333 0.2851198869791667 0.7059817611111111 0.2836248234375 0.7059931601851852 0.2836248234375 0.6844286120370371 0.24342937760416666 0.6842120259259259 0.24342937760416666 0.6893302935185185 0.2800060447916667 0.6894385861111111 0.28022768489583333 0.7112225703703703 0.2851198869791667 0.7114078083333333
3 0.3028672171875 0.5525847824074074 0.3026213984375 0.7113935592592592 0.3079488213541667 0.711350812037037 0.3079991942708334 0.706933599074074 0.3344066088541667 0.7071900824074074 0.334485190625 0.7171131379629629 0.3359318958333333 0.7172214305555555 0.3359077171875 0.7379566824074074 0.34055208541666665 0.7378825879629629 0.34042111614583337 0.7336107157407408 0.34238565364583334 0.733830150925926 0.34238565364583334 0.7306953546296296 0.3396514203125 0.7306953546296296 0.33948216822916666 0.7021715592592592 0.3077574046875 0.701909375925926 0.30784203125 0.6172755768518517 0.3449022770833333 0.6172755768518517 0.3448478744791667 0.596169849074074 0.3412613338541667 0.5960929037037037 0.3414225265625 0.6100113990740741 0.30789643385416665 0.6099344546296296 0.30784203125 0.5596409231481482 0.34138424322916666 0.5596380731481482 0.3413681239583333 0.5737788546296296 0.34483376979166663 0.5738216018518519 0.34493048541666665 0.5596665712962963 0.349453959375 0.5597720148148148 0.3493753776041667 0.5522570537037037 0.3028672171875 0.5525847824074074
3 0.3666653234375 0.5596380731481482 0.37099335104166664 0.559806212962963 0.370942978125 0.5789284694444444 0.37604473125000004 0.5789997148148148 0.37615555104166665 0.5099316046296296 0.3863590567708333 0.5099886009259259 0.3863570421875 0.5030265037037037 0.37098327604166664 0.5030008546296296 0.3707817854166667 0.5525619833333333 0.3667741286458333 0.5527044740740741 0.3666653234375 0.5596380731481482
3 0.3840419098958333 0.6088087777777778 0.4190227682291667 0.6089341694444445 0.4192020953125 0.5030493018518518 0.40360467447916665 0.5035537194444445 0.4037819864583333 0.5102336851851852 0.4139431796875 0.5098575092592593 0.4138545234375 0.6020005703703704 0.3709409630208333 0.6017497861111111 0.3709409630208333 0.6088714731481482 0.37976425572916667 0.6089968648148149 0.37982067291666666 0.6387603305555556 0.3820713276041667 0.6389170703703704 0.38210155156250003 0.6362325444444445 0.3842111625 0.6362325444444445 0.3840419098958333 0.6088087777777778
3 0.3725669958333333 0.7737845537037037 0.37289945572916666 0.7310002851851852 0.3707817854166667 0.7309090907407407 0.37071730833333333 0.6964234824074075 0.3840640739583333 0.695967512037037 0.3840640739583333 0.6643858648148149 0.3821398348958333 0.6641122824074074 0.3818194640625 0.6615702481481481 0.3798287328125 0.6614819037037036 0.37976627031250004 0.6897064694444444 0.36661092083333335 0.6903419777777778 0.366625025 0.7306184101851853 0.3583397140625 0.7307723 0.3583397140625 0.7336677120370371 0.36016119270833336 0.7336677120370371 0.3603102963541666 0.737705899074074 0.36881120312500004 0.7379167851851851 0.3688051583333333 0.7779139351851853 0.3713721541666667 0.7780022796296296 0.37131976614583334 0.8717469361111111 0.3599254484375 0.8717155888888889 0.3599254484375 0.8764462805555556 0.37566391302083335 0.8766571675925926 0.3754140640625 0.7737845537037037 0.3725669958333333 0.7737845537037037
3 0.30478944166666666 0.8716357935185185 0.30474712864583337 0.8768680537037038 0.333576465625 0.8766799657407407 0.33362079375 0.8716357935185185 0.30478944166666666 0.8716357935185185
3 0.25897038072916667 0.8717041888888889 0.2589361270833333 0.8768566546296296 0.27868829322916666 0.8766400685185185 0.2786137416666667 0.8718096324074074 0.25897038072916667 0.8717041888888889
3 0.20908120104166666 0.8768110574074075 0.20916985677083336 0.8715816472222222 0.19517831979166667 0.8715787972222222 0.19517831979166667 0.8821687092592593 0.1987890390625 0.8823567972222222 0.19883336666666668 0.8768737527777778 0.20908120104166666 0.8768110574074075
3 0.15793068697916668 0.8772613277777778 0.15796292552083332 0.8822941009259259 0.16916582708333333 0.882296950925926 0.1691053796875 0.8772556287037037 0.15793068697916668 0.8772613277777778
2 0.34456175677083334 0.16025363333333334 0.3624299817708333 0.16019093796296296 0.36234132604166663 0.137879737962963 0.3453193635416667 0.1377514962962963 0.34456175677083334 0.16025363333333334
3 0.33478339739583335 0.18025648333333333 0.33484787447916664 0.20439726388888887 0.33677211354166664 0.20430607037037035 0.33677211354166664 0.1803476777777778 0.33478339739583335 0.18025648333333333
2 0.3386741890625 0.20827016203703702 0.35458190625 0.20815616944444443 0.35445899635416667 0.18387574814814814 0.33859560729166666 0.18354801944444446 0.3386741890625 0.20827016203703702
2 0.29610114843749996 0.18424337407407407 0.29598831354166666 0.20057851203703705 0.308837396875 0.20068395555555557 0.30869030833333333 0.1841920777777778 0.29610114843749996 0.18424337407407407
2 0.29598629843749996 0.251917925 0.3078581505208334 0.251735537037037 0.30759822708333334 0.23304360185185186 0.29604674583333335 0.23304360185185186 0.29598629843749996 0.251917925
2 0.2806951442708333 0.25184383055555554 0.2941063875 0.25202621851851853 0.29385049375 0.23096893703703703 0.2807596213541667 0.23187802777777777 0.2806951442708333 0.25184383055555554
2 0.19614950625 0.27234824722222223 0.19614950625 0.25091479074074075 0.17840822083333335 0.25078369907407405 0.17933105 0.2716956398148148 0.19614950625 0.27234824722222223
4 0.33266774114583336 0.061533199999999996 0.3326294578125 0.06820461666666666 0.3494499296875 0.06835850648148148 0.349339109375 0.061533199999999996 0.33266774114583336 0.061533199999999996
2 0.18717106614583334 0.17273297222222223 0.18717106614583334 0.19371900833333333 0.1909208140625 0.19365061296296296 0.19068909947916665 0.17267027685185185 0.18717106614583334 0.17273297222222223
2 0.1475115859375 0.22254773425925925 0.1475115859375 0.2278540898148148 0.15876083020833331 0.22805642592592593 0.15887568020833334 0.22260188055555555 0.1475115859375 0.22254773425925925
4 0.21201289531249998 0.14537475092592592 0.21201289531249998 0.154414362962963 0.23880918802083334 0.15462809907407407 0.2385794880208333 0.1452664574074074 0.21201289531249998 0.14537475092592592
1 0 0 0 1 1 1 1 0 0 0
4 0.3008885755208333 0.1698261611111111 0.3009651421875 0.1741835277777778 0.31343945208333335 0.1746167 0.31351803333333333 0.1700427472222222 0.3008885755208333 0.1698261611111111
2 0.166899053125 0.2181960675925926 0.1767922625 0.21804502685185184 0.17662905520833333 0.2125306351851852 0.16689502291666666 0.2126731259259259 0.166899053125 0.2181960675925926
2 0.1641184765625 0.23150755185185184 0.1641184765625 0.2475406101851852 0.1773786015625 0.24738956944444446 0.1771670359375 0.2316585925925926 0.1641184765625 0.23150755185185184
4 0.2710880515625 0.1691735537037037 0.2709349182291667 0.17777714444444445 0.2927261734375 0.17821031666666667 0.29295788854166666 0.1691735537037037 0.2710880515625 0.1691735537037037
4 0.3284283697916666 0.35339127962962963 0.3286197864583333 0.36201196944444447 0.3544912348958333 0.3618865777777778 0.35439653437499996 0.35299800555555555 0.3284283697916666 0.35339127962962963
4 0.2744690713541667 0.3531290962962963 0.2744690713541667 0.3618837277777778 0.30061857760416666 0.3620148194444444 0.30071126354166666 0.35325733796296294 0.2744690713541667 0.3531290962962963
4 0.20423735625 0.3527329722222222 0.20410437239583334 0.3621886574074074 0.2541023572916667 0.3619350240740741 0.25392303020833334 0.3528583638888889 0.20423735625 0.3527329722222222
3 0.15696353020833334 0.33007979444444446 0.15712270781249998 0.3326503277777778 0.16065484583333334 0.33249643796296297 0.1607596213541667 0.33007694537037036 0.15696353020833334 0.33007979444444446
4 0.16070723333333334 0.35632088888888885 0.16064880104166665 0.36199772037037037 0.19139230312500002 0.3621544601851852 0.19124118489583333 0.35647192962962965 0.16070723333333334 0.35632088888888885
4 0.16096312708333332 0.32624394444444443 0.1609208140625 0.3324080935185185 0.19143260104166665 0.3325220861111111 0.19140237760416667 0.3264006842592593 0.16096312708333332 0.32624394444444443
4 0.13236348958333333 0.25163864351851856 0.13236348958333333 0.26928184629629626 0.13960104791666667 0.2693901398148148 0.13952448125 0.2517469361111111 0.13236348958333333 0.25163864351851856
4 0.13237759427083334 0.20104018240740743 0.13237759427083334 0.21882587592592592 0.13956477916666668 0.2191906527777778 0.13962925625 0.20104018240740743 0.13237759427083334 0.20104018240740743
4 0.166784203125 0.16772299814814814 0.166784203125 0.17262182962962963 0.184563771875 0.17271302407407407 0.18443078802083335 0.16781419166666667 0.166784203125 0.16772299814814814
4 0.16847269791666666 0.1464804787037037 0.16858351822916667 0.15102878333333333 0.18266371145833335 0.1510344824074074 0.18255490625 0.1463237388888889 0.16847269791666666 0.1464804787037037
3 0.2622768484375 0.2790852092592593 0.26261132395833336 0.3537874037037037 0.26578682239583334 0.3538016527777778 0.26560346562500003 0.2790852092592593 0.2622768484375 0.2790852092592593
3 0.31651219010416665 0.35307495 0.3160507755208333 0.27962667407407404 0.27936731822916666 0.2794984324074074 0.27946000416666666 0.28224280462962964 0.314757203125 0.282502137037037 0.3148498890625 0.3526845259259259 0.31651219010416665 0.35307495
3 0.51283699375 0.1868680537037037 0.5145939953125 0.1870960388888889 0.5144328026041667 0.18415787962962962 0.4981462822916667 0.18415787962962962 0.4981462822916667 0.14712168703703704 0.5409389484375 0.14712168703703704 0.5409389484375 0.14012254166666668 0.49782792656249997 0.1398974064814815 0.4981462822916667 0.04798233148148148 0.5083659078125 0.04843260185185185 0.5085089661458333 0.041567398148148145 0.4927181140625 0.0412083212962963 0.4930364697916667 0.1913878601851852 0.51283699375 0.19161299537037038 0.51283699375 0.1868680537037037
2 0.6441648197916667 0.27270447407407405 0.6441688494791666 0.27814477037037033 0.6560366713541667 0.278073525 0.6561414468750001 0.27255058425925927 0.6441648197916667 0.27270447407407405
2 0.75446705625 0.2685038472222222 0.7582429984375001 0.2686349388888889 0.7581805359375 0.2546736962962963 0.7540660890625 0.25497862685185185 0.75446705625 0.2685038472222222
2 0.7815655854166667 0.26869763425925924 0.781585734375 0.25265887685185184 0.7685492645833333 0.2525192361111111 0.7682832963541667 0.268652037962963 0.7815655854166667 0.26869763425925924
2 0.782228490625 0.290957537962963 0.7822687890625001 0.29639783425925925 0.7936369130208334 0.2962524935185185 0.793638928125 0.29070105462962964 0.782228490625 0.290957537962963
2 0.7609087244791667 0.3578426898148148 0.7607535765625 0.3748247361111111 0.7730082609375 0.3747363925925926 0.7737799718749999 0.35815047037037034 0.7609087244791667 0.3578426898148148
2 0.7170763651041666 0.27184098055555556 0.7172355432291667 0.2933200342592593 0.7347209348958333 0.2933200342592593 0.7349365302083334 0.27184098055555556 0.7170763651041666 0.27184098055555556
2 0.6319867015625 0.21055856388888888 0.6322063265625 0.2318067824074074 0.63559540625 0.23179823333333335 0.6357304052083333 0.21030777962962965 0.6319867015625 0.21055856388888888
2 0.6442131776041666 0.23462239999999998 0.6560971187500001 0.2346765462962963 0.6560608505208333 0.22916500462962963 0.6442494458333333 0.22926474814814815 0.6442131776041666 0.23462239999999998
2 0.634344146875 0.29990025648148144 0.6341527302083333 0.3211370759259259 0.6471146484375 0.32150185277777776 0.6472436026041667 0.3002650324074074 0.634344146875 0.29990025648148144
2 0.582651621875 0.29992590462962965 0.5837457182291667 0.32026218333333334 0.5955490630208333 0.321345112962963 0.5958694338541667 0.2998375601851852 0.582651621875 0.29992590462962965
2 0.6030787828124999 0.27552579074074074 0.6149768286458334 0.27559133611111114 0.6148418296875 0.25706184074074073 0.6037034052083333 0.2581932175925926 0.6030787828124999 0.27552579074074074
2 0.5560185369791667 0.23101453425925927 0.572061253125 0.2311684240740741 0.5720068505208334 0.20749501296296297 0.5562865203125 0.20809917314814816 0.5560185369791667 0.23101453425925927
3 0.5735220630208333 0.21235679722222223 0.5736993755208334 0.22830151018518519 0.5756155552083333 0.2282388148148148 0.5754825708333333 0.2126731259259259 0.5735220630208333 0.21235679722222223
2 0.5756880916666667 0.21237959537037038 0.575726375 0.19893416944444445 0.5692282895833334 0.19893416944444445 0.57160386875 0.20712738703703704 0.5737578078125 0.21222285555555556 0.5756880916666667 0.21237959537037038
2 0.5713197661458334 0.1547762898148148 0.5657948822916666 0.15748646296296295 0.5717207333333333 0.16801082962962963 0.5754201088541666 0.16530065555555556 0.5713197661458334 0.1547762898148148
3 0.51098730625 0.15992590462962963 0.5110900666666667 0.18404958703703703 0.5130082609375 0.18397834166666666 0.512959903125 0.15975776574074074 0.51098730625 0.15992590462962963
2 0.5110900666666667 0.14711028796296297 0.51115454375 0.15936449166666666 0.5168668145833333 0.1594556851851852 0.5163530125 0.14738387037037037 0.5110900666666667 0.14711028796296297
2 0.5384908322916666 0.1403761759259259 0.5384908322916666 0.11750641203703704 0.5213963328125 0.11794243333333333 0.5204714890625 0.13950698240740741 0.5384908322916666 0.1403761759259259
4 0.60933105 0.20328298703703704 0.6093874671874999 0.20751496111111112 0.6295466453125 0.20768595 0.6294962723958334 0.2034539759259259 0.60933105 0.20328298703703704
4 0.6127765463541667 0.18232544907407408 0.61272214375 0.1867113138888889 0.6267862182291667 0.1868623537037037 0.6268930083333333 0.1822485037037037 0.6127765463541667 0.18232544907407408
4 0.6119262541666667 0.3740723851851852 0.6122345354166666 0.3830037046296296 0.6384162807291667 0.3825676833333333 0.6386459802083333 0.3742918212962963 0.6119262541666667 0.3740723851851852
4 0.6697602255208334 0.18756055833333335 0.6695023171875001 0.19663721851851854 0.6856719723958334 0.19663721851851854 0.6856719723958334 0.1876517527777778 0.6697602255208334 0.18756055833333335
4 0.7996393312500001 0.2741721287037037 0.7997501510416666 0.2923453972222222 0.8063227885416667 0.2922399546296296 0.80621196875 0.2743830148148148 0.7996393312500001 0.2741721287037037
4 0.7997662703124999 0.30895696759259256 0.7998911947916666 0.33355371944444445 0.8061797302083333 0.333462525 0.8061797302083333 0.30895696759259256 0.7997662703124999 0.30895696759259256
4 0.7657364494791667 0.37761185555555554 0.7657908520833333 0.3821487601851852 0.7781422526041666 0.3821487601851852 0.7781422526041666 0.3777628953703704 0.7657364494791667 0.37761185555555554
4 0.7220572234374999 0.3473667712962963 0.7219725973958333 0.3533570814814815 0.7526758010416666 0.3533570814814815 0.7528510979166666 0.3475520092592593 0.7220572234374999 0.3473667712962963
4 0.7223272213541667 0.37742376759259255 0.7222345354166666 0.38343402685185185 0.7528208744791667 0.3833029351851852 0.7527281885416667 0.37768595 0.7223272213541667 0.37742376759259255
4 0.6592444088541666 0.37411513240740746 0.6594458994791667 0.38290966111111113 0.709171871875 0.38273867222222224 0.709171871875 0.37411513240740746 0.6592444088541666 0.37411513240740746
4 0.5575579286458333 0.3740723851851852 0.5575055411458333 0.3830721 0.5837074348958333 0.38314904537037037 0.5836550473958333 0.37414648055555555 0.5575579286458333 0.3740723851851852
4 0.5457021963541667 0.08604445740740742 0.5456216 0.09256483333333333 0.5625911744791666 0.0925847824074074 0.5626556520833332 0.08605015648148148 0.5457021963541667 0.08604445740740742
4 0.5086520250000001 0.041954973148148146 0.5083699375 0.047931034259259264 0.5255732421875 0.04800227962962963 0.5254926458333333 0.041923625 0.5086520250000001 0.041954973148148146
3 0.7175659885416666 0.2688999712962963 0.717489421875 0.27172983796296296 0.7300020151041667 0.27172413796296296 0.7298609713541667 0.2687261324074074 0.7175659885416666 0.2688999712962963
3 0.7431311708333334 0.2687916787037037 0.7429760223958334 0.24308919907407409 0.7578380010416667 0.24341407777777777 0.7579145677083333 0.23677116018518518 0.756220028125 0.23644343148148148 0.7559137619791667 0.24036477592592592 0.7409732015625 0.24025648333333335 0.7410517833333333 0.2690082648148148 0.7331654239583333 0.2691108574074074 0.73311908125 0.27140495833333333 0.7803989520833333 0.27172983796296296 0.7803989520833333 0.2688999712962963 0.7431311708333334 0.2687916787037037
3 0.7790429177083333 0.23654317500000002 0.7790429177083333 0.25233399814814816 0.780660890625 0.25244229166666665 0.780660890625 0.2362154462962963 0.7790429177083333 0.23654317500000002
3 0.7938404192708333 0.2934853231481482 0.7938363890625 0.2960729555555556 0.8001470885416667 0.2961442009259259 0.7999858958333333 0.2934254777777778 0.7938404192708333 0.2934853231481482
3 0.7822002822916667 0.2963265888888889 0.7821237156249999 0.2935024222222222 0.7741950432291667 0.2937133083333333 0.7745013098958334 0.3477372472222222 0.7760407010416667 0.3477372472222222 0.775964134375 0.29622399537037036 0.7822002822916667 0.2963265888888889
3 0.7819141645833334 0.35305500185185185 0.7819141645833334 0.3509005416666667 0.7610074552083332 0.3509461388888889 0.7608966348958333 0.35763750370370373 0.7625629661458333 0.3577372472222222 0.7624541609375 0.35304930185185185 0.7819141645833334 0.35305500185185185
3 0.7609369333333333 0.37485608425925926 0.7609369333333333 0.37732402407407406 0.7625347572916666 0.37737532037037036 0.7624602057291666 0.37485608425925926 0.7609369333333333 0.37485608425925926
3 0.7528208744791667 0.3509176407407408 0.7527302036458334 0.3535195212962963 0.7610779770833334 0.35364491296296297 0.7610175296875 0.3509033916666667 0.7528208744791667 0.3509176407407408
3 0.7201491031249999 0.35123112037037035 0.7200765666666666 0.3777001990740741 0.7219242395833334 0.3777001990740741 0.7217690911458334 0.35134226296296295 0.7201491031249999 0.35123112037037035
3 0.7176687489583333 0.2934853231481482 0.7176687489583333 0.347492162962963 0.7207273828125 0.3478683388888889 0.7207213380208334 0.2934710740740741 0.7176687489583333 0.2934853231481482
3 0.6470723354166666 0.3003049305555555 0.6478702395833333 0.37415218055555555 0.6509046947916667 0.3746053009259259 0.6509046947916667 0.30053006574074076 0.6470723354166666 0.3003049305555555
3 0.6338787026041667 0.3030891990740741 0.6339895223958333 0.3004217722222222 0.5957384645833332 0.30057566296296295 0.5958452546875 0.3744457111111111 0.5973987505208334 0.3750726703703704 0.5975075557291666 0.30355941851851853 0.6338787026041667 0.3030891990740741
3 0.5823111020833333 0.3031889425925926 0.5824037880208334 0.3004445712962963 0.5558553296875 0.29999145092592594 0.5558049567708333 0.2917811342592593 0.5541285510416666 0.291724137962963 0.5540983276041668 0.300190937962963 0.5454402578124999 0.3002194361111111 0.5454422729166667 0.3035822175925926 0.5823111020833333 0.3031889425925926
3 0.5558795083333333 0.27553149074074074 0.5557142859374999 0.2638814481481481 0.554062059375 0.2638102027777777 0.554114446875 0.2725819324074074 0.5454523473958334 0.2727329722222222 0.5453455572916667 0.27530635462962966 0.5558795083333333 0.27553149074074074
3 0.553929075 0.23811057314814815 0.5540056416666667 0.24725847777777776 0.5558553296875 0.2473696212962963 0.5555470479166666 0.23811057314814815 0.553929075 0.23811057314814815
3 0.6296050776041666 0.18730122500000002 0.6296050776041666 0.20701909351851852 0.6315273020833333 0.20708748888888887 0.6316139432291668 0.18722997962962964 0.6296050776041666 0.18730122500000002
3 0.6092544833333334 0.2346280990740741 0.6313338708333334 0.23490453148148147 0.6312029015624999 0.23209176388888889 0.6174027807291667 0.23199202037037037 0.6173423333333333 0.20767170092592593 0.6093874671874999 0.20765745185185186 0.6093189604166667 0.21057566296296296 0.6153516020833333 0.21066685648148148 0.6154160791666666 0.23199487037037037 0.6092544833333334 0.23199487037037037 0.6092544833333334 0.2346280990740741
3 0.6561112229166667 0.2319834712962963 0.6561414468750001 0.2345226564814815 0.660598428125 0.2345654037037037 0.6605682046875 0.2319834712962963 0.6561112229166667 0.2319834712962963
3 0.6334293776041666 0.23176688518518518 0.6334938546875001 0.2345625537037037 0.6440741489583334 0.23447990925925927 0.6440419098958333 0.23176688518518518 0.6334293776041666 0.23176688518518518
3 0.65614950625 0.27272727314814815 0.65614950625 0.2750983185185185 0.6602800723958333 0.275203762037037 0.6603022364583333 0.2726189796296296 0.65614950625 0.27272727314814815
3 0.6337215395833333 0.27264747777777776 0.6337960911458332 0.27511826759259256 0.6441204916666667 0.27495867777777777 0.6440076567708334 0.2727529212962963 0.6337215395833333 0.27264747777777776
3 0.6624561755208334 0.27511826759259256 0.6625589359375 0.23227415185185185 0.6606105177083333 0.23228840092592593 0.6607616359375 0.2538814481481481 0.6338243 0.25356796851851854 0.6337134796875 0.23802792777777776 0.5796594802083334 0.2374750638888889 0.5794982875 0.2750470222222222 0.6030404994791667 0.27523226018518515 0.6029699776041666 0.2718096324074074 0.5813721541666667 0.2723966944444444 0.5814064072916667 0.23963522407407406 0.614942575 0.23986035925925928 0.6149445901041666 0.27511826759259256 0.6165383838541667 0.27229125092592593 0.6166391296874999 0.23980336296296298 0.6221841630208333 0.23978911388888888 0.6218758817708333 0.2723966944444444 0.6165585333333333 0.27236249629629633 0.6149727989583333 0.2751610148148148 0.63368325625 0.27518951296296296 0.632840771875 0.27385766944444445 0.63368325625 0.2751467657407407 0.6335804958333333 0.25660302037037036 0.6606004432291667 0.25673696203703705 0.6602216401041667 0.2752265601851852 0.6624561755208334 0.27511826759259256
3 0.63188588125 0.27234824722222223 0.6318355833333332 0.23976061574074073 0.6239310901041667 0.23967512129629628 0.6239210156249999 0.27234824722222223 0.63188588125 0.27234824722222223
3 0.5732601249999999 0.2730863490740741 0.5732057223958333 0.27520091203703706 0.5793169453125 0.27511826759259256 0.5793673182291667 0.2731433453703704 0.5732601249999999 0.2730863490740741
3 0.5735119885416666 0.23778569351851855 0.5734334072916667 0.23919920185185184 0.5795929880208334 0.23941863796296298 0.5795788838541667 0.23784268981481485 0.5735119885416666 0.23778569351851855
3 0.6040963125 0.1725249361111111 0.6043280276041667 0.16729837592592592 0.5763147291666667 0.1675833574074074 0.5771489020833334 0.1722570537037037 0.588607696875 0.17231405 0.5886943380208333 0.19496152777777778 0.5771186781250001 0.19477343981481482 0.577144871875 0.17230835 0.5762986098958333 0.1675149611111111 0.5754503322916666 0.1654972925925926 0.5736228088541666 0.16678825833333333 0.5737235541666668 0.1987945287037037 0.5917751359375 0.1990994583333333 0.5918920010416666 0.17241379351851852 0.6040963125 0.1725249361111111
3 0.5675982270833334 0.1509404388888889 0.5694458994791667 0.15518951296296296 0.5712935723958333 0.15464234814814815 0.5697521661458332 0.15072100277777778 0.5675982270833334 0.1509404388888889
3 0.6695103765624999 0.19311199814814814 0.6694902276041667 0.188082075 0.6591638119791666 0.18833855833333332 0.659004634375 0.18231404999999998 0.6269252468750001 0.18211741203703702 0.6268748739583334 0.1872014814814815 0.6555671973958332 0.18705899074074073 0.6555671973958332 0.19280991759259258 0.6695103765624999 0.19311199814814814
3 0.6856719723958334 0.1879595324074074 0.6858936124999999 0.19250783703703706 0.7299133588541667 0.19282416666666666 0.7300241791666667 0.2718637787037037 0.7330949020833334 0.2720233685185185 0.7335684062500001 0.23622399537037037 0.802651621875 0.2362638925925926 0.802687890625 0.2741094333333333 0.8063147291666667 0.27420917685185187 0.8060729395833334 0.23035907685185184 0.7333507958333333 0.23046167037037038 0.7330183359375 0.18874323148148148 0.6856719723958334 0.1879595324074074
3 0.8022083416666667 0.2923596462962963 0.80227281875 0.3087859787037037 0.8064436833333333 0.30887717314814817 0.8064436833333333 0.29233684814814814 0.8022083416666667 0.2923596462962963
3 0.8063227885416667 0.35667711574074074 0.8064819666666666 0.33361071574074075 0.8020995364583333 0.3336848101851852 0.8022043119791668 0.35047306944444445 0.7818859562499999 0.3507779990740741 0.7818859562499999 0.37732402407407406 0.7782490427083334 0.37739811944444446 0.7783558333333332 0.38239099444444447 0.7861636109375 0.38231689907407407 0.7862159984375 0.35675121111111113 0.8063227885416667 0.35667711574074074
3 0.7527503526041667 0.37741236851851856 0.7527906510416666 0.38243944166666666 0.7657001812500001 0.38249073796296296 0.7656981666666667 0.37734112314814816 0.7527503526041667 0.37741236851851856
3 0.7092020953125 0.37759760648148144 0.7092464234375 0.38226275277777777 0.7223473703125 0.3823938444444444 0.7222587145833333 0.3773525222222222 0.7092020953125 0.37759760648148144
3 0.6385150109375 0.3773696212962963 0.6384646385416667 0.38259618148148145 0.6592484385416667 0.3822884009259259 0.6592444088541666 0.37728412685185186 0.6385150109375 0.3773696212962963
3 0.5835482572916667 0.37803647777777777 0.5836590770833333 0.38227130277777777 0.6121559541666667 0.3824280425925926 0.6120451338541667 0.377879737962963 0.5835482572916667 0.37803647777777777
3 0.5433407213541667 0.19139355925925924 0.5434817651041667 0.22846964907407408 0.5414326010416667 0.22855229444444444 0.5413620791666667 0.33612995185185185 0.5385291156249999 0.3359390138888889 0.5385291156249999 0.38242234259259256 0.557541809375 0.3824251925925926 0.5574833770833333 0.37745511574074075 0.54288938125 0.3771843833333333 0.5427483375000001 0.34108862962962966 0.5451380213541667 0.34108862962962966 0.5452387666666667 0.2355001425925926 0.5539371348958333 0.2353291537037037 0.5539069109375 0.23126816759259258 0.5558654041666667 0.23119692222222224 0.5558956276041667 0.2283984037037037 0.5476848682291667 0.22827301203703704 0.5474047953125001 0.18423482500000002 0.5306467864583333 0.18418922777777777 0.5306467864583333 0.18711598703703702 0.5324642354166667 0.18705899074074073 0.5325146083333333 0.1912083212962963 0.5433407213541667 0.19139355925925924
3 0.5710396937500001 0.10694214907407408 0.5710396937500001 0.09203761759259259 0.6039955671875 0.09312339722222222 0.6045678015625 0.1436192648148148 0.5708482770833334 0.14352807037037035 0.5706588755208333 0.12954117962962963 0.567285915625 0.12959817592592593 0.5670542010416667 0.15079224814814815 0.6041869838541667 0.15030208055555555 0.6047430989583333 0.22864918796296296 0.572016925 0.22827016203703704 0.5720149104166666 0.23121117129629631 0.5737940760416667 0.23128241666666666 0.5738444489583333 0.2354288972222222 0.6091315734375 0.23531490462962962 0.6093068708333333 0.1869734962962963 0.6126314729166666 0.1869165 0.6126616963541667 0.18220290648148146 0.6093169453125 0.1820319175925926 0.61008865625 0.08545169537037037 0.5628007255208334 0.08553433981481481 0.5627362484374999 0.09279281851851852 0.5673987505208333 0.09284981481481482 0.5673987505208333 0.10694214907407408 0.5710396937500001 0.10694214907407408
3 0.5411505140624999 0.1169734962962963 0.5411505140624999 0.09297805648148148 0.5455309286458333 0.0930778 0.54548055625 0.08571957777777778 0.5410114848958333 0.08566258148148148 0.5411505140624999 0.04094328888888889 0.5254503322916667 0.04094328888888889 0.5258492848958334 0.04809632407407407 0.53649405625 0.048472499074074075 0.53649405625 0.11640923333333333 0.5411505140624999 0.1169734962962963
3 0.19145275052083335 0.33016528888888885 0.191533346875 0.3561328009259259 0.19332057239583333 0.3560045592592592 0.19328027395833333 0.33016528888888885 0.19145275052083335 0.33016528888888885
3 0.19602055208333333 0.27302650370370374 0.19240177291666666 0.27302650370370374 0.19247833958333332 0.32737247037037037 0.19571227083333334 0.32737247037037037 0.19602055208333333 0.27302650370370374
3 0.27112834999999996 0.17470219444444446 0.2710779770833333 0.16968652037037035 0.26949224270833333 0.16967227129629628 0.2695426151041667 0.14627529166666667 0.23873866614583333 0.1462040462962963 0.23875881510416666 0.1509204898148148 0.26583518020833335 0.15119977222222222 0.26606085052083334 0.17461954999999998 0.27112834999999996 0.17470219444444446
3 0.15663106979166666 0.1826845259259259 0.15663106979166666 0.1849444287037037 0.16297803749999998 0.18504132222222222 0.16297803749999998 0.18272727314814813 0.15663106979166666 0.1826845259259259
3 0.139339109375 0.2485323453703704 0.13924642343750002 0.2510544314814815 0.15150312291666665 0.2511171277777778 0.1515494661458333 0.24846964907407407 0.139339109375 0.2485323453703704
3 0.1589200078125 0.22271017407407406 0.15892202291666668 0.2253291537037037 0.16446504114583332 0.2253234537037037 0.16469474114583335 0.22282131666666666 0.1589200078125 0.22271017407407406
3 0.18505540989583333 0.1963778851851852 0.184793471875 0.21737532037037036 0.18975015104166668 0.21740666851851853 0.1896252265625 0.24798803055555554 0.164626234375 0.2475748074074074 0.1645859359375 0.2507153037037037 0.19299012708333332 0.2507723 0.19291960520833334 0.24815616944444446 0.19119081197916668 0.24814192037037036 0.19119081197916668 0.21502992314814814 0.186854725 0.21486178425925925 0.18693330625 0.19686235370370372 0.19308885729166667 0.196534625 0.1929558734375 0.19383870092592592 0.16679629270833332 0.19380735277777777 0.1668063671875 0.15146195462962964 0.16487406822916664 0.15135366203703704 0.1645597421875 0.23157024814814814 0.16682853125000002 0.23134796203703703 0.166554503125 0.19646337962962965 0.18505540989583333 0.1963778851851852
3 0.13934716927083332 0.22260188055555555 0.13934716927083332 0.2253234537037037 0.14735442291666667 0.2251068675925926 0.14735442291666667 0.22260188055555555 0.13934716927083332 0.22260188055555555
3 0.19306266354166668 0.19330578518518518 0.19309893229166666 0.25078369907407405 0.19637316145833333 0.25074380185185186 0.19629659479166667 0.1935679685185185 0.19306266354166668 0.19330578518518518
3 0.18433608697916667 0.15130236574074074 0.18446101145833332 0.16911655740740741 0.1863489822916667 0.16915930462962964 0.18625629635416668 0.15130236574074074 0.18433608697916667 0.15130236574074074
3 0.2804291760416667 0.24888002314814817 0.2582893411458333 0.24880592777777777 0.25834374375 0.1776346537037037 0.25625831145833333 0.17771159907407408 0.2563127140625 0.25160159629629625 0.28058835364583334 0.25160159629629625 0.2804291760416667 0.24888002314814817
3 0.26064275625 0.17196067222222222 0.26057021979166667 0.1513764601851852 0.2589361270833333 0.1513764601851852 0.25912754374999997 0.17458820185185187 0.2659157765625 0.17464519814814816 0.2659177916666667 0.17206896574074074 0.26064275625 0.17196067222222222
3 0.29623614739583337 0.17479908796296298 0.29644972812500003 0.18424622407407407 0.29789441875 0.18424622407407407 0.29778561354166666 0.17487318333333332 0.29623614739583337 0.17479908796296298
3 0.2938545234375 0.2006583074074074 0.2938162401041666 0.20291536018518516 0.3168406208333333 0.2028640638888889 0.3168406208333333 0.20086634351851854 0.2938545234375 0.2006583074074074
3 0.329250453125 0.21598176111111111 0.329250453125 0.24865203796296295 0.3078883739583333 0.24854089444444447 0.3078581505208334 0.25138216018518517 0.3310135 0.2515275009259259 0.3311223052083333 0.21393844444444443 0.2957747328125 0.21340837870370372 0.29580697135416667 0.20315474537037037 0.29374370364583335 0.20304930185185185 0.29406407395833334 0.25145055555555557 0.2958875682291667 0.25145340555555556 0.29582913541666667 0.21590481574074075 0.329250453125 0.21598176111111111
3 0.3914587953125 0.17144200648148147 0.3931231109375 0.17536335092592592 0.3947874270833333 0.17457965277777776 0.39358452552083334 0.17144200648148147 0.3914587953125 0.17144200648148147
3 0.4279105380208333 0.19266457685185184 0.42814225260416666 0.1880906240740741 0.39990932916666666 0.18856654351851854 0.4009631270833333 0.1924137935185185 0.4125871447916667 0.19244514074074076 0.41230304270833334 0.21510116851851852 0.4010638729166667 0.2150584212962963 0.4009611119791667 0.19244514074074076 0.3990147088541667 0.18536905092592593 0.39772718124999995 0.18678255925925927 0.39761837604166667 0.21970361944444444 0.41566794270833335 0.2198917074074074 0.415744509375 0.19266457685185184 0.4279105380208333 0.19266457685185184
3 0.39960709270833333 0.23245084074074074 0.3975518838541667 0.23245084074074074 0.39761636093749997 0.2484240527777778 0.39960709270833333 0.24860359074074073 0.39960709270833333 0.23245084074074074
3 0.35464235364583335 0.21454260462962965 0.35479750156249995 0.22467084629629627 0.3561071932291667 0.2248902824074074 0.35641547447916666 0.21454260462962965 0.35464235364583335 0.21454260462962965
3 0.35644569791666664 0.2526303787037037 0.36516824479166665 0.25273012222222224 0.36514608125 0.2502336851851852 0.35644569791666664 0.2502336851851852 0.35636913177083335 0.24177828425925924 0.35459601041666666 0.24162724444444444 0.35459601041666666 0.2566571675925926 0.3563993552083333 0.2566514675925926 0.35644569791666664 0.2526303787037037
3 0.3648841427083333 0.2824194925925926 0.3648841427083333 0.27942718703703706 0.3563509973958333 0.2793359935185185 0.35641547447916666 0.27379880277777774 0.35448922031249996 0.27370760925925924 0.35455369739583337 0.2791536046296296 0.3299133588541666 0.27942718703703706 0.3298488817708333 0.2824194925925926 0.3648841427083333 0.2824194925925926
3 0.18269595 0.14611570277777777 0.18269595 0.15118837314814815 0.21190006041666667 0.1510971787037037 0.21196655260416666 0.14611570277777777 0.18269595 0.14611570277777777
3 0.29277654635416667 0.1695468796296296 0.2927725166666667 0.17458820185185187 0.30075760625000003 0.17458820185185187 0.30066290572916665 0.16981191203703702 0.29277654635416667 0.1695468796296296
3 0.39465444270833333 0.1273240240740741 0.39473705416666666 0.11320604166666666 0.4280314328125 0.11356226851851851 0.4280314328125 0.1639042462962963 0.3948498890625 0.16366486203703703 0.394845859375 0.14962952407407407 0.3909570822916667 0.14962382407407407 0.3909570822916667 0.1711000287037037 0.4279407614583333 0.1711000287037037 0.4285250854166666 0.2487375324074074 0.3956598833333333 0.24872613240740737 0.3957102557291667 0.2516671416666667 0.3976888979166667 0.25170703888888885 0.39763852499999996 0.2558136222222222 0.4329619182291667 0.25589911666666665 0.43280677031250003 0.10667711574074075 0.3865303244791667 0.10642918240740741 0.38664114427083335 0.11332003425925927 0.3910900666666667 0.11350527222222223 0.3911505140625 0.12735537222222224 0.39465444270833333 0.1273240240740741
3 0.3648519041666667 0.13781704166666667 0.36507757395833335 0.11343972685185186 0.3695869432291667 0.11343402685185185 0.3695869432291667 0.1062724425925926 0.3648519041666667 0.10626959259259258 0.3648519041666667 0.06133941296296296 0.3495305260416667 0.061185523148148145 0.349532540625 0.06850954722222223 0.36000805989583334 0.06867198611111111 0.35989522447916666 0.13781704166666667 0.3648519041666667 0.13781704166666667
3 0.31694942552083333 0.2114306074074074 0.33671368125 0.21170703888888887 0.33676405416666666 0.20768595 0.3385512796875 0.20770019907407408 0.338555309375 0.20454830462962964 0.3219504333333333 0.20443431203703705 0.321815434375 0.16738387037037036 0.3649566796875 0.16776859537037037 0.36483376979166665 0.1604987175925926 0.3218194640625 0.16045312037037035 0.32201088072916667 0.06854659444444444 0.33252266770833333 0.06827016203703704 0.33252266770833333 0.06138786018518519 0.31693733645833333 0.06138501018518518 0.31684868020833334 0.16968652037037035 0.3136530322916667 0.1696010259259259 0.3136631067708333 0.1747734398148148 0.31694942552083333 0.17481618703703702 0.31694942552083333 0.2114306074074074
3 0.3666733828125 0.3614163583333333 0.3690550072916666 0.3614163583333333 0.3690932901041667 0.25574237685185186 0.37781382239583333 0.25590481574074075 0.3777674791666667 0.25185807962962964 0.3797964942708333 0.25185807962962964 0.37970582291666666 0.24849814722222222 0.37137819843750003 0.2485636935185185 0.37149304843750003 0.20451695648148147 0.3546302640625 0.20435451666666665 0.3546302640625 0.20735537222222222 0.3564295786458333 0.20725847777777778 0.3564295786458333 0.21143345648148149 0.3673181541666667 0.21143345648148149 0.3673644973958333 0.24852949537037036 0.3652891395833333 0.24865488703703703 0.3651178723958333 0.35627529166666666 0.35458190625 0.35634653703703706 0.35466250260416665 0.36128811666666666 0.3623755791666667 0.36147335462962965 0.36219625208333334 0.40271872314814816 0.3813076765625 0.4027956685185185 0.38129760208333335 0.3977286972222222 0.3665806973958333 0.3977286972222222 0.3666733828125 0.3614163583333333
3 0.3004714890625 0.35639498425925925 0.3004714890625 0.3614277574074074 0.32828128125 0.3614277574074074 0.32850493645833334 0.35639498425925925 0.3004714890625 0.35639498425925925
3 0.25399355208333335 0.35634368796296295 0.25407011875 0.36136791111111116 0.2745416078125 0.36136791111111116 0.2745416078125 0.35634368796296295 0.25399355208333335 0.35634368796296295
3 0.19143461614583332 0.3563094898148148 0.19152327239583336 0.3615588490740741 0.20413459583333332 0.3614220574074074 0.20431996770833333 0.3564405814814815 0.19143461614583332 0.3563094898148148
3 0.1518597625 0.3611456259259259 0.16061857760416667 0.3614448564814815 0.16061857760416667 0.35651467685185184 0.15722345364583334 0.35633228796296296 0.15691920208333335 0.3306583074074074 0.13689502291666666 0.3295269305555556 0.13721740885416667 0.26947848425925924 0.132405803125 0.26947848425925924 0.13224864010416665 0.3367768592592592 0.15209147708333332 0.3369392990740741 0.1518597625 0.3611456259259259
3 0.13205520833333334 0.21898261574074074 0.13192020937499999 0.25145625555555556 0.13726173697916666 0.25145625555555556 0.13699576875 0.21899401574074076 0.13205520833333334 0.21898261574074074
3 0.13187991145833333 0.20089484166666668 0.13722143854166668 0.20089484166666668 0.13722143854166668 0.18503562222222222 0.15657666718750002 0.18465659722222222 0.1566512192708333 0.15104873148148149 0.16845859375 0.15123681944444445 0.16832359479166667 0.14632943888888889 0.1514487203125 0.1464177824074074 0.1515192421875 0.17785408981481482 0.13187991145833333 0.17805072685185183 0.13187991145833333 0.20089484166666668
2 0.3349506348958334 0.16765745185185185 0.334986903125 0.18005414629629632 0.34085230729166666 0.1802137361111111 0.340519846875 0.16765460277777777 0.3349506348958334 0.16765745185185185
2 0.2656880916666667 0.27888002314814814 0.26577674791666667 0.3003704759259259 0.27919000625 0.3003106296296296 0.2792786619791666 0.27881732685185184 0.2656880916666667 0.27888002314814814
2 0.31617569999999995 0.27875463055555555 0.31626435625 0.3003704759259259 0.32985694114583336 0.3005614138888889 0.3297219421875 0.27881732685185184 0.31617569999999995 0.27875463055555555
2 0.39351198854166664 0.22127956666666668 0.3962522666666667 0.22872328333333333 0.39711666354166664 0.23243089166666667 0.399435825 0.23233114814814815 0.39941769114583336 0.2196751212962963 0.39659681666666663 0.21958962685185185 0.39351198854166664 0.22127956666666668
2 0.39486399375 0.17475634074074076 0.38934515416666665 0.17874893148148147 0.39422123697916667 0.18954972962962963 0.3990993348958333 0.18519236203703704 0.39486399375 0.17475634074074076
4 0.36962724166666666 0.1062040462962963 0.36968164427083333 0.11278141944444445 0.38658069739583334 0.1128498148148148 0.3864718921875 0.10635223703703704 0.36962724166666666 0.1062040462962963
3 0.13914567812499998 0.676363636111111 0.13933709427083332 0.7785978907407407 0.1359520453125 0.7785978907407407 0.13593189583333334 0.8824251925925927 0.14504533541666667 0.8823909944444444 0.14504533541666667 0.8771273870370371 0.14042514583333335 0.8771273870370371 0.14026999791666667 0.7839954407407407 0.14285109791666667 0.7839555425925926 0.14292766458333334 0.6805500138888889 0.1691053796875 0.6806383583333333 0.16906508177083335 0.6845027074074074 0.17404996979166668 0.6845426046296297 0.17402780572916668 0.6797007694444445 0.17273221822916665 0.6796580222222223 0.17267177135416667 0.6762781416666667 0.13914567812499998 0.676363636111111
2 0.3733628854166666 0.5790852092592592 0.37346363072916666 0.6017127388888889 0.39138222864583333 0.6016272444444445 0.3912210354166667 0.5789313194444444 0.3733628854166666 0.5790852092592592
2 0.33729397552083334 0.6247848388888888 0.33724763229166665 0.637893987037037 0.3431754984375 0.6377685953703703 0.3432641546875 0.6245340555555555 0.33729397552083334 0.6247848388888888
2 0.16835986302083333 0.7523311481481482 0.16841225052083333 0.7682872611111111 0.181726778125 0.7685152462962963 0.18151319791666667 0.7541436305555556 0.16835986302083333 0.7523311481481482
2 0.3425287125 0.7334967231481482 0.35826516197916664 0.7335337703703704 0.35792665729166667 0.7098318611111112 0.34242998177083334 0.7095753777777778 0.3425287125 0.7334967231481482
2 0.309877090625 0.7721630092592593 0.3214285713541667 0.7722627527777778 0.3211867822916667 0.7531005981481482 0.3101712671875 0.7527985185185184 0.309877090625 0.7721630092592593
2 0.32029216197916666 0.7963864351851851 0.3200624619791667 0.8177343972222222 0.33268990520833336 0.8171900824074074 0.3335381822916667 0.7962781416666667 0.32029216197916666 0.7963864351851851
2 0.26963328645833334 0.7964092333333334 0.2695567197916667 0.8179737814814815 0.2819544630208333 0.8175377601851852 0.28303244010416667 0.7963009407407406 0.26963328645833334 0.7964092333333334
2 0.16391900052083336 0.8747392416666667 0.16387467239583334 0.8578483898148148 0.15108603645833335 0.8576574518518518 0.15139834791666665 0.8736050157407408 0.16391900052083336 0.8747392416666667
2 0.2000402984375 0.7932858361111111 0.19991537395833334 0.7719492731481481 0.18252468281249998 0.7715873472222222 0.18259520468749998 0.7929182101851852 0.2000402984375 0.7932858361111111
4 0.2270259921875 0.729053861111111 0.22684666510416665 0.7349729268518519 0.24846060833333333 0.7351667138888889 0.24828329635416668 0.729053861111111 0.2270259921875 0.729053861111111
4 0.285242796875 0.7053434027777779 0.28530122916666667 0.7110800796296297 0.30256498072916665 0.7113365629629629 0.3026153536458333 0.7056055851851852 0.285242796875 0.7053434027777779