1 0 0 0 1 1 1 1 0 0 0
3 0.235 0.7026182333333333 0.2349919421875 0.705965812037037 0.2587852536458333 0.706068375925926 0.2587630942708333 0.7024786324074074 0.235 0.7026182333333333
3 0.2705499598958333 0.7024074074074075 0.2705358583333333 0.705965812037037 0.2998066078125 0.7061196583333333 0.29979049166666666 0.7023475787037037 0.2705499598958333 0.7024074074074075
4 0.18879935520833332 0.7022792018518519 0.18889202239583333 0.7177122509259259 0.200499596875 0.7176096870370371 0.2005439161458333 0.702250712037037 0.18879935520833332 0.7022792018518519
4 0.2587630942708333 0.7024501425925926 0.25885777604166665 0.7173019944444444 0.270499596875 0.7173532759259259 0.2705499598958333 0.7024074074074075 0.2587630942708333 0.7024501425925926
2 0.17354955677083334 0.38643874629629626 0.17356970208333333 0.39145299166666664 0.2266941984375 0.39149287777777775 0.22664987916666668 0.3867094018518519 0.17354955677083334 0.38643874629629626
2 0.24383561666666667 0.38618233611111114 0.24385576145833332 0.39173789166666667 0.29681708281249997 0.3916239314814815 0.2967586625 0.3864529916666667 0.24383561666666667 0.38618233611111114
3 0.22665189375 0.45549572685185186 0.16408138593750002 0.4561538462962963 0.16408138593750002 0.4603703703703704 0.22665189375 0.460176637962963 0.22665189375 0.45549572685185186
3 0.2964746171875 0.4553247861111111 0.23471998385416667 0.45606267777777776 0.23475423020833333 0.46014814814814814 0.2964746171875 0.46014814814814814 0.2964746171875 0.4553247861111111
3 0.161617646875 0.7061196583333333 0.16118251406249998 0.3362336185185185 0.22897058802083334 0.3361310537037037 0.22904311041666667 0.38665811944444445 0.22664987916666668 0.3867094018518519 0.22668614010416668 0.3908119657407408 0.23052981458333335 0.39076068333333336 0.23063859791666666 0.45554415925925923 0.22668614010416668 0.45554415925925923 0.22664987916666668 0.4601623935185185 0.22940572135416665 0.46011111111111114 0.2296232875 0.7061709398148148 0.20053585833333332 0.7063247861111112 0.200499596875 0.7176096870370371 0.25885777604166665 0.7173019944444444 0.2587852536458333 0.706068375925926 0.2349919421875 0.705965812037037 0.2346655921875 0.3361310537037037 0.29893634166666666 0.33592592592592596 0.29893634166666666 0.3864529916666667 0.2967586625 0.3864529916666667 0.2967949234375 0.39060683796296297 0.3003867848958333 0.39060683796296297 0.3006043515625 0.4552364675925926 0.2965048348958333 0.4552877490740741 0.2964685739583333 0.4601623935185185 0.299117646875 0.4601623935185185 0.2998066078125 0.7061196583333333 0.2705358583333333 0.705965812037037 0.270499596875 0.7173532759259259 0.32943795312499996 0.7173019944444444 0.3292929088541667 0.705965812037037 0.3053182916666667 0.705965812037037 0.30506446406250004 0.3360284898148148 0.33266720364583335 0.3360284898148148 0.33266720364583335 0.3248974361111111 0.15505640625 0.3249002851851852 0.15570507656250002 0.7097094018518519 0.12473207083333333 0.7098119657407407 0.12469580989583333 0.7177635324074074 0.18889202239583333 0.7177122509259259 0.18881950052083332 0.7062393166666667 0.161617646875 0.7061196583333333
3 0.2437953265625 0.3865527064814815 0.23475624479166665 0.3865498574074074 0.23475423020833333 0.39083190925925926 0.24381547135416665 0.39085470092592595 0.2437953265625 0.3865527064814815
3 0.17354955677083334 0.3866666666666667 0.16400080572916667 0.38669515648148145 0.16400080572916667 0.3908262111111111 0.17354955677083334 0.39079772037037036 0.17354955677083334 0.3866666666666667
3 0.16118251406249998 0.3362336185185185 0.161617646875 0.7061196583333333 0.18879935520833332 0.7062393166666667 0.1887953265625 0.7026894583333334 0.16445004010416667 0.702789174074074 0.16389403697916669 0.3362564101851852 0.16118251406249998 0.3362336185185185
3 0.20053787291666667 0.7027008546296296 0.20053585833333332 0.7063247861111112 0.2296232875 0.7061709398148148 0.22961120052083334 0.7027008546296296 0.20053787291666667 0.7027008546296296