4 0.7208885755208333 0.5650783694444445 0.78266975625 0.5649757768518519 0.782677815625 0.5554915925925926 0.720890590625 0.5556511824074074 0.7208885755208333 0.5650783694444445
4 0.8486419505208332 0.588241663888889 0.8331593791666666 0.5882245657407407 0.8332218416666667 0.5936021657407408 0.8486721739583333 0.5937047592592593 0.8486419505208332 0.588241663888889
4 0.7975760630208334 0.5650726703703705 0.8256437640625 0.5654060981481481 0.825718315625 0.5553918490740741 0.7975982270833334 0.5553918490740741 0.7975760630208334 0.5650726703703705
4 0.8245073541666667 0.37644343148148146 0.8011787223958333 0.37641208333333337 0.8011867822916667 0.3857480759259259 0.8245536973958333 0.3857480759259259 0.8245073541666667 0.37644343148148146
4 0.8243602661458334 0.34768879999999996 0.8012452145833334 0.3478027925925926 0.8011827526041666 0.35316329444444444 0.8243139229166666 0.35310914814814814 0.8243602661458334 0.34768879999999996
4 0.741533346875 0.3217782842592593 0.7229357244791667 0.32179823333333335 0.7229881119791667 0.3273525222222222 0.7414567802083333 0.3273154740740741 0.741533346875 0.3217782842592593
3 0.7121438645833333 0.5597349675925927 0.712097521875 0.5543117694444444 0.6976485994791666 0.5543117694444444 0.6976143463541666 0.5595041324074074 0.7084968770833334 0.5594043888888889 0.7084505338541667 0.5827500712962963 0.712536771875 0.5827614703703704 0.7125166229166666 0.5650926185185186 0.7208885755208333 0.5650783694444445 0.7208885755208333 0.5596010259259259 0.7121438645833333 0.5597349675925927
4 0.704035865625 0.3218238814814815 0.6884525489583333 0.3218039324074074 0.68851098125 0.3273211740740741 0.7040217609375 0.327304075 0.704035865625 0.3218238814814815
4 0.7417449125 0.35057566296296294 0.7227543822916667 0.3506013111111111 0.7228208744791667 0.35996580185185184 0.7416703604166667 0.35996580185185184 0.7417449125 0.35057566296296294
4 0.6976344953125 0.5827614703703704 0.6741950432291667 0.5827785694444444 0.6741950432291667 0.5882245657407407 0.6976203911458333 0.5881134222222223 0.6976344953125 0.5827614703703704
3 0.708388071875 0.5936135648148149 0.7211505140625001 0.5935394703703705 0.7211364093749999 0.5882787120370371 0.712536771875 0.5882787120370371 0.712536771875 0.5827614703703704 0.6976344953125 0.5827614703703704 0.6976203911458333 0.5881134222222223 0.708388071875 0.5881675694444444 0.708388071875 0.5936135648148149
4 0.6595547046875 0.5827415222222223 0.6363368932291666 0.5827985185185186 0.6363368932291666 0.5881875175925926 0.6595808984375 0.5881875175925926 0.6595547046875 0.5827415222222223
3 0.6462039088541667 0.47731832407407404 0.646361071875 0.44338842962962965 0.643858553125 0.44341407777777775 0.64390288125 0.4772869759259259 0.6462039088541667 0.47731832407407404
3 0.6269030828125001 0.4635081222222222 0.6343542213541667 0.4635252212962963 0.6343421317708333 0.4619749212962963 0.6270602458333333 0.4620490166666667 0.6269816640625 0.4433684814814815 0.6249848880208333 0.4433684814814815 0.6249183963541667 0.46023938425925925 0.6174148697916666 0.46020233703703706 0.6172980052083333 0.49423767500000004 0.6191255291666666 0.49422057592592594 0.6190852307291668 0.4629723564814815 0.6268889786458334 0.46289826203703704 0.6269030828125001 0.4635081222222222
3 0.7148035463541667 0.359042462037037 0.7130646786458333 0.3589997148148148 0.7130465442708334 0.3922969509259259 0.714898246875 0.3923168990740741 0.7148035463541667 0.359042462037037
3 0.686554503125 0.4303761759259259 0.6864376385416667 0.4670874888888889 0.6884465041666666 0.46712453703703705 0.6884082208333333 0.4303191796296296 0.7149123515625 0.4303191796296296 0.7148720531249999 0.4120290685185185 0.7130586338541666 0.4120832148148148 0.7130727380208334 0.4277543462962963 0.6777332260416667 0.4277001990740741 0.677823896875 0.43026503240740743 0.686554503125 0.4303761759259259
4 0.6361656255208333 0.5594927333333334 0.6596574651041667 0.559412937962963 0.6596312713541667 0.5502849814814814 0.636246221875 0.5502536333333333 0.6361656255208333 0.5594927333333334
4 0.6741628046875 0.5595041324074074 0.6976143463541666 0.5595041324074074 0.6975559135416667 0.5503362777777778 0.6742212369791667 0.5502707324074073 0.6741628046875 0.5595041324074074
4 0.7826556520833333 0.5882844111111112 0.7211364093749999 0.5882787120370371 0.7211505140625001 0.5956084351851852 0.7826677411458333 0.5956454833333333 0.7826556520833333 0.5882844111111112
4 0.8253455572916667 0.588261612962963 0.7978843442708333 0.5882473638888889 0.7978581505208333 0.5956625814814815 0.8253939151041667 0.5956796805555555 0.8253455572916667 0.588261612962963
3 0.3287970984375 0.5829752064814814 0.3141527302083333 0.5829752064814814 0.3142172072916667 0.5881647194444445 0.32895829114583336 0.5881191222222222 0.3287970984375 0.5829752064814814
3 0.16260930885416666 0.5655001425925925 0.16265363697916665 0.5597577657407407 0.13606689479166667 0.5597577657407407 0.13611122291666666 0.46436021666666666 0.1677956880208333 0.46445711018518515 0.16781785208333336 0.45913080648148147 0.13608905885416667 0.45913080648148147 0.1360225671875 0.3531461953703704 0.16382631458333333 0.35308065 0.1639169859375 0.34781989166666666 0.13230102760416668 0.34781989166666666 0.13230102760416668 0.593630663888889 0.13985694114583333 0.593630663888889 0.13985694114583333 0.5883357083333333 0.13611122291666666 0.5883043601851852 0.13606689479166667 0.565403249074074 0.16260930885416666 0.5655001425925925
3 0.15507757395833333 0.5935337703703704 0.162881321875 0.5935993157407408 0.16292565 0.5884297518518519 0.16127946822916667 0.5883357083333333 0.16132379583333334 0.5800427472222222 0.15906911145833333 0.579980050925926 0.15913560364583335 0.5883984037037037 0.1550533953125 0.5883984037037037 0.15507757395833333 0.5935337703703704
3 0.26751763020833336 0.5883756055555556 0.26754583906249996 0.5935793675925926 0.27985895625 0.5936591620370371 0.27991134375000004 0.5880307777777778 0.2907636510416667 0.5881077231481482 0.29073745729166667 0.5828640638888889 0.27623211770833334 0.5827500712962963 0.2762039088541667 0.5882986601851853 0.26751763020833336 0.5883756055555556
2 0.3416764052083333 0.47723567962962965 0.3416240177083333 0.4941322314814815 0.3552790651041667 0.4938358509259259 0.3552790651041667 0.47712168703703706 0.3416764052083333 0.47723567962962965
3 0.3541305661458333 0.46353377037037036 0.36894620208333334 0.463277287037037 0.36883336666666666 0.4941835277777778 0.37115655833333333 0.4941835277777778 0.37095305260416667 0.4602165861111111 0.3634434817708333 0.460185237962963 0.3634434817708333 0.44337418055555555 0.361233125 0.4434055287037037 0.3612573041666666 0.46206611574074075 0.3541305661458333 0.46212881203703704 0.3541305661458333 0.46353377037037036
3 0.3440963125 0.44338557962962966 0.3420471489583334 0.44338557962962966 0.3420290145833333 0.47724707870370364 0.3440963125 0.4771957824074074 0.3440963125 0.44338557962962966
3 0.19592988125 0.5570390425925926 0.19966350989583334 0.5570019944444444 0.19963731614583333 0.4876517527777778 0.19584928489583334 0.4876517527777778 0.19592988125 0.5570390425925926
2 0.19980052395833334 0.4876261046296297 0.19973806145833334 0.4646736962962963 0.18152327239583332 0.4644514111111111 0.181648196875 0.48771444814814807 0.19980052395833334 0.4876261046296297
3 0.24683054583333333 0.3273610712962963 0.24683054583333333 0.3217725851851852 0.20564174895833334 0.32173553703703706 0.20569816666666665 0.3477999425925926 0.18699979843749998 0.3477999425925926 0.1870803947916667 0.35304360185185185 0.20946000416666666 0.3530065546296296 0.20951440677083333 0.32713023611111114 0.24683054583333333 0.3273610712962963
3 0.16759621197916666 0.4401538898148148 0.16564980833333334 0.4402308351851852 0.16559540625 0.4591365064814815 0.16754986927083332 0.45913365648148147 0.16759621197916666 0.4401538898148148
2 0.3388293369791667 0.4939555425925926 0.32493250052083333 0.4939127953703704 0.3249949625 0.5175349101851853 0.33898851510416667 0.5174437157407407 0.3388293369791667 0.4939555425925926
2 0.2843401166666667 0.3565745222222222 0.29575659895833334 0.3565745222222222 0.2958654041666666 0.33889997129629634 0.284025790625 0.33905386111111113 0.2843401166666667 0.3565745222222222
4 0.24698972395833335 0.3505500138888889 0.24694338124999998 0.3599857509259259 0.2655168244791667 0.35994300370370375 0.26532943802083336 0.35057281296296294 0.24698972395833335 0.3505500138888889
4 0.16399959687500001 0.3764291824074074 0.16397138802083333 0.38576802499999996 0.1871892 0.38580507222222227 0.1870259921875 0.3764291824074074 0.16399959687500001 0.3764291824074074
4 0.20568003229166668 0.5556112851851852 0.20581704635416667 0.5650527212962962 0.26751360052083334 0.5650213731481482 0.2674874067708333 0.5556454833333333 0.20568003229166668 0.5556112851851852
4 0.2907636510416667 0.5503191796296296 0.290854321875 0.5594385861111111 0.31410235729166663 0.5595041324074074 0.31405802916666664 0.5502878314814815 0.2907636510416667 0.5503191796296296
4 0.3287608302083333 0.5502222851851851 0.32880717291666667 0.5595041324074074 0.3520793875 0.5595041324074074 0.3521015515625 0.5502222851851851 0.3287608302083333 0.5502222851851851
3 0.3709208140625 0.5594499861111112 0.3709087244791667 0.5543744657407408 0.3520652833333333 0.5544656601851852 0.35207737239583337 0.5594499861111112 0.3709208140625 0.5594499861111112
3 0.3287829942708333 0.5544998574074074 0.31409429791666665 0.5544314620370371 0.31409429791666665 0.559415787962963 0.32881523281249997 0.5594813333333333 0.3287829942708333 0.5544998574074074
3 0.27993955260416664 0.5827871185185185 0.27991738854166665 0.5594699342592593 0.29086036666666665 0.5595411796296297 0.2908079791666667 0.5545910518518519 0.27617771510416667 0.5545198064814815 0.2762401770833333 0.5598860074074073 0.2674874067708333 0.5598176120370371 0.26751360052083334 0.5650213731481482 0.27615152135416665 0.5650869194444444 0.27619584947916664 0.5827557712962963 0.27993955260416664 0.5827871185185185
3 0.20575659895833331 0.5599259046296297 0.19077171041666666 0.5598575092592593 0.19075559114583335 0.5648874324074075 0.20580495677083332 0.565018524074074 0.20575659895833331 0.5599259046296297
3 0.16397138802083333 0.3764291824074074 0.15279468072916666 0.3764662296296296 0.15282288958333332 0.35308065 0.15076566614583334 0.3531205472222222 0.150739471875 0.37666001666666665 0.13604674583333332 0.37662866944444445 0.13604473125000002 0.3817497861111111 0.16397138802083333 0.38159589629629626 0.16397138802083333 0.3764291824074074
3 0.2058110015625 0.3530265037037037 0.20585734427083333 0.37646907962962967 0.1870259921875 0.37643773148148146 0.18709852916666667 0.38163009444444446 0.20937336302083331 0.38166714166666665 0.20939754166666666 0.3557081787037037 0.24697158958333335 0.35562268425925925 0.24699778385416668 0.35058421203703705 0.20946604895833335 0.3506013111111111 0.20944186979166668 0.35299515555555555 0.2058110015625 0.3530265037037037
3 0.2842434010416667 0.35063835833333334 0.2653334677083333 0.35056426296296295 0.2654382432291667 0.3556397833333333 0.2843219828125 0.35553149074074075 0.2842434010416667 0.35063835833333334
3 0.29575659895833334 0.35566828148148144 0.3119020755208333 0.35564548333333335 0.3119020755208333 0.35079509814814813 0.30421317760416666 0.35077230000000004 0.3041970583333333 0.3272727268518518 0.30211364114583333 0.3272926759259259 0.30211364114583333 0.35057281296296294 0.29579286718750003 0.35058421203703705 0.29575659895833334 0.35566828148148144
2 0.27305661875 0.39245369074074077 0.27308885729166665 0.41210886296296295 0.28859157760416665 0.4119777712962963 0.288555309375 0.3923168990740741 0.27305661875 0.39245369074074077
3 0.13607092499999998 0.4592533481481481 0.1373705421875 0.45917640370370366 0.13745718333333334 0.40283556574074075 0.1656216 0.40295240833333335 0.16567600260416665 0.4240809351851852 0.16757001822916667 0.4241550296296296 0.16754382447916666 0.4001196925925926 0.15284908333333333 0.40000569999999996 0.15279065104166667 0.38474779166666667 0.15076768072916666 0.38471074351851847 0.150739471875 0.4002336851851852 0.13607092499999998 0.4002336851851852 0.13607092499999998 0.4592533481481481
3 0.19965343541666666 0.3843972638888889 0.19591980677083332 0.38441721296296294 0.1958936125 0.46461385 0.19966552499999998 0.46465089814814814 0.19965343541666666 0.3843972638888889
3 0.2734938546875 0.41215731018518514 0.2735482572916667 0.4302222851851852 0.30005440260416666 0.4302365342592593 0.30000805989583335 0.46701054444444445 0.301700584375 0.46701054444444445 0.30167842031250003 0.4302992305555555 0.31042716093749995 0.4303305787037037 0.31033649010416664 0.42771444814814813 0.2753878703125 0.4276945 0.27535966145833335 0.41215731018518514 0.2734938546875 0.41215731018518514
3 0.26534555729166664 0.3218267314814815 0.26535966145833334 0.32717868333333333 0.2842776546875 0.32724707870370373 0.2842776546875 0.32178113425925925 0.26534555729166664 0.3218267314814815
3 0.3160245817708333 0.42744656574074075 0.3160245817708333 0.42526360740740743 0.3180274026041667 0.42530350555555557 0.31794680625 0.42220575648148145 0.3160245817708333 0.42223995462962965 0.3160507755208333 0.3882929611111111 0.31629457968749997 0.32162439444444446 0.2997602255208333 0.3218124824074074 0.2998166432291667 0.32724707870370373 0.31185774739583333 0.3273610712962963 0.31202095520833334 0.427486462962963 0.3160245817708333 0.42744656574074075
3 0.29106387291666663 0.4992020518518519 0.32308079791666666 0.4992020518518519 0.3231069916666666 0.5505699629629629 0.3249466046875 0.5505699629629629 0.32493250052083333 0.4945169564814815 0.2909993953125 0.4945625537037037 0.29106387291666663 0.4992020518518519
3 0.277066290625 0.5516585925925926 0.277003828125 0.49431176944444444 0.27343743697916667 0.49423767500000004 0.2733467661458333 0.5515132518518518 0.277066290625 0.5516585925925926
3 0.19048156354166668 0.5883670564814815 0.19052589166666667 0.5935993157407408 0.205551078125 0.5935394703703705 0.20559137604166666 0.5884297518518519 0.19048156354166668 0.5883670564814815
4 0.26751360052083334 0.588649187962963 0.20561152552083334 0.588666287037037 0.205551078125 0.595551438888889 0.26751360052083334 0.595588487037037 0.26751360052083334 0.588649187962963
1 0 0 0 1 1 1 1 0 0 0
4 0.284281684375 0.32688515277777774 0.29982470260416666 0.3269222 0.2997400765625 0.3222086064814815 0.2842695947916667 0.32221430648148147 0.284281684375 0.32688515277777774
4 0.24681644166666666 0.32688515277777774 0.26535966145833334 0.3269222 0.2653435421875 0.3220974638888889 0.24684666510416667 0.3221858083333333 0.24681644166666666 0.32688515277777774
4 0.16383034479166667 0.35270732407407407 0.18707233541666665 0.3527443712962963 0.18702397760416664 0.3480222287037037 0.16389280677083334 0.3480222287037037 0.16383034479166667 0.35270732407407407
4 0.1907838 0.5555457398148148 0.16262744322916667 0.5554431462962963 0.1626032640625 0.564987175925926 0.1907535765625 0.5649501287037036 0.1907838 0.5555457398148148
4 0.1904452953125 0.5886947851851851 0.16295184375000002 0.588657737037037 0.16285109791666666 0.5957537759259259 0.19055611510416667 0.5956255342592592 0.1904452953125 0.5886947851851851
4 0.31416683437500004 0.5831490453703704 0.2907555911458333 0.5831490453703704 0.29079387447916666 0.5879281842592593 0.31420914791666665 0.587891137037037 0.31416683437500004 0.5831490453703704
4 0.3288091880208333 0.5831860925925926 0.32896635104166666 0.5879053861111111 0.3521559541666667 0.5878540898148148 0.3521297604166667 0.5831661444444445 0.3288091880208333 0.5831860925925926
2 0.290995365625 0.4939127953703704 0.277003828125 0.4939555425925926 0.277003828125 0.5176232546296295 0.2912109609375 0.5175320601851852 0.290995365625 0.4939127953703704
3 0.8354785411458334 0.37644628055555557 0.8245073541666667 0.37644343148148146 0.8245133989583333 0.3818124824074074 0.8550493651041666 0.3817155888888889 0.8551118276041667 0.3765802222222222 0.8375941968749999 0.37657167314814816 0.8375216604166666 0.35317469351851855 0.8354201088541667 0.3531917925925926 0.8354785411458334 0.37644628055555557
3 0.8375458390625 0.40024223425925926 0.8375297197916667 0.38455400370370374 0.8354563770833334 0.38455400370370374 0.8354140640625 0.40000854907407407 0.8207334276041667 0.40002849814814817 0.8207193229166666 0.42381305185185186 0.8226616963541667 0.4237931037037037 0.8226858755208333 0.4029581074074074 0.8508603666666666 0.4029210601851852 0.8507676807291666 0.45911085740740737 0.8226798307291666 0.4590909092592592 0.8227060244791667 0.44084639537037035 0.8207475317708333 0.44084639537037035 0.8207475317708333 0.4590966083333333 0.8204654442708333 0.45907381018518517 0.8204896234375 0.46436591666666666 0.8531654239583334 0.464428612037037 0.8531513197916667 0.45916785370370367 0.8527866208333333 0.45916785370370367 0.8526838604166667 0.4002707324074074 0.8375458390625 0.40024223425925926
3 0.7925347572916667 0.5568823027777778 0.7925488614583334 0.48705329166666667 0.788811203125 0.48705329166666667 0.788696353125 0.5568937018518518 0.7925347572916667 0.5568823027777778
3 0.7976203911458334 0.5596494731481482 0.7826919203125 0.5597463666666667 0.78266975625 0.5649757768518519 0.7975760630208334 0.5650726703703705 0.7976203911458334 0.5596494731481482
3 0.7229881119791667 0.3273525222222222 0.7229357244791667 0.32179823333333335 0.704035865625 0.3218238814814815 0.7040217609375 0.327304075 0.7229881119791667 0.3273525222222222
3 0.7414567802083333 0.3273154740740741 0.7788515010416667 0.3272499287037037 0.7788212776041666 0.35307495 0.8011827526041666 0.35316329444444444 0.8012452145833334 0.3478027925925926 0.7826113239583333 0.34778284444444446 0.7825327421875 0.3218466796296296 0.741533346875 0.3217782842592593 0.7414567802083333 0.3273154740740741
3 0.8589582911458333 0.5606440583333333 0.8773705421875 0.5606440583333333 0.8774249447916667 0.4478027925925926 0.8589764255208333 0.44777714444444444 0.8590288130208333 0.3477913935185185 0.8243602661458334 0.34768879999999996 0.8243139229166666 0.35310914814814814 0.8550896635416667 0.35324023981481484 0.8550433203125 0.5358136222222223 0.8589582911458333 0.535748075925926 0.858952246875 0.45155314907407407 0.8747551885416667 0.4516101453703704 0.8746806364583333 0.5570504416666666 0.8589865 0.5570133944444444 0.85901269375 0.5559418638888889 0.8550715291666666 0.5559333138888889 0.855039290625 0.5596637222222223 0.8256780171875 0.5597321175925926 0.8256437640625 0.5654060981481481 0.8550473505208332 0.565389 0.8550231713541667 0.588273012037037 0.8486419505208332 0.588241663888889 0.8486721739583333 0.5937047592592593 0.8589844854166666 0.593650612962963 0.8589582911458333 0.5606440583333333
3 0.8293350796875 0.5882787120370371 0.8293854526041666 0.5801567398148149 0.8269736046875 0.5801111425925926 0.8269897239583333 0.588261612962963 0.8253455572916667 0.588261612962963 0.8253455572916667 0.5935793675925926 0.8332218416666667 0.5936021657407408 0.8331593791666666 0.5882245657407407 0.8293350796875 0.5882787120370371
3 0.7826556520833333 0.5882844111111112 0.7826677411458333 0.5936734111111112 0.7978581505208333 0.5936563120370371 0.7978843442708333 0.5882473638888889 0.7826556520833333 0.5882844111111112
2 0.8550433203125 0.5358136222222223 0.8550715291666666 0.5559333138888889 0.8697279869791666 0.5558563694444445 0.8696876890625 0.5357395268518519 0.8550433203125 0.5358136222222223
2 0.788748740625 0.46477913981481483 0.788811203125 0.48705329166666667 0.8073181541666667 0.48714448518518516 0.8073181541666667 0.4648304361111111 0.788748740625 0.46477913981481483
2 0.8207193229166666 0.42381305185185186 0.8207475317708333 0.44084639537037035 0.8340338505208333 0.44077515 0.8341889984375 0.4240210888888889 0.8207193229166666 0.42381305185185186
2 0.6925448317708334 0.35650897685185184 0.7041809390625 0.35662296944444444 0.7041809390625 0.3388258759259259 0.6925166229166667 0.3388258759259259 0.6925448317708334 0.35650897685185184
3 0.6635301229166667 0.49444001111111113 0.6634696755208334 0.5512168712962963 0.6652045135416667 0.5511427759259259 0.6652045135416667 0.49920490185185185 0.6973463630208333 0.4991678537037037 0.6973342734375 0.4944856083333333 0.6635301229166667 0.49444001111111113
3 0.6362079385416667 0.5543915648148148 0.6174128552083334 0.5543459675925926 0.6174148697916666 0.5595240805555556 0.636193834375 0.5594870333333333 0.6362079385416667 0.5543915648148148
2 0.3180314328125 0.4249643777777778 0.3347330244791667 0.4249615277777778 0.33460809999999996 0.3996038759259259 0.3177171067708333 0.3996922203703704 0.3180314328125 0.4249643777777778
2 0.16795285104166666 0.44020518703703704 0.1679165828125 0.4241863777777778 0.15444690729166669 0.42422912500000004 0.1543300421875 0.4402308351851852 0.16795285104166666 0.44020518703703704
2 0.1593794078125 0.5654801935185185 0.1593794078125 0.5800028500000001 0.17098932083333332 0.580190937962963 0.17083014322916668 0.5653320037037037 0.1593794078125 0.5654801935185185
2 0.35414668541666666 0.46355941851851856 0.35410235729166667 0.45594756296296296 0.34449526510416667 0.45585351944444447 0.34449526510416667 0.4634083787037037 0.35414668541666666 0.46355941851851856
4 0.1550533953125 0.588666287037037 0.1398327625 0.588666287037037 0.13987104583333335 0.5932630379629629 0.15508361874999999 0.5932117416666667 0.1550533953125 0.588666287037037
3 0.34194841822916666 0.4274152175925926 0.3420451338541667 0.4433684814814815 0.3709087244791667 0.44341407777777775 0.371162603125 0.49418067870370375 0.34188595624999996 0.4941322314814815 0.34194841822916666 0.4995269305555556 0.3708764859375 0.49948133333333333 0.3709409630208333 0.5828270166666667 0.3521277453125 0.5830037046296296 0.35219020729166667 0.5880849240740741 0.3739975822916667 0.5880849240740741 0.3740298208333333 0.4380678259259259 0.34544831770833334 0.4381989166666667 0.34551077968750005 0.4222000574074074 0.3347330244791667 0.4221544601851852 0.3347330244791667 0.4250527212962963 0.3365605479166666 0.42514106574074073 0.3366552489583333 0.42745796481481485 0.34194841822916666 0.4274152175925926
3 0.67413258125 0.5542661731481482 0.6596594802083333 0.5542661731481482 0.6596715697916667 0.5594670842592593 0.674158775 0.559415787962963 0.67413258125 0.5542661731481482
3 0.6595808984375 0.5881875175925926 0.6741950432291667 0.5882046166666667 0.6742071328125 0.5827557712962963 0.6595970177083333 0.582687375 0.6595808984375 0.5881875175925926
2 0.8290711265625 0.5801225416666667 0.8291396333333334 0.5654402962962963 0.8170320369791667 0.5655542888888889 0.8169171869791667 0.5801225416666667 0.8290711265625 0.5801225416666667
2 0.6536953453125 0.4251695638888889 0.6703848479166666 0.4251695638888889 0.6702417890625 0.3994955824074074 0.6536953453125 0.39931034444444446 0.6536953453125 0.4251695638888889
2 0.6343421317708333 0.4636392138888889 0.6438645979166666 0.4636335138888889 0.6438363890625 0.45570817870370367 0.6342575057291667 0.45559418611111113 0.6343421317708333 0.4636392138888889
2 0.7113963328125 0.4940068398148148 0.6973524078125001 0.49397549166666666 0.6973947208333333 0.5176261046296297 0.7113963328125 0.5175577083333333 0.7113963328125 0.4940068398148148
2 0.7148801130208333 0.41206896574074076 0.7148801130208333 0.3923197490740741 0.6993713479166667 0.3923938444444444 0.699427765625 0.41212596203703705 0.7148801130208333 0.41206896574074076
2 0.6635442270833334 0.49401538888888885 0.6495506750000001 0.49398974074074076 0.6495929880208333 0.5176403537037038 0.6634596010416666 0.5175919064814816 0.6635442270833334 0.49401538888888885
2 0.6467156963541666 0.49425192407407403 0.6466371145833333 0.4773154740740741 0.6324360265625 0.47712168703703706 0.632510578125 0.494231975 0.6467156963541666 0.49425192407407403
3 0.6722828932291667 0.38277571944444444 0.6323453557291666 0.3828469648148148 0.6323715494791667 0.3850983185185185 0.6153395125 0.3850612712962963 0.6153012291666666 0.3884041037037037 0.6723030427083334 0.38842120277777775 0.6722889380208333 0.422120262037037 0.6704251458333333 0.42216300925925926 0.6704251458333333 0.4252436592592593 0.6723554302083333 0.4252265601851852 0.6723292364583333 0.4274237675925926 0.6761273421875 0.4274408666666667 0.6761092083333333 0.3272670277777778 0.68851098125 0.3273211740740741 0.6884525489583333 0.3218039324074074 0.6263469677083333 0.32162439444444446 0.6263409229166667 0.3273639212962963 0.6722365505208334 0.32737817037037037 0.6722828932291667 0.38277571944444444
3 0.5903364901041667 0.3703505268518518 0.590300221875 0.3828469648148148 0.5639391494791667 0.38290966111111113 0.5638706427083334 0.38836420648148146 0.5970662906249999 0.3884611 0.5970199473958334 0.3828156166666667 0.5940439249999999 0.38290966111111113 0.5939995968749999 0.37231974907407406 0.5903364901041667 0.3703505268518518
3 0.5640278057291667 0.3273183240740741 0.5902780578125 0.3272869759259259 0.5902337296875 0.3483043601851852 0.5940660890624999 0.3464548305555556 0.5940419098958334 0.3217725851851852 0.5639834776041667 0.3218010833333333 0.5640278057291667 0.3273183240740741
3 0.6135925848958333 0.5880393277777778 0.6363368932291666 0.5881875175925926 0.6363368932291666 0.5827985185185186 0.6173503927083334 0.5827614703703704 0.6174148697916666 0.4995725277777778 0.6461515213541666 0.49951838148148153 0.6461636109375 0.4942747222222222 0.6172980052083333 0.49423767500000004 0.6174128552083334 0.44333713333333336 0.646361071875 0.44338842962962965 0.6464376385416667 0.4274038185185185 0.6516844651041667 0.42745796481481485 0.6517247630208334 0.42520661111111113 0.6536429578124999 0.4251325166666667 0.6536812411458333 0.4222000574074074 0.64278460625 0.42221715555555556 0.6427644567708334 0.4382074666666667 0.6134878098958333 0.43811057314814816 0.6135925848958333 0.5880393277777778
4 0.6263469677083333 0.32162439444444446 0.5940419098958334 0.3217725851851852 0.5940076567708333 0.3273439722222222 0.6263409229166667 0.3273639212962963 0.6263469677083333 0.32162439444444446
2 0.5970662906249999 0.3884611 0.6153012291666666 0.3884041037037037 0.6153314526041667 0.35877172962962967 0.5970441265624999 0.3591678537037037 0.5970662906249999 0.3884611
3 0.7151339916666667 0.551365061111111 0.7151339916666667 0.4941635796296297 0.7113620791666667 0.4941464805555555 0.7112714083333334 0.5514192074074074 0.7151339916666667 0.551365061111111
3 0.649480153125 0.4944799092592593 0.6462039088541667 0.49449700740740743 0.6462039088541667 0.49918495277777775 0.6495184364583333 0.49922200092592595 0.649480153125 0.4944799092592593
3 0.7826415473958334 0.3531404962962963 0.7788212776041666 0.35307495 0.77879306875 0.3505357648148148 0.7417449125 0.35057566296296294 0.7417449125 0.3557423768518519 0.7789220229166667 0.35574807592592594 0.7789361270833334 0.38166714166666665 0.8011726776041667 0.38168139074074076 0.8011787223958333 0.37641208333333337 0.782625428125 0.37639783425925927 0.7826415473958334 0.3531404962962963
3 0.7041970583333333 0.35572527777777774 0.7227422927083332 0.35568823055555554 0.7227543822916667 0.3506013111111111 0.7041829536458334 0.3505386148148148 0.7041970583333333 0.35572527777777774
3 0.6838001208333334 0.3273468222222222 0.6838142255208334 0.35074950092592594 0.676141446875 0.3506754064814815 0.676141446875 0.35571387870370375 0.6924783395833334 0.35571387870370375 0.6925045333333333 0.35056426296296295 0.6859681645833333 0.3505471648148148 0.6859157765624999 0.3273468222222222 0.6838001208333334 0.3273468222222222
3 0.792546846875 0.38438871481481485 0.7887326213541667 0.38444001111111115 0.788748740625 0.46477913981481483 0.7925347572916667 0.46477058981481484 0.792546846875 0.38438871481481485