4 0.25121297604166665 0.5650783694444445 0.31299415677083336 0.5649757768518519 0.31300221614583335 0.5554915925925926 0.25121499114583334 0.5556511824074074 0.25121297604166665 0.5650783694444445
3 0.32287124739583334 0.38438871481481485 0.319057021875 0.38444001111111115 0.31907314114583335 0.46477913981481483 0.3228591578125 0.46477058981481484 0.32287124739583334 0.38438871481481485
3 0.814485190625 0.3019321740740741 0.8144287729166667 0.27548874351851854 0.7868224864583334 0.27548874351851854 0.7868607697916666 0.2807495009259259 0.8106508161458332 0.2808036481481482 0.8106729802083333 0.30198632129629627 0.814485190625 0.3019321740740741
3 0.23452145885416667 0.35572527777777774 0.25306669375 0.35568823055555554 0.2530787828125 0.3506013111111111 0.23450735416666665 0.3505386148148148 0.23452145885416667 0.35572527777777774
3 0.3129659479166667 0.3531404962962963 0.309145678125 0.35307495 0.30911746927083333 0.3505357648148148 0.2720693130208333 0.35057566296296294 0.2720693130208333 0.3557423768518519 0.30924642343750003 0.35574807592592594 0.309260528125 0.38166714166666665 0.331497078125 0.38168139074074076 0.33150312291666667 0.37641208333333337 0.3129498286458333 0.37639783425925927 0.3129659479166667 0.3531404962962963
3 0.36580294166666666 0.37644628055555557 0.3548317552083333 0.37644343148148146 0.35483779947916666 0.3818124824074074 0.38537376562500003 0.3817155888888889 0.385436228125 0.3765802222222222 0.3679185973958334 0.37657167314814816 0.3678460609375 0.35317469351851855 0.365744509375 0.3531917925925926 0.36580294166666666 0.37644628055555557
3 0.36787023958333337 0.40024223425925926 0.3678541203125 0.38455400370370374 0.36578077760416666 0.38455400370370374 0.3657384645833333 0.40000854907407407 0.35105782812499997 0.40002849814814817 0.3510437234375 0.42381305185185186 0.352986096875 0.4237931037037037 0.3530102760416666 0.4029581074074074 0.38118476718750005 0.4029210601851852 0.38109208125 0.45911085740740737 0.35300423124999997 0.4590909092592592 0.353030425 0.44084639537037035 0.3510719322916667 0.44084639537037035 0.3510719322916667 0.4590966083333333 0.35078984479166664 0.45907381018518517 0.35081402395833333 0.46436591666666666 0.3834898244791667 0.464428612037037 0.3834757203125 0.45916785370370367 0.3831110213541667 0.45916785370370367 0.3830082609375 0.4002707324074074 0.36787023958333337 0.40024223425925926
3 0.3228591578125 0.5568823027777778 0.32287326197916666 0.48705329166666667 0.3191356036458333 0.48705329166666667 0.3190207536458333 0.5568937018518518 0.3228591578125 0.5568823027777778
3 0.3279447916666667 0.5596494731481482 0.31301632083333336 0.5597463666666667 0.31299415677083336 0.5649757768518519 0.3279004635416667 0.5650726703703705 0.3279447916666667 0.5596494731481482
3 0.25331251250000003 0.3273525222222222 0.253260125 0.32179823333333335 0.23436026614583336 0.3218238814814815 0.23434616145833334 0.327304075 0.25331251250000003 0.3273525222222222
3 0.2717811807291667 0.3273154740740741 0.3091759015625 0.3272499287037037 0.309145678125 0.35307495 0.331507153125 0.35316329444444444 0.33156961510416666 0.3478027925925926 0.3129357244791667 0.34778284444444446 0.3128571427083333 0.3218466796296296 0.2718577473958333 0.3217782842592593 0.2717811807291667 0.3273154740740741
3 0.3892826916666667 0.5606440583333333 0.4076949427083333 0.5606440583333333 0.4077493453125 0.4478027925925926 0.38930082604166666 0.44777714444444444 0.3893532135416667 0.3477913935185185 0.35468466666666665 0.34768879999999996 0.3546383234375 0.35310914814814814 0.3854140640625 0.35324023981481484 0.3853677213541667 0.5358136222222223 0.3892826916666667 0.535748075925926 0.38927664739583334 0.45155314907407407 0.40507958906249997 0.4516101453703704 0.4050050375 0.5570504416666666 0.38931090052083334 0.5570133944444444 0.38933709427083335 0.5559418638888889 0.3853959296875 0.5559333138888889 0.3853636911458333 0.5596637222222223 0.3560024177083333 0.5597321175925926 0.35596816458333336 0.5654060981481481 0.38537175104166665 0.565389 0.385347571875 0.588273012037037 0.3789663510416667 0.588241663888889 0.3789965744791666 0.5937047592592593 0.3893088859375 0.593650612962963 0.3892826916666667 0.5606440583333333
3 0.3596594802083333 0.5882787120370371 0.359709853125 0.5801567398148149 0.3572980052083333 0.5801111425925926 0.3573141244791667 0.588261612962963 0.3556699578125 0.588261612962963 0.3556699578125 0.5935793675925926 0.3635462421875 0.5936021657407408 0.36348378020833333 0.5882245657407407 0.3596594802083333 0.5882787120370371
3 0.31298005260416667 0.5882844111111112 0.31299214166666667 0.5936734111111112 0.32818255104166666 0.5936563120370371 0.3282087447916667 0.5882473638888889 0.31298005260416667 0.5882844111111112
2 0.3853677213541667 0.5358136222222223 0.3853959296875 0.5559333138888889 0.4000523875 0.5558563694444445 0.4000120895833333 0.5357395268518519 0.3853677213541667 0.5358136222222223
2 0.31907314114583335 0.46477913981481483 0.3191356036458333 0.48705329166666667 0.3376425546875 0.48714448518518516 0.3376425546875 0.4648304361111111 0.31907314114583335 0.46477913981481483
2 0.3510437234375 0.42381305185185186 0.3510719322916667 0.44084639537037035 0.3643582510416667 0.44077515 0.36451339895833335 0.4240210888888889 0.3510437234375 0.42381305185185186
2 0.22286923229166666 0.35650897685185184 0.23450533958333333 0.35662296944444444 0.23450533958333333 0.3388258759259259 0.22284102343749998 0.3388258759259259 0.22286923229166666 0.35650897685185184
3 0.1938545234375 0.49444001111111113 0.19379407604166668 0.5512168712962963 0.1955289140625 0.5511427759259259 0.1955289140625 0.49920490185185185 0.22767076354166665 0.4991678537037037 0.22765867395833334 0.4944856083333333 0.1938545234375 0.49444001111111113
3 0.1665323390625 0.5543915648148148 0.14773725572916666 0.5543459675925926 0.14773927083333332 0.5595240805555556 0.16651823489583334 0.5594870333333333 0.1665323390625 0.5543915648148148
4 0.7177997177083333 0.2758079222222222 0.704043925 0.2758592194444444 0.704043925 0.28040467407407405 0.7177815838541667 0.28035052685185186 0.7177997177083333 0.2758079222222222
4 0.6680233729166667 0.27583072129629627 0.6357505541666666 0.2757566259259259 0.6356719723958334 0.28042747222222225 0.6680233729166667 0.2804445712962963 0.6680233729166667 0.27583072129629627
3 0.6490912755208333 0.3365517240740741 0.6119181947916666 0.3364975777777778 0.6118778963541666 0.34189797685185186 0.6490912755208333 0.34189797685185186 0.6490912755208333 0.3365517240740741
3 0.6917348380208334 0.3951752638888889 0.6899153739583334 0.3951752638888889 0.6899153739583334 0.3922798518518518 0.6876425546875 0.39232829907407407 0.6876425546875 0.4281504703703704 0.6621196854166667 0.4281989166666667 0.6621841630208334 0.3778597888888889 0.6473765869791667 0.3779053861111111 0.6460870442708334 0.383271587037037 0.6583860567708334 0.3831860925925926 0.6584182953125001 0.42810487314814816 0.6189643359375 0.4280592759259259 0.6189280677083333 0.3831974925925926 0.6304654442708333 0.3831974925925926 0.62912754375 0.3779053861111111 0.6151964536458333 0.3779053861111111 0.6152286921875 0.417127387037037 0.6118839411458333 0.41699059537037036 0.6119181947916666 0.4221345111111111 0.6152286921875 0.42208891388888886 0.6152629458333333 0.43352522129629634 0.6449768286458333 0.43332858333333335 0.645039290625 0.5829752064814814 0.6480596411458334 0.582884012962963 0.6480596411458334 0.43338842962962965 0.6918013296875 0.43329438611111115 0.6917348380208334 0.3951752638888889
3 0.6547390692708334 0.6276090055555555 0.6547249645833334 0.6222428046296297 0.6462522666666667 0.6221601592592592 0.6461736854166666 0.5991906527777777 0.6824299817708332 0.5991707037037037 0.6824158776041667 0.5938216018518518 0.6450936932291668 0.5936990592592593 0.64503123125 0.6276090055555555 0.6547390692708334 0.6276090055555555
3 0.6821559541666667 0.6222428046296297 0.6762885354166667 0.6222342546296297 0.6762502520833333 0.6141008833333333 0.6740519848958333 0.6141265314814816 0.6740338505208334 0.6222627527777778 0.6698811203125 0.62231405 0.6698609713541667 0.6276033055555555 0.6821821479166666 0.6275947564814814 0.6821559541666667 0.6222428046296297
3 0.7156699578125 0.6451667138888888 0.7227785614583334 0.6451154175925926 0.7227785614583334 0.6398347111111111 0.7194338104166668 0.6398803074074074 0.7194338104166668 0.6275719574074073 0.7227785614583334 0.6275263611111112 0.7228108 0.6222428046296297 0.710211565625 0.6222428046296297 0.710211565625 0.6275719574074073 0.71570018125 0.6276175546296296 0.7156699578125 0.6451667138888888
3 0.7910820067708334 0.5991507555555555 0.8144328026041666 0.5991735537037037 0.8144630265625 0.5897150185185185 0.8106870843749999 0.5897007694444445 0.81070521875 0.5936791111111112 0.7910981260416666 0.5937247083333332 0.7910820067708334 0.5991507555555555
3 0.8144287729166667 0.4770618407407408 0.8106709651041667 0.4770333425925926 0.8107072333333334 0.5232031916666666 0.8144287729166667 0.5231490453703704 0.8144287729166667 0.4770618407407408
3 0.8144328026041666 0.45101168425925925 0.8144589963541667 0.4053462527777778 0.8106991739583334 0.40536620092592596 0.8106467864583333 0.45106583055555555 0.8144328026041666 0.45101168425925925
3 0.8144469072916666 0.37143630648148146 0.8144448921875 0.3357993731481481 0.8106890994791667 0.3358478194444444 0.8106709651041667 0.37146195462962966 0.8144469072916666 0.37143630648148146
3 0.21412452135416665 0.3273468222222222 0.21413862604166667 0.35074950092592594 0.20646584739583332 0.3506754064814815 0.20646584739583332 0.35571387870370375 0.22280274010416665 0.35571387870370375 0.22282893385416666 0.35056426296296295 0.21629256510416667 0.3505471648148148 0.21624017708333335 0.3273468222222222 0.21412452135416665 0.3273468222222222
3 0.7390932901041667 0.27540609814814815 0.7391476927083332 0.2808577944444444 0.7628631875 0.2807495009259259 0.7628067703125 0.2754345962962963 0.7390932901041667 0.27540609814814815
3 0.724872053125 0.27548874351851854 0.7177936734375 0.27542034722222225 0.7177775536458333 0.2807808490740741 0.7249183963541667 0.2808036481481482 0.724872053125 0.27548874351851854
3 0.6875821078125 0.31623254444444443 0.6681624015625 0.31626959259259263 0.6681624015625 0.3189455685185185 0.6875559135416667 0.3189455685185185 0.6876042713541667 0.3365574240740741 0.6672415875 0.33651752592592593 0.6673080796874999 0.34185237962962967 0.6876707635416667 0.3419065259259259 0.687638525 0.36880022777777777 0.6898750755208333 0.3688201768518518 0.6898488817708334 0.3659988601851852 0.6917388677083333 0.36603590740740743 0.6917912552083333 0.28075805092592593 0.7040539994791666 0.2807950981481482 0.7040539994791666 0.27541179814814815 0.6680233729166667 0.2754431462962963 0.6680253880208333 0.2808349953703704 0.687656659375 0.28071815370370373 0.6875821078125 0.31623254444444443
3 0.6357707031250001 0.27546879444444444 0.6119101348958333 0.2753092046296296 0.6118718515625 0.28070960370370374 0.635655853125 0.2808178972222222 0.6357707031250001 0.27546879444444444
3 0.7410255895833333 0.33295810740740744 0.7447451140625 0.33298945555555554 0.7447672776041667 0.31321174166666665 0.7409792463541667 0.31327728703703706 0.7410255895833333 0.33295810740740744
2 0.7221700583333334 0.4424508407407407 0.719171871875 0.4424194925925926 0.719171871875 0.47737532037037034 0.7221942375 0.4773867194444445 0.7221700583333334 0.4424508407407407
3 0.7431916182291667 0.42786548888888887 0.7412855130208332 0.42788258796296297 0.7412472296875 0.4454174981481482 0.7510356640625001 0.44536335092592594 0.7510356640625001 0.4279025361111111 0.74896030625 0.42786548888888887 0.7489865000000001 0.4426503277777778 0.7431795286458333 0.44272442314814814 0.7431916182291667 0.42786548888888887
3 0.78862583125 0.4223254490740741 0.7410457385416667 0.4227386722222222 0.7410235744791667 0.42787403796296297 0.78862583125 0.42793958425925926 0.78862583125 0.4223254490740741
3 0.744731009375 0.4030293527777778 0.744731009375 0.3575976064814815 0.7885150109375 0.3574836138888889 0.7885794880208333 0.35211456296296295 0.7409973807291668 0.35250783703703703 0.740969171875 0.40310344814814814 0.744731009375 0.4030293527777778
3 0.7222446098958333 0.3369706472222222 0.7221619989583333 0.31140210925925926 0.7178057624999999 0.31140210925925926 0.7178581505208333 0.3141578796296296 0.7201047755208333 0.314234825 0.7201329838541667 0.33694499814814816 0.7222446098958333 0.3369706472222222
3 0.6948780979166667 0.314231975 0.7041527302083334 0.3140666861111111 0.7041124317708333 0.3113650611111111 0.6927745317708334 0.3114762037037037 0.6928128145833334 0.3576603018518518 0.7221942375 0.35748646296296294 0.7221156557291667 0.3543003703703704 0.69491638125 0.3541892277777778 0.6948780979166667 0.314231975
3 0.6933910942708333 0.4227329722222222 0.7221942375 0.422687375 0.7221942375 0.42006839537037033 0.6934233328125 0.420205187037037 0.6933910942708333 0.4227329722222222
3 0.6781885958333334 0.4932003416666667 0.6759157765625 0.49324023981481485 0.6758895828125 0.5078597888888888 0.657594196875 0.5078597888888888 0.657568003125 0.49059846111111105 0.6480415072916668 0.4906754064814815 0.6480697161458333 0.49358221759259263 0.6553757807291666 0.49358221759259263 0.6554301833333334 0.5085494444444444 0.6480153135416666 0.5084724990740741 0.6480697161458333 0.5113793101851852 0.6781885958333334 0.5113793101851852 0.6781885958333334 0.4932003416666667
3 0.7079709854166667 0.45524935833333335 0.7032581098958333 0.4553491018518519 0.7032621395833334 0.4424821888888889 0.7224863994791666 0.44243659166666666 0.7224219223958334 0.43935594166666664 0.7012814828124999 0.4396808203703704 0.7013137213541667 0.45524935833333335 0.6934575859375 0.45534055277777774 0.6933588557291667 0.43545454537037037 0.6898529114583333 0.4356369333333333 0.6898186578125001 0.45510971759259256 0.6780636713541667 0.4551553148148148 0.6779669557291667 0.4439498435185185 0.6480918796875 0.44408663425925926 0.6480596411458334 0.4470732398148148 0.6758553296875001 0.44711883703703703 0.6758553296875001 0.47563978333333334 0.67829135625 0.4755941861111111 0.67829135625 0.45800512962962964 0.6949418802083334 0.4579368268518519 0.6938464640625 0.4579595324074074 0.6939431796875 0.48087774259259264 0.7186882932291667 0.4809404388888889 0.7186882932291667 0.5092618981481482 0.6955954062499999 0.5092960953703705 0.6955289140625 0.5002080361111112 0.6938605682291666 0.5002080361111112 0.6938384041666666 0.5114933027777778 0.7224219223958334 0.5113736111111111 0.7224158776041667 0.4773867194444445 0.7033286317708334 0.4772955259259259 0.7032621395833334 0.4579595324074074 0.7081019546875 0.4581419203703704 0.7079709854166667 0.45524935833333335
3 0.7186983677083333 0.5910800796296296 0.7224420713541666 0.5910145342592593 0.7224420713541666 0.5329039611111112 0.7186580697916667 0.5329068111111112 0.7186983677083333 0.5910800796296296
3 0.7225770703125 0.5938529499999999 0.7102417890625 0.5940125388888889 0.7102881322916667 0.5990196638888889 0.7225770703125 0.5990538611111111 0.7225770703125 0.5938529499999999
3 0.7874894218749999 0.5990966083333333 0.7911041708333334 0.5991137074074074 0.7910779770833333 0.5937047592592593 0.7941910135416667 0.5937247083333332 0.7941748942708333 0.5889427185185185 0.7906125328125 0.5888771731481481 0.790687084375 0.5937418064814814 0.7874894218749999 0.5937617555555555 0.7874894218749999 0.5990966083333333
3 0.7941829536458334 0.4771530351851852 0.7905964135416668 0.47717583333333335 0.7907072333333333 0.5237104592592593 0.7941829536458334 0.5237332574074074 0.7941829536458334 0.4771530351851852
3 0.7942091479166666 0.4046850953703704 0.7905258916666666 0.4047677398148148 0.790564175 0.4509347388888889 0.7941648197916666 0.45093758888888885 0.7942091479166666 0.4046850953703704
3 0.7942151921874999 0.34800227962962965 0.7905762645833333 0.3480193787037037 0.7905500703125 0.3717697351851852 0.7942313114583333 0.3717697351851852 0.7942151921874999 0.34800227962962965
3 0.7941889984375 0.3151695638888889 0.7942272817708333 0.30424622407407403 0.7862965947916667 0.30424622407407403 0.7863147291666667 0.3091365064814815 0.7905440260416667 0.30926759722222225 0.7906004432291667 0.31519806203703704 0.7941889984375 0.3151695638888889
3 0.7387668749999999 0.3042747222222222 0.7388454562500001 0.30927614722222224 0.763145275 0.30914790555555555 0.7632097520833334 0.3042747222222222 0.7387668749999999 0.3042747222222222
3 0.7178400161458334 0.30320034166666665 0.7178400161458334 0.3079823314814815 0.7248559338541667 0.3081105731481481 0.7248780979166667 0.30316614444444445 0.7178400161458334 0.30320034166666665
3 0.7041204916666667 0.30312909629629625 0.6917731213541667 0.30312909629629625 0.6917751359375 0.308076375 0.7041204916666667 0.30793958425925927 0.7041204916666667 0.30312909629629625
2 0.6718476729166666 0.39245654074074077 0.689699778125 0.39230265000000003 0.6896836588541666 0.36882302685185187 0.6720693130208333 0.3685608435185185 0.6718476729166666 0.39245654074074077
2 0.7225508765625 0.3543003703703704 0.72261736875 0.3369392990740741 0.7089462020833334 0.3369848962962963 0.7090106791666667 0.3540695351851852 0.7225508765625 0.3543003703703704
4 0.7041386260416667 0.30312909629629625 0.7041225067708333 0.3124109435185185 0.7178400161458334 0.3123653462962963 0.7178218817708333 0.30314904537037035 0.7041386260416667 0.30312909629629625
2 0.7408382026041667 0.33295240833333334 0.7408583515624999 0.3525135370370371 0.7577130765625 0.3522456537037037 0.7575861375 0.3331604444444445 0.7408382026041667 0.33295240833333334
2 0.7408664114583333 0.4031205472222222 0.74089865 0.4227785694444445 0.7577191213541667 0.42250213703703704 0.7575901671874999 0.4027529212962963 0.7408664114583333 0.4031205472222222
2 0.6786298609375 0.4931860925925926 0.6785512796875001 0.4756597324074074 0.6650695145833333 0.4754944425925926 0.6649909328125 0.49324023981481485 0.6786298609375 0.4931860925925926
2 0.722536771875 0.5329666574074073 0.7223957286458333 0.511339412962963 0.7045355630208333 0.5115388999999999 0.7045355630208333 0.5328355657407408 0.722536771875 0.5329666574074073
4 0.724827725 0.31344257592592595 0.7388857546875 0.313468225 0.7387709046875001 0.30424622407407403 0.7248660083333333 0.3043003703703704 0.724827725 0.31344257592592595
4 0.763100946875 0.31349957222222224 0.7863489822916667 0.31343687685185184 0.7863046546875 0.3042177259259259 0.7631916182291667 0.3042519240740741 0.763100946875 0.31349957222222224
4 0.787594196875 0.34799088055555555 0.7942514609375 0.34799088055555555 0.7942051177083334 0.3151638638888889 0.787594196875 0.3151125675925926 0.787594196875 0.34799088055555555
4 0.7875921822916666 0.3718096324074074 0.7875740479166667 0.4047762898148148 0.7942272817708333 0.40471359351851854 0.7942091479166666 0.3717554861111111 0.7875921822916666 0.3718096324074074
4 0.7874591979166666 0.4509090907407407 0.7874330041666667 0.4772014814814815 0.7941708645833334 0.47712738703703705 0.7941708645833334 0.4509461388888889 0.7874591979166666 0.4509090907407407
4 0.7875619583333333 0.588854374074074 0.7941910135416667 0.5888885722222221 0.7942172072916667 0.5237532064814815 0.7875881520833333 0.5236962101851852 0.7875619583333333 0.588854374074074
4 0.722599234375 0.5895468796296297 0.72255490625 0.5989569675925925 0.7874833770833334 0.5989655175925925 0.7874994963541667 0.5898660583333333 0.722599234375 0.5895468796296297
4 0.6824380416666667 0.5989883157407407 0.7102921619791667 0.5989484185185185 0.710219625 0.5897406666666667 0.682369534375 0.5897720148148148 0.6824380416666667 0.5989883157407407
4 0.6547128755208332 0.6225733824074073 0.6547390692708334 0.6272242805555556 0.669850896875 0.6272613277777778 0.6698891796875 0.6226104305555555 0.6547128755208332 0.6225733824074073
4 0.7102297 0.6226303787037036 0.6821559541666667 0.6226104305555555 0.6821821479166666 0.6297178685185185 0.7102135807291667 0.6296494731481481 0.7102297 0.6226303787037036
4 0.7227987104166667 0.6272328296296297 0.7939431796875 0.6272071814814815 0.7939633286458334 0.5991650046296296 0.7906931291666666 0.5991108574074074 0.7907314125 0.622687375 0.72283699375 0.6226332287037037 0.7227987104166667 0.6272328296296297
4 0.8158734635416667 0.5231347962962963 0.8109087244791666 0.5232031916666666 0.8109550677083334 0.5896922203703704 0.8158875682291666 0.5897150185185185 0.8158734635416667 0.5231347962962963
4 0.8141829536458334 0.45101168425925925 0.8109349182291666 0.4510487314814815 0.8109349182291666 0.47703619259259256 0.8142091479166667 0.4770532916666666 0.8141829536458334 0.45101168425925925
4 0.8158936125 0.3714220574074074 0.8109087244791666 0.3714420064814815 0.81098730625 0.4053462527777778 0.8159198067708334 0.4053462527777778 0.8158936125 0.3714220574074074
4 0.8158936125 0.3019122259259259 0.8109087244791666 0.30198632129629627 0.8109349182291666 0.33585351944444447 0.8159198067708334 0.3357452268518519 0.8158936125 0.3019122259259259
4 0.76278460625 0.27338273055555556 0.7628470682291667 0.2805386148148148 0.7868708442708333 0.28031632962962966 0.7867922625 0.27338273055555556 0.76278460625 0.27338273055555556
4 0.7248559338541667 0.27340552870370366 0.7249183963541667 0.28040467407407405 0.7391376182291667 0.28035907685185185 0.7390912755208333 0.27340552870370366 0.7248559338541667 0.27340552870370366
3 0.1439169859375 0.5880393277777778 0.16666129375 0.5881875175925926 0.16666129375 0.5827985185185186 0.14767479322916666 0.5827614703703704 0.14773927083333332 0.4995725277777778 0.176475921875 0.49951838148148153 0.17648801145833334 0.4942747222222222 0.14762240572916668 0.49423767500000004 0.14773725572916666 0.44333713333333336 0.17668547239583335 0.44338842962962965 0.1767620390625 0.4274038185185185 0.182008865625 0.42745796481481485 0.18204916406250002 0.42520661111111113 0.18396735833333333 0.4251325166666667 0.1840056416666667 0.4222000574074074 0.17310900677083335 0.42221715555555556 0.17308885729166665 0.4382074666666667 0.14381221041666667 0.43811057314814816 0.1439169859375 0.5880393277777778
2 0.35939552708333333 0.5801225416666667 0.35946403385416664 0.5654402962962963 0.3473564375 0.5655542888888889 0.3472415875 0.5801225416666667 0.35939552708333333 0.5801225416666667
3 0.18990529895833333 0.5881875175925926 0.20451944375 0.5882046166666667 0.20453153333333332 0.5827557712962963 0.18992141875 0.582687375 0.18990529895833333 0.5881875175925926
3 0.20445698177083335 0.5542661731481482 0.18998388072916667 0.5542661731481482 0.18999597031249998 0.5594670842592593 0.2044831755208333 0.559415787962963 0.20445698177083335 0.5542661731481482
3 0.17980455364583334 0.4944799092592593 0.176528309375 0.49449700740740743 0.176528309375 0.49918495277777775 0.17984283697916667 0.49922200092592595 0.17980455364583334 0.4944799092592593
3 0.24545839218749999 0.551365061111111 0.24545839218749999 0.4941635796296297 0.24168648020833333 0.4941464805555555 0.24159580885416665 0.5514192074074074 0.24545839218749999 0.551365061111111
2 0.12739069114583332 0.3884611 0.14562562968749998 0.3884041037037037 0.145655853125 0.35877172962962967 0.12736852708333332 0.3591678537037037 0.12739069114583332 0.3884611
4 0.15667136822916666 0.32162439444444446 0.1243663109375 0.3217725851851852 0.12433205729166666 0.3273439722222222 0.1566653234375 0.3273639212962963 0.15667136822916666 0.32162439444444446
3 0.09435220625 0.3273183240740741 0.12060245833333334 0.3272869759259259 0.12055813020833334 0.3483043601851852 0.12439048958333333 0.3464548305555556 0.1243663109375 0.3217725851851852 0.094307878125 0.3218010833333333 0.09435220625 0.3273183240740741
3 0.120660890625 0.3703505268518518 0.12062462239583334 0.3828469648148148 0.09426355052083334 0.38290966111111113 0.09419504322916666 0.38836420648148146 0.12739069114583332 0.3884611 0.12734434791666666 0.3828156166666667 0.12436832552083334 0.38290966111111113 0.12432399739583334 0.37231974907407406 0.120660890625 0.3703505268518518
3 0.20260729375 0.38277571944444444 0.16266975625000002 0.3828469648148148 0.16269594999999998 0.3850983185185185 0.14566391302083334 0.3850612712962963 0.14562562968749998 0.3884041037037037 0.20262744322916668 0.38842120277777775 0.20261333854166666 0.422120262037037 0.200749546875 0.42216300925925926 0.200749546875 0.4252436592592593 0.20267983072916668 0.4252265601851852 0.20265363697916666 0.4274237675925926 0.20645174270833333 0.4274408666666667 0.20643360885416667 0.3272670277777778 0.21883538177083334 0.3273211740740741 0.21877694947916665 0.3218039324074074 0.15667136822916666 0.32162439444444446 0.1566653234375 0.3273639212962963 0.2025609510416667 0.32737817037037037 0.20260729375 0.38277571944444444
2 0.177040096875 0.49425192407407403 0.17696151510416666 0.4773154740740741 0.16276042708333333 0.47712168703703706 0.16283497864583335 0.494231975 0.177040096875 0.49425192407407403
2 0.19386862760416665 0.49401538888888885 0.17987507552083332 0.49398974074074076 0.17991738854166667 0.5176403537037038 0.1937840015625 0.5175919064814816 0.19386862760416665 0.49401538888888885
2 0.24520451354166667 0.41206896574074076 0.24520451354166667 0.3923197490740741 0.22969574843749999 0.3923938444444444 0.22975216614583335 0.41212596203703705 0.24520451354166667 0.41206896574074076
2 0.24172073333333335 0.4940068398148148 0.22767680833333334 0.49397549166666666 0.22771912135416666 0.5176261046296297 0.24172073333333335 0.5175577083333333 0.24172073333333335 0.4940068398148148
2 0.16466653229166667 0.4636392138888889 0.1741889984375 0.4636335138888889 0.17416079010416666 0.45570817870370367 0.16458190625 0.45559418611111113 0.16466653229166667 0.4636392138888889
2 0.18401974635416665 0.4251695638888889 0.20070924843750002 0.4251695638888889 0.20056618958333333 0.3994955824074074 0.18401974635416665 0.39931034444444446 0.18401974635416665 0.4251695638888889
4 0.3556699578125 0.588261612962963 0.3282087447916667 0.5882473638888889 0.32818255104166666 0.5956625814814815 0.355718315625 0.5956796805555555 0.3556699578125 0.588261612962963
4 0.31298005260416667 0.5882844111111112 0.25146080989583336 0.5882787120370371 0.2514749145833333 0.5956084351851852 0.31299214166666667 0.5956454833333333 0.31298005260416667 0.5882844111111112
4 0.20448720520833333 0.5595041324074074 0.22793874687500001 0.5595041324074074 0.22788031458333335 0.5503362777777778 0.2045456375 0.5502707324074073 0.20448720520833333 0.5595041324074074
4 0.16649002604166666 0.5594927333333334 0.189981865625 0.559412937962963 0.189955671875 0.5502849814814814 0.1665706223958333 0.5502536333333333 0.16649002604166666 0.5594927333333334
3 0.21687890364583332 0.4303761759259259 0.2167620390625 0.4670874888888889 0.21877090468750002 0.46712453703703705 0.21873262135416666 0.4303191796296296 0.24523675208333331 0.4303191796296296 0.24519645364583334 0.4120290685185185 0.243383034375 0.4120832148148148 0.2433971390625 0.4277543462962963 0.2080576265625 0.4277001990740741 0.20814829739583332 0.43026503240740743 0.21687890364583332 0.4303761759259259
3 0.245127946875 0.359042462037037 0.24338907916666666 0.3589997148148148 0.24337094479166668 0.3922969509259259 0.24522264739583333 0.3923168990740741 0.245127946875 0.359042462037037
3 0.15722748333333333 0.4635081222222222 0.164678621875 0.4635252212962963 0.16466653229166667 0.4619749212962963 0.15738464635416666 0.4620490166666667 0.15730606510416667 0.4433684814814815 0.15530928854166665 0.4433684814814815 0.155242796875 0.46023938425925925 0.14773927083333332 0.46020233703703706 0.14762240572916668 0.49423767500000004 0.1494499296875 0.49422057592592594 0.14940963125 0.4629723564814815 0.15721337916666667 0.46289826203703704 0.15722748333333333 0.4635081222222222
3 0.176528309375 0.47731832407407404 0.17668547239583335 0.44338842962962965 0.17418295364583333 0.44341407777777775 0.17422728177083335 0.4772869759259259 0.176528309375 0.47731832407407404
4 0.18987910520833334 0.5827415222222223 0.16666129375 0.5827985185185186 0.16666129375 0.5881875175925926 0.18990529895833333 0.5881875175925926 0.18987910520833334 0.5827415222222223
3 0.23871247239583332 0.5936135648148149 0.2514749145833333 0.5935394703703705 0.25146080989583336 0.5882787120370371 0.24286117291666667 0.5882787120370371 0.24286117291666667 0.5827614703703704 0.22795889583333334 0.5827614703703704 0.22794479166666667 0.5881134222222223 0.23871247239583332 0.5881675694444444 0.23871247239583332 0.5936135648148149
4 0.22795889583333334 0.5827614703703704 0.20451944375 0.5827785694444444 0.20451944375 0.5882245657407407 0.22794479166666667 0.5881134222222223 0.22795889583333334 0.5827614703703704
1 0 0 0 1 1 1 1 0 0 0
4 0.2720693130208333 0.35057566296296294 0.2530787828125 0.3506013111111111 0.253145275 0.35996580185185184 0.27199476145833335 0.35996580185185184 0.2720693130208333 0.35057566296296294
4 0.23436026614583336 0.3218238814814815 0.21877694947916665 0.3218039324074074 0.21883538177083334 0.3273211740740741 0.23434616145833334 0.327304075 0.23436026614583336 0.3218238814814815
3 0.24246826510416666 0.5597349675925927 0.24242192239583332 0.5543117694444444 0.227973 0.5543117694444444 0.22793874687500001 0.5595041324074074 0.23882127760416666 0.5594043888888889 0.238774934375 0.5827500712962963 0.24286117291666667 0.5827614703703704 0.2428410234375 0.5650926185185186 0.25121297604166665 0.5650783694444445 0.25121297604166665 0.5596010259259259 0.24246826510416666 0.5597349675925927
4 0.2718577473958333 0.3217782842592593 0.253260125 0.32179823333333335 0.25331251250000003 0.3273525222222222 0.2717811807291667 0.3273154740740741 0.2718577473958333 0.3217782842592593
4 0.35468466666666665 0.34768879999999996 0.33156961510416666 0.3478027925925926 0.331507153125 0.35316329444444444 0.3546383234375 0.35310914814814814 0.35468466666666665 0.34768879999999996
4 0.3548317552083333 0.37644343148148146 0.33150312291666667 0.37641208333333337 0.3315111828125 0.3857480759259259 0.3548780979166667 0.3857480759259259 0.3548317552083333 0.37644343148148146
4 0.3279004635416667 0.5650726703703705 0.35596816458333336 0.5654060981481481 0.3560427161458334 0.5553918490740741 0.3279226276041667 0.5553918490740741 0.3279004635416667 0.5650726703703705
4 0.3789663510416667 0.588241663888889 0.36348378020833333 0.5882245657407407 0.3635462421875 0.5936021657407408 0.3789965744791666 0.5937047592592593 0.3789663510416667 0.588241663888889