1 1 0.0028449259259259257 0 0.000017103703703703702 0 1 1 1 1 0.0028449259259259257
3 0.27650473697916667 0.48495153888888887 0.2765309411458333 0.4889025083333334 0.33343479114583335 0.48890821018518515 0.33339246093749997 0.4848090083333334 0.27650473697916667 0.48495153888888887
2 0.28304777239583334 0.36659065 0.28304777239583334 0.37115165370370373 0.3355109859375 0.3713939564814815 0.3355170328125 0.366647662037037 0.28304777239583334 0.36659065
2 0.2669421489583333 0.36687571296296295 0.2140294296875 0.36659065 0.2139689578125 0.3710946407407408 0.2668816770833333 0.37157924722222224 0.2669421489583333 0.36687571296296295
4 0.20743398489583334 0.6091419611111112 0.20743801666666667 0.6188711518518518 0.23539608958333333 0.6188711518518518 0.2354565609375 0.6090649944444445 0.20743398489583334 0.6091419611111112
4 0.27655714583333335 0.6091790194444444 0.276577303125 0.6188711518518518 0.30455553333333335 0.6187884833333334 0.3046160046875 0.6089823259259259 0.27655714583333335 0.6091790194444444
3 0.33644426510416664 0.6090678453703704 0.3046160046875 0.6089823259259259 0.30455553333333335 0.6187884833333334 0.34176577291666665 0.6186145953703703 0.34170530156249995 0.3765421888888889 0.34176577291666665 0.36659065 0.3355170328125 0.366647662037037 0.33644426510416664 0.6090678453703704
3 0.2342269703125 0.5911630555555556 0.2672646645833333 0.5911630555555556 0.2672646645833333 0.5841220064814815 0.23424712760416666 0.5841277083333334 0.2342269703125 0.5911630555555556
3 0.30335013125 0.5910917898148148 0.33638782500000003 0.5910917898148148 0.33638782500000003 0.5840507407407408 0.3033702880208333 0.5840564425925926 0.30335013125 0.5910917898148148
3 0.19814553541666668 0.37656784537037036 0.21044144322916666 0.37656784537037036 0.21050191510416666 0.3710946407407408 0.2139689578125 0.3710946407407408 0.2140294296875 0.36659065 0.19290465625 0.366932725 0.19288449895833332 0.6125997722222222 0.160834509375 0.6125997722222222 0.16085466614583332 0.6188996583333334 0.20743801666666667 0.6188711518518518 0.20743398489583334 0.6091419611111112 0.19814553541666668 0.6091790194444444 0.19814553541666668 0.37656784537037036
3 0.280326546875 0.3766248574074074 0.280326546875 0.37115165370370373 0.28304777239583334 0.37115165370370373 0.28304777239583334 0.36659065 0.2669421489583333 0.36687571296296295 0.2672848213541667 0.609150512962963 0.2354565609375 0.6090649944444445 0.23539608958333333 0.6188711518518518 0.276577303125 0.6188711518518518 0.27655714583333335 0.6091790194444444 0.27276758697916664 0.6090935009259258 0.2725458578125 0.3766248574074074 0.280326546875 0.3766248574074074
4 0.20311832291666668 0.5769213231481481 0.20303366250000002 0.5910860888888889 0.2342269703125 0.5911630555555556 0.23433581927083333 0.5766847203703703 0.20311832291666668 0.5769213231481481
4 0.27269905260416666 0.5767844925925926 0.2727010682291667 0.591131699074074 0.30335013125 0.5910917898148148 0.30342672864583337 0.5766904222222222 0.27269905260416666 0.5767844925925926
3 0.20727272708333333 0.48487172222222225 0.20722435 0.4889025083333334 0.26431969375 0.4889025083333334 0.26431969375 0.4849401370370371 0.20727272708333333 0.48487172222222225