2 0.605937940625 0.6722485037037037 0.5941930286458333 0.6722428046296297 0.5941668343750001 0.6783642064814814 0.6059137619791667 0.6783927046296296 0.605937940625 0.6722485037037037
4 0.6109449927083334 0.8797406666666666 0.5838766875 0.8797549157407407 0.5839069109375 0.8857366768518519 0.6109752166666667 0.8857366768518519 0.6109449927083334 0.8797406666666666
2 0.6145939953125 0.6547734398148148 0.6146141447916667 0.6382188657407407 0.6020753578125 0.6382359648148148 0.6020471489583333 0.6547278425925926 0.6145939953125 0.6547734398148148
2 0.6073443479166667 0.5883015101851852 0.6073886760416667 0.5694813333333334 0.5921478942708334 0.5694955824074075 0.5921478942708334 0.5882445138888889 0.6073443479166667 0.5883015101851852
2 0.63260729375 0.6052237101851852 0.6325045333333333 0.6243602166666666 0.646925246875 0.6243915648148148 0.646925246875 0.6053035055555556 0.63260729375 0.6052237101851852
2 0.63255490625 0.6291194074074075 0.6325891598958333 0.6483642064814815 0.6469715895833333 0.6484497009259259 0.6469111427083334 0.6291308064814815 0.63255490625 0.6291194074074075
3 0.6326153536458333 0.6883471074074075 0.6326556520833333 0.7094898833333333 0.6340378802083334 0.7094898833333333 0.6340378802083334 0.6883556564814816 0.6326153536458333 0.6883471074074075
3 0.6146403385416667 0.699786263888889 0.613145275 0.699786263888889 0.6131251260416666 0.7089085212962963 0.6146081 0.7089028212962963 0.6146403385416667 0.699786263888889
2 0.6341426557291666 0.7260729555555555 0.6340378802083334 0.7094898833333333 0.6300423130208334 0.7094927333333334 0.6300886562500001 0.7260672555555556 0.6341426557291666 0.7260729555555555
3 0.6325609510416667 0.7308321462962963 0.6325448317708333 0.7466685666666667 0.6343159380208333 0.7466685666666667 0.6342957890625001 0.7308207462962963 0.6325609510416667 0.7308321462962963
2 0.6706911140624999 0.7066600166666667 0.6707152932291667 0.7259133657407407 0.68525085625 0.725967512037037 0.6852992140624999 0.7066315185185186 0.6706911140624999 0.7066600166666667
2 0.5405017125 0.63614705 0.5405823088541666 0.6591336564814815 0.5576727786458334 0.6590082648148148 0.5576727786458334 0.6362125962962963 0.5405017125 0.63614705
2 0.5838766875 0.6993103444444445 0.5838968364583333 0.6759988601851852 0.5666774130208334 0.6760729555555555 0.5666713682291667 0.6993074953703704 0.5838766875 0.6993103444444445
3 0.5838968364583333 0.8843003703703703 0.5838867619791667 0.8797406666666666 0.5808442473958333 0.8797549157407407 0.580854321875 0.8776432027777777 0.5792806770833334 0.8776460527777779 0.5792766473958333 0.8797406666666666 0.5768265161458334 0.8797406666666666 0.5768265161458334 0.8842861212962962 0.5838968364583333 0.8843003703703703
3 0.6815817046875 0.884229125 0.706000403125 0.8842861212962962 0.7059802536458334 0.8340068398148148 0.7026274432291667 0.8340353379629629 0.7026475921875 0.8794870333333333 0.6815817046875 0.8795126814814814 0.6815817046875 0.884229125
3 0.6326596817708333 0.8794699342592592 0.6128853515625 0.8794870333333333 0.6129055005208334 0.8519150759259259 0.6108442473958333 0.8519435740740741 0.6109752166666667 0.8842718722222223 0.6326395322916666 0.8842718722222223 0.6326596817708333 0.8794699342592592
3 0.5541184765625 0.7395753777777777 0.5541466854166667 0.8576945 0.5559097317708334 0.8576945 0.5558795083333333 0.8842832712962964 0.563278259375 0.8843146194444444 0.5632762442708333 0.8795126814814814 0.5599778359375001 0.8795468796296296 0.5598871651041667 0.8543944148148148 0.5792363489583334 0.8544001138888889 0.5792363489583334 0.8630122546296296 0.5808865604166668 0.8630122546296296 0.5808563369791667 0.8564804787037037 0.5839451942708334 0.8564804787037037 0.583884746875 0.8519834712962963 0.5581624015625 0.8519549731481482 0.5581462822916666 0.7725562842592593 0.5670703203124999 0.7725562842592593 0.5670703203124999 0.7701139925925926 0.5581120291666667 0.7701652888888889 0.5581684463541666 0.7450840694444444 0.5671650213541667 0.7451695638888889 0.5671650213541667 0.7426674268518518 0.5581684463541666 0.7427529212962962 0.5581664317708334 0.7337931037037037 0.5562079385416666 0.7338216018518519 0.5562663713541667 0.7070019944444444 0.5853959296875 0.7070247935185185 0.5854241385416666 0.6993616416666667 0.5819685671875 0.6993331435185185 0.5819605078125 0.7022371046296296 0.55216804375 0.7022998009259259 0.5522526697916667 0.7395012824074074 0.5541184765625 0.7395753777777777
3 0.6815917791666667 0.8794984324074073 0.7026475921875 0.8794870333333333 0.7026274432291667 0.8340353379629629 0.7000866411458334 0.8339754916666666 0.7000866411458334 0.8758934166666666 0.6815817046875 0.875976061111111 0.6815917791666667 0.8794984324074073
3 0.6129055005208334 0.8519150759259259 0.6128853515625 0.8794870333333333 0.63266975625 0.8794556851851851 0.6326596817708333 0.8759048157407407 0.6146121296874999 0.875947562962963 0.6146201895833333 0.8492134509259259 0.6113943177083333 0.8492077518518518 0.6113862583333333 0.848646337962963 0.6105923838541667 0.848646337962963 0.6105863390625 0.8535166712962963 0.6108341729166666 0.8535166712962963 0.6108442473958333 0.8519435740740741 0.6129055005208334 0.8519150759259259
4 0.5768184567708333 0.8839355944444445 0.5768184567708333 0.8797834138888888 0.5632560953125 0.8797834138888888 0.563278259375 0.8839897407407408 0.5768184567708333 0.8839355944444445
4 0.6815917791666667 0.8760045592592592 0.6326496072916666 0.8759048157407407 0.6326496072916666 0.8856796805555556 0.6815917791666667 0.8857366768518519 0.6815917791666667 0.8760045592592592
3 0.5405823088541666 0.6591336564814815 0.5405702197916666 0.6636791111111111 0.5819584927083333 0.6635765175925926 0.5819987911458333 0.6760216583333333 0.5853636911458333 0.6760216583333333 0.585373765625 0.5927386722222222 0.6039069109375 0.5927614703703703 0.6039552687499999 0.6020832148148147 0.6055611526041667 0.6020832148148147 0.6055530927083334 0.5883699055555555 0.5853818255208334 0.5881191222222222 0.5853717510416666 0.5550356222222222 0.5553072739583332 0.5550299231481481 0.5552851098958332 0.5596950694444445 0.582008865625 0.5596323740740741 0.5820048359375 0.659033912962963 0.5405823088541666 0.6591336564814815
3 0.6055933911458333 0.5694784842592592 0.6055913760416666 0.5596580222222222 0.6199335078125 0.5596523222222222 0.6199355229166666 0.5550384722222222 0.6017650614583334 0.5550555712962962 0.6017469270833333 0.5596551722222223 0.6024642354166667 0.559603875925926 0.6024581906250001 0.5694670842592593 0.6055933911458333 0.5694784842592592
3 0.6895164213541667 0.5869535481481482 0.6894680635416666 0.5550128240740742 0.6301390286458334 0.5550527212962963 0.6301692526041667 0.5597121685185186 0.6861434614583334 0.5597292675925926 0.6861817447916666 0.5869677972222221 0.6895164213541667 0.5869535481481482
3 0.6343925046875001 0.5632174407407408 0.6325811 0.5632174407407408 0.63260729375 0.6052237101851852 0.6343925046875001 0.6052237101851852 0.6343925046875001 0.5632174407407408
3 0.6325045333333333 0.6243602166666666 0.63255490625 0.6291194074074075 0.6836772114583333 0.6290823592592593 0.6836530322916666 0.6244713592592593 0.6325045333333333 0.6243602166666666
3 0.6706911140624999 0.7066600166666667 0.6723554302083333 0.7066600166666667 0.6723836390625001 0.6885921916666666 0.7006568609375 0.6885038472222222 0.7006266369791666 0.68614705 0.6855671973958334 0.6862296953703704 0.6856498083333334 0.6783015101851853 0.6839472093750001 0.6783015101851853 0.6839250453125001 0.6861812481481481 0.6343703406250001 0.6856711314814815 0.6344529520833333 0.6483642064814815 0.6325891598958333 0.6483642064814815 0.6326153536458333 0.6883471074074075 0.6706890994791667 0.6883585064814814 0.6706911140624999 0.7066600166666667
3 0.689532540625 0.6179538333333333 0.6861313723958333 0.6179937305555555 0.6861515213541666 0.6372698777777778 0.6895466453125 0.6372698777777778 0.689532540625 0.6179538333333333
3 0.7026213984375 0.7052892564814814 0.7059862984374999 0.7052892564814814 0.7060084624999999 0.6706326592592593 0.6895123916666667 0.6706868055555556 0.689506346875 0.6682359648148148 0.6861112229166667 0.668278712037037 0.6861212973958334 0.6753234537037037 0.7025972192708333 0.6753747509259259 0.7026213984375 0.7052892564814814
3 0.7060124921875001 0.723642062962963 0.7025851302083334 0.7237047592592593 0.7025931895833334 0.7450185240740741 0.705937940625 0.7450185240740741 0.7060124921875001 0.723642062962963
3 0.6723493854166667 0.728073525 0.6723493854166667 0.7259019666666666 0.6707152932291667 0.7259133657407407 0.6707253677083334 0.7266657166666667 0.6691476927083334 0.7266657166666667 0.6691476927083334 0.7260558564814814 0.6325609510416667 0.7260615555555555 0.6325609510416667 0.7308321462962963 0.7002800723958333 0.7306098601851851 0.7002458192708333 0.728059275925926 0.6723493854166667 0.728073525
3 0.7058956276041666 0.7633399833333334 0.7026072937500001 0.7633684814814815 0.7026274432291667 0.8026645768518519 0.7059580901041667 0.8026759759259259 0.7058956276041666 0.7633399833333334
3 0.5788656057291667 0.7452322601851852 0.5867600239583334 0.7452265601851852 0.5866975619791667 0.753468225 0.5884041911458334 0.753448275925926 0.5883981463541667 0.7206469083333333 0.6040781786458334 0.7206697064814814 0.60407011875 0.74153605 0.6112230505208333 0.74153605 0.6112552890625 0.7391336564814815 0.6057545838541666 0.7391051583333333 0.6057384645833334 0.7182929611111111 0.5884263552083334 0.7182445138888889 0.5883759822916667 0.7112795666666666 0.6128128145833334 0.7112396694444444 0.6128672171874999 0.7391678537037037 0.6113963328125 0.7391222574074073 0.611444690625 0.7699943 0.5866915171875 0.7699572527777778 0.5866915171875 0.7723596462962963 0.6114043927083334 0.7723795953703704 0.6114265567708334 0.7730293527777778 0.6147592182291667 0.7730293527777778 0.6146081 0.7089028212962963 0.5867318156250001 0.7089370194444444 0.5867298005208333 0.742693075 0.5788857546875 0.7427614703703703 0.5788656057291667 0.7452322601851852
3 0.6148418296875 0.7947021944444445 0.6114245416666667 0.7947021944444445 0.6113943177083333 0.8492077518518518 0.6147833973958333 0.8492077518518518 0.6148418296875 0.7947021944444445
3 0.5375518838541667 0.5986121398148149 0.5404855932291667 0.598640637962963 0.5405017125 0.63614705 0.5437960911458333 0.6361043027777779 0.5437457182291666 0.554970076851852 0.5405319364583333 0.5550384722222222 0.5405057427083333 0.5939583925925925 0.5375740479166667 0.5939868907407407 0.5375518838541667 0.5986121398148149
3 0.5866089057291667 0.6570361925925926 0.6145738463541667 0.6569848962962963 0.6145939953125 0.6547734398148148 0.5881664317708334 0.6548275861111111 0.5881744911458333 0.6073867194444444 0.6128269192708333 0.6073753203703703 0.612792665625 0.6382188657407407 0.6146141447916667 0.6382188657407407 0.6144892203125 0.6050213731481482 0.5866089057291667 0.6050897694444444 0.5866089057291667 0.6570361925925926
3 0.6146846666666667 0.6746053009259259 0.6145738463541667 0.6569848962962963 0.613048559375 0.6569820462962963 0.6130183359375 0.6722228555555555 0.605937940625 0.6722485037037037 0.605937940625 0.6746793962962963 0.6146846666666667 0.6746053009259259
3 0.5853636911458333 0.6760359074074074 0.5870904692708333 0.6760359074074074 0.5871005442708334 0.6745768027777778 0.5941789239583334 0.6745768027777778 0.5941930286458333 0.6722428046296297 0.5870723354166666 0.6722456537037037 0.5866089057291667 0.6050897694444444 0.6073141244791667 0.6049700768518519 0.6073443479166667 0.5883015101851852 0.6055530927083334 0.5883699055555555 0.6055813015625 0.6020974638888889 0.5853616765624999 0.6019578231481482 0.5853636911458333 0.6760359074074074
3 0.18107394739583332 0.3202279851851852 0.1811061859375 0.3156967796296296 0.17909127552083334 0.3156967796296296 0.17905903697916664 0.29135651203703705 0.19702800729166667 0.2912624675925926 0.19702800729166667 0.2991108574074074 0.19859359270833332 0.29915360462962964 0.19857344322916667 0.29365631203703707 0.20202901458333333 0.2936278138888889 0.20198871666666665 0.2855599888888889 0.18156961510416667 0.2855599888888889 0.1815091677083333 0.13756910833333333 0.19075962135416666 0.13754061018518518 0.19075962135416666 0.12921630092592593 0.17575458385416667 0.1292846962962963 0.1757223453125 0.3203220287037037 0.18107394739583332 0.3202279851851852
4 0.30394116458333337 0.12933029351851852 0.29238162395833334 0.1292875462962963 0.2924360265625 0.13760330555555556 0.30393310520833333 0.13762040462962963 0.30394116458333337 0.12933029351851852
3 0.19235140052083333 0.2139526935185185 0.18153939166666666 0.21393559444444446 0.1815293171875 0.21595326296296297 0.19236751979166666 0.21596466203703704 0.19235140052083333 0.2139526935185185
4 0.21112029010416666 0.13381305185185186 0.22821277447916666 0.13381305185185186 0.2282027 0.12806497592592592 0.21110820052083332 0.12812197222222224 0.21112029010416666 0.13381305185185186
3 0.19461615937500001 0.32031062962962964 0.20185774739583331 0.3202906814814815 0.20185774739583331 0.31574522685185186 0.19854926458333333 0.31575092592592596 0.19854926458333333 0.3138671990740741 0.19703002239583334 0.31384725 0.1970179328125 0.31575092592592596 0.19462623437499998 0.31574522685185186 0.19461615937500001 0.32031062962962964
3 0.36832157968749996 0.17441721296296295 0.3770320369791667 0.17439726388888888 0.37704211145833333 0.2135594185185185 0.36831351979166665 0.21354516944444443 0.36831755000000005 0.2033912796296296 0.36665524895833335 0.2034112287037037 0.3666471890625 0.2388258759259259 0.3158815234375 0.23887432314814813 0.31586741875 0.24135081203703707 0.3769997984375 0.24134511296296296 0.3770018135416667 0.312128812037037 0.36799919427083333 0.31215161018518517 0.3679891192708334 0.31570247962962966 0.3794257505208333 0.31579367314814816 0.3793854526041667 0.30250783703703704 0.37872657656250003 0.30250783703703704 0.3787144880208333 0.23895124722222222 0.3787165020833333 0.2389512685185185 0.3787064276041667 0.17202051851851852 0.3659862984375 0.17194642314814815 0.36597420937499997 0.17441721296296295 0.36666129375 0.17441721296296295 0.3666592786458333 0.18675976018518517 0.36829538593750005 0.18673126203703702 0.36832157968749996 0.17441721296296295
3 0.37796735625 0.2389435111111111 0.3773403182291667 0.23893701944444445 0.37735442291666665 0.21602165833333334 0.3684444890625 0.2160815046296296 0.36836389270833336 0.23891707037037038 0.37796735625 0.2389435111111111
3 0.3259883135416667 0.3157167287037037 0.34571428593750003 0.31570247962962966 0.3456739875 0.31213736111111107 0.32597823906249995 0.31215161018518517 0.3259883135416667 0.3157167287037037
3 0.3259883135416667 0.3157167287037037 0.3259883135416667 0.32034767777777773 0.3457223453125 0.32030493055555553 0.3457042109375 0.3157167287037037 0.3259883135416667 0.3157167287037037
3 0.2871690510416667 0.31574522685185186 0.3037013901041667 0.3157167287037037 0.30369131562499996 0.3121801083333333 0.29377392708333333 0.3122029064814815 0.29379810572916665 0.2538244518518518 0.29170058437499996 0.2538016527777778 0.29173483802083333 0.31215731018518517 0.2871489020833333 0.3121943574074074 0.2871690510416667 0.31574522685185186
3 0.3793854526041667 0.30250783703703704 0.3794257505208333 0.31579367314814816 0.3679891192708334 0.3157167287037037 0.36798105989583335 0.3202906814814815 0.38278863593749995 0.32030208055555554 0.38275841250000003 0.3025904814814815 0.3936590770833333 0.30251068703703704 0.3936852708333333 0.29787688796296297 0.382097521875 0.29783984074074077 0.38206931302083336 0.1985693925925926 0.40255692135416665 0.1985807925925926 0.40254483177083333 0.19384725 0.4018839411458333 0.19384725 0.4018476729166667 0.1674266175925926 0.3988333666666667 0.1674266175925926 0.39880918802083337 0.19383585092592592 0.3820048359375 0.19383585092592592 0.38206528333333334 0.1672499287037037 0.3658895828125 0.1672556287037037 0.3658895828125 0.171926475 0.3787064276041667 0.17202051851851852 0.3787165020833333 0.30252208611111114 0.3793854526041667 0.30250783703703704
4 0.2382067296875 0.31196637222222223 0.23822687864583333 0.32191222592592594 0.28718920000000003 0.32191222592592594 0.2871489020833333 0.3120091194444444 0.2382067296875 0.31196637222222223
3 0.23199677604166666 0.2892960953703704 0.232008865625 0.3157081787037037 0.23821680416666666 0.31570247962962966 0.2382067296875 0.31216585925925927 0.23371549479166667 0.3121402111111111 0.2337396734375 0.28012824166666667 0.23055208541666666 0.28013394166666666 0.23052186197916666 0.28558278703703704 0.22888373958333333 0.28558278703703704 0.22887366510416665 0.2892732972222222 0.23199677604166666 0.2892960953703704
3 0.23039290729166667 0.31581647222222226 0.22905702187500002 0.3158307212962963 0.22908724583333334 0.3202906814814815 0.23823695364583333 0.3202906814814815 0.23822687864583333 0.31570247962962966 0.232008865625 0.3157081787037037 0.23199677604166666 0.2892960953703704 0.22887366510416665 0.2892732972222222 0.22885956093749998 0.2936135648148148 0.23037880312499998 0.2935993157407408 0.23039290729166667 0.31581647222222226
4 0.30368124114583334 0.3120233685185185 0.30373161406250004 0.3219407240740741 0.32601853697916666 0.32191222592592594 0.32596816458333333 0.3120091194444444 0.30368124114583334 0.3120233685185185
3 0.3037013901041667 0.3157167287037037 0.2871589765625 0.31574522685185186 0.28718920000000003 0.32034767777777773 0.3037114645833333 0.3202906814814815 0.3037013901041667 0.3157167287037037
1 0 0 0 1 1 1 1 0 0 0
4 0.3456739875 0.3120091194444444 0.34574249427083337 0.32195497314814814 0.3679709854166667 0.32189797685185184 0.3679891192708334 0.31198062129629633 0.3456739875 0.3120091194444444
4 0.22906709635416667 0.31581647222222226 0.20185774739583331 0.31590196666666664 0.20182752343750002 0.3219407240740741 0.22908724583333334 0.32191222592592594 0.22906709635416667 0.31581647222222226
2 0.20786419479166665 0.17872043333333335 0.2078541203125 0.1858250212962963 0.21713479739583336 0.18581077222222223 0.21710457395833332 0.17870618425925927 0.20786419479166665 0.17872043333333335
4 0.5853657062500001 0.059558278703703706 0.6017469270833333 0.05979766296296296 0.6017449125 0.05438016574074074 0.5853636911458333 0.05432601851851852 0.5853657062500001 0.059558278703703706
4 0.6904916380208334 0.0870960388888889 0.6836107192708333 0.0871387861111111 0.6836228088541667 0.1181305212962963 0.6905399958333334 0.11807922500000001 0.6904916380208334 0.0870960388888889
4 0.6301390286458334 0.05519521203703704 0.6199355229166666 0.055180962962962966 0.6199194036458333 0.06333143333333334 0.6301732822916667 0.06341407777777779 0.6301390286458334 0.05519521203703704
2 0.5908865604166667 0.36318609259259255 0.5789320973958334 0.36310914814814815 0.5789139635416666 0.3777999425925926 0.5908180536458333 0.3778084925925926 0.5908865604166667 0.36318609259259255
2 0.5788857546875 0.2429039611111111 0.5671650213541667 0.2428099175925926 0.5671549463541666 0.24891137037037037 0.5788857546875 0.24882587592592592 0.5788857546875 0.2429039611111111
2 0.6148418296875 0.2948446851851852 0.6147592182291667 0.27317184351851853 0.5974229296875 0.2731974925925926 0.5974773322916668 0.2949415787037037 0.6148418296875 0.2948446851851852
2 0.5866975619791667 0.25361071574074073 0.5866915171875 0.2700997435185185 0.5992585130208333 0.27010829259259256 0.5992282895833333 0.25365631203703704 0.5866975619791667 0.25361071574074073
4 0.5553072739583332 0.05517241388888889 0.5437457182291666 0.05511256759259259 0.5437960911458333 0.059848960185185186 0.5552851098958332 0.05983756018518519 0.5553072739583332 0.05517241388888889
4 0.6836107192708333 0.1374779138888889 0.6836167640624999 0.16841550277777778 0.6905299213541666 0.16837845555555556 0.690519846875 0.1374123685185185 0.6836107192708333 0.1374779138888889
4 0.7001027604166666 0.2054830435185185 0.7001591781250001 0.22384725 0.7060124921875001 0.2237845537037037 0.7059862984374999 0.2054317472222222 0.7001027604166666 0.2054830435185185
4 0.7000201489583334 0.245186662962963 0.699981865625 0.26351097222222225 0.7058956276041666 0.2634824740740741 0.705937940625 0.2451610148148148 0.7000201489583334 0.245186662962963
4 0.7001027604166666 0.3028099175925926 0.7000866411458334 0.3341179824074074 0.7069413661458334 0.3341008833333333 0.7069816640625 0.3028184666666667 0.7001027604166666 0.3028099175925926
4 0.6105823088541666 0.3487745796296296 0.5838464640625 0.34886862314814815 0.5839230302083334 0.35376175555555556 0.6105863390625 0.353659162037037 0.6105823088541666 0.3487745796296296
3 0.5562079385416666 0.2339640925925926 0.5580153135416667 0.23393274444444445 0.5580153135416667 0.2095582787037037 0.5867378604166666 0.2095582787037037 0.5867318156250001 0.20907951018518517 0.5871025588541666 0.20906811018518517 0.587118678125 0.1995668277777778 0.5854241385416666 0.19950413240740741 0.5853959296875 0.20716728425925926 0.5562663713541667 0.2071444851851852 0.5562079385416666 0.2339640925925926
3 0.60368325625 0.24143345648148148 0.5981281484375 0.24143345648148148 0.5981281484375 0.24233969814814815 0.60368325625 0.24236534629629627 0.60368325625 0.24143345648148148
3 0.583884746875 0.35212596203703705 0.5838464640625 0.34886862314814815 0.5581382229166666 0.34891992037037034 0.5581624015625 0.3520974638888889 0.583884746875 0.35212596203703705
3 0.7026072937500001 0.26351097222222225 0.699981865625 0.26351097222222225 0.7001027604166666 0.3028099175925926 0.7026274432291667 0.30280706759259257 0.7026072937500001 0.26351097222222225
3 0.7025851302083334 0.22384725 0.7001591781250001 0.22384725 0.7000201489583334 0.245186662962963 0.7025931895833334 0.2451610148148148 0.7025851302083334 0.22384725
3 0.7006568609375 0.18864633796296296 0.7001208947916666 0.18864348796296299 0.7001027604166666 0.2054830435185185 0.7026213984375 0.2054317472222222 0.7025972192708333 0.17551724166666666 0.6861212973958334 0.17546594444444444 0.6861112229166667 0.16842120277777778 0.6836167640624999 0.16841550277777778 0.6836510177083334 0.17845825 0.7005903687499999 0.1785551435185185 0.7006568609375 0.18864633796296296
3 0.6861313723958333 0.11813622129629629 0.6836228088541667 0.1181305212962963 0.6836107192708333 0.1374779138888889 0.6861515213541666 0.1374123685185185 0.6861313723958333 0.11813622129629629
3 0.6861777151041667 0.08712738703703704 0.6861434614583334 0.05987175833333334 0.6301692526041667 0.059854659259259264 0.6301732822916667 0.06341407777777779 0.6836409432291667 0.06337418055555555 0.6836107192708333 0.0871387861111111 0.6861777151041667 0.08712738703703704
3 0.6073886760416667 0.06962382407407408 0.60739270625 0.06335138240740741 0.6199194036458333 0.06333143333333334 0.6199335078125 0.05979481296296297 0.6055913760416666 0.05980051296296296 0.6055913760416666 0.06962382407407408 0.6073886760416667 0.06962382407407408
3 0.5853636911458333 0.17617839814814815 0.5870904692708333 0.17617839814814815 0.5871005442708334 0.1747192935185185 0.5941789239583334 0.1747192935185185 0.5941930286458333 0.17238529537037037 0.5870723354166666 0.17238814444444445 0.5866089057291667 0.10523226018518518 0.6073141244791667 0.10511256759259259 0.6073443479166667 0.08844400092592593 0.6055530927083334 0.0885123962962963 0.6055813015625 0.10223995462962963 0.5853616765624999 0.10210031388888889 0.5853636911458333 0.17617839814814815
3 0.6146846666666667 0.17474779166666665 0.6145738463541667 0.15712738703703702 0.613048559375 0.15712453703703705 0.6130183359375 0.1723653462962963 0.605937940625 0.17239099444444445 0.605937940625 0.17482188703703702 0.6146846666666667 0.17474779166666665
3 0.5866089057291667 0.15717868333333335 0.6145738463541667 0.15712738703703702 0.6145939953125 0.15491593055555555 0.5881664317708334 0.15497007685185185 0.5881744911458333 0.10752921018518519 0.6128269192708333 0.10751781111111111 0.612792665625 0.13836135648148148 0.6146141447916667 0.13836135648148148 0.6144892203125 0.10516386388888889 0.5866089057291667 0.10523226018518518 0.5866089057291667 0.15717868333333335
3 0.5375518838541667 0.09875463055555556 0.5404855932291667 0.0987831287037037 0.5405017125 0.13628954074074073 0.5437960911458333 0.1362467935185185 0.5437457182291666 0.05511256759259259 0.5405319364583333 0.055180962962962966 0.5405057427083333 0.09410088333333333 0.5375740479166667 0.09412938148148149 0.5375518838541667 0.09875463055555556
3 0.6148418296875 0.2948446851851852 0.6114245416666667 0.2948446851851852 0.6113943177083333 0.3493502425925926 0.6147833973958333 0.3493502425925926 0.6148418296875 0.2948446851851852
3 0.5788656057291667 0.24537475092592592 0.5867600239583334 0.24536905092592595 0.5866975619791667 0.25361071574074073 0.5884041911458334 0.25359076666666663 0.5883981463541667 0.22078939907407408 0.6040781786458334 0.22081219722222223 0.60407011875 0.24167854074074077 0.6112230505208333 0.24167854074074077 0.6112552890625 0.23927614722222224 0.6057545838541666 0.23924764907407406 0.6057384645833334 0.21843545185185187 0.5884263552083334 0.21838700462962965 0.5883759822916667 0.2114220574074074 0.6128128145833334 0.2113821601851852 0.6128672171874999 0.23931034444444446 0.6113963328125 0.23926474814814816 0.611444690625 0.2701367907407407 0.5866915171875 0.2700997435185185 0.5866915171875 0.272502137037037 0.6114043927083334 0.2725220861111111 0.6114265567708334 0.27317184351851853 0.6147592182291667 0.27317184351851853 0.6146081 0.20904531203703702 0.5867318156250001 0.20907951018518517 0.5867298005208333 0.24283556574074072 0.5788857546875 0.2429039611111111 0.5788656057291667 0.24537475092592592
3 0.7058956276041666 0.2634824740740741 0.7026072937500001 0.26351097222222225 0.7026274432291667 0.30280706759259257 0.7059580901041667 0.3028184666666667 0.7058956276041666 0.2634824740740741
3 0.6723493854166667 0.22821601574074074 0.6723493854166667 0.22604445740740742 0.6707152932291667 0.22605585648148147 0.6707253677083334 0.22680820740740743 0.6691476927083334 0.22680820740740743 0.6691476927083334 0.22619834722222223 0.6325609510416667 0.22620404629629629 0.6325609510416667 0.23097463703703702 0.7002800723958333 0.23075235092592591 0.7002458192708333 0.22820176666666667 0.6723493854166667 0.22821601574074074
3 0.7060124921875001 0.2237845537037037 0.7025851302083334 0.22384725 0.7025931895833334 0.2451610148148148 0.705937940625 0.2451610148148148 0.7060124921875001 0.2237845537037037
3 0.7026213984375 0.2054317472222222 0.7059862984374999 0.2054317472222222 0.7060084624999999 0.17077515000000001 0.6895123916666667 0.1708292962962963 0.689506346875 0.16837845555555556 0.6861112229166667 0.16842120277777778 0.6861212973958334 0.17546594444444444 0.7025972192708333 0.17551724166666666 0.7026213984375 0.2054317472222222
3 0.689532540625 0.11809632407407408 0.6861313723958333 0.11813622129629629 0.6861515213541666 0.1374123685185185 0.6895466453125 0.1374123685185185 0.689532540625 0.11809632407407408
3 0.6706911140624999 0.2068025074074074 0.6723554302083333 0.2068025074074074 0.6723836390625001 0.18873468240740743 0.7006568609375 0.18864633796296296 0.7006266369791666 0.18628954074074072 0.6855671973958334 0.18637218611111112 0.6856498083333334 0.1784440009259259 0.6839472093750001 0.1784440009259259 0.6839250453125001 0.1863237388888889 0.6343703406250001 0.18581362222222222 0.6344529520833333 0.14850669722222223 0.6325891598958333 0.14850669722222223 0.6326153536458333 0.18848959814814817 0.6706890994791667 0.18850099722222222 0.6706911140624999 0.2068025074074074
3 0.6325045333333333 0.12450270740740739 0.63255490625 0.12926189814814815 0.6836772114583333 0.12922485 0.6836530322916666 0.12461385 0.6325045333333333 0.12450270740740739
3 0.6343925046875001 0.06335993148148147 0.6325811 0.06335993148148147 0.63260729375 0.10536620092592593 0.6343925046875001 0.10536620092592593 0.6343925046875001 0.06335993148148147
3 0.6895164213541667 0.0870960388888889 0.6894680635416666 0.05515531481481482 0.6301390286458334 0.05519521203703704 0.6301692526041667 0.059854659259259264 0.6861434614583334 0.05987175833333334 0.6861817447916666 0.08711028796296295 0.6895164213541667 0.0870960388888889
3 0.6055933911458333 0.069620975 0.6055913760416666 0.05980051296296296 0.6199335078125 0.05979481296296297 0.6199355229166666 0.055180962962962966 0.6017650614583334 0.05519806203703703 0.6017469270833333 0.05979766296296296 0.6024642354166667 0.05974636666666667 0.6024581906250001 0.069609575 0.6055933911458333 0.069620975
3 0.5405823088541666 0.15927614722222222 0.5405702197916666 0.16382160185185185 0.5819584927083333 0.16371900833333333 0.5819987911458333 0.17616414907407407 0.5853636911458333 0.17616414907407407 0.585373765625 0.09288116296296296 0.6039069109375 0.0929039611111111 0.6039552687499999 0.10222570555555556 0.6055611526041667 0.10222570555555556 0.6055530927083334 0.0885123962962963 0.5853818255208334 0.08826161296296296 0.5853717510416666 0.05517811296296297 0.5553072739583332 0.05517241388888889 0.5552851098958332 0.05983756018518519 0.582008865625 0.05977486481481482 0.5820048359375 0.1591764037037037 0.5405823088541666 0.15927614722222222
4 0.6815917791666667 0.37614705 0.6326496072916666 0.3760473064814815 0.6326496072916666 0.3858221712962963 0.6815917791666667 0.3858791675925926 0.6815917791666667 0.37614705
4 0.5768184567708333 0.38407808518518516 0.5768184567708333 0.3799259046296296 0.5632560953125 0.3799259046296296 0.563278259375 0.3841322314814815 0.5768184567708333 0.38407808518518516
3 0.6129055005208334 0.35205756666666665 0.6128853515625 0.3796295240740741 0.63266975625 0.37959817592592593 0.6326596817708333 0.3760473064814815 0.6146121296874999 0.3760900537037037 0.6146201895833333 0.34935594166666667 0.6113943177083333 0.3493502425925926 0.6113862583333333 0.3487888287037037 0.6105923838541667 0.3487888287037037 0.6105863390625 0.353659162037037 0.6108341729166666 0.353659162037037 0.6108442473958333 0.3520860648148148 0.6129055005208334 0.35205756666666665
3 0.6815917791666667 0.3796409231481482 0.7026475921875 0.3796295240740741 0.7026274432291667 0.3341778287037037 0.7000866411458334 0.3341179824074074 0.7000866411458334 0.37603590740740744 0.6815817046875 0.37611855185185183 0.6815917791666667 0.3796409231481482
3 0.5541184765625 0.23971786851851853 0.5541466854166667 0.35783699074074077 0.5559097317708334 0.35783699074074077 0.5558795083333333 0.38442576203703704 0.563278259375 0.3844571101851852 0.5632762442708333 0.3796551722222222 0.5599778359375001 0.37968937037037037 0.5598871651041667 0.35453690555555556 0.5792363489583334 0.3545426046296296 0.5792363489583334 0.3631547453703704 0.5808865604166668 0.3631547453703704 0.5808563369791667 0.35662296944444444 0.5839451942708334 0.35662296944444444 0.583884746875 0.35212596203703705 0.5581624015625 0.3520974638888889 0.5581462822916666 0.272698775 0.5670703203124999 0.272698775 0.5670703203124999 0.27025648333333335 0.5581120291666667 0.27030777962962965 0.5581684463541666 0.2452265601851852 0.5671650213541667 0.24531205462962966 0.5671650213541667 0.2428099175925926 0.5581684463541666 0.24289541203703705 0.5581664317708334 0.23393559444444445 0.5562079385416666 0.2339640925925926 0.5562663713541667 0.2071444851851852 0.5853959296875 0.20716728425925926 0.5854241385416666 0.19950413240740741 0.5819685671875 0.19947563425925927 0.5819605078125 0.20237959537037037 0.55216804375 0.20244229166666666 0.5522526697916667 0.23964377314814814 0.5541184765625 0.23971786851851853
3 0.6326596817708333 0.37961242500000003 0.6128853515625 0.3796295240740741 0.6129055005208334 0.35205756666666665 0.6108442473958333 0.3520860648148148 0.6109752166666667 0.38441436296296294 0.6326395322916666 0.38441436296296294 0.6326596817708333 0.37961242500000003
3 0.6815817046875 0.38437161574074075 0.706000403125 0.38442861203703704 0.7059802536458334 0.33414933055555557 0.7026274432291667 0.3341778287037037 0.7026475921875 0.3796295240740741 0.6815817046875 0.3796551722222222 0.6815817046875 0.38437161574074075
3 0.5838968364583333 0.3844428611111111 0.5838867619791667 0.3798831574074074 0.5808442473958333 0.37989740648148146 0.580854321875 0.37778569351851854 0.5792806770833334 0.3777885435185185 0.5792766473958333 0.3798831574074074 0.5768265161458334 0.3798831574074074 0.5768265161458334 0.38442861203703704 0.5838968364583333 0.3844428611111111
2 0.5838766875 0.1994528351851852 0.5838968364583333 0.17614135092592595 0.5666774130208334 0.1762154462962963 0.5666713682291667 0.1994499861111111 0.5838766875 0.1994528351851852
2 0.5405017125 0.13628954074074073 0.5405823088541666 0.15927614722222222 0.5576727786458334 0.15915075555555555 0.5576727786458334 0.13635508703703705 0.5405017125 0.13628954074074073
2 0.6706911140624999 0.2068025074074074 0.6707152932291667 0.22605585648148147 0.68525085625 0.22611000277777776 0.6852992140624999 0.20677400925925926 0.6706911140624999 0.2068025074074074
3 0.6325609510416667 0.23097463703703702 0.6325448317708333 0.2468110574074074 0.6343159380208333 0.2468110574074074 0.6342957890625001 0.23096323703703703 0.6325609510416667 0.23097463703703702
2 0.6341426557291666 0.22621544629629628 0.6340378802083334 0.20963237407407406 0.6300423130208334 0.2096352240740741 0.6300886562500001 0.22620974629629628 0.6341426557291666 0.22621544629629628
3 0.6146403385416667 0.19992875462962964 0.613145275 0.19992875462962964 0.6131251260416666 0.20905101203703705 0.6146081 0.20904531203703702 0.6146403385416667 0.19992875462962964
3 0.6326153536458333 0.18848959814814817 0.6326556520833333 0.20963237407407406 0.6340378802083334 0.20963237407407406 0.6340378802083334 0.18849814722222222 0.6326153536458333 0.18848959814814817
2 0.63255490625 0.12926189814814815 0.6325891598958333 0.14850669722222223 0.6469715895833333 0.14859219166666668 0.6469111427083334 0.12927329722222222 0.63255490625 0.12926189814814815
2 0.63260729375 0.10536620092592593 0.6325045333333333 0.12450270740740739 0.646925246875 0.12453405555555555 0.646925246875 0.1054459962962963 0.63260729375 0.10536620092592593
2 0.6073443479166667 0.08844400092592593 0.6073886760416667 0.06962382407407408 0.5921478942708334 0.06963807314814816 0.5921478942708334 0.08838700462962963 0.6073443479166667 0.08844400092592593
2 0.6145939953125 0.15491593055555555 0.6146141447916667 0.13836135648148148 0.6020753578125 0.13837845555555556 0.6020471489583333 0.15487033333333333 0.6145939953125 0.15491593055555555
4 0.6109449927083334 0.3798831574074074 0.5838766875 0.37989740648148146 0.5839069109375 0.3858791675925926 0.6109752166666667 0.3858791675925926 0.6109449927083334 0.3798831574074074
2 0.605937940625 0.17239099444444445 0.5941930286458333 0.17238529537037037 0.5941668343750001 0.1785066972222222 0.6059137619791667 0.17853519537037038 0.605937940625 0.17239099444444445
2 0.5886379208333333 0.24234824722222223 0.5981281484375 0.24233969814814815 0.5981301630208333 0.23520091203703705 0.588607696875 0.23519521203703703 0.5886379208333333 0.24234824722222223
3 0.34779165833333336 0.1340210888888889 0.346167640625 0.1340210888888889 0.346193834375 0.16721288148148147 0.3478178520833334 0.16721288148148147 0.34779165833333336 0.1340210888888889
3 0.21063671145833332 0.13685665462962962 0.21062663697916667 0.13381875185185185 0.21112029010416666 0.13381305185185186 0.21112029010416666 0.1291707037037037 0.2022788635416667 0.12919350277777777 0.20226878906249998 0.13398974074074074 0.20737255677083333 0.13397549166666667 0.20736248229166668 0.13682815648148147 0.21063671145833332 0.13685665462962962
3 0.2338243 0.23782844074074075 0.23044932499999998 0.23782844074074075 0.23048962343749999 0.28012824166666667 0.23383840416666668 0.28012824166666667 0.2338243 0.23782844074074075
3 0.28886157552083336 0.17353947037037037 0.28773725572916664 0.17353947037037037 0.28771710677083334 0.1718609287037037 0.28575861354166665 0.17183243055555555 0.28567600260416665 0.21363066388888888 0.28892403802083333 0.21363066388888888 0.28886157552083336 0.17353947037037037
3 0.23048559322916665 0.2135793675925926 0.20741285520833333 0.21359646666666665 0.20740278072916668 0.21291251111111112 0.2056840619791667 0.21291251111111112 0.2056699578125 0.21591336574074074 0.2304976828125 0.21591336574074074 0.23048559322916665 0.2135793675925926
3 0.20736248229166668 0.13682815648148147 0.20737255677083333 0.13397549166666667 0.20226878906249998 0.13398974074074074 0.2022788635416667 0.13744086666666666 0.20546443697916666 0.13745511574074074 0.20547249635416664 0.13683385555555555 0.20736248229166668 0.13682815648148147
3 0.3988333666666667 0.1674266175925926 0.3820713276041667 0.16738671944444444 0.3820713276041667 0.1679680824074074 0.3988232921875 0.16801082962962963 0.3988333666666667 0.1674266175925926
4 0.19460205520833332 0.31590766574074075 0.18110820052083335 0.3159276148148148 0.18107394739583332 0.3202279851851852 0.1946302640625 0.32014249074074075 0.19460205520833332 0.31590766574074075
4 0.22888373958333333 0.28558278703703704 0.20202901458333333 0.2856169851851852 0.202035059375 0.2910401824074074 0.228881725 0.2910401824074074 0.22888373958333333 0.28558278703703704
2 0.20547249635416664 0.13683385555555555 0.20557525677083335 0.15563123425925926 0.2203747734375 0.15563693333333334 0.22039895208333335 0.13685095462962965 0.20547249635416664 0.13683385555555555
2 0.20247430989583334 0.18629524074074075 0.19041305677083334 0.18635508703703704 0.19042917604166665 0.19258478240740742 0.20249042916666668 0.1925990314814815 0.20247430989583334 0.18629524074074075
2 0.2338243 0.23782844074074075 0.23382631458333333 0.21623824444444445 0.21659278645833335 0.21625249351851852 0.21667136822916666 0.23788543703703702 0.2338243 0.23782844074074075
2 0.19702800729166667 0.2991108574074074 0.19703002239583334 0.31384725 0.20856336875 0.3139042462962963 0.20856336875 0.2991279564814815 0.19702800729166667 0.2991108574074074
2 0.3158815234375 0.23887432314814813 0.30231513177083336 0.2389085212962963 0.30233528125000003 0.25932174444444445 0.31594398541666663 0.2593074953703704 0.3158815234375 0.23887432314814813
2 0.30736651197916665 0.21352522129629628 0.3190610515625 0.2132858361111111 0.31902679843750004 0.19573667685185187 0.3074068104166667 0.1956967796296296 0.30736651197916665 0.21352522129629628
2 0.3007979046875 0.21119407222222222 0.288915978125 0.21122257037037037 0.288915978125 0.21736107129629628 0.3007979046875 0.21741806759259258 0.3007979046875 0.21119407222222222
2 0.2857384645833333 0.15245084074074075 0.28575861354166665 0.17183243055555555 0.30045738489583335 0.17188942685185185 0.300493653125 0.15253633518518517 0.2857384645833333 0.15245084074074075
2 0.36831755000000005 0.2033912796296296 0.36829538593750005 0.18673126203703702 0.3639532541666667 0.1867683101851852 0.36404190989583335 0.20343687685185186 0.36831755000000005 0.2033912796296296
2 0.349647390625 0.16962952407407406 0.3658714489583333 0.16967227129629628 0.365841225 0.1457081787037037 0.349647390625 0.14566258148148148 0.349647390625 0.16962952407407406
3 0.22269796510416665 0.1848304361111111 0.21713479739583336 0.18484468518518518 0.21713479739583336 0.18581077222222223 0.22270803958333335 0.18585351944444445 0.22269796510416665 0.1848304361111111
3 0.3022949828125 0.2386890851851852 0.2915897640625 0.2387318324074074 0.2915897640625 0.2537902537037037 0.3023252067708333 0.2538757481481482 0.3022949828125 0.2386890851851852
3 0.2449647390625 0.21383585092592594 0.23381422552083334 0.2138586490740741 0.23381624010416668 0.21622399537037038 0.2449949625 0.21618979722222223 0.2449647390625 0.21383585092592594
3 0.28775135989583334 0.13745511574074074 0.292431996875 0.13748361388888888 0.2923916984375 0.13394699351851852 0.2662381625 0.13398974074074074 0.26623010260416663 0.1375833574074074 0.28603465625 0.13765460277777777 0.2860306265625 0.1524194925925926 0.28777755364583335 0.15244799074074075 0.28775135989583334 0.13745511574074074
3 0.26621801354166663 0.12923055 0.26622808802083336 0.13398974074074074 0.29240177291666664 0.13393274444444445 0.2923775942708333 0.1291707037037037 0.26621801354166663 0.12923055
4 0.26617771510416666 0.1293445425925926 0.24886157552083335 0.12927329722222222 0.2488756802083333 0.1376318037037037 0.26623010260416663 0.1375833574074074 0.26617771510416666 0.1293445425925926
4 0.20223050572916668 0.1293445425925926 0.190739471875 0.12927329722222222 0.19074954687499998 0.13759760648148148 0.2022788635416667 0.13762610462962963 0.20223050572916668 0.1293445425925926
3 0.18146886979166668 0.1863037898148148 0.18148901874999998 0.18866628703703703 0.1904090265625 0.18866628703703703 0.19041305677083334 0.18635508703703704 0.18146886979166668 0.1863037898148148
3 0.23382631458333333 0.1827557712962963 0.23046342916666665 0.18275862037037038 0.23049163802083333 0.21622399537037038 0.23382631458333333 0.21623824444444445 0.23382631458333333 0.1827557712962963
3 0.20247430989583334 0.18629524074074075 0.20245214583333335 0.18859219166666666 0.20565988333333335 0.1886206898148148 0.20568003229166668 0.19730977500000002 0.20738867604166666 0.19730977500000002 0.2074309890625 0.16408378425925926 0.22313318541666666 0.16411513240740738 0.22313318541666666 0.1850555712962963 0.23046342916666665 0.18502707314814815 0.23046342916666665 0.18275862037037038 0.224757203125 0.18269877499999998 0.224757203125 0.16408378425925926 0.2318597625 0.16402678796296297 0.231867821875 0.1827557712962963 0.23371549479166667 0.1827557712962963 0.23379609114583333 0.16184383055555557 0.2056840619791667 0.16205756666666668 0.20565988333333335 0.18629524074074075 0.20247430989583334 0.18629524074074075
3 0.31930284114583335 0.1471558851851852 0.3193370942708333 0.17388714722222223 0.28886157552083336 0.1737902537037037 0.28887970989583334 0.1762695925925926 0.30569010677083336 0.17611855185185185 0.3055893614583333 0.211159875 0.3007979046875 0.21113137685185185 0.3007878296875 0.213462525 0.30736651197916665 0.21352522129629628 0.3073624822916667 0.17612140185185185 0.34084021770833334 0.17607295555555555 0.34089260520833337 0.21083214629629632 0.3190771708333333 0.21095183796296296 0.3190610515625 0.2132858361111111 0.3489119484375 0.21330863518518517 0.3489119484375 0.211151325 0.3425065484375 0.21117412407407407 0.34249042916666667 0.17381590185185183 0.3208643963541667 0.17376460555555556 0.3208482770833333 0.161148475 0.3341084020833333 0.161148475 0.3340378802083333 0.17376460555555556 0.3427160989583333 0.17356796851851852 0.3427503526041667 0.17433171851851853 0.3495184364583333 0.17440296388888887 0.3493975416666667 0.17190082685185185 0.3354664515625 0.171923625 0.33544025781250003 0.15921060092592593 0.3220854322916667 0.15919350277777777 0.322061253125 0.13397549166666667 0.3039512390625 0.13393274444444445 0.3039713880208333 0.13685665462962962 0.30550096302083335 0.13685953148148147 0.30428369947916667 0.1368709037037037 0.30429175885416665 0.1471558851851852 0.31930284114583335 0.1471558851851852
3 0.30580900677083334 0.1368601111111111 0.3058553296875 0.14476489074074073 0.3206770098958333 0.14480193796296295 0.32063469687499996 0.13688800185185185 0.30580900677083334 0.1368601111111111
3 0.2055732421875 0.15562268425925926 0.20559339114583333 0.16205756666666668 0.2337759421875 0.16184383055555557 0.2338464640625 0.13777999444444444 0.248881725 0.13762610462962963 0.24886157552083335 0.12915930462962963 0.22818255104166668 0.12921630092592593 0.22819262552083333 0.13394699351851852 0.22890590364583333 0.1339612425925926 0.22885956093749998 0.1556625814814815 0.2055732421875 0.15562268425925926
3 0.33544025781250003 0.15921060092592593 0.3354664515625 0.171923625 0.34959097343749995 0.17190367592592593 0.34961716718749997 0.16722997962962963 0.3386117265625 0.1672470787037037 0.3386117265625 0.1544428611111111 0.32543018333333334 0.1544428611111111 0.32545637708333336 0.1339583925925926 0.35788635885416664 0.13397834166666667 0.35788635885416664 0.12924479907407407 0.30393914947916667 0.12919065277777778 0.3039512390625 0.13394699351851852 0.3220411041666667 0.13397549166666667 0.3220854322916667 0.15919350277777777 0.33544025781250003 0.15921060092592593
3 0.3496151520833333 0.7416186944444444 0.3496151520833333 0.744231975 0.3657848078125 0.744231975 0.3657848078125 0.7415474490740741 0.3496151520833333 0.7416186944444444
3 0.33592988125 0.8149073814814815 0.3358815234375 0.7442604731481482 0.3361615958333333 0.7442633231481481 0.33614144687499997 0.7415502990740741 0.3078460609375 0.7414961527777777 0.3078198671875 0.7441835277777777 0.3340721338541667 0.7441977768518518 0.3340721338541667 0.8149216305555556 0.33592988125 0.8149073814814815
3 0.2939854927083333 0.7414277574074074 0.29068708437499996 0.7413850101851852 0.29071529322916667 0.7828697638888888 0.2939854927083333 0.7828697638888888 0.2939854927083333 0.7414277574074074
3 0.23301632083333335 0.7405357648148149 0.229506346875 0.7404930175925926 0.22953657083333334 0.7828270166666667 0.23292564999999998 0.782909661111111 0.23301632083333335 0.7405357648148149
3 0.20954060052083331 0.6396836703703704 0.20953657083333335 0.636734112037037 0.21026596822916668 0.636734112037037 0.21022365520833333 0.6320205185185186 0.20128954270833335 0.6320205185185186 0.20130969166666668 0.6366771157407407 0.20649607083333335 0.6367027638888889 0.20646786197916667 0.6396836703703704 0.20954060052083331 0.6396836703703704
3 0.20648398125 0.6584468509259259 0.20648398125 0.6628412657407408 0.230942978125 0.6628412657407408 0.2310437234375 0.6366657166666667 0.247938746875 0.6366457675925926 0.247912553125 0.6320832148148148 0.22723957291666666 0.6320718157407408 0.22724964739583334 0.6365973212962963 0.22793471666666668 0.6365973212962963 0.227912553125 0.658278712037037 0.20648398125 0.6584468509259259
3 0.26525891614583336 0.6320205185185186 0.26529316927083335 0.6366856657407407 0.291507153125 0.6366457675925926 0.2915313317708333 0.6320205185185186 0.26525891614583336 0.6320205185185186
3 0.334537578125 0.6618837277777778 0.33459802552083334 0.6746337990740741 0.3486560546875 0.6746337990740741 0.34863792083333334 0.6701082925925925 0.33773322604166667 0.6700569962962963 0.33773322604166667 0.6573325731481481 0.32451742916666665 0.6573639212962963 0.3245254885416667 0.636728412962963 0.3569937536458333 0.6366771157407407 0.35697964947916666 0.6320547166666667 0.30301027604166664 0.6320205185185186 0.30304654427083333 0.6366001712962963 0.3210779770833333 0.6367027638888889 0.32104170885416666 0.6617896833333333 0.334537578125 0.6618837277777778
3 0.2868406208333333 0.6400769453703704 0.2850594401041667 0.6400826444444445 0.2850272010416666 0.6553206037037037 0.28678621822916667 0.6553234537037037 0.2868406208333333 0.6400769453703704
3 0.3183276244791667 0.6765061268518519 0.2867076364583333 0.6765004277777777 0.28669353229166666 0.6745397546296296 0.2848176505208333 0.6745397546296296 0.28476123333333336 0.7163636361111111 0.28802941770833335 0.7163636361111111 0.288079790625 0.6789541175925926 0.3047793671875 0.6789541175925926 0.3047793671875 0.7159333138888889 0.3064275640625 0.7159333138888889 0.30643159375 0.6788999712962962 0.3399355229166667 0.6788828722222222 0.3398932098958333 0.7136962101851853 0.31815031250000003 0.7136905101851851 0.31815031250000003 0.7159789111111111 0.34182349375 0.7159418638888889 0.34161394322916666 0.6764833287037036 0.3198629859375 0.676523225925926 0.3198045536458333 0.6477799944444445 0.30497078385416665 0.6476289537037037 0.3049566796875 0.6396551722222222 0.30334878072916666 0.6396409231481481 0.3033608703125 0.650019949074074 0.31829135625 0.6500997435185185 0.3183276244791667 0.6765061268518519
3 0.30478944166666666 0.7139697916666666 0.29986097135416667 0.7139697916666666 0.29986097135416667 0.7159076657407408 0.3047793671875 0.7159333138888889 0.30478944166666666 0.7139697916666666
3 0.3331996776041667 0.6639669425925926 0.3331493046875 0.6765004277777777 0.34863792083333334 0.6767113138888888 0.3486560546875 0.6746337990740741 0.33459802552083334 0.6746337990740741 0.334537578125 0.6618837277777778 0.32104170885416666 0.6617896833333333 0.3210779770833333 0.6367027638888889 0.303048559375 0.6365887712962963 0.303048559375 0.6396266740740741 0.31979649427083334 0.6397349675925926 0.31986097135416663 0.6640467370370371 0.3331996776041667 0.6639669425925926
3 0.34182349375 0.7159418638888889 0.34795889583333334 0.7159532629629629 0.34794479166666664 0.714049587037037 0.3418114041666667 0.714029637962963 0.34182349375 0.7159418638888889
3 0.2047975015625 0.7188857222222222 0.2328329640625 0.7189512685185184 0.23280274010416668 0.6852807064814814 0.23275035260416665 0.6645454546296296 0.20480959114583333 0.6646167 0.20480959114583333 0.7001453407407408 0.20648398125 0.7001453407407408 0.20647390677083333 0.6668139074074074 0.2222244609375 0.6667455111111111 0.222123715625 0.6879994296296297 0.22964914583333332 0.6879823314814816 0.2295285109375 0.7164918777777778 0.206475921875 0.7164491305555555 0.206475921875 0.7156027361111111 0.20477533750000002 0.7156027361111111 0.2047975015625 0.7188857222222222
3 0.22964940572916664 0.68792095 0.22965948020833335 0.6855400398148148 0.23093491822916665 0.6855400398148148 0.23093491822916665 0.6668139074074074 0.22388273229166666 0.6666685666666667 0.22388273229166666 0.685568537962963 0.22964940572916664 0.685568537962963 0.22964940572916664 0.68792095
3 0.20648398125 0.6628412657407408 0.20648398125 0.6584468509259259 0.20477735260416668 0.6584326018518518 0.20480959114583333 0.6646167 0.23275035260416665 0.6645454546296296 0.23292766458333333 0.6404132231481482 0.24794882135416665 0.6403391277777777 0.247938746875 0.6366457675925926 0.2310437234375 0.6366657166666667 0.230942978125 0.6628412657407408 0.20648398125 0.6628412657407408
3 0.20646786197916667 0.6396694212962963 0.20649607083333335 0.6367027638888889 0.20130969166666668 0.6366771157407407 0.2012955875 0.6401538898148148 0.20456981666666665 0.6401681388888889 0.20456981666666665 0.6396694212962963 0.20646786197916667 0.6396694212962963
3 0.20104976822916668 0.7919521231481482 0.2010618578125 0.7884525509259259 0.180634696875 0.7884354518518518 0.18058633906250002 0.7189370194444444 0.19143260104166665 0.718834425925926 0.19140842239583333 0.7164975777777778 0.18058633906250002 0.7165659731481482 0.18062260729166668 0.6912197203703704 0.18956477916666667 0.6912083212962963 0.18955269010416667 0.6892590481481481 0.18059842812500002 0.6892932462962963 0.180634696875 0.6402507833333334 0.18981664322916666 0.640199487037037 0.18979649427083334 0.6366999148148148 0.17810799895833332 0.636728412962963 0.1779206125 0.7919521231481482 0.20104976822916668 0.7919521231481482
3 0.2328329640625 0.7189512685185184 0.24407213385416665 0.7189398685185185 0.24408825312500002 0.7166286694444445 0.23283497864583333 0.7167113138888889 0.2328329640625 0.7189512685185184
3 0.39785613541666665 0.6709632370370371 0.3978702395833333 0.6702536333333333 0.38107797708333335 0.6701225416666666 0.38109006666666667 0.6709062407407408 0.39785613541666665 0.6709632370370371
3 0.34530122916666667 0.6366343685185185 0.34537578072916664 0.6700911944444444 0.34677815833333336 0.6701111425925926 0.34686882916666667 0.6366343685185185 0.34530122916666667 0.6366343685185185
4 0.22721740885416666 0.6311199768518518 0.21022365520833333 0.6310344824074074 0.21025186354166667 0.6365004277777778 0.22724964739583334 0.6365973212962963 0.22721740885416666 0.6311199768518518
2 0.20456981666666665 0.6396694212962963 0.20477735260416668 0.6584326018518518 0.21940963125000001 0.6583043601851851 0.21943381041666665 0.6396694212962963 0.20456981666666665 0.6396694212962963
2 0.2015373765625 0.6892590481481481 0.18955269010416667 0.6892590481481481 0.18958492864583334 0.6952550583333333 0.20150916770833333 0.6952522083333333 0.2015373765625 0.6892590481481481
3 0.20482168020833333 0.6892390990740741 0.2015373765625 0.6892590481481481 0.2015373765625 0.6912368194444444 0.2048055609375 0.6912225703703704 0.20482168020833333 0.6892390990740741
2 0.20480959114583333 0.7001453407407408 0.20477533750000002 0.7156027361111111 0.21725770729166666 0.7156283842592592 0.21725770729166666 0.700205187037037 0.20480959114583333 0.7001453407407408
2 0.20691920208333334 0.6884041037037038 0.21616562552083335 0.68846395 0.21613943177083333 0.681547449074074 0.20691920208333334 0.6815759472222223 0.20691920208333334 0.6884041037037038
3 0.2217630463541667 0.6875776574074075 0.2161696552083333 0.6875434592592592 0.21616562552083335 0.68846395 0.22178924062500002 0.6884981472222222 0.2217630463541667 0.6875776574074075
2 0.2850272010416666 0.6553206037037037 0.285039290625 0.6745454546296297 0.29947813802083334 0.6745540037037037 0.29952246614583333 0.6553092046296296 0.2850272010416666 0.6553206037037037
2 0.29986097135416667 0.7139697916666666 0.2880596411458333 0.7140039898148148 0.2880838203125 0.7203305787037038 0.29988313541666667 0.7202564833333333 0.29986097135416667 0.7139697916666666
2 0.3674068104166667 0.7060786546296296 0.3673866614583333 0.6894642351851852 0.3629881119791667 0.6895012824074074 0.3630687083333333 0.7060957537037037 0.3674068104166667 0.7060786546296296
2 0.3064275640625 0.7159333138888889 0.31815031250000003 0.7159789111111111 0.31803344739583334 0.6983813055555556 0.30643159375 0.6983243092592593 0.3064275640625 0.7159333138888889
2 0.3485532942708333 0.6725448842592593 0.3648861578125 0.6725277861111111 0.3649667541666667 0.6483642064814815 0.3485532942708333 0.6483585064814814 0.3485532942708333 0.6725448842592593
2 0.3496151520833333 0.7416186944444444 0.33614144687499997 0.7415502990740741 0.3362280880208333 0.7623482472222222 0.3497501510416667 0.7623482472222222 0.3496151520833333 0.7416186944444444
2 0.3078460609375 0.7414961527777777 0.2939854927083333 0.7414277574074074 0.29394922447916666 0.7620062694444444 0.30783800104166664 0.7619635222222223 0.3078460609375 0.7414961527777777
3 0.30308079791666664 0.8184269018518519 0.2862341328125 0.818444000925926 0.2862341328125 0.8232031916666667 0.3031150515625 0.823263037962963 0.30308079791666664 0.8184269018518519
3 0.23098529114583333 0.7919948703703704 0.23101148489583334 0.8184354518518518 0.23723151302083334 0.8184582499999999 0.23723151302083334 0.8149073814814815 0.23280475520833335 0.8148931324074074 0.23292564999999998 0.782909661111111 0.22953657083333334 0.7828270166666667 0.22953657083333334 0.7883414074074074 0.22802135781250002 0.7883442574074074 0.22801128333333331 0.7919806212962963 0.23098529114583333 0.7919948703703704
3 0.6861777151041667 0.5869848962962962 0.6861434614583334 0.5597292675925926 0.6301692526041667 0.5597121685185186 0.6301732822916667 0.5632715870370371 0.6836409432291667 0.5632316898148148 0.6836107192708333 0.5869962953703703 0.6861777151041667 0.5869848962962962
3 0.6861313723958333 0.6179937305555555 0.6836228088541667 0.6179880305555555 0.6836107192708333 0.6373354231481482 0.6861515213541666 0.6372698777777778 0.6861313723958333 0.6179937305555555
3 0.7006568609375 0.6885038472222222 0.7001208947916666 0.6885009972222222 0.7001027604166666 0.7053405527777777 0.7026213984375 0.7052892564814814 0.7025972192708333 0.6753747509259259 0.6861212973958334 0.6753234537037037 0.6861112229166667 0.668278712037037 0.6836167640624999 0.668273012037037 0.6836510177083334 0.6783157592592592 0.7005903687499999 0.6784126527777777 0.7006568609375 0.6885038472222222
3 0.7025851302083334 0.7237047592592593 0.7001591781250001 0.7237047592592593 0.7000201489583334 0.7450441722222222 0.7025931895833334 0.7450185240740741 0.7025851302083334 0.7237047592592593
3 0.7026072937500001 0.7633684814814815 0.699981865625 0.7633684814814815 0.7001027604166666 0.8026674268518518 0.7026274432291667 0.8026645768518519 0.7026072937500001 0.7633684814814815
3 0.583884746875 0.8519834712962963 0.5838464640625 0.8487261324074075 0.5581382229166666 0.8487774296296297 0.5581624015625 0.8519549731481482 0.583884746875 0.8519834712962963
3 0.60368325625 0.7412909657407407 0.5981281484375 0.7412909657407407 0.5981281484375 0.7421972074074075 0.60368325625 0.7422228555555556 0.60368325625 0.7412909657407407
3 0.5562079385416666 0.7338216018518519 0.5580153135416667 0.7337902537037037 0.5580153135416667 0.7094157879629629 0.5867378604166666 0.7094157879629629 0.5867318156250001 0.7089370194444444 0.5871025588541666 0.7089256194444444 0.587118678125 0.699424337037037 0.5854241385416666 0.6993616416666667 0.5853959296875 0.7070247935185185 0.5562663713541667 0.7070019944444444 0.5562079385416666 0.7338216018518519
4 0.6105823088541666 0.8486320888888889 0.5838464640625 0.8487261324074075 0.5839230302083334 0.8536192648148149 0.6105863390625 0.8535166712962963 0.6105823088541666 0.8486320888888889
4 0.7001027604166666 0.8026674268518518 0.7000866411458334 0.8339754916666666 0.7069413661458334 0.8339583925925926 0.7069816640625 0.8026759759259259 0.7001027604166666 0.8026674268518518
4 0.7000201489583334 0.7450441722222222 0.699981865625 0.7633684814814815 0.7058956276041666 0.7633399833333334 0.705937940625 0.7450185240740741 0.7000201489583334 0.7450441722222222
4 0.7001027604166666 0.7053405527777777 0.7001591781250001 0.7237047592592593 0.7060124921875001 0.723642062962963 0.7059862984374999 0.7052892564814814 0.7001027604166666 0.7053405527777777
4 0.6836107192708333 0.6373354231481482 0.6836167640624999 0.668273012037037 0.6905299213541666 0.6682359648148148 0.690519846875 0.6372698777777778 0.6836107192708333 0.6373354231481482
4 0.5553072739583332 0.5550299231481481 0.5437457182291666 0.554970076851852 0.5437960911458333 0.5597064694444445 0.5552851098958332 0.5596950694444445 0.5553072739583332 0.5550299231481481
2 0.5866975619791667 0.753468225 0.5866915171875 0.7699572527777778 0.5992585130208333 0.7699658018518519 0.5992282895833333 0.7535138212962963 0.5866975619791667 0.753468225
2 0.6148418296875 0.7947021944444445 0.6147592182291667 0.7730293527777778 0.5974229296875 0.7730550018518518 0.5974773322916668 0.794799087962963 0.6148418296875 0.7947021944444445
2 0.5788857546875 0.7427614703703703 0.5671650213541667 0.7426674268518518 0.5671549463541666 0.7487688796296297 0.5788857546875 0.7486833851851852 0.5788857546875 0.7427614703703703
2 0.5908865604166667 0.8630436018518518 0.5789320973958334 0.8629666574074074 0.5789139635416666 0.8776574518518518 0.5908180536458333 0.8776660018518518 0.5908865604166667 0.8630436018518518
4 0.6301390286458334 0.5550527212962963 0.6199355229166666 0.5550384722222222 0.6199194036458333 0.5631889425925926 0.6301732822916667 0.5632715870370371 0.6301390286458334 0.5550527212962963
4 0.6904916380208334 0.5869535481481482 0.6836107192708333 0.5869962953703703 0.6836228088541667 0.6179880305555555 0.6905399958333334 0.6179367342592592 0.6904916380208334 0.5869535481481482
4 0.5853657062500001 0.559415787962963 0.6017469270833333 0.5596551722222223 0.6017449125 0.554237675 0.5853636911458333 0.5541835277777777 0.5853657062500001 0.559415787962963
4 0.22802135781250002 0.7883442574074074 0.2010618578125 0.7884525509259259 0.20104573854166666 0.7935993157407407 0.22800725364583335 0.7935993157407407 0.22802135781250002 0.7883442574074074
3 0.26529316927083335 0.6366856657407407 0.26530324375 0.6403932740740741 0.29151722760416665 0.6402108861111111 0.291507153125 0.6366600166666666 0.26529316927083335 0.6366856657407407
4 0.30301027604166664 0.6320205185185186 0.2915313317708333 0.6320205185185186 0.29151722760416665 0.6402108861111111 0.30306064895833335 0.6403163296296297 0.30301027604166664 0.6320205185185186
4 0.26525891614583336 0.6320205185185186 0.247912553125 0.6320832148148148 0.24794882135416665 0.6403391277777777 0.26530324375 0.6403932740740741 0.26525891614583336 0.6320205185185186
4 0.20128954270833335 0.6320205185185186 0.18979649427083334 0.6320433175925926 0.18981664322916666 0.640199487037037 0.2012955875 0.6401538898148148 0.20128954270833335 0.6320205185185186
4 0.19357848072916667 0.8187118833333333 0.1801632078125 0.8187147333333333 0.18017328229166668 0.8229096611111111 0.19357848072916667 0.8228669138888889 0.19357848072916667 0.8187118833333333
2 0.19611323802083333 0.8020091194444444 0.19610316354166668 0.8165973212962964 0.20761434635416667 0.8166742657407408 0.20767277864583333 0.8019977203703704 0.19611323802083333 0.8020091194444444
3 0.22950836197916666 0.818444000925926 0.22821277447916666 0.8184297518518518 0.22821277447916666 0.8232174407407408 0.23726173697916667 0.8232174407407408 0.23723151302083334 0.818472499074074 0.23101148489583334 0.8184354518518518 0.23098529114583333 0.7919948703703704 0.22801128333333331 0.7919806212962963 0.22803143281250002 0.7966400685185185 0.2294116463541667 0.7966600166666667 0.22950836197916666 0.818444000925926
3 0.28622405781250004 0.8184297518518518 0.30308079791666664 0.8184269018518519 0.30307273802083334 0.814807637962963 0.29386459791666664 0.8148503851851852 0.2939854927083333 0.7828697638888888 0.29071529322916667 0.7828697638888888 0.2908059640625 0.8148503851851852 0.2862139833333333 0.8148503851851852 0.28622405781250004 0.8184297518518518
3 0.3447995166666667 0.8184582499999999 0.32494055989583337 0.8184183527777779 0.32494055989583337 0.8232117416666667 0.3447995166666667 0.8232316898148149 0.3447995166666667 0.8184582499999999
4 0.2282228489583333 0.8187004842592592 0.2010135 0.8187432314814815 0.20102357447916666 0.8246537472222222 0.2282027 0.8246394981481481 0.2282228489583333 0.8187004842592592
3 0.1976606890625 0.8184098037037038 0.1976606890625 0.8165973212962964 0.19610316354166668 0.8165973212962964 0.19611726770833335 0.8184098037037038 0.19358855520833332 0.8184098037037038 0.1935724359375 0.8232031916666667 0.20102357447916666 0.8231889425925926 0.20100342552083333 0.8184297518518518 0.1976606890625 0.8184098037037038
4 0.36703606666666666 0.8147648907407408 0.3448095911458333 0.814836136111111 0.3447995166666667 0.8245825018518518 0.36705621614583334 0.824611 0.36703606666666666 0.8147648907407408
4 0.28622405781250004 0.8148503851851852 0.2372214385416667 0.8149073814814815 0.23726173697916667 0.824611 0.28622405781250004 0.824611 0.28622405781250004 0.8148503851851852
4 0.3249042916666667 0.8149358796296297 0.30307273802083334 0.814807637962963 0.30311908125000003 0.8245825018518518 0.3249727989583333 0.8245682527777778 0.3249042916666667 0.8149358796296297
3 0.37849687708333335 0.8053491018518518 0.37849687708333335 0.8183699055555556 0.36703606666666666 0.818472499074074 0.3670461416666667 0.8231319462962963 0.38185573229166664 0.8231632944444444 0.38182550885416666 0.8053491018518518 0.3927725166666667 0.8053491018518518 0.39274229270833333 0.8007666 0.38107797708333335 0.8007267027777778 0.3811061859375 0.701342262962963 0.40165021145833335 0.7012567685185185 0.4015897640625 0.6966771157407408 0.4009611119791667 0.6966771157407408 0.4009530526041667 0.6702821314814815 0.3978702395833333 0.6702536333333333 0.3978702395833333 0.696719862962963 0.38107797708333335 0.696719862962963 0.38107797708333335 0.6701225416666666 0.3649123515625 0.6701652888888888 0.364942575 0.6746622972222222 0.3777473302083333 0.6747477916666667 0.3777473302083333 0.8053063546296296 0.37849687708333335 0.8053491018518518
3 0.3674068104166667 0.677298375925926 0.3759681645833333 0.6773268740740741 0.3760729395833333 0.7162410944444445 0.3673866614583333 0.7162410944444445 0.3674068104166667 0.7060786546296296 0.36570018125000003 0.7060786546296296 0.3657848078125 0.744231975 0.3760084625 0.7442804222222222 0.3759681645833333 0.814799087962963 0.36703606666666666 0.8148931324074074 0.3670461416666667 0.818472499074074 0.37849687708333335 0.8183699055555556 0.37849687708333335 0.8053491018518518 0.3777473302083333 0.8053063546296296 0.37775941979166666 0.7415730981481482 0.37774330260416666 0.7415730981481482 0.3777473302083333 0.6747477916666667 0.3650533953125 0.67461955 0.3650533953125 0.677298375925926 0.3656800322916667 0.677298375925926 0.3657404796875 0.6894927333333334 0.3673866614583333 0.6894642351851852 0.3674068104166667 0.677298375925926
3 0.37603459843750003 0.7415730981481482 0.3759681645833333 0.7187717296296297 0.3675115859375 0.7188030777777777 0.3674914364583334 0.7415730981481482 0.37603459843750003 0.7415730981481482
3 0.32494055989583337 0.8184183527777779 0.3447995166666667 0.818444000925926 0.3448095911458333 0.8148503851851852 0.3249042916666667 0.8149358796296297 0.32494055989583337 0.8184183527777779
3 0.6073886760416667 0.5694813333333334 0.60739270625 0.5632088916666668 0.6199194036458333 0.5631889425925926 0.6199335078125 0.5596523222222222 0.6055913760416666 0.5596580222222222 0.6055913760416666 0.5694813333333334 0.6073886760416667 0.5694813333333334
3 0.18015716302083332 0.8184297518518518 0.17809389479166665 0.818444000925926 0.17810799895833332 0.7942804222222222 0.19608301406249998 0.794234825 0.19611323802083333 0.8020091194444444 0.19769695729166664 0.8020091194444444 0.19769695729166664 0.7966514675925926 0.20104976822916668 0.7965631231481481 0.20104976822916668 0.7919521231481482 0.1779206125 0.7919521231481482 0.17810799895833332 0.636728412962963 0.18979649427083334 0.6366999148148148 0.18979649427083334 0.6320433175925926 0.1747531734375 0.6320319175925926 0.17478541197916667 0.8232174407407408 0.1801632078125 0.8232174407407408 0.18015716302083332 0.8184297518518518
2 0.5886379208333333 0.7422057564814815 0.5981281484375 0.7421972074074075 0.5981301630208333 0.7350584212962963 0.588607696875 0.7350527212962963 0.5886379208333333 0.7422057564814815