1 0.3950997380208333 0 0 0.00022234907407407407 0 0.6300855185185185 0.000024179166666666667 1 0.9998972395833333 1 1 0.6856043333333334 1 0 0.3950997380208333 0
3 0.39195849270833333 0.48412200648148146 0.39184767291666667 0.47883694444444447 0.3808623817708333 0.4785262259259259 0.3805964135416666 0.3796465222222222 0.3766874875 0.3795980611111111 0.37676808385416666 0.40279361481481485 0.30148901875 0.40267958981481483 0.30148901875 0.40912770833333334 0.3766874875 0.40846636296296296 0.376272415625 0.48415621481481486 0.39195849270833333 0.48412200648148146
4 0.5358553296875 0.33903648796296293 0.5358049567708334 0.3464937287037037 0.61347975 0.3464937287037037 0.6134596010416666 0.3388255416666667 0.5358553296875 0.33903648796296293
4 0.2620572234375 0.6627480046296296 0.2620128953125 0.670116875925926 0.33973403177083333 0.6702964648148148 0.33979447916666666 0.6627137972222222 0.2620572234375 0.6627480046296296
4 0.4881120291666667 0.6628135694444445 0.48806770104166664 0.6701824398148148 0.5900060447916666 0.6704104907407407 0.5899455973958333 0.6626852907407407 0.4881120291666667 0.6628135694444445
4 0.6481200885416667 0.6629903074074074 0.6480757604166667 0.6703620296296297 0.7259721942708333 0.6703819842592593 0.7258714489583333 0.6628278222222223 0.6481200885416667 0.6629903074074074
3 0.24781382239583336 0.5363169898148148 0.2473705421875 0.7297605472222222 0.7528510979166666 0.7300456101851852 0.7528510979166666 0.2923888259259259 0.5369736046875 0.29230330648148145 0.5369736046875 0.2674173314814815 0.436731815625 0.2679589509259259 0.4367721135416666 0.37140821018518516 0.4197058229166667 0.3714652222222222 0.41968567395833334 0.37947548425925925 0.4427160989583333 0.37947548425925925 0.4428974411458333 0.27625427592592594 0.5309288734375 0.2763683009259259 0.5308684265625 0.3012827824074074 0.7469272619791667 0.3012827824074074 0.7468668145833333 0.7209521092592592 0.2537779567708333 0.7216932722222222 0.25323393125 0.5443557583333334 0.3015111828125 0.5446123148148148 0.301470884375 0.37967502870370373 0.4012734234375 0.37953819814814815 0.40126939375 0.3713797037037037 0.2953254078125 0.37135119722222226 0.2954060046875 0.5363454962962964 0.24781382239583336 0.5363169898148148
3 0.5111404390625 0.34005416203703703 0.5111202901041667 0.3454988601851852 0.5358049567708334 0.34518243981481483 0.5358049567708334 0.3399087796296296 0.5111404390625 0.34005416203703703
4 0.3518637921875 0.6631328388888889 0.35181946406250003 0.6705017101851851 0.4295990328125 0.6703534777777778 0.42963933125 0.6629418472222223 0.3518637921875 0.6631328388888889
3 0.44279669531250004 0.47782212129629636 0.4427362484375 0.3795039907407407 0.43888776927083334 0.37947548425925925 0.4388676203125 0.477899087962963 0.42192222447916666 0.4778506268518518 0.42192222447916666 0.48343785648148146 0.5395526901041666 0.483523375 0.5395728390625 0.4776225768518519 0.44279669531250004 0.47782212129629636
3 0.5900463427083333 0.6636830101851852 0.5900463427083333 0.6694982898148147 0.6481160588541666 0.6692702398148148 0.6480153135416666 0.6637400231481482 0.6253677213541666 0.6635689851851851 0.6256699578125 0.5368586092592592 0.6210961114583333 0.5368586092592592 0.6212774531249999 0.6636545037037037 0.5900463427083333 0.6636830101851852
3 0.43882732239583333 0.7214367157407408 0.44283699375 0.7214082101851852 0.44278057604166665 0.6690564425925926 0.4879427765625 0.6690564425925926 0.4881120291666667 0.6636545037037037 0.4427160989583333 0.6637115166666667 0.4430989322916667 0.5383694416666667 0.38188595625 0.5385974916666667 0.3817368526041667 0.5534407074074074 0.3645980255208333 0.5535917898148148 0.364537578125 0.559549600925926 0.38593592604166665 0.559321550925926 0.3858956276041667 0.5443557583333334 0.43902881302083335 0.5445267962962963 0.4387467255208334 0.6637970351851852 0.42965948020833333 0.6637970351851852 0.42961918177083336 0.6693244009259259 0.4299093291666667 0.6692816416666666 0.4390207536458333 0.6692417333333334 0.43882732239583333 0.7214367157407408
3 0.7017590166666667 0.3534293046296296 0.7017932703124999 0.35932155092592594 0.7469272619791667 0.35966362592592593 0.7469675598958333 0.35344925925925924 0.7017590166666667 0.3534293046296296
3 0.746925246875 0.5424258833333334 0.7468909932291666 0.5370096925925926 0.7129719927083333 0.5370724055555556 0.7129316947916667 0.5082269101851852 0.7087104572916666 0.5081698972222222 0.7088313520833334 0.5424600916666666 0.746925246875 0.5424258833333334
3 0.7258976427083332 0.6639025083333334 0.7259318958333334 0.6692730898148148 0.7469071125000001 0.6691562148148148 0.7469474109375 0.6638540481481481 0.7258976427083332 0.6639025083333334
2 0.6256901067708333 0.5368586092592592 0.6256901067708333 0.5731470925925927 0.6439451942708333 0.5730900796296297 0.6441063875 0.5368586092592592 0.6256901067708333 0.5368586092592592
2 0.7301632078125 0.35364880277777777 0.7301833567708333 0.3267388824074074 0.7044328026041666 0.32656784537037037 0.7045013098958334 0.35346921296296296 0.7301632078125 0.35364880277777777
2 0.6835281078125 0.3233352333333333 0.6835281078125 0.3596237175925926 0.7017831958333333 0.35956670462962964 0.7019443885416667 0.3233352333333333 0.6835281078125 0.3233352333333333
2 0.32334273645833334 0.5536516537037037 0.32334273645833334 0.5899401370370371 0.3415978239583334 0.5898831240740741 0.3417590166666667 0.5536516537037037 0.32334273645833334 0.5536516537037037
2 0.34616965520833337 0.5538454962962963 0.34616965520833337 0.5901339796296297 0.3644247432291667 0.5900769666666668 0.3645859359375 0.5538454962962963 0.34616965520833337 0.5538454962962963
2 0.35801732812500003 0.4479247435185185 0.35801732812500003 0.48421322685185186 0.376272415625 0.48415621481481486 0.37643360885416666 0.4479247435185185 0.35801732812500003 0.4479247435185185
2 0.4013439453125 0.34366305555555554 0.4013439453125 0.3799515388888889 0.4195990328125 0.3798945268518519 0.4197602255208333 0.34366305555555554 0.4013439453125 0.34366305555555554
3 0.44265565208333335 0.34013683055555555 0.4427160989583333 0.3456955527777778 0.467084425 0.3452736601851852 0.4670441265625 0.3398574685185185 0.44265565208333335 0.34013683055555555
2 0.6803002218749999 0.45768814166666666 0.6803203708333334 0.4307782212962963 0.6545698166666667 0.43060718333333337 0.6546383234375 0.45750855185185185 0.6803002218749999 0.45768814166666666
4 0.46709651406249997 0.33911060462962966 0.4670562161458333 0.34660775370370367 0.5110739473958333 0.3466647666666667 0.5111343942708333 0.33908209814814816 0.46709651406249997 0.33911060462962966
3 0.4708583515625 0.27625712685185183 0.470660890625 0.30087514259259257 0.4429115453125 0.3009692129629629 0.44290953072916667 0.30693557592592596 0.47501108177083334 0.30656499444444446 0.47474712864583335 0.27606898518518513 0.4708583515625 0.27625712685185183
3 0.3015434213541666 0.4786801592592592 0.3015434213541666 0.4847035351851852 0.35801732812500003 0.48421322685185186 0.357983075 0.47835803888888884 0.3015434213541666 0.4786801592592592
3 0.2535966151041667 0.6636545037037037 0.2535925848958333 0.6696721777777778 0.26201894010416665 0.6695267962962963 0.262016925 0.6635718361111111 0.2535966151041667 0.6636545037037037
3 0.32338907916666665 0.5592388824074074 0.32334273645833334 0.5536516537037037 0.31192826927083334 0.5535632842592593 0.3119846864583333 0.5387542759259258 0.3015393916666667 0.5386716074074075 0.3015111828125 0.5446123148148148 0.30795285104166664 0.5446664768518518 0.30792262760416667 0.5593614592592593 0.32338907916666665 0.5592388824074074
3 0.3398105984375 0.6696465222222222 0.3422526697916667 0.6696123148148148 0.3421801328125 0.7215735462962963 0.34587950833333336 0.7215735462962963 0.34573443489583333 0.6695781074074074 0.35180334479166664 0.6694412768518518 0.35180334479166664 0.6636259981481482 0.34583115052083335 0.663694412962963 0.34616965520833337 0.5538454962962963 0.3416723755208333 0.5538540481481482 0.34210759635416665 0.6637970351851852 0.33985895624999996 0.6637970351851852 0.3398105984375 0.6696465222222222
3 0.7084827723958332 0.3012856324074074 0.7043401166666666 0.3012856324074074 0.7044328026041666 0.32656784537037037 0.7083094901041667 0.3265564425925926 0.7084827723958332 0.3012856324074074
3 0.6560467458333333 0.3539452675925926 0.625206528125 0.3538768527777778 0.6251460812499999 0.33988027407407406 0.6134193026041667 0.3398175601851852 0.61347975 0.34606613425925925 0.6213177515625 0.34598061574074074 0.6210356640625 0.48175598611111115 0.6577473302083334 0.4820410490740741 0.65772718125 0.5368015962962963 0.6441063875 0.5368586092592592 0.6441063875 0.5426168759259259 0.6821075963541666 0.5427309009259259 0.68216804375 0.5369726342592592 0.6620431192708334 0.536989737962963 0.6618255088541667 0.4818472064814815 0.6803465645833333 0.48153933888888895 0.6803002218749999 0.45768814166666666 0.6762240578125 0.45769669351851855 0.6763248036458334 0.4761687574074074 0.6253153333333333 0.4762713796296297 0.6252871244791667 0.3814994296296296 0.67621196875 0.3816875712962963 0.6765021156250001 0.43067274814814815 0.6803203708333334 0.4307782212962963 0.6801289541666667 0.3762827824074074 0.6801531333333333 0.3762827824074074 0.6801329838541667 0.3592360314814815 0.6835180333333334 0.3592360314814815 0.6834898244791667 0.35377423055555557 0.6598911947916667 0.3540820981481481 0.6597944791666667 0.30129988611111114 0.6555389885416666 0.3014367157407407 0.6560467458333333 0.3539452675925926
3 0.6760428364583333 0.3762658037037037 0.6761636109375 0.35921322685185186 0.6251460812499999 0.35892246296296293 0.6252468265625001 0.37605473240740744 0.6760428364583333 0.3762658037037037