1 0 0 0 1 1 1 1 0 0 0
3 0.676862784375 0.8410401824074074 0.6768164416666667 0.8312966657407407 0.6754845859375 0.8312966657407407 0.6754362281249999 0.8260302083333333 0.6726556520833333 0.8260302083333333 0.6726556520833333 0.8198746083333333 0.6757989119791666 0.8198746083333333 0.6758351802083333 0.7973639212962963 0.6768426354166667 0.7973382731481481 0.6768245015625 0.1293473925925926 0.6501652223958333 0.1293473925925926 0.6501652223958333 0.12985465925925926 0.6333810197916667 0.1298860074074074 0.6333810197916667 0.1292846962962963 0.5846524281250001 0.1292846962962963 0.5847128755208334 0.7974180675925926 0.5851158572916667 0.7973382731481481 0.5852488416666667 0.8198233111111111 0.5856417489583333 0.8198860074074075 0.5855551078125 0.8603989740740741 0.67621196875 0.8603619268518519 0.6762804755208334 0.8410772296296297 0.676862784375 0.8410401824074074
4 0.6576909125 0.23852664537037035 0.6534172880208333 0.23853804537037035 0.6534374369791667 0.2444086638888889 0.6577110619791667 0.2443972638888889 0.6576909125 0.23852664537037035
4 0.6576909125 0.2522371046296296 0.6534172880208333 0.2522485037037037 0.6534374369791667 0.2581191222222222 0.6577110619791667 0.25810772314814817 0.6576909125 0.2522371046296296
4 0.6576909125 0.2657110287037037 0.6534172880208333 0.2657224277777778 0.6534374369791667 0.2715930462962963 0.6577110619791667 0.2715816472222222 0.6576909125 0.2657110287037037
4 0.6576083015624999 0.27841550277777777 0.6533346765625 0.27842690185185187 0.6533548255208333 0.28429752037037037 0.6576284505208334 0.2842861212962963 0.6576083015624999 0.27841550277777777
4 0.6577332260416667 0.29218295833333335 0.6534596010416667 0.2921972074074074 0.65347975 0.2980678259259259 0.657753375 0.2980564259259259 0.6577332260416667 0.29218295833333335
4 0.6576506145833334 0.30500712407407404 0.6533769895833333 0.3050185240740741 0.6533971390625 0.3108891425925926 0.6576707635416666 0.31087774259259254 0.6576506145833334 0.30500712407407404
4 0.6576506145833334 0.31871758333333333 0.6533769895833333 0.31872898240740744 0.6533971390625 0.32459960092592594 0.6576707635416666 0.32458820185185183 0.6576506145833334 0.31871758333333333
4 0.6576506145833334 0.33159874629629627 0.6533769895833333 0.33161014537037037 0.6533971390625 0.33748076388888887 0.6576707635416666 0.33746936481481477 0.6576506145833334 0.33159874629629627
4 0.6576083015624999 0.345192362037037 0.6533346765625 0.34520376203703707 0.6533548255208333 0.35107438055555557 0.6576284505208334 0.3510629805555555 0.6576083015624999 0.345192362037037
4 0.6576909125 0.35783699074074077 0.6534172880208333 0.3578483898148148 0.6534374369791667 0.3637190083333333 0.6577110619791667 0.36370760925925927 0.6576909125 0.35783699074074077
4 0.6576506145833334 0.37178398425925924 0.6533769895833333 0.37179538333333334 0.6533971390625 0.37766600185185184 0.6576707635416666 0.37765460277777774 0.6576506145833334 0.37178398425925924
4 0.6576506145833334 0.38431176944444445 0.6533769895833333 0.38432316944444445 0.6533971390625 0.39019378703703705 0.6576707635416666 0.39018238796296295 0.6576506145833334 0.38431176944444445
4 0.6576909125 0.398258762962963 0.6534172880208333 0.398270162037037 0.6534374369791667 0.4041407805555555 0.6577110619791667 0.4041293814814815 0.6576909125 0.398258762962963
4 0.6576506145833334 0.4110800796296296 0.6533769895833333 0.4110943287037037 0.6533971390625 0.4169649472222222 0.6576707635416666 0.41695069814814817 0.6576506145833334 0.4110800796296296
4 0.6402820874999999 0.26567113148148147 0.63564779375 0.26567113148148147 0.6356679427083333 0.2729666574074074 0.6402619385416667 0.27299515555555554 0.6402820874999999 0.26567113148148147
4 0.6491617973958334 0.2788857222222222 0.6445275036458333 0.2788857222222222 0.6445476526041667 0.2861812481481481 0.6491416484375 0.28620974629629625 0.6491617973958334 0.2788857222222222
4 0.6403405197916666 0.27868053611111115 0.6357062260416666 0.27868053611111115 0.6357263750000001 0.2859760611111111 0.6403203708333333 0.2860045592592593 0.6403405197916666 0.27868053611111115
4 0.6492484385416667 0.29214021111111116 0.6446141447916667 0.29214021111111116 0.64463429375 0.2994357370370371 0.6492282895833333 0.2994642351851852 0.6492484385416667 0.29214021111111116
4 0.6403989520833334 0.29222285555555555 0.6357646583333333 0.29222285555555555 0.6357848078125 0.29951838148148147 0.640378803125 0.2995468796296296 0.6403989520833334 0.29222285555555555
4 0.64919000625 0.30527215740740743 0.6445557125000001 0.30527215740740743 0.6445758614583333 0.31256768333333335 0.6491698567708333 0.3125961814814815 0.64919000625 0.30527215740740743
4 0.6224259520833333 0.18583357037037038 0.6151118276041667 0.18577657407407408 0.6150916786458333 0.1949529777777778 0.6224461010416668 0.1949529777777778 0.6224259520833333 0.18583357037037038
4 0.6223252067708334 0.19923339999999998 0.6150110817708333 0.1991792537037037 0.6149909328125 0.2083556564814815 0.6223453557291666 0.2083556564814815 0.6223252067708334 0.19923339999999998
4 0.6224259520833333 0.21235394722222223 0.6151118276041667 0.21229695092592593 0.6150916786458333 0.22147335462962964 0.6224461010416668 0.22147335462962964 0.6224259520833333 0.21235394722222223
4 0.6223755791666666 0.22568538055555554 0.6150614546875001 0.22562838425925924 0.6150413057291666 0.23480478796296295 0.6223957286458333 0.23480478796296295 0.6223755791666666 0.22568538055555554
4 0.6224763249999999 0.2388030777777778 0.6151622005208334 0.2387460814814815 0.6151420510416667 0.24792248518518517 0.6224964739583334 0.24792248518518517 0.6224763249999999 0.2388030777777778
4 0.6224259520833333 0.2922000574074074 0.6151118276041667 0.2921430611111111 0.6150916786458333 0.3013194638888889 0.6224461010416668 0.3013194638888889 0.6224259520833333 0.2922000574074074
4 0.6224259520833333 0.30532060370370373 0.6151118276041667 0.3052636074074074 0.6150916786458333 0.31444001111111114 0.6224461010416668 0.31444001111111114 0.6224259520833333 0.30532060370370373
4 0.6223755791666666 0.3451011685185185 0.6150614546875001 0.3450441722222222 0.6150413057291666 0.35422057592592593 0.6223957286458333 0.35422057592592593 0.6223755791666666 0.3451011685185185
4 0.6224763249999999 0.35815047037037034 0.6151622005208334 0.35809347407407405 0.6151420510416667 0.3672698777777778 0.6224964739583334 0.3672698777777778 0.6224763249999999 0.35815047037037034
4 0.6114950635416666 0.38459960092592593 0.6041809390625 0.38454260462962964 0.6041607901041667 0.39371900833333334 0.6115152125000001 0.39371900833333334 0.6114950635416666 0.38459960092592593
4 0.6115393916666666 0.19914505555555556 0.6042252671875 0.19908805925925926 0.6042051177083334 0.20826446296296297 0.6115595406250001 0.20826446296296297 0.6115393916666666 0.19914505555555556
4 0.61148901875 0.23885437407407406 0.6041748942708334 0.23879737777777776 0.6041547453124999 0.2479737814814815 0.6115091677083334 0.2479737814814815 0.61148901875 0.23885437407407406
4 0.61148901875 0.25197492129629634 0.6041748942708334 0.251917925 0.6041547453124999 0.2610943287037037 0.6115091677083334 0.2610943287037037 0.61148901875 0.25197492129629634
4 0.6115897640625001 0.31870333425925923 0.6042756395833333 0.31864633796296293 0.6042554906250001 0.3278227416666667 0.6116099135416667 0.3278227416666667 0.6115897640625001 0.31870333425925923
4 0.6115897640625001 0.3317497861111111 0.6042756395833333 0.3316927898148148 0.6042554906250001 0.3408691935185185 0.6116099135416667 0.3408691935185185 0.6115897640625001 0.3317497861111111
4 0.5938545234375 0.2123681962962963 0.5908805156250001 0.2123055 0.5908724562500001 0.21803932777777776 0.5938625833333333 0.21806212592592591 0.5938545234375 0.2123681962962963
4 0.5938545234375 0.22578797407407408 0.5908805156250001 0.2257252777777778 0.5908724562500001 0.23145910555555554 0.5938625833333333 0.23148190370370372 0.5938545234375 0.22578797407407408
4 0.5937678822916667 0.29210316296296296 0.5907938744791666 0.2920404675925926 0.5907858151041666 0.2977742944444445 0.5937759421875001 0.2977970935185185 0.5937678822916667 0.29210316296296296
4 0.5937678822916667 0.3053605018518518 0.5907938744791666 0.3052978055555556 0.5907858151041666 0.31103163333333333 0.5937759421875001 0.3110544314814815 0.5937678822916667 0.3053605018518518
4 0.5938545234375 0.35838130555555553 0.5908805156250001 0.3583186092592593 0.5908724562500001 0.36405243703703705 0.5938625833333333 0.3640752351851852 0.5938545234375 0.35838130555555553
4 0.5937678822916667 0.3716357935185185 0.5907938744791666 0.37157309814814815 0.5907858151041666 0.377306925 0.5937759421875001 0.37732972314814817 0.5937678822916667 0.3716357935185185
4 0.5937960911458333 0.38476773981481477 0.5908220833333334 0.3847050444444444 0.5908140239583334 0.39043887129629634 0.5938041505208334 0.3904616703703704 0.5937960911458333 0.38476773981481477
4 0.5937396734375 0.39818751759259263 0.5907656661458333 0.39812482222222223 0.59075760625 0.4038586490740741 0.5937477333333334 0.40388144814814814 0.5937396734375 0.39818751759259263
4 0.5937960911458333 0.41148190370370374 0.5908220833333334 0.4114192074074074 0.5908140239583334 0.4171530351851852 0.5938041505208334 0.4171758333333333 0.5937960911458333 0.41148190370370374
4 0.5937960911458333 0.4463237388888889 0.5908220833333334 0.4462610425925926 0.5908140239583334 0.45199487037037034 0.5938041505208334 0.4520176685185185 0.5937960911458333 0.4463237388888889
4 0.5937678822916667 0.6714961527777777 0.5907938744791666 0.6714334564814816 0.5907858151041666 0.6771672842592593 0.5937759421875001 0.6771900824074074 0.5937678822916667 0.6714961527777777
4 0.5937396734375 0.684790538888889 0.5907656661458333 0.6847278425925926 0.59075760625 0.6904616703703704 0.5937477333333334 0.6904844685185185 0.5937396734375 0.684790538888889
4 0.5938263145833333 0.6979224851851852 0.5908523072916666 0.6978597888888889 0.5908442473958334 0.7035936166666668 0.5938343744791666 0.7036164148148147 0.5938263145833333 0.6979224851851852
4 0.5937678822916667 0.7113821601851852 0.5907938744791666 0.7113194638888889 0.5907858151041666 0.7170532916666666 0.5937759421875001 0.7170760898148149 0.5937678822916667 0.7113821601851852
4 0.5937678822916667 0.724434312037037 0.5907938744791666 0.7243716157407407 0.5907858151041666 0.7301054435185185 0.5937759421875001 0.7301282416666667 0.5937678822916667 0.724434312037037
4 0.5937396734375 0.7379338842592593 0.5907656661458333 0.737871187962963 0.59075760625 0.7436050157407408 0.5937477333333334 0.7436278138888889 0.5937396734375 0.7379338842592593
4 0.5936812411458334 0.7508606444444444 0.5907072333333333 0.750797948148148 0.5906991739583333 0.756531775 0.5936893010416667 0.7565545740740741 0.5936812411458334 0.7508606444444444
4 0.5937678822916667 0.764402963888889 0.5907938744791666 0.7643402675925925 0.5907858151041666 0.7700740953703704 0.5937759421875001 0.7700968935185185 0.5937678822916667 0.764402963888889
4 0.5937396734375 0.7778227416666667 0.5907656661458333 0.7777600453703704 0.59075760625 0.7834938731481481 0.5937477333333334 0.7835166712962963 0.5937396734375 0.7778227416666667
4 0.6236409432291666 0.4462781416666667 0.6190066489583333 0.4462211453703704 0.6190066489583333 0.45534055277777774 0.6236610921875 0.45542604722222224 0.6236409432291666 0.4462781416666667
4 0.6159439854166667 0.4462610425925926 0.6113096916666667 0.4462040462962963 0.6113096916666667 0.4553234537037037 0.615964134375 0.45540894814814814 0.6159439854166667 0.4462610425925926
4 0.6081100140625 0.4463009407407407 0.6034757203125001 0.4462439444444445 0.6034757203125001 0.45536335092592595 0.6081301630208333 0.45544884537037034 0.6081100140625 0.4463009407407407
4 0.6236046744791667 0.45947563425925925 0.6189703807291667 0.45941863796296295 0.6189703807291667 0.46853804537037036 0.6236248234375 0.4686235398148148 0.6236046744791667 0.45947563425925925
4 0.6236046744791667 0.47289256203703706 0.6189703807291667 0.47283556574074076 0.6189703807291667 0.4819549731481482 0.6236550473958334 0.4819606722222222 0.6236046744791667 0.47289256203703706
4 0.6236167640625 0.48581932129629635 0.6189824703125001 0.48576232499999994 0.6189824703125001 0.4948817324074074 0.6236691515625 0.4948874324074074 0.6236167640625 0.48581932129629635
4 0.6236167640625 0.49919920185185185 0.6189824703125001 0.49914220555555555 0.6189824703125001 0.508261612962963 0.6236691515625 0.5082644629629629 0.6236167640625 0.49919920185185185
4 0.6236751963541667 0.5123710462962963 0.6190409026041667 0.51231405 0.6190409026041667 0.5214334564814815 0.6237275843750001 0.5214391564814814 0.6236751963541667 0.5123710462962963
4 0.6159278661458334 0.4595155314814815 0.6112935723958334 0.4594585351851852 0.6112935723958334 0.4685779425925926 0.6159802536458333 0.46858079259259255 0.6159278661458334 0.4595155314814815
4 0.6159278661458334 0.4728526648148148 0.6112935723958334 0.4727956685185185 0.6112935723958334 0.481915075925926 0.6159802536458333 0.481917925 0.6159278661458334 0.4728526648148148
4 0.6081523270833333 0.4859019666666667 0.6035180333333333 0.4858449703703704 0.6035180333333333 0.49496437777777774 0.6082047151041666 0.49497007685185185 0.6081523270833333 0.4859019666666667
4 0.6081241182291667 0.49932174444444444 0.6034898244791667 0.49926474814814814 0.6034898244791667 0.5083841546296296 0.6081402375 0.5083784555555555 0.6081241182291667 0.49932174444444444
4 0.6237215395833334 0.5655172416666666 0.6190872458333333 0.5654602453703703 0.6190872458333333 0.5745796527777778 0.6237376588541667 0.5745739527777778 0.6237215395833334 0.5655172416666666
4 0.6236348984375 0.5787717296296296 0.6190006046875 0.5787147333333333 0.6190006046875 0.5878341407407407 0.6236510177083333 0.5878284407407408 0.6236348984375 0.5787717296296296
4 0.6160326416666667 0.5788116268518518 0.6113983479166667 0.5787546305555555 0.6113983479166667 0.5878740379629629 0.6160487609375 0.587871187962963 0.6160326416666667 0.5788116268518518
4 0.6080535968749999 0.5259162157407408 0.6034193026041667 0.5258592194444445 0.6034193026041667 0.5349786268518518 0.6080697161458333 0.5349729268518518 0.6080535968749999 0.5259162157407408
4 0.6236348984375 0.6053234537037037 0.6190006046875 0.6052664574074074 0.6190006046875 0.6143858648148148 0.6236510177083333 0.6143801657407407 0.6236348984375 0.6053234537037037
4 0.623665121875 0.6183727555555556 0.6190288130208333 0.6183157592592593 0.6190288130208333 0.6274351666666667 0.6236812411458333 0.6274294666666667 0.623665121875 0.6183727555555556
4 0.6081120291666667 0.5918210314814815 0.6034777354166666 0.5917640351851852 0.6034777354166666 0.6008834425925926 0.6081281484375 0.6008777425925925 0.6081120291666667 0.5918210314814815
4 0.6159177916666666 0.6054060981481482 0.6112834979166667 0.6053491018518519 0.6112834979166667 0.6144685092592592 0.6159339109374999 0.6144628101851851 0.6159177916666666 0.6054060981481482
4 0.6080838203125 0.6182901111111111 0.6034495265625 0.6182331148148148 0.6034495265625 0.6273525222222222 0.6080999395833333 0.6273468222222223 0.6080838203125 0.6182901111111111
4 0.6081120291666667 0.6318751777777778 0.6034777354166666 0.6318181814814815 0.6034777354166666 0.6409375888888889 0.6081281484375 0.6409318898148149 0.6081120291666667 0.6318751777777778
4 0.6237215395833334 0.6978198916666667 0.6190872458333333 0.6977628953703704 0.6190872458333333 0.7068823027777779 0.6237376588541667 0.7068794527777778 0.6237215395833334 0.6978198916666667
4 0.6236066895833333 0.7114049583333334 0.6189723958333333 0.7113479620370371 0.6189723958333333 0.7204673694444443 0.6236228088541667 0.7204616703703703 0.6236066895833333 0.7114049583333334
4 0.6159460005208334 0.6847306925925926 0.6113117067708332 0.6846736962962963 0.6113117067708332 0.6937931037037037 0.6159621197916666 0.6937874037037037 0.6159460005208334 0.6847306925925926
4 0.615974209375 0.6979851805555555 0.611339915625 0.6979281842592593 0.611339915625 0.7070475916666666 0.6159923432291666 0.7070418925925925 0.615974209375 0.6979851805555555
4 0.6080838203125 0.6979452833333333 0.6034495265625 0.697888287037037 0.6034495265625 0.7070076944444444 0.6080999395833333 0.7070019944444444 0.6080838203125 0.6979452833333333
4 0.6081402375 0.7114876037037037 0.60350594375 0.7114306074074074 0.60350594375 0.720550013888889 0.608158371875 0.7205443148148148 0.6081402375 0.7114876037037037
4 0.6234616161458334 0.7243716157407407 0.6188273223958334 0.7243146194444444 0.6188273223958334 0.7334340268518519 0.6234777354166667 0.7334283268518518 0.6234616161458334 0.7243716157407407
4 0.623665121875 0.7642604731481482 0.6190288130208333 0.7642034768518519 0.6190288130208333 0.7733228842592592 0.6236812411458333 0.7733171842592592 0.623665121875 0.7642604731481482
4 0.6236348984375 0.7778027925925926 0.6190006046875 0.7777457962962963 0.6190006046875 0.7868652037037037 0.6236510177083333 0.7868595037037037 0.6236348984375 0.7778027925925926
4 0.6159460005208334 0.7377087490740741 0.6113117067708332 0.7376517527777778 0.6113117067708332 0.7467711601851852 0.6159621197916666 0.7467654601851852 0.6159460005208334 0.7377087490740741
4 0.6159177916666666 0.7509233398148148 0.6112834979166667 0.7508663435185186 0.6112834979166667 0.759985750925926 0.6159339109374999 0.7599800509259259 0.6159177916666666 0.7509233398148148
4 0.6080838203125 0.7775976064814815 0.6034495265625 0.7775406101851853 0.6034495265625 0.7866600166666666 0.6080999395833333 0.7866543175925926 0.6080838203125 0.7775976064814815
4 0.6492162 0.4463750351851852 0.64458190625 0.4463750351851852 0.6446020552083334 0.4536705611111111 0.6491960505208334 0.45369905925925924 0.6492162 0.4463750351851852
4 0.6403102963541667 0.44634653703703703 0.6356760026041666 0.44634653703703703 0.6356961515625 0.45364206296296294 0.640290146875 0.4536705611111111 0.6403102963541667 0.44634653703703703
4 0.6491497078125 0.47281846666666666 0.6445154140625 0.47281846666666666 0.6445355630208333 0.4801139925925926 0.6491295588541667 0.4801424907407408 0.6491497078125 0.47281846666666666
4 0.6492081401041666 0.48578512407407404 0.6445738463541667 0.48578512407407404 0.6445939953125 0.49308065 0.6491879911458334 0.4931091481481481 0.6492081401041666 0.48578512407407404
4 0.6492363489583333 0.49932744351851854 0.6446020552083334 0.49932744351851854 0.6446222041666666 0.5066229694444445 0.6492162 0.5066514675925926 0.6492363489583333 0.49932744351851854
4 0.6403586541666667 0.55230835 0.6357243604166667 0.55230835 0.635744509375 0.559603875925926 0.6403385046875001 0.5596323740740741 0.6403586541666667 0.55230835
4 0.640300221875 0.5655628379629629 0.635665928125 0.5655628379629629 0.6356860770833334 0.5728583638888889 0.6402800723958334 0.572886862037037 0.640300221875 0.5655628379629629
4 0.6403868630208333 0.5788999712962962 0.6357525692708333 0.5788999712962962 0.6357727182291666 0.5861954972222222 0.6403667135416666 0.5862239953703703 0.6403868630208333 0.5788999712962962
4 0.6492081401041666 0.5918267314814815 0.6445738463541667 0.5918267314814815 0.6445939953125 0.5991222574074074 0.6491879911458334 0.5991507555555555 0.6492081401041666 0.5918267314814815
4 0.6492665723958333 0.6318381305555556 0.6446322786458333 0.6318381305555556 0.6446524281249999 0.6391336564814816 0.6492464234374999 0.6391621546296297 0.6492665723958333 0.6318381305555556
4 0.6404170864583333 0.6052465092592593 0.6357827927083334 0.6052465092592593 0.6358029416666666 0.6125420351851851 0.6403969375 0.6125705333333333 0.6404170864583333 0.6052465092592593
4 0.6403868630208333 0.61845825 0.6357525692708333 0.61845825 0.6357727182291666 0.625753775925926 0.6403667135416666 0.6257822740740742 0.6403868630208333 0.61845825
4 0.6492081401041666 0.6582245657407407 0.6445738463541667 0.6582245657407407 0.6445939953125 0.6655200907407408 0.6491879911458334 0.6655485888888889 0.6492081401041666 0.6582245657407407
4 0.6492363489583333 0.6714790537037036 0.6446020552083334 0.6714790537037036 0.6446222041666666 0.6787745796296296 0.6492162 0.6788030777777777 0.6492363489583333 0.6714790537037036
4 0.6491214989583334 0.6849387287037038 0.6444872052083334 0.6849387287037038 0.6445073541666667 0.6922342546296296 0.64910135 0.6922627527777778 0.6491214989583334 0.6849387287037038
4 0.6492363489583333 0.6979481333333334 0.6446020552083334 0.6979481333333334 0.6446222041666666 0.7052436592592592 0.6492162 0.7052721574074075 0.6492363489583333 0.6979481333333334
4 0.6491497078125 0.7112453694444444 0.6445154140625 0.7112453694444444 0.6445355630208333 0.7185408944444445 0.6491295588541667 0.7185693925925926 0.6491497078125 0.7112453694444444
4 0.6650916786458333 0.4462838416666667 0.6612734234375 0.44630948981481483 0.6612935723958333 0.4519806212962963 0.6651420510416667 0.45200911944444444 0.6650916786458333 0.4462838416666667
4 0.657374571875 0.4463294388888889 0.6535563166666667 0.446355087037037 0.6535764656249999 0.4520262185185185 0.6574249447916666 0.45205471666666663 0.657374571875 0.4463294388888889
4 0.6651299614583334 0.4594528351851852 0.6613137213541667 0.45948133333333335 0.6613338708333333 0.4651524648148148 0.6651823494791667 0.46518096296296296 0.6651299614583334 0.4594528351851852
4 0.6651299614583334 0.4728498148148148 0.6613137213541667 0.47287546296296296 0.6613338708333333 0.4785465944444445 0.6651823494791667 0.47857509259259257 0.6651299614583334 0.4728498148148148
4 0.6651662302083333 0.48584781944444444 0.661347975 0.48587631759259264 0.6613681239583333 0.4915474490740741 0.6652166026041667 0.4915759472222222 0.6651662302083333 0.48584781944444444
4 0.6650957083333334 0.49929324629629634 0.6612774531250001 0.49931889444444444 0.6612976020833333 0.5049900259259259 0.6651460812500001 0.505018524074074 0.6650957083333334 0.49929324629629634
4 0.6575256901041667 0.5123567972222222 0.6537074348958334 0.5123824453703704 0.653727584375 0.5180535768518519 0.6575357645833333 0.5180393277777778 0.6575256901041667 0.5123567972222222
4 0.6650816036458332 0.525750925925926 0.6612633489583334 0.5257794240740741 0.6612834979166667 0.5314505555555555 0.6650916786458333 0.5314363064814814 0.6650816036458332 0.525750925925926
4 0.6651158572916667 0.5388002277777777 0.6612976020833333 0.5388287259259259 0.6613177515625 0.5444998574074074 0.6651259317708333 0.5444856083333333 0.6651158572916667 0.5388002277777777
4 0.6651158572916667 0.5523453972222223 0.6612976020833333 0.5523710462962963 0.6613177515625 0.5580421768518519 0.6651259317708333 0.5580279277777778 0.6651158572916667 0.5523453972222223
4 0.6651501109375 0.5655400398148148 0.6613338708333333 0.565568537962963 0.6613540197916666 0.5712396694444445 0.6651622005208334 0.5712254203703704 0.6651501109375 0.5655400398148148
4 0.6651863791666667 0.5787375324074073 0.6613681239583333 0.5787660305555555 0.6613882734375001 0.584437162037037 0.6651964536458334 0.5844229129629629 0.6651863791666667 0.5787375324074073
4 0.6651158572916667 0.6052807064814815 0.6612976020833333 0.6053092046296296 0.6613177515625 0.610980336111111 0.6651259317708333 0.610966087037037 0.6651158572916667 0.6052807064814815
4 0.6651863791666667 0.6184810490740741 0.6613681239583333 0.6185066972222222 0.6613882734375001 0.6241778287037038 0.6651964536458334 0.6241635796296297 0.6651863791666667 0.6184810490740741
4 0.6651863791666667 0.6317754342592592 0.6613681239583333 0.6318010833333334 0.6613882734375001 0.637472213888889 0.6651964536458334 0.6374579648148149 0.6651863791666667 0.6317754342592592
4 0.6574914364583333 0.5917383870370371 0.6536731817708333 0.5917668851851852 0.6536933307291667 0.5974380166666667 0.6575015109375 0.5974237675925926 0.6574914364583333 0.5917383870370371
4 0.6574551682291666 0.6054288972222223 0.653638928125 0.6054573953703704 0.6536590770833333 0.6111285268518519 0.6574672578125 0.6111142777777778 0.6574551682291666 0.6054288972222223
4 0.6574914364583333 0.6182815620370371 0.6536731817708333 0.6183100601851852 0.6536933307291667 0.6239811916666667 0.6575015109375 0.6239669425925926 0.6574914364583333 0.6182815620370371
4 0.6574914364583333 0.6978626388888889 0.6536731817708333 0.697888287037037 0.6536933307291667 0.7035594185185184 0.6575015109375 0.7035451694444445 0.6574914364583333 0.6978626388888889
4 0.6650453354166667 0.7114049583333334 0.6612290953125 0.7114306074074074 0.6612492442708333 0.717101737962963 0.665057425 0.7170874888888888 0.6650453354166667 0.7114049583333334
4 0.6650453354166667 0.7244058138888889 0.6612290953125 0.724431462037037 0.6612492442708333 0.7301025935185186 0.665057425 0.7300883444444445 0.6650453354166667 0.7244058138888889
4 0.6650816036458332 0.7377514962962963 0.6612633489583334 0.7377771444444444 0.6612834979166667 0.7434482759259259 0.6650916786458333 0.7434340268518518 0.6650816036458332 0.7377514962962963
4 0.6651158572916667 0.7510458824074074 0.6612976020833333 0.7510743805555556 0.6613177515625 0.7567455111111111 0.6651259317708333 0.756731262037037 0.6651158572916667 0.7510458824074074
4 0.6574551682291666 0.7508976916666666 0.653638928125 0.7509261898148147 0.6536590770833333 0.7565973212962963 0.6574672578125 0.7565830722222222 0.6574551682291666 0.7508976916666666
4 0.6574914364583333 0.7642918212962962 0.6536731817708333 0.7643203194444445 0.6536933307291667 0.7699914509259259 0.6575015109375 0.7699772018518518 0.6574914364583333 0.7642918212962962
4 0.6575256901041667 0.7777372472222223 0.6537074348958334 0.7777628953703704 0.653727584375 0.7834340268518518 0.6575357645833333 0.7834197777777777 0.6575256901041667 0.7777372472222223
4 0.6650816036458332 0.15904816203703703 0.6611525286458334 0.15904816203703703 0.6611323796874999 0.16491878055555556 0.6651017531250001 0.16491878055555556 0.6650816036458332 0.15904816203703703
4 0.657709046875 0.1590652611111111 0.653435421875 0.15907666018518518 0.6534555713541667 0.16494727870370368 0.6577291958333333 0.16493587962962963 0.657709046875 0.1590652611111111
4 0.6576506145833334 0.17276717037037037 0.6533769895833333 0.17277856944444445 0.6533971390625 0.17864918796296297 0.6576707635416666 0.17863778888888887 0.6576506145833334 0.17276717037037037
4 0.6651057828125 0.17273867222222222 0.6611323796874999 0.1727557712962963 0.6610920812500001 0.17871188333333335 0.6651259317708333 0.17860929074074075 0.6651057828125 0.17273867222222222
4 0.665075559375 0.18548874351851852 0.6611021557291666 0.18550584166666667 0.6610618578125 0.19146195462962962 0.6650957083333334 0.19135936203703705 0.665075559375 0.18548874351851852
4 0.6650352609375 0.19925334814814813 0.6610618578125 0.19927044722222223 0.661021559375 0.2052265601851852 0.6650554098958333 0.20512396666666666 0.6650352609375 0.19925334814814813
4 0.665075559375 0.2120775148148148 0.6611021557291666 0.2120946138888889 0.6610618578125 0.21805072685185187 0.6650957083333334 0.21794813333333332 0.665075559375 0.2120775148148148
4 0.6651158572916667 0.22584212037037038 0.6611424541666667 0.22585921944444443 0.6611021557291666 0.2318153324074074 0.66513600625 0.2317127388888889 0.6651158572916667 0.22584212037037038
4 0.6651158572916667 0.23860929074074075 0.6611424541666667 0.23862638888888887 0.6611021557291666 0.24458250185185187 0.66513600625 0.24447990925925925 0.6651158572916667 0.23860929074074075
4 0.6651158572916667 0.25220290648148147 0.6611424541666667 0.25222000555555557 0.6611323796874999 0.25782274166666663 0.6651420510416667 0.2578512398148148 0.6651158572916667 0.25220290648148147
4 0.665075559375 0.2656825305555556 0.6611021557291666 0.2656996296296296 0.6610618578125 0.27165574259259256 0.6651219020833333 0.27167284166666666 0.665075559375 0.2656825305555556
4 0.6650433203125 0.2784696490740741 0.6610699171875001 0.27848674814814817 0.6610296192708333 0.2844428611111111 0.6650876484375 0.28445996018518516 0.6650433203125 0.2784696490740741
4 0.6650634697916666 0.29217725833333336 0.6610900666666667 0.2921943574074074 0.6610497682291666 0.29815047037037035 0.6651077979166666 0.29816756944444445 0.6650634697916666 0.29217725833333336
4 0.6650634697916666 0.30491593055555555 0.6610900666666667 0.30493302962962965 0.6611122307291667 0.3108862925925926 0.6651077979166666 0.31090624074074075 0.6650634697916666 0.30491593055555555
4 0.6492202296875 0.1593388425925926 0.6445859359374999 0.1593388425925926 0.6446060848958334 0.1666343685185185 0.6492000807291666 0.16666286666666666 0.6492202296875 0.1593388425925926
4 0.6492403786458334 0.17277571944444445 0.6446060848958334 0.17277571944444445 0.644626234375 0.18007124537037036 0.6492202296875 0.1800997435185185 0.6492403786458334 0.17277571944444445
4 0.640334475 0.15935309166666667 0.6357001812499999 0.15935309166666667 0.6357203302083333 0.16664861759259259 0.6403143260416667 0.16667711574074073 0.640334475 0.15935309166666667
4 0.6402538786458333 0.17271872314814815 0.6356195848958334 0.17271872314814815 0.6356397338541666 0.18001424907407407 0.6402337296875 0.18004274722222222 0.6402538786458333 0.17271872314814815
4 0.6492202296875 0.18579937314814815 0.6445859359374999 0.18579937314814815 0.6446060848958334 0.1930948990740741 0.6492000807291666 0.19312339722222224 0.6492202296875 0.18579937314814815
4 0.6492202296875 0.19930749537037037 0.6445859359374999 0.19930749537037037 0.6446060848958334 0.20660302037037037 0.6492000807291666 0.20663151851851852 0.6492202296875 0.19930749537037037
4 0.6403546244791667 0.18585636944444442 0.6357203302083333 0.18585636944444442 0.6357404796875 0.1931518953703704 0.640334475 0.1931803935185185 0.6403546244791667 0.18585636944444442
4 0.6403747734375 0.19919350277777778 0.6357404796875 0.19919350277777778 0.6357606286458334 0.20648902777777778 0.6403546244791667 0.20651752592592593 0.6403747734375 0.19919350277777778
4 0.6491617973958334 0.2123624962962963 0.6445275036458333 0.2123624962962963 0.6445476526041667 0.21965802222222222 0.6491416484375 0.21968652037037037 0.6491617973958334 0.2123624962962963
4 0.6492202296875 0.2256996296296296 0.6445859359374999 0.2256996296296296 0.6446060848958334 0.23299515555555556 0.6492000807291666 0.2330236537037037 0.6492202296875 0.2256996296296296
4 0.6492484385416667 0.23887432314814813 0.6446141447916667 0.23887432314814813 0.64463429375 0.24616984907407405 0.6492282895833333 0.2461983472222222 0.6492484385416667 0.23887432314814813
4 0.6492202296875 0.2522513537037037 0.6445859359374999 0.2522513537037037 0.6446060848958334 0.25954687962962963 0.6492000807291666 0.2595753777777778 0.6492202296875 0.2522513537037037
4 0.6492786619791667 0.345200912037037 0.6446443682291666 0.345200912037037 0.6446645171875001 0.3524964379629629 0.6492585130208333 0.3525249361111111 0.6492786619791667 0.345200912037037
4 0.6402820874999999 0.345200912037037 0.63564779375 0.345200912037037 0.6356679427083333 0.3524964379629629 0.6402619385416667 0.3525249361111111 0.6402820874999999 0.345200912037037
4 0.6492484385416667 0.35833285833333334 0.6446141447916667 0.35833285833333334 0.64463429375 0.36562838425925925 0.6492282895833333 0.3656568824074074 0.6492484385416667 0.35833285833333334
4 0.6405158171875001 0.3582103166666667 0.6358815234375 0.3582103166666667 0.6359016723958334 0.36550584166666666 0.6404956677083333 0.3655343398148148 0.6405158171875001 0.3582103166666667
4 0.6224763249999999 0.2521345111111111 0.6151622005208334 0.25207751481481483 0.6151420510416667 0.2612539185185185 0.6224964739583334 0.2612539185185185 0.6224763249999999 0.2521345111111111
4 0.6224259520833333 0.26553718981481483 0.6151118276041667 0.26548019351851854 0.6150916786458333 0.2746565972222222 0.6224461010416668 0.2746565972222222 0.6224259520833333 0.26553718981481483
4 0.6223755791666666 0.27872898240740746 0.6150614546875001 0.27867198611111116 0.6150413057291666 0.2878483898148148 0.6223957286458333 0.2878483898148148 0.6223755791666666 0.27872898240740746
4 0.6224259520833333 0.318652037962963 0.6151118276041667 0.3185950416666667 0.6150916786458333 0.32777144444444445 0.6224461010416668 0.32777144444444445 0.6224259520833333 0.318652037962963
4 0.6223755791666666 0.3316984898148148 0.6150614546875001 0.3316414935185185 0.6150413057291666 0.3408178972222222 0.6223957286458333 0.3408178972222222 0.6223755791666666 0.3316984898148148
4 0.6224763249999999 0.37162439444444445 0.6151622005208334 0.37156739814814815 0.6151420510416667 0.38074380185185186 0.6224964739583334 0.38074380185185186 0.6224763249999999 0.37162439444444445
4 0.6223755791666666 0.3847420916666667 0.6150614546875001 0.3846850953703704 0.6150413057291666 0.3938614990740741 0.6223957286458333 0.3938614990740741 0.6223755791666666 0.3847420916666667
4 0.6115958088541666 0.3717640351851852 0.604281684375 0.3717070388888889 0.6042615354166667 0.3808834425925926 0.6116159583333334 0.3808834425925926 0.6115958088541666 0.3717640351851852
4 0.6113963328125 0.358079225 0.6040822083333333 0.3580222287037037 0.604062059375 0.3671986324074074 0.6114164817708333 0.3671986324074074 0.6113963328125 0.358079225
4 0.61148901875 0.2124052435185185 0.6041748942708334 0.21234824722222223 0.6041547453124999 0.22152465092592594 0.6115091677083334 0.22152465092592594 0.61148901875 0.2124052435185185
4 0.6115393916666666 0.2255941861111111 0.6042252671875 0.2255371898148148 0.6042051177083334 0.2347135935185185 0.6115595406250001 0.2347135935185185 0.6115393916666666 0.2255941861111111
4 0.6115393916666666 0.2921801083333333 0.6042252671875 0.292123112037037 0.6042051177083334 0.30129951574074076 0.6115595406250001 0.30129951574074076 0.6115393916666666 0.2921801083333333
4 0.61148901875 0.3052294101851852 0.6041748942708334 0.3051724138888889 0.6041547453124999 0.3143488175925926 0.6115091677083334 0.3143488175925926 0.61148901875 0.3052294101851852
4 0.5938384041666667 0.18586491851851852 0.5908643963541667 0.18580222314814815 0.5908563369791667 0.19153605 0.5938464640625 0.19155884907407408 0.5938384041666667 0.18586491851851852
4 0.5937981057291667 0.1992875462962963 0.5908240984375 0.19922484999999998 0.5908160385416666 0.20495867777777776 0.593806165625 0.20498147592592594 0.5937981057291667 0.1992875462962963
4 0.5938263145833333 0.26559418611111113 0.5908523072916666 0.2655314907407407 0.5908442473958334 0.2712653175925926 0.5938343744791666 0.2712881166666667 0.5938263145833333 0.26559418611111113
4 0.5937960911458333 0.27864348796296295 0.5908220833333334 0.2785807925925926 0.5908140239583334 0.28431461944444447 0.5938041505208334 0.2843374185185185 0.5937960911458333 0.27864348796296295
4 0.5937960911458333 0.3185750925925926 0.5908220833333334 0.3185123962962963 0.5908140239583334 0.32424622407407405 0.5938041505208334 0.32426902222222226 0.5937960911458333 0.3185750925925926
4 0.5937960911458333 0.3317469361111111 0.5908220833333334 0.3316842407407407 0.5908140239583334 0.33741806759259263 0.5938041505208334 0.3374408666666667 0.5937960911458333 0.3317469361111111
4 0.5938545234375 0.45945568518518515 0.5908805156250001 0.4593929898148148 0.5908724562500001 0.4651268166666667 0.5938625833333333 0.4651496148148148 0.5938545234375 0.45945568518518515
4 0.5937396734375 0.4727928185185185 0.5907656661458333 0.47273012222222227 0.59075760625 0.47846395 0.5937477333333334 0.4784867481481481 0.5937396734375 0.4727928185185185
4 0.5937960911458333 0.485964662037037 0.5908220833333334 0.4859019666666667 0.5908140239583334 0.49163579351851855 0.5938041505208334 0.49165859259259254 0.5937960911458333 0.485964662037037
4 0.5937960911458333 0.4993017953703704 0.5908220833333334 0.49923909907407404 0.5908140239583334 0.5049729268518519 0.5938041505208334 0.504995725 0.5937960911458333 0.4993017953703704
4 0.5938263145833333 0.5123510972222223 0.5908523072916666 0.512288400925926 0.5908442473958334 0.5180222287037037 0.5938343744791666 0.5180450268518518 0.5938263145833333 0.5123510972222223
4 0.5937678822916667 0.5256882305555556 0.5907938744791666 0.5256255342592593 0.5907858151041666 0.531359362037037 0.5937759421875001 0.5313821601851852 0.5937678822916667 0.5256882305555556
4 0.5938263145833333 0.5389028212962963 0.5908523072916666 0.538840125 0.5908442473958334 0.5445739527777778 0.5938343744791666 0.544596750925926 0.5938263145833333 0.5389028212962963
4 0.5937960911458333 0.5522000574074074 0.5908220833333334 0.5521373611111111 0.5908140239583334 0.557871187962963 0.5938041505208334 0.557893987037037 0.5937960911458333 0.5522000574074074
4 0.5938263145833333 0.565577087037037 0.5908523072916666 0.5655143916666666 0.5908442473958334 0.5712482185185185 0.5938343744791666 0.5712710175925926 0.5938263145833333 0.565577087037037
4 0.6080374770833333 0.4593929898148148 0.6034031833333333 0.4593359935185185 0.6034031833333333 0.46845539999999997 0.60808785 0.46845825 0.6080374770833333 0.4593929898148148
4 0.6080938947916666 0.47273012222222227 0.6034596010416667 0.472673125925926 0.6034596010416667 0.4817925333333333 0.6081462822916667 0.4817953833333333 0.6080938947916666 0.47273012222222227
4 0.6080838203125 0.5124565407407408 0.6034495265625 0.5123995444444445 0.6034495265625 0.5215189509259259 0.6080999395833333 0.5215132518518519 0.6080838203125 0.5124565407407408
4 0.6236348984375 0.5258335703703704 0.6190006046875 0.5257765740740741 0.6190006046875 0.5348959814814815 0.6236510177083333 0.5348902824074074 0.6236348984375 0.5258335703703704
4 0.6159460005208334 0.5522627527777777 0.6113117067708332 0.5522057564814814 0.6113117067708332 0.5613251638888889 0.6159621197916666 0.5613194638888889 0.6159460005208334 0.5522627527777777
4 0.615974209375 0.5655172416666666 0.611339915625 0.5654602453703703 0.611339915625 0.5745796527777778 0.6159923432291666 0.5745739527777778 0.615974209375 0.5655172416666666
4 0.6080838203125 0.5389256194444444 0.6034495265625 0.5388686231481482 0.6034495265625 0.5479880305555556 0.6080999395833333 0.5479823314814815 0.6080838203125 0.5389256194444444
4 0.6080253880208333 0.5787318324074074 0.6033910942708334 0.5786748361111111 0.6033910942708334 0.5877942435185185 0.6080415072916666 0.5877885435185186 0.6080253880208333 0.5787318324074074
4 0.6236348984375 0.591903675925926 0.6190006046875 0.5918466796296297 0.6190006046875 0.600966087037037 0.6236510177083333 0.600960387962963 0.6236348984375 0.591903675925926
4 0.6159460005208334 0.6182901111111111 0.6113117067708332 0.6182331148148148 0.6113117067708332 0.6273525222222222 0.6159621197916666 0.6273468222222223 0.6159460005208334 0.6182901111111111
4 0.615974209375 0.631915075925926 0.611339915625 0.6318580796296297 0.611339915625 0.640977486111111 0.6159923432291666 0.640971787037037 0.615974209375 0.631915075925926
4 0.6081402375 0.6450071240740741 0.60350594375 0.6449501287037037 0.60350594375 0.6540695351851852 0.608158371875 0.6540638361111112 0.6081402375 0.6450071240740741
4 0.6235482572916666 0.6584668 0.6189139635416667 0.6584098037037037 0.6189139635416667 0.6675292101851852 0.6235643765625 0.6675235111111111 0.6235482572916666 0.6584668
4 0.6160326416666667 0.6583015101851852 0.6113983479166667 0.6582445138888889 0.6113983479166667 0.6673639212962963 0.6160487609375 0.6673582212962963 0.6160326416666667 0.6583015101851852
4 0.615974209375 0.6714762037037038 0.611339915625 0.6714192074074075 0.611339915625 0.6805386148148148 0.6159923432291666 0.6805329157407407 0.615974209375 0.6714762037037038
4 0.6080838203125 0.671555999074074 0.6034495265625 0.6714990027777777 0.6034495265625 0.6806184101851852 0.6080999395833333 0.6806155601851852 0.6080838203125 0.671555999074074
4 0.6080535968749999 0.6847306925925926 0.6034193026041667 0.6846736962962963 0.6034193026041667 0.6937931037037037 0.6080697161458333 0.6937874037037037 0.6080535968749999 0.6847306925925926
4 0.6235180333333333 0.7377514962962963 0.6188837395833333 0.7376945 0.6188837395833333 0.7468139074074074 0.6235361677083334 0.7468082074074074 0.6235180333333333 0.7377514962962963
4 0.6235482572916666 0.7510059842592592 0.6189139635416667 0.7509489879629629 0.6189139635416667 0.7600683953703704 0.6235643765625 0.7600626962962963 0.6235482572916666 0.7510059842592592
4 0.6158875682291666 0.7245768027777778 0.6112532744791667 0.7245198064814815 0.6112532744791667 0.7336392138888889 0.6159057020833333 0.7336335138888889 0.6158875682291666 0.7245768027777778
4 0.6080535968749999 0.7244542601851852 0.6034193026041667 0.7243972638888889 0.6034193026041667 0.7335166712962963 0.6080697161458333 0.7335109722222223 0.6080535968749999 0.7244542601851852
4 0.6080838203125 0.7377514962962963 0.6034495265625 0.7376945 0.6034495265625 0.7468139074074074 0.6080999395833333 0.7468082074074074 0.6080838203125 0.7377514962962963
4 0.6081120291666667 0.750963237037037 0.6034777354166666 0.7509062407407407 0.6034777354166666 0.7600256481481482 0.6081281484375 0.7600227981481481 0.6081120291666667 0.750963237037037
4 0.6081402375 0.7643431175925927 0.60350594375 0.7642861212962963 0.60350594375 0.7734055287037037 0.608158371875 0.7733998287037036 0.6081402375 0.7643431175925927
4 0.64917993125 0.6449273296296296 0.6445456375 0.6449273296296296 0.6445657869791667 0.6522228555555555 0.6491597822916667 0.6522513537037037 0.64917993125 0.6449273296296296
4 0.640300221875 0.5918267314814815 0.635665928125 0.5918267314814815 0.6356860770833334 0.5991222574074074 0.6402800723958334 0.5991507555555555 0.640300221875 0.5918267314814815
4 0.6403868630208333 0.6318780277777778 0.6357525692708333 0.6318780277777778 0.6357727182291666 0.6391735537037038 0.6403667135416666 0.6392020518518519 0.6403868630208333 0.6318780277777778
4 0.6403304453125 0.6449700768518518 0.6356961515625 0.6449700768518518 0.6357163005208334 0.6522656027777778 0.6403102963541667 0.6522941009259259 0.6403304453125 0.6449700768518518
4 0.6403586541666667 0.6583898546296296 0.6357243604166667 0.6583898546296296 0.635744509375 0.6656853805555555 0.6403385046875001 0.6657138787037037 0.6403586541666667 0.6583898546296296
4 0.6403868630208333 0.6714790537037036 0.6357525692708333 0.6714790537037036 0.6357727182291666 0.6787745796296296 0.6403667135416666 0.6788030777777777 0.6403868630208333 0.6714790537037036
4 0.6403586541666667 0.6848161870370371 0.6357243604166667 0.6848161870370371 0.635744509375 0.6921117129629629 0.6403385046875001 0.6921402111111111 0.6403586541666667 0.6848161870370371
4 0.6403586541666667 0.6979908805555556 0.6357243604166667 0.6979908805555556 0.635744509375 0.7052864064814816 0.6403385046875001 0.7053149046296296 0.6403586541666667 0.6979908805555556
4 0.6403868630208333 0.7112852666666667 0.6357525692708333 0.7112852666666667 0.6357727182291666 0.7185807925925927 0.6403667135416666 0.7186092907407408 0.6403868630208333 0.7112852666666667
4 0.6651037677083332 0.3187090342592593 0.6611303645833334 0.3187261324074074 0.6611525286458334 0.32467939629629633 0.6651480958333333 0.3246993444444445 0.6651037677083332 0.3187090342592593
4 0.6650231713541667 0.33141920740740743 0.6610497682291666 0.3314363064814815 0.6610719322916666 0.3373895694444445 0.6650695145833333 0.3374095185185185 0.6650231713541667 0.33141920740740743
4 0.6650231713541667 0.3450983185185185 0.6610497682291666 0.34511541759259257 0.6610719322916666 0.35106868055555557 0.6650695145833333 0.35108862962962967 0.6650231713541667 0.3450983185185185
4 0.6650433203125 0.3579794814814815 0.6610699171875001 0.35799658055555555 0.6610920812500001 0.3639498435185185 0.6650876484375 0.36396979166666665 0.6650433203125 0.3579794814814815
4 0.6650816036458332 0.37163009444444445 0.6611102156249999 0.3716471925925926 0.6611323796874999 0.37760045555555555 0.665127946875 0.37762040462962965 0.6650816036458332 0.37163009444444445
4 0.6650433203125 0.3844542601851852 0.6610699171875001 0.38447135925925924 0.6610920812500001 0.39042462222222224 0.6650876484375 0.3904445712962963 0.6650433203125 0.3844542601851852
4 0.6650634697916666 0.398076375 0.6610900666666667 0.3980934740740741 0.6611122307291667 0.40404673703703703 0.6651077979166666 0.40406668611111113 0.6650634697916666 0.398076375
4 0.6651037677083332 0.41095753796296297 0.6611303645833334 0.410974637037037 0.6611525286458334 0.4169279 0.6651480958333333 0.41694784814814817 0.6651037677083332 0.41095753796296297
4 0.6576083015624999 0.18563693333333334 0.6533346765625 0.1856511824074074 0.6533548255208333 0.19152180092592594 0.6576284505208334 0.19151040185185184 0.6576083015624999 0.18563693333333334
4 0.6576083015624999 0.19923055 0.6533346765625 0.19924194907407408 0.6533548255208333 0.20511256759259258 0.6576284505208334 0.20510116851851853 0.6576083015624999 0.19923055
4 0.6576506145833334 0.21211171296296297 0.6533769895833333 0.21212311203703704 0.6533971390625 0.21799373055555557 0.6576707635416666 0.2179823314814815 0.6576506145833334 0.21211171296296297
4 0.6577332260416667 0.2257053287037037 0.6534596010416667 0.2257167287037037 0.65347975 0.23158734722222224 0.657753375 0.23157594722222222 0.6577332260416667 0.2257053287037037
4 0.64919000625 0.2656312342592593 0.6445557125000001 0.2656312342592593 0.6445758614583333 0.2729267601851852 0.6491698567708333 0.27295525833333334 0.64919000625 0.2656312342592593
4 0.6403123109375 0.21232259907407405 0.6356780171874999 0.21232259907407405 0.6356981666666666 0.219618125 0.6402921619791666 0.21964662314814815 0.6403123109375 0.21232259907407405
4 0.6403405197916666 0.2256996296296296 0.6357062260416666 0.2256996296296296 0.6357263750000001 0.23299515555555556 0.6403203708333333 0.2330236537037037 0.6403405197916666 0.2256996296296296
4 0.6403707437499999 0.23883157592592594 0.6357364494791666 0.23883157592592594 0.6357565989583333 0.24612710185185185 0.6403505942708333 0.2461556 0.6403707437499999 0.23883157592592594
4 0.6403405197916666 0.25229125092592597 0.6357062260416666 0.25229125092592597 0.6357263750000001 0.2595867768518519 0.6403203708333333 0.25961527500000003 0.6403405197916666 0.25229125092592597
4 0.6403405197916666 0.3053548018518519 0.6357062260416666 0.3053548018518519 0.6357263750000001 0.3126503277777778 0.6403203708333333 0.31267882592592594 0.6403405197916666 0.3053548018518519
4 0.6492484385416667 0.31864918796296293 0.6446141447916667 0.31864918796296293 0.64463429375 0.32594471388888885 0.6492282895833333 0.325973212037037 0.6492484385416667 0.31864918796296293
4 0.6403405197916666 0.31860929074074074 0.6357062260416666 0.31860929074074074 0.6357263750000001 0.3259048157407407 0.6403203708333333 0.32593331388888885 0.6403405197916666 0.31860929074074074
4 0.64919000625 0.3316186944444444 0.6445557125000001 0.3316186944444444 0.6445758614583333 0.3389142203703704 0.6491698567708333 0.3389427185185185 0.64919000625 0.3316186944444444
4 0.6402256697916666 0.3318238814814815 0.6355913760416667 0.3318238814814815 0.6356115255208333 0.3391194074074074 0.6402055208333334 0.3391479055555556 0.6402256697916666 0.3318238814814815
4 0.6492202296875 0.37163009444444445 0.6445859359374999 0.37163009444444445 0.6446060848958334 0.3789256194444444 0.6492000807291666 0.37895411759259257 0.6492202296875 0.37163009444444445
4 0.6402820874999999 0.3714249074074074 0.63564779375 0.3714249074074074 0.6356679427083333 0.3787204333333334 0.6402619385416667 0.37874893148148153 0.6402820874999999 0.3714249074074074
4 0.6402820874999999 0.3847620407407407 0.63564779375 0.3847620407407407 0.6356679427083333 0.39205756666666663 0.6402619385416667 0.3920860648148148 0.6402820874999999 0.3847620407407407
4 0.6491617973958334 0.3847192935185185 0.6445275036458333 0.3847192935185185 0.6445476526041667 0.39201481944444444 0.6491416484375 0.3920433175925926 0.6491617973958334 0.3847192935185185
4 0.6492202296875 0.39813907129629633 0.6445859359374999 0.39813907129629633 0.6446060848958334 0.4054345962962963 0.6492000807291666 0.40546309444444445 0.6492202296875 0.39813907129629633
4 0.6491617973958334 0.4116813907407407 0.6445275036458333 0.4116813907407407 0.6445476526041667 0.41897691666666664 0.6491416484375 0.4190054148148148 0.6491617973958334 0.4116813907407407
4 0.6403123109375 0.39813907129629633 0.6356780171874999 0.39813907129629633 0.6356981666666666 0.4054345962962963 0.6402921619791666 0.40546309444444445 0.6403123109375 0.39813907129629633
4 0.6403123109375 0.41159874629629634 0.6356780171874999 0.41159874629629634 0.6356981666666666 0.41889427222222225 0.6402921619791666 0.4189227703703704 0.6403123109375 0.41159874629629634
4 0.6224602057291667 0.15935594166666667 0.61514608125 0.15929894537037037 0.6151259317708334 0.16847534907407408 0.6224803546875 0.16847534907407408 0.6224602057291667 0.15935594166666667
4 0.6223755791666666 0.17271302407407407 0.6150614546875001 0.17265602777777778 0.6150413057291666 0.18183243055555556 0.6223957286458333 0.18183243055555556 0.6223755791666666 0.17271302407407407
4 0.6223755791666666 0.39793103425925924 0.6150614546875001 0.39787403796296295 0.6150413057291666 0.4070504416666667 0.6223957286458333 0.4070504416666667 0.6223755791666666 0.39793103425925924
4 0.6223755791666666 0.41140495833333335 0.6150614546875001 0.41134796203703705 0.6150413057291666 0.42052436574074076 0.6223957286458333 0.42052436574074076 0.6223755791666666 0.41140495833333335
4 0.6113963328125 0.4115474490740741 0.6040822083333333 0.4114904527777778 0.604062059375 0.42066685648148144 0.6114164817708333 0.42066685648148144 0.6113963328125 0.4115474490740741
4 0.6114950635416666 0.3982872611111111 0.6041809390625 0.3982302648148148 0.6041607901041667 0.40740666851851853 0.6115152125000001 0.40740666851851853 0.6114950635416666 0.3982872611111111
4 0.6115958088541666 0.34489028240740743 0.604281684375 0.3448332861111111 0.6042615354166667 0.35400968981481484 0.6116159583333334 0.35400968981481484 0.6115958088541666 0.34489028240740743
4 0.6115434213541667 0.15922200092592592 0.6042292968749999 0.15916500462962963 0.6042091479166667 0.1683414074074074 0.6115635703125 0.1683414074074074 0.6115434213541667 0.15922200092592592
4 0.61148901875 0.17262182962962963 0.6041748942708334 0.17256483333333333 0.6041547453124999 0.18174123703703704 0.6115091677083334 0.18174123703703704 0.61148901875 0.17262182962962963
4 0.6115897640625001 0.18567113148148148 0.6042756395833333 0.1856141351851852 0.6042554906250001 0.1947905388888889 0.6116099135416667 0.1947905388888889 0.6115897640625001 0.18567113148148148
4 0.611638121875 0.2656597324074074 0.6043239973958333 0.2656027361111111 0.6043038484375 0.2747791398148148 0.6116582713541666 0.2747791398148148 0.611638121875 0.2656597324074074
4 0.6114386458333333 0.27877742962962965 0.6041245213541667 0.27872043333333335 0.6041043723958333 0.28789683703703706 0.6114587953124999 0.28789683703703706 0.6114386458333333 0.27877742962962965
4 0.5937739270833333 0.1593901398148148 0.5907999192708334 0.15932744351851852 0.5907918598958334 0.1650612712962963 0.5937819864583334 0.16508406944444445 0.5937739270833333 0.1593901398148148
4 0.5938182552083333 0.17270162407407408 0.5908442473958334 0.1726389287037037 0.5908361880208334 0.17837275555555554 0.5938263145833333 0.17839555462962964 0.5938182552083333 0.17270162407407408
4 0.5938263145833333 0.23888002314814816 0.5908523072916666 0.23881732685185184 0.5908442473958334 0.24455115462962965 0.5938343744791666 0.24457395277777774 0.5938263145833333 0.23888002314814816
4 0.5937960911458333 0.25233969814814816 0.5908220833333334 0.25227700185185187 0.5908140239583334 0.2580108296296296 0.5938041505208334 0.2580336277777778 0.5937960911458333 0.25233969814814816
4 0.5937960911458333 0.3450840694444444 0.5908220833333334 0.3450213731481482 0.5908140239583334 0.3507552009259259 0.5938041505208334 0.3507779990740741 0.5937960911458333 0.3450840694444444
4 0.5937678822916667 0.578626388888889 0.5907938744791666 0.5785636935185186 0.5907858151041666 0.5842975203703704 0.5937759421875001 0.5843203194444445 0.5937678822916667 0.578626388888889
4 0.5937678822916667 0.5918808777777778 0.5907938744791666 0.5918181814814815 0.5907858151041666 0.5975520092592593 0.5937759421875001 0.5975748074074074 0.5937678822916667 0.5918808777777778
4 0.5937960911458333 0.6053434027777779 0.5908220833333334 0.6052807064814815 0.5908140239583334 0.6110145342592593 0.5938041505208334 0.6110373324074073 0.5937960911458333 0.6053434027777779
4 0.5938263145833333 0.6184326018518518 0.5908523072916666 0.6183699055555556 0.5908442473958334 0.6241037333333332 0.5938343744791666 0.6241265314814815 0.5938263145833333 0.6184326018518518
4 0.5938263145833333 0.6318523796296296 0.5908523072916666 0.6317896833333333 0.5908442473958334 0.6375235111111112 0.5938343744791666 0.6375463092592593 0.5938263145833333 0.6318523796296296
4 0.593884746875 0.6447791398148148 0.5909107395833334 0.6447164435185185 0.5909026796875001 0.6504502703703704 0.5938928067708333 0.6504730694444444 0.593884746875 0.6447791398148148
4 0.5938263145833333 0.6581162722222222 0.5908523072916666 0.6580535768518518 0.5908442473958334 0.6637874037037037 0.5938343744791666 0.6638102027777778 0.5938263145833333 0.6581162722222222
4 0.6159862984375 0.48586206851851854 0.6113520046875001 0.48580507222222225 0.6113520046875001 0.4949244796296296 0.6160386864583334 0.49492732962962965 0.6159862984375 0.48586206851851854
4 0.6160165223958334 0.49919920185185185 0.6113822286458334 0.49914220555555555 0.6113822286458334 0.508261612962963 0.6160668947916667 0.5082644629629629 0.6160165223958334 0.49919920185185185
4 0.6159278661458334 0.5124109435185186 0.6112935723958334 0.5123539472222223 0.6112935723958334 0.5214733546296296 0.6159802536458333 0.5214790537037036 0.6159278661458334 0.5124109435185186
4 0.623576465625 0.5388828722222223 0.618942171875 0.538825875925926 0.618942171875 0.5479452833333333 0.6235925848958334 0.5479395842592593 0.623576465625 0.5388828722222223
4 0.6236066895833333 0.55230265 0.6189723958333333 0.5522456537037037 0.6189723958333333 0.5613650611111112 0.6236228088541667 0.5613593620370371 0.6236066895833333 0.55230265
4 0.6158875682291666 0.5258335703703704 0.6112532744791667 0.5257765740740741 0.6112532744791667 0.5348959814814815 0.6159057020833333 0.5348902824074074 0.6158875682291666 0.5258335703703704
4 0.6159177916666666 0.5388002277777777 0.6112834979166667 0.5387432314814814 0.6112834979166667 0.5478626388888889 0.6159339109374999 0.5478597888888889 0.6159177916666666 0.5388002277777777
4 0.6081402375 0.5522627527777777 0.60350594375 0.5522057564814814 0.60350594375 0.5613251638888889 0.608158371875 0.5613194638888889 0.6081402375 0.5522627527777777
4 0.6080838203125 0.5654773435185185 0.6034495265625 0.5654203472222221 0.6034495265625 0.5745397546296296 0.6080999395833333 0.5745340555555555 0.6080838203125 0.5654773435185185
4 0.6236933307291667 0.6316699916666666 0.6190590369791666 0.6316129953703703 0.6190590369791666 0.6407324027777778 0.62370945 0.6407267027777778 0.6236933307291667 0.6316699916666666
4 0.6235180333333333 0.6448817324074074 0.6188837395833333 0.6448247361111111 0.6188837395833333 0.6539441435185185 0.6235361677083334 0.6539412935185186 0.6235180333333333 0.6448817324074074
4 0.6159460005208334 0.5920689657407407 0.6113117067708332 0.5920119694444445 0.6113117067708332 0.6011313768518519 0.6159621197916666 0.6011256768518518 0.6159460005208334 0.5920689657407407
4 0.615974209375 0.6449643777777777 0.611339915625 0.6449073814814814 0.611339915625 0.654026787962963 0.6159923432291666 0.6540210888888889 0.615974209375 0.6449643777777777
4 0.6080535968749999 0.6052408092592593 0.6034193026041667 0.605183812962963 0.6034193026041667 0.6143032203703704 0.6080697161458333 0.6142975203703703 0.6080535968749999 0.6052408092592593
4 0.623576465625 0.6713109148148149 0.618942171875 0.6712539185185186 0.618942171875 0.6803733259259259 0.6235925848958334 0.6803676259259259 0.623576465625 0.6713109148148149
4 0.6236066895833333 0.6847705898148148 0.6189723958333333 0.6847135935185185 0.6189723958333333 0.6938330009259259 0.6236228088541667 0.6938273009259259 0.6236066895833333 0.6847705898148148
4 0.615974209375 0.7112824166666667 0.611339915625 0.7112254203703704 0.611339915625 0.7203448277777778 0.6159923432291666 0.7203391277777779 0.615974209375 0.7112824166666667
4 0.6080838203125 0.6584240527777778 0.6034495265625 0.6583670564814815 0.6034495265625 0.667486462962963 0.6080999395833333 0.6674807638888889 0.6080838203125 0.6584240527777778
4 0.6159177916666666 0.7644656601851852 0.6112834979166667 0.764408663888889 0.6112834979166667 0.7735280703703703 0.6159339109374999 0.7735223712962963 0.6159177916666666 0.7644656601851852
4 0.6159177916666666 0.7778455398148147 0.6112834979166667 0.7777856935185186 0.6112834979166667 0.786905100925926 0.6159339109374999 0.7869022509259259 0.6159177916666666 0.7778455398148147
4 0.6491497078125 0.4595611287037037 0.6445154140625 0.4595611287037037 0.6445355630208333 0.46685665462962966 0.6491295588541667 0.4668851527777778 0.6491497078125 0.4595611287037037
4 0.6403868630208333 0.45964377314814814 0.6357525692708333 0.45964377314814814 0.6357727182291666 0.46693929907407405 0.6403667135416666 0.4669677972222222 0.6403868630208333 0.45964377314814814
4 0.640300221875 0.4727358222222222 0.635665928125 0.4727358222222222 0.6356860770833334 0.48003134814814813 0.6402800723958334 0.48005984629629633 0.640300221875 0.4727358222222222
4 0.6405037276041666 0.4859076657407407 0.6358694338541666 0.4859076657407407 0.6358895828125 0.49320319166666665 0.6404835786458333 0.49323168981481486 0.6405037276041666 0.4859076657407407
4 0.6403586541666667 0.49937019074074074 0.6357243604166667 0.49937019074074074 0.635744509375 0.5066657166666667 0.6403385046875001 0.5066942148148148 0.6403586541666667 0.49937019074074074
4 0.6403868630208333 0.512499287962963 0.6357525692708333 0.512499287962963 0.6357727182291666 0.5197948129629629 0.6403667135416666 0.5198233111111111 0.6403868630208333 0.512499287962963
4 0.6492081401041666 0.5124194925925926 0.6445738463541667 0.5124194925925926 0.6445939953125 0.5197150185185185 0.6491879911458334 0.5197435166666666 0.6492081401041666 0.5124194925925926
4 0.64929478125 0.5258791675925927 0.6446604874999999 0.5258791675925927 0.6446806364583334 0.5331746935185185 0.6492746322916666 0.5332031916666667 0.64929478125 0.5258791675925927
4 0.6492665723958333 0.5388059277777778 0.6446322786458333 0.5388059277777778 0.6446524281249999 0.5461014537037038 0.6492464234374999 0.5461299518518519 0.6492665723958333 0.5388059277777778
4 0.6492363489583333 0.55230835 0.6446020552083334 0.55230835 0.6446222041666666 0.559603875925926 0.6492162 0.5596323740740741 0.6492363489583333 0.55230835
4 0.64917993125 0.5656027361111111 0.6445456375 0.5656027361111111 0.6445657869791667 0.5728982620370371 0.6491597822916667 0.5729267601851852 0.64917993125 0.5656027361111111
4 0.64917993125 0.5787774296296296 0.6445456375 0.5787774296296296 0.6445657869791667 0.5860729555555556 0.6491597822916667 0.5861014537037037 0.64917993125 0.5787774296296296
4 0.6403304453125 0.5260017101851853 0.6356961515625 0.5260017101851853 0.6357163005208334 0.5332972361111111 0.6403102963541667 0.5333257342592593 0.6403304453125 0.5260017101851853
4 0.640300221875 0.5388059277777778 0.635665928125 0.5388059277777778 0.6356860770833334 0.5461014537037038 0.6402800723958334 0.5461299518518519 0.640300221875 0.5388059277777778
4 0.6491497078125 0.6051638638888889 0.6445154140625 0.6051638638888889 0.6445355630208333 0.6124593898148148 0.6491295588541667 0.6124878879629629 0.6491497078125 0.6051638638888889
4 0.6491497078125 0.6184183527777778 0.6445154140625 0.6184183527777778 0.6445355630208333 0.6257138787037037 0.6491295588541667 0.6257423768518519 0.6491497078125 0.6184183527777778
4 0.64917993125 0.7243773157407407 0.6445456375 0.7243773157407407 0.6445657869791667 0.7316728416666667 0.6491597822916667 0.7317013398148148 0.64917993125 0.7243773157407407
4 0.64917993125 0.7378369907407408 0.6445456375 0.7378369907407408 0.6445657869791667 0.7451325166666667 0.6491597822916667 0.7451610148148149 0.64917993125 0.7378369907407408
4 0.6491214989583334 0.7510088342592594 0.6444872052083334 0.7510088342592594 0.6445073541666667 0.7583043601851852 0.64910135 0.7583328583333334 0.6491214989583334 0.7510088342592594
4 0.6491497078125 0.7643060703703703 0.6445154140625 0.7643060703703703 0.6445355630208333 0.7716015962962963 0.6491295588541667 0.7716300944444444 0.6491497078125 0.7643060703703703
4 0.6404170864583333 0.7244172129629629 0.6357827927083334 0.7244172129629629 0.6358029416666666 0.7317127388888889 0.6403969375 0.731741237037037 0.6404170864583333 0.7244172129629629
4 0.6403586541666667 0.7378369907407408 0.6357243604166667 0.7378369907407408 0.635744509375 0.7451325166666667 0.6403385046875001 0.7451610148148149 0.6403586541666667 0.7378369907407408
4 0.6403304453125 0.750968937037037 0.6356961515625 0.750968937037037 0.6357163005208334 0.7582644629629629 0.6403102963541667 0.7582929611111111 0.6403304453125 0.750968937037037
4 0.6403586541666667 0.764428612037037 0.6357243604166667 0.764428612037037 0.635744509375 0.771724137962963 0.6403385046875001 0.7717526361111111 0.6403586541666667 0.764428612037037
4 0.64917993125 0.7776432027777778 0.6445456375 0.7776432027777778 0.6445657869791667 0.7849387287037037 0.6491597822916667 0.7849672268518518 0.64917993125 0.7776432027777778
4 0.6403868630208333 0.7778483898148149 0.6357525692708333 0.7778483898148149 0.6357727182291666 0.7851439157407407 0.6403667135416666 0.7851724138888889 0.6403868630208333 0.7778483898148149
4 0.6651299614583334 0.5124422916666667 0.6613137213541667 0.5124679398148148 0.6613338708333333 0.5181390712962963 0.6651420510416667 0.5181248222222222 0.6651299614583334 0.5124422916666667
4 0.6574551682291666 0.45946708425925925 0.653638928125 0.4594955824074074 0.6536590770833333 0.46516671388888886 0.6574672578125 0.4651524648148148 0.6574551682291666 0.45946708425925925
4 0.6574551682291666 0.4728612138888889 0.653638928125 0.47288971203703706 0.6536590770833333 0.4785608435185186 0.6574672578125 0.4785465944444445 0.6574551682291666 0.4728612138888889
4 0.6574551682291666 0.48591336574074073 0.653638928125 0.4859390138888889 0.6536590770833333 0.49161014537037034 0.6574672578125 0.49159589629629635 0.6574551682291666 0.48591336574074073
4 0.6574551682291666 0.49930749537037045 0.653638928125 0.49933314351851854 0.6536590770833333 0.505004275 0.6574672578125 0.5049900259259259 0.6574551682291666 0.49930749537037045
4 0.6575256901041667 0.5257993731481482 0.6537074348958334 0.5258278712962963 0.653727584375 0.5314990027777777 0.6575357645833333 0.5314847537037036 0.6575256901041667 0.5257993731481482
4 0.6574551682291666 0.5389997148148148 0.653638928125 0.5390253629629629 0.6536590770833333 0.5446964944444445 0.6574672578125 0.5446822453703705 0.6574551682291666 0.5389997148148148
4 0.6574914364583333 0.5522941009259259 0.6536731817708333 0.552319749074074 0.6536933307291667 0.5579908805555556 0.6575015109375 0.5579766314814815 0.6574914364583333 0.5522941009259259
4 0.6574914364583333 0.5654431462962962 0.6536731817708333 0.5654687944444444 0.6536933307291667 0.571139925925926 0.6575015109375 0.5711256768518519 0.6574914364583333 0.5654431462962962
4 0.6574914364583333 0.5787888287037037 0.6536731817708333 0.5788144768518518 0.6536933307291667 0.5844856083333333 0.6575015109375 0.5844713592592592 0.6574914364583333 0.5787888287037037
4 0.6651501109375 0.5919350240740741 0.6613338708333333 0.5919635222222223 0.6613540197916666 0.5976346537037037 0.6651622005208334 0.5976204046296296 0.6651501109375 0.5919350240740741
4 0.6574914364583333 0.6318751777777778 0.6536731817708333 0.6319008268518519 0.6536933307291667 0.6375719574074075 0.6575015109375 0.6375577083333334 0.6574914364583333 0.6318751777777778
4 0.6651158572916667 0.6450726703703704 0.6612976020833333 0.6450983185185185 0.6613177515625 0.65076945 0.6651259317708333 0.6507552009259259 0.6651158572916667 0.6450726703703704
4 0.6650453354166667 0.6583186092592592 0.6612290953125 0.6583442574074074 0.6612492442708333 0.6640153888888889 0.665057425 0.6640011398148148 0.6650453354166667 0.6583186092592592
4 0.6651501109375 0.6715161018518518 0.6613338708333333 0.6715417499999999 0.6613540197916666 0.6772128814814815 0.6651622005208334 0.6771986324074074 0.6651501109375 0.6715161018518518
4 0.6651863791666667 0.6849102305555556 0.6613681239583333 0.6849358796296295 0.6613882734375001 0.6906070101851852 0.6651964536458334 0.6905927611111111 0.6651863791666667 0.6849102305555556
4 0.6651863791666667 0.6978141916666667 0.6613681239583333 0.6978398407407407 0.6613882734375001 0.7035109722222221 0.6651964536458334 0.7034967231481482 0.6651863791666667 0.6978141916666667
4 0.6574551682291666 0.6448731833333333 0.653638928125 0.6449016814814815 0.6536590770833333 0.650572812962963 0.6574672578125 0.6505585638888889 0.6574551682291666 0.6448731833333333
4 0.6574551682291666 0.6581219722222222 0.653638928125 0.6581476203703704 0.6536590770833333 0.6638187518518519 0.6574672578125 0.6638045027777778 0.6574551682291666 0.6581219722222222
4 0.6574914364583333 0.671319463888889 0.6536731817708333 0.671345112962963 0.6536933307291667 0.6770162435185185 0.6575015109375 0.6770019944444444 0.6574914364583333 0.671319463888889
4 0.6574551682291666 0.6846651472222222 0.653638928125 0.6846907953703704 0.6536590770833333 0.6903619268518518 0.6574672578125 0.6903476777777778 0.6574551682291666 0.6846651472222222
4 0.6651158572916667 0.7642946712962964 0.6612976020833333 0.7643203194444445 0.6613177515625 0.7699914509259259 0.6651259317708333 0.7699772018518518 0.6651158572916667 0.7642946712962964
4 0.6651158572916667 0.7776375037037038 0.6612976020833333 0.7776660018518519 0.6613177515625 0.7833371333333333 0.6651259317708333 0.7833228842592592 0.6651158572916667 0.7776375037037038
4 0.6574914364583333 0.7112083212962963 0.6536731817708333 0.7112339694444445 0.6536933307291667 0.716905100925926 0.6575015109375 0.7168908518518519 0.6574914364583333 0.7112083212962963
4 0.6574551682291666 0.7244542601851852 0.653638928125 0.7244799092592593 0.6536590770833333 0.7301510398148149 0.6574672578125 0.7301367907407408 0.6574551682291666 0.7244542601851852
4 0.6574551682291666 0.7378483898148148 0.653638928125 0.737876887962963 0.6536590770833333 0.7435480194444445 0.6574672578125 0.7435337703703704 0.6574551682291666 0.7378483898148148