3 0.51576264375 0.7399914481481481 0.5158452546875 0.7484435574074074 0.5559016723958333 0.7485433296296296 0.5558291354166667 0.7400741166666667 0.51576264375 0.7399914481481481
3 0.45669957708333336 0.45417616851851855 0.4502740276041666 0.4542787916666667 0.45011686458333333 0.5476795898148148 0.456836590625 0.5478221212962963 0.45669957708333336 0.45417616851851855
3 0.49886560572916666 0.22740022777777777 0.4990348578125 0.2358124287037037 0.60378803125 0.2360547324074074 0.60378803125 0.22740022777777777 0.49886560572916666 0.22740022777777777
3 0.5072738265625 0.32562713796296294 0.5048357848958334 0.325513112962963 0.5049828734375 0.23581527962962961 0.4990348578125 0.2358124287037037 0.49895224687499995 0.34446978333333333 0.5073342734375 0.3443557583333333 0.5072738265625 0.32562713796296294
3 0.5405661895833334 0.32557297592592593 0.5072738265625 0.32562713796296294 0.5072214385416667 0.3339851768518518 0.5405661895833334 0.3339851768518518 0.5405661895833334 0.32557297592592593
3 0.5697662703125 0.33399942962962964 0.5905762645833333 0.3340079814814815 0.5905762645833333 0.35307582685185185 0.59659883125 0.3531356898148148 0.5965948015625 0.23606898518518518 0.5904090265625 0.23606898518518518 0.5905883536458333 0.32546180185185186 0.5697964942708332 0.32562428703703705 0.5697662703125 0.33399942962962964
3 0.7405601453125 0.3443272518518518 0.7407072333333333 0.22747434444444445 0.6386882932291668 0.22788198425925923 0.6386882932291668 0.23581527962962961 0.7348095911458333 0.2359236027777778 0.7346161593749999 0.3443557583333333 0.7405601453125 0.3443272518518518
3 0.6294781380208333 0.3443215509259259 0.6294781380208333 0.35294754814814816 0.7489220229166667 0.35305017129629634 0.7489542614583333 0.3443358037037037 0.6294781380208333 0.3443215509259259
3 0.7408341729166666 0.3529161916666667 0.7345678015625 0.3529874574074074 0.7348337697916667 0.4656641962962963 0.7407414869791666 0.4656784490740741 0.7408341729166666 0.3529161916666667
3 0.7348337697916667 0.4656641962962963 0.7347410838541666 0.4573061574074074 0.7120955067708333 0.4573061574074074 0.7121378197916666 0.4658181296296296 0.7348337697916667 0.4656641962962963
3 0.6791557526041667 0.4574686435185185 0.6520229697916666 0.457554162037037 0.6519625229166667 0.4658950972222222 0.6792162 0.4655558722222222 0.6791557526041667 0.4574686435185185
3 0.6581221036458333 0.46591220092592595 0.6519625229166667 0.4658950972222222 0.6520068505208333 0.592385975 0.6580717307291667 0.5924572407407408 0.6581221036458333 0.46591220092592595
3 0.6520068505208333 0.592385975 0.6520471489583334 0.5839737740740741 0.583999596875 0.5839737740740741 0.583999596875 0.5923147092592592 0.6520068505208333 0.592385975
3 0.5628269192708333 0.4572748 0.5628772921874999 0.4656442416666667 0.5899516421875001 0.4656442416666667 0.5898508968749999 0.4572748 0.5628269192708333 0.4572748
3 0.5899516421875001 0.4656442416666667 0.5839109411458333 0.46570125462962964 0.583999596875 0.5839737740740741 0.5899697765624999 0.5839794759259259 0.5899516421875001 0.4656442416666667
3 0.5998085833333333 0.7484549601851852 0.6420955067708333 0.7483979472222222 0.6420955067708333 0.7402394527777778 0.6237074348958332 0.7401225768518519 0.6238222848958334 0.5925114027777778 0.6181482973958333 0.5924144814814815 0.6184021760416667 0.7401225768518519 0.5998085833333333 0.739942987037037 0.5998085833333333 0.7484549601851852
3 0.68604473125 0.7400484611111111 0.686105178125 0.7484749148148148 0.7259943583333333 0.7484749148148148 0.72581503125 0.7401339796296297 0.68604473125 0.7400484611111111
3 0.5013681239583333 0.4657155074074074 0.5073241989583334 0.4657155074074074 0.5073342734375 0.3443557583333333 0.49298005260416666 0.34436145925925926 0.4930102760416667 0.3531442416666667 0.5012270802083333 0.35309578148148146 0.5013681239583333 0.4657155074074074
3 0.5073544229166667 0.4571949833333333 0.5073241989583334 0.4657155074074074 0.5299375380208333 0.465849487037037 0.5298650010416667 0.4571949833333333 0.5073544229166667 0.4571949833333333
3 0.4203566390625 0.3729389962962963 0.4570239776041667 0.37311573518518515 0.456977634375 0.35320410462962964 0.46686681458333334 0.3531356898148148 0.46679427760416664 0.3444127703703704 0.45095708229166664 0.344378562962963 0.45093693333333335 0.3646807296296296 0.4203586541666667 0.36490022777777775 0.4203566390625 0.3729389962962963
3 0.37660487604166665 0.364712087037037 0.35139028802083333 0.36458950925925926 0.3514205119791667 0.3731670462962963 0.37654644374999996 0.37304446944444447 0.37660487604166665 0.364712087037037
3 0.2842776546875 0.40933865462962965 0.306872859375 0.4092673888888889 0.30692726197916664 0.3731556444444445 0.32543622812499995 0.3730387685185185 0.32539391510416665 0.3647633981481482 0.3009933510416667 0.36458665925925926 0.3008643963541667 0.40082098055555554 0.2843481765625 0.4007155074074074 0.2842776546875 0.40933865462962965
3 0.237181140625 0.40933865462962965 0.2613318557291667 0.40921892777777774 0.26116461822916665 0.40053021666666666 0.23120693125 0.40059007962962967 0.23112835 0.7054361462962963 0.237312109375 0.7056727481481482 0.237181140625 0.40933865462962965
3 0.2373342734375 0.6970439 0.237312109375 0.7056727481481482 0.27206528333333335 0.705624287037037 0.27209349166666663 0.6970866592592593 0.2373342734375 0.6970439
3 0.3432097520833333 0.4532981759259259 0.3371166635416667 0.4533950972222222 0.3371650213541667 0.556764537962963 0.34309893229166666 0.556710375925926 0.3432097520833333 0.4532981759259259
3 0.34305460416666667 0.5943415055555555 0.33712270781250003 0.5944013685185185 0.337118678125 0.6916163055555555 0.3431352005208333 0.691533637037037 0.34305460416666667 0.5943415055555555
3 0.356721740625 0.7483979472222222 0.3567680838541667 0.7400997722222222 0.33862381614583337 0.7400313564814816 0.3383336692708333 0.6970210944444445 0.3247672776041667 0.6973517675925925 0.3247672776041667 0.7057782212962963 0.332228490625 0.7055245157407408 0.33240177291666667 0.7485433296296296 0.356721740625 0.7483979472222222
3 0.43639129583333336 0.7398802740740741 0.4366068911458333 0.7484606611111112 0.4718396130208333 0.7486659064814815 0.4720572234375 0.7401881416666667 0.43639129583333336 0.7398802740740741
1 0 0 0 1 1 1 1 0 0 0