3 0.32324934479166667 0.23423033055555556 0.33521064322916666 0.23428734351851851 0.335220721875 0.22347206388888888 0.333801653125 0.22345781111111113 0.33384196718750003 0.2322690990740741 0.3232392661458333 0.23232611203703704 0.32324934479166667 0.23423033055555556
4 0.6353376333333334 0.6325484611111111 0.6353174765625 0.6408922462962963 0.6533380364583333 0.6409064990740742 0.6532977223958334 0.6325484611111111 0.6353376333333334 0.6325484611111111
3 0.38198347083333334 0.3079960092592593 0.38197339270833336 0.31268814166666664 0.3916831286458333 0.3127166472222222 0.39170328541666666 0.3080102620370371 0.38198347083333334 0.3079960092592593
3 0.36675267083333335 0.26211231481481484 0.36681717395833335 0.26226054722222225 0.3916972385416667 0.26226054722222225 0.39170328541666666 0.2595439 0.368778471875 0.2595581527777778 0.368772425 0.2589310148148148 0.36668816770833335 0.258919612037037 0.36668816770833335 0.25978620277777775 0.365220721875 0.2598004564814815 0.3652308 0.26213226944444445 0.36675267083333335 0.26211231481481484
3 0.36082241458333336 0.19436431018518519 0.3592602296875 0.19436145925925927 0.3592803869791667 0.23424458425925926 0.3667950010416667 0.23425883703703704 0.36682725260416665 0.24306157314814816 0.368778471875 0.2430416194444444 0.36879862916666667 0.21448973796296297 0.3917133640625 0.21451824444444442 0.3917234427083333 0.21221493703703703 0.36707115520833333 0.21233181296296294 0.36715984687500003 0.23177879166666668 0.3607982260416666 0.2316704675925926 0.36082241458333336 0.19436431018518519
3 0.26412215260416666 0.15583808425925924 0.24220318489583334 0.15585803888888888 0.242189075 0.16065279351851852 0.2641584359375 0.1605045611111111 0.26412215260416666 0.15583808425925924
3 0.303481153125 0.16415906481481482 0.303481153125 0.15581527962962965 0.2820741786458333 0.15581527962962965 0.2821527916666666 0.16050741203703703 0.3000342671875 0.16062143703703702 0.30009272343750004 0.16411630555555556 0.303481153125 0.16415906481481482
3 0.29935093749999997 0.1827223490740741 0.2975005041666667 0.18276510833333331 0.29751058229166666 0.23425883703703704 0.2993610161458333 0.23428734351851851 0.29935093749999997 0.1827223490740741
3 0.31282805885416665 0.23229760555555556 0.3128683734375 0.23431584907407407 0.31985285208333336 0.23423033055555556 0.3198931666666667 0.23455815277777778 0.3232392661458333 0.23451539351851852 0.32301955260416665 0.18607753703703703 0.31995363854166664 0.18604903055555555 0.31998589010416667 0.2017217787037037 0.31990526093750005 0.20189566666666667 0.31982261666666667 0.23229760555555556 0.31282805885416665 0.23229760555555556
3 0.31993348125 0.18499714907407408 0.31995363854166664 0.18604903055555555 0.3230780083333334 0.18607753703703703 0.32311832291666664 0.13830672777777778 0.32125982656249996 0.13832098055555556 0.32138076979166663 0.1827223490740741 0.3001229588541667 0.18279361481481482 0.300124975 0.185114025 0.31993348125 0.18499714907407408
3 0.20737956041666666 0.33562713796296295 0.20327756510416667 0.3355843787037037 0.20328764375 0.3402480046296296 0.20735940312499998 0.3402194981481481 0.20737956041666666 0.33562713796296295
3 0.23156016927083334 0.3354988601851852 0.23156016927083334 0.34031927037037035 0.2527373515625 0.3402907638888889 0.25275549270833336 0.3354703537037037 0.23156016927083334 0.3354988601851852
3 0.2977927838541667 0.33551311296296293 0.29782301979166664 0.34036202962962964 0.31342068125 0.3403050166666667 0.3134085869791667 0.3354732037037037 0.2977927838541667 0.33551311296296293
3 0.3400141098958333 0.33545610000000003 0.3400342671875 0.34034777685185186 0.35530135052083334 0.3403363740740741 0.35530135052083334 0.33545610000000003 0.3400141098958333 0.33545610000000003
3 0.39581334427083337 0.1095952111111111 0.3992199151041667 0.10952394537037037 0.3992561984375 0.07843215462962963 0.4049385203125 0.07845496018518519 0.4049284416666667 0.07263968055555556 0.3928683734375 0.07255701296296296 0.3928482161458334 0.07852622592592592 0.39586373697916666 0.0784777648148148 0.39581334427083337 0.1095952111111111
3 0.3341040114583333 0.19272805 0.3340899010416667 0.18954390000000002 0.3359524291666667 0.18947263425925925 0.3359625078125 0.18695838055555555 0.334003225 0.18695838055555555 0.3339891151041667 0.13738312407407408 0.3992058052083333 0.13731756018518518 0.3992058052083333 0.13254561018518518 0.3263636364583334 0.13254561018518518 0.3264059666666667 0.07852052407407407 0.37801451302083333 0.07846066111111112 0.3780366859375 0.07267103796296295 0.32216488593750003 0.07260832407407407 0.3220862729166667 0.13356043333333334 0.3131525901041667 0.13340935 0.3131183229166667 0.13833523333333334 0.329802459375 0.13827822129629627 0.32983874218750003 0.19267388796296295 0.3341040114583333 0.19272805
3 0.28198347083333336 0.13351482314814817 0.28194315677083337 0.13834948703703706 0.29974198750000003 0.13829247407407408 0.29974198750000003 0.13343215462962962 0.28198347083333336 0.13351482314814817
3 0.7626043135416667 0.08853192685185185 0.7457427937500001 0.0886374 0.7456702276041667 0.04260547314814815 0.7423342067708333 0.04260547314814815 0.7424450713541667 0.09330102592592593 0.7626788953125 0.09335518796296297 0.7626043135416667 0.08853192685185185
3 0.7406893770833333 0.3767445842592592 0.7448861114583334 0.3767474342592593 0.7448699859375 0.3478876851851852 0.762644628125 0.3478876851851852 0.7625801249999999 0.34410775370370367 0.7446784921875 0.34428734351851853 0.7446361619791666 0.3354675027777778 0.7449103005208334 0.3348973777777778 0.7448699859375 0.21949543888888887 0.7447208223958334 0.21922462962962963 0.7446784921875 0.21031641944444443 0.7626224552083334 0.2103762824074074 0.762644628125 0.20455530185185186 0.7174198749999999 0.20455530185185186 0.7174581739583333 0.13672747962962964 0.7155956458333333 0.13670182407407408 0.715553315625 0.13934150555555555 0.7133682723958333 0.13931014814814816 0.7133057848958334 0.2104076398148148 0.7407962104166667 0.2103449259259259 0.7407740374999999 0.2193158490740741 0.7406692197916667 0.2196750287037037 0.7406268895833333 0.3350484611111111 0.7407962104166667 0.3352594074074074 0.7408183833333334 0.34422747962962963 0.7187562989583333 0.3441362601851852 0.718774440625 0.3478221212962963 0.7406651885416667 0.3478933861111111 0.7406893770833333 0.3767445842592592
3 0.7213989114583333 0.3668671611111111 0.7187341260416668 0.3668814138888889 0.7188046765625 0.37673318148148144 0.7213585968749999 0.37666191574074076 0.7213989114583333 0.3668671611111111
3 0.6919209838541666 0.3719270240740741 0.674775246875 0.3718700111111111 0.6748155614583333 0.3766191564814815 0.6919411411458333 0.3767474342592593 0.6919209838541666 0.3719270240740741
3 0.6099193713541666 0.34725484629629627 0.6113626286458334 0.3472519953703704 0.6113364239583333 0.37663340925925926 0.6255069541666667 0.3768044472222222 0.6255009072916666 0.3718272518518519 0.6147228380208334 0.37189851759259257 0.6147228380208334 0.3153734324074074 0.6113606130208333 0.31539908796296295 0.6113666598958333 0.34247719537037036 0.6099496067708333 0.3424629416666667 0.6099193713541666 0.34725484629629627
3 0.5963616208333333 0.34242588333333335 0.5844124166666667 0.34242588333333335 0.5844124166666667 0.3049543898148148 0.5809856885416667 0.3049258833333333 0.580967546875 0.3473004564814815 0.5963979036458333 0.34735176759259256 0.5963616208333333 0.34242588333333335
3 0.5843922593750001 0.2593586092592593 0.5809756098958334 0.2593158490740741 0.5809756098958334 0.28563854074074074 0.58438218125 0.285624287037037 0.5843922593750001 0.2593586092592593
3 0.5809856885416667 0.23383409351851853 0.5843519453125 0.23380558703703702 0.5843579921875001 0.21352622592592593 0.6110844588541667 0.2136145953703704 0.6111167104166667 0.17656784537037037 0.6077484380208333 0.1765393388888889 0.6077121546875 0.2088169898148148 0.5810481755208333 0.20899657962962964 0.5809856885416667 0.23383409351851853
3 0.6111167104166667 0.10793329537037037 0.6077282807291666 0.10790478888888888 0.607738359375 0.13816419629629628 0.6110763958333333 0.1381356898148148 0.6111167104166667 0.10793329537037037
3 0.6111449302083333 0.06961231481481481 0.61109856875 0.05470353518518519 0.6659040515625 0.0546408212962963 0.6660794192708334 0.09438996574074074 0.7133198953125 0.09432725185185184 0.7134065713541666 0.11112314722222222 0.7155170328125 0.11112314722222222 0.7155613786458334 0.11385974907407408 0.7175428338541666 0.11385974907407408 0.7174541421874999 0.07324116296296296 0.7141100583333333 0.0734891675925926 0.7140233822916666 0.08879133425925925 0.6818262447916666 0.08860604351851852 0.6816932067708333 0.04263683055555556 0.6783954848958333 0.042511402777777776 0.6784821609375 0.08866875740740741 0.6702136666666667 0.08866875740740741 0.670124975 0.04879418425925926 0.61483571875 0.048982325925925926 0.6188389437499999 0.042759407407407406 0.6134730901041666 0.04257411666666667 0.6092864343750001 0.048292474074074075 0.6051159041666666 0.04245153888888889 0.6005019151041666 0.042793614814814813 0.6076657932291667 0.052899087962962964 0.6076678088541667 0.06961231481481481 0.6111449302083333 0.06961231481481481
2 0.7013082041666666 0.26498859722222223 0.6838903447916667 0.26503135648148146 0.6839407375000001 0.286761687962963 0.7012174963541666 0.28652223518518516 0.7013082041666666 0.26498859722222223
2 0.6652066114583334 0.1933095777777778 0.6652045958333334 0.21240022777777778 0.6676395885416666 0.21240022777777778 0.6676597458333333 0.1933095777777778 0.6652066114583334 0.1933095777777778
2 0.7213888328125001 0.3717217787037037 0.7213888328125001 0.3779247435185185 0.7407155817708334 0.37803876851851853 0.7407055031249999 0.3717160777777778 0.7213888328125001 0.3717217787037037
2 0.733930659375 0.3479076398148148 0.7185446484375 0.34783637407407403 0.7186252770833333 0.3668814138888889 0.7338399515624999 0.3666562148148148 0.733930659375 0.3479076398148148
2 0.7327554927083334 0.11401653333333334 0.7155633942708334 0.11391106018518518 0.7155795203125 0.13669897407407408 0.7328462005208334 0.1366704675925926 0.7327554927083334 0.11401653333333334
2 0.6917093328125 0.11333238333333333 0.6917093328125 0.11567844907407408 0.7049465833333334 0.11560718333333332 0.7049163473958333 0.11327537037037037 0.6917093328125 0.11333238333333333
2 0.7192582140624999 0.2380387685185185 0.7192682927083334 0.24123717222222218 0.7325841562500001 0.24119441296296296 0.7325740776041666 0.23809578148148147 0.7192582140624999 0.2380387685185185
2 0.7003023583333333 0.22456670462962963 0.7002721223958334 0.23242588333333333 0.7091735536458333 0.23242588333333333 0.7090767989583333 0.2246237175925926 0.7003023583333333 0.22456670462962963
2 0.7124652286458333 0.24575826666666667 0.6993670630208333 0.24595781111111112 0.6993469057291667 0.26197548425925926 0.7124228984375001 0.2618757129629629 0.7124652286458333 0.24575826666666667
2 0.6969361015625 0.18171322685185184 0.6838701875000001 0.18175028518518518 0.6839004234375 0.1976453824074074 0.6970066520833333 0.19761687592592594 0.6969361015625 0.18171322685185184
4 0.7187341260416668 0.3404161916666667 0.6919814552083333 0.34044469814814815 0.6919814552083333 0.34586088981481483 0.7187542833333332 0.34584378518518516 0.7187341260416668 0.3404161916666667
3 0.7002822010416666 0.2314025083333333 0.6950856682291667 0.23147377407407407 0.6951945171875 0.2136887111111111 0.7099375125 0.2136887111111111 0.7099052609375 0.2313968074074074 0.7091775854166666 0.23138825555555556 0.7091735536458333 0.23242588333333333 0.7099193713541666 0.2324515388888889 0.7099415442708333 0.24578677314814817 0.7122031848958332 0.24575826666666667 0.7122112479166667 0.2107126564814815 0.6931787947916667 0.21069555277777777 0.6930376942708333 0.22958380833333333 0.6873573875000001 0.2296123148148148 0.6873473088541666 0.2324543898148148 0.7002721223958334 0.23242588333333333 0.7002822010416666 0.2314025083333333
2 0.6664120135416667 0.1011516537037037 0.6516589395833333 0.10130843796296296 0.6517093328125 0.12008551851851852 0.6664019348958334 0.12011402500000001 0.6664120135416667 0.1011516537037037
2 0.6664321708333334 0.16262542777777778 0.6517496473958333 0.16269099166666665 0.6517294901041667 0.18147092314814814 0.66639185625 0.18151368333333331 0.6664321708333334 0.16262542777777778
2 0.6174319692708334 0.2776453824074074 0.6028643416666667 0.27780786759259257 0.6028038703124999 0.2965421888888889 0.6174480953125 0.2965706953703704 0.6174319692708334 0.2776453824074074
4 0.7187542833333332 0.3720125425925926 0.6919109052083333 0.3720267962962963 0.6919411411458333 0.3764053592592593 0.7188046765625 0.3764338657407408 0.7187542833333332 0.3720125425925926
2 0.6009252166666667 0.30073546203703705 0.6008647447916666 0.31800456111111114 0.6113424713541666 0.3180216648148148 0.6113263453125001 0.3007639685185185 0.6009252166666667 0.30073546203703705
4 0.6746643822916667 0.34045895092592593 0.6258093124999999 0.34044469814814815 0.6258697843750001 0.34581812962962966 0.6746845395833333 0.34586088981481483 0.6746643822916667 0.34045895092592593
4 0.6747651682291667 0.37204104907407404 0.6255069541666667 0.3720695555555556 0.6255170328124999 0.37769954351851853 0.6748054828125 0.3776852907407407 0.6747651682291667 0.37204104907407404
4 0.6099596854166667 0.3422805018518518 0.5963616208333333 0.3423375138888889 0.59639185625 0.3469270240740741 0.6099153395833333 0.3469669324074074 0.6099596854166667 0.3422805018518518
4 0.5811832291666666 0.2856955527777778 0.5811953234375 0.30491163055555554 0.5842813947916666 0.3049258833333333 0.5843075994791668 0.2856670462962963 0.5811832291666666 0.2856955527777778
4 0.6113364239583333 0.24187856296296298 0.6113767385416666 0.26702109444444444 0.6174581739583334 0.2669070694444444 0.6174178593749999 0.2418500574074074 0.6113364239583333 0.24187856296296298
4 0.5811449302083334 0.23383409351851853 0.5811650875000001 0.2593158490740741 0.5842612375 0.2593443555555556 0.5842713161458334 0.23380558703703702 0.5811449302083334 0.23383409351851853
4 0.6235073572916666 0.13844925925925927 0.6234872 0.17616875740740742 0.6274279380208333 0.17619726296296298 0.6274380166666667 0.1383779935185185 0.6235073572916666 0.13844925925925927
4 0.6077988307291666 0.13817844907407406 0.607808909375 0.17658209814814815 0.6109957671875 0.17658209814814815 0.6109856885416666 0.1381499425925926 0.6077988307291666 0.13817844907407406
4 0.6234771213541667 0.06999714907407407 0.6234872 0.10759122037037037 0.6274380166666667 0.1075627138888889 0.6274077807291667 0.06989737777777778 0.6234771213541667 0.06999714907407407
4 0.607808909375 0.06961231481481481 0.6078391453125 0.10790478888888888 0.6110058458333333 0.10790478888888888 0.6110098770833333 0.06959521111111111 0.607808909375 0.06961231481481481
3 0.6662326145833333 0.09620581574074075 0.66438218125 0.09623432129629629 0.6644023380208334 0.10116305555555556 0.6661822213541666 0.10116590648148148 0.6662326145833333 0.09620581574074075
3 0.6648800645833333 0.23297890555555556 0.6661741583333334 0.2329218925925926 0.6662366458333333 0.21244298703703704 0.6312719208333333 0.21244298703703704 0.6311126786458333 0.21252565555555555 0.6264583755208334 0.21261687592592593 0.6264886109375 0.2172377425925926 0.6650050390625 0.21712656759259258 0.6648800645833333 0.23297890555555556
3 0.664704696875 0.193295325 0.6662326145833333 0.193295325 0.6661923000000001 0.18154218888888887 0.6266841364583333 0.1815564425925926 0.6267042932291667 0.18405929259259257 0.664714775 0.18408779907407408 0.664704696875 0.193295325
3 0.63122354375 0.12494583796296296 0.66438218125 0.12497434444444445 0.6644426526041667 0.16261117407407408 0.6662144729166666 0.16261117407407408 0.6661943156250001 0.12509407037037037 0.666319290625 0.12480045648148148 0.666319290625 0.12011402500000001 0.63122354375 0.11999429907407407 0.6309111067708333 0.12031927037037038 0.626577303125 0.1202594074074074 0.6265752875 0.1245923601851852 0.6309957671875 0.12465222314814815 0.63122354375 0.12494583796296296
3 0.6212759526041667 0.054689281481481486 0.6212961098958334 0.06979760555555556 0.624704696875 0.06974059259259259 0.6246744609375 0.05470353518518519 0.6212759526041667 0.054689281481481486
3 0.6246643822916667 0.10761972592592592 0.6212860312499999 0.10759122037037037 0.6213162666666666 0.1383922462962963 0.6246341463541667 0.13843500555555555 0.6246643822916667 0.10761972592592592
3 0.2862326145833333 0.732559862962963 0.28628300729166667 0.7342303305555555 0.29936303177083334 0.7342303305555555 0.2993448901041667 0.6831442416666667 0.31997379583333335 0.6832183583333333 0.31995363854166664 0.6861060435185184 0.323098165625 0.6861773092592592 0.32313646458333334 0.6409549601851852 0.3213102197916667 0.6409777648148148 0.32125982656249996 0.6802765111111111 0.29761136875 0.6803477768518519 0.2975710541666666 0.7325114027777777 0.2862326145833333 0.732559862962963
3 0.21833299739583334 0.7252366018518519 0.215932271875 0.7252366018518519 0.2158576901041667 0.728523375 0.24075589583333334 0.7286174462962963 0.2407357385416667 0.7253335231481481 0.218383390625 0.7254817555555556 0.21833299739583334 0.7252366018518519
3 0.20072565989583332 0.7267132268518518 0.19027413802083334 0.7267132268518518 0.19027413802083334 0.7285889398148148 0.20073573854166668 0.7285889398148148 0.20072565989583332 0.7267132268518518
3 0.19849425520833333 0.7010005703703703 0.19025398125 0.7009549601851851 0.1902640598958333 0.7027052453703704 0.19852852239583332 0.7026653361111111 0.19849425520833333 0.7010005703703703
3 0.297419875 0.8355131129629629 0.297419875 0.8402622574074075 0.31340052395833334 0.8403192703703704 0.3134106026041667 0.8354988601851852 0.297419875 0.8355131129629629
3 0.37077806875 0.6870439 0.3707881473958333 0.6879104907407407 0.41342068125 0.6879104907407407 0.41345091718750004 0.687100912037037 0.37077806875 0.6870439
4 0.28195323541666667 0.6336288481481481 0.264134246875 0.6336003416666667 0.2641463416666667 0.6420039907407408 0.2820237854166667 0.6420011398148148 0.28195323541666667 0.6336288481481481
2 0.21723845989583335 0.8106984037037037 0.20504938541666667 0.8105387685185186 0.20508768385416667 0.8252366018518519 0.21730901041666667 0.8251396805555555 0.21723845989583335 0.8106984037037037
2 0.22872606354166666 0.7093728620370371 0.21569038489583334 0.7094583805555555 0.2157105421875 0.7252337518518518 0.22875629895833333 0.7253050166666667 0.22872606354166666 0.7093728620370371
4 0.31342068125 0.8316619157407408 0.31338036666666663 0.8399629416666667 0.3400544244791667 0.8400342074074074 0.3401148963541667 0.8316191564814814 0.31342068125 0.8316619157407408
3 0.33381173125 0.19515963518518517 0.3338157630208333 0.2047377425925926 0.33521064322916666 0.20469498333333333 0.335224753125 0.19515963518518517 0.33381173125 0.19515963518518517
2 0.684059665625 0.754096350925926 0.6841826244791667 0.775108324074074 0.6978109250000001 0.7746807296296296 0.6977605322916667 0.7541305583333333 0.684059665625 0.754096350925926
4 0.6879096958333334 0.832842075 0.68793993125 0.8411174462962963 0.7146784921875 0.8410746861111111 0.7146200364583333 0.8327993157407407 0.6879096958333334 0.832842075
4 0.6229631125 0.832785062962963 0.6229389234375 0.8423004564814814 0.67225559375 0.8424771953703704 0.6722052005208333 0.8328563287037036 0.6229631125 0.832785062962963
4 0.6013666598958333 0.8297291907407407 0.5746623666666667 0.8296493731481482 0.5747248536458333 0.8355302166666666 0.6015057447916666 0.8355302166666666 0.6013666598958333 0.8297291907407407
2 0.5844829671874999 0.8054389962962962 0.5722455151041667 0.8054104907407408 0.5722314052083333 0.8199800453703704 0.584513203125 0.8199515388888888 0.5844829671874999 0.8054389962962962
4 0.6011449302083334 0.7989851768518519 0.5744124166666666 0.7989139111111112 0.5744728885416667 0.8042873435185185 0.6011933078124999 0.804255986111111 0.6011449302083334 0.7989851768518519
4 0.5702862328124999 0.8296322694444445 0.5568332994791666 0.8296151657407407 0.5568030640625 0.8342901935185185 0.5703285630208333 0.834261687962963 0.5702862328124999 0.8296322694444445
2 0.6142733317708333 0.7234777648148148 0.5969764161458334 0.7234293046296296 0.5970651078125001 0.7451311287037037 0.6144305583333334 0.7453620296296296 0.6142733317708333 0.7234777648148148
2 0.5988248338541666 0.7043272518518519 0.5858899416666666 0.7043985175925926 0.5859100989583333 0.7204589509259259 0.5988853052083333 0.7204161916666667 0.5988248338541666 0.7043272518518519
2 0.5891896796875 0.6909350055555555 0.5980245916666667 0.6909064990740741 0.5980104817708334 0.6830501712962962 0.5891453338541666 0.6830501712962962 0.5891896796875 0.6909350055555555
2 0.565678290625 0.6965507407407407 0.5657186052083334 0.6998916759259259 0.5790143114583334 0.6998346638888888 0.5789739973958333 0.6965935009259259 0.565678290625 0.6965507407407407
2 0.60103608125 0.6450997722222223 0.5858677687499999 0.6450484611111111 0.5857810927083332 0.6639395666666666 0.6011852447916667 0.6638626 0.60103608125 0.6450997722222223
4 0.56496875625 0.6325798175925925 0.5649506145833333 0.6408808435185185 0.5785486796875 0.6408808435185185 0.5784982864583333 0.6325541620370371 0.56496875625 0.6325798175925925
3 0.7742148760416666 0.6357383120370371 0.7821023989583333 0.6357041046296297 0.7820782098958333 0.57727195 0.7814493046875001 0.5772890537037036 0.7814634145833333 0.6350399083333333 0.7742148760416666 0.6350228046296296 0.7742148760416666 0.6357383120370371
3 0.7711267890625 0.6721607749999999 0.7711388833333334 0.6972605472222222 0.774323725 0.6972776509259259 0.774323725 0.6721750287037037 0.7711267890625 0.6721607749999999
3 0.7924450713541666 0.6721607749999999 0.7924874015625 0.6712770805555556 0.7379479942708334 0.6713369444444445 0.7379681515625 0.6780843787037037 0.7384680510416667 0.6781128851851851 0.73844789375 0.6721892814814815 0.7924450713541666 0.6721607749999999
3 0.74677484375 0.7535746861111111 0.74419875 0.7536231472222222 0.74419875 0.7546550740740741 0.7398447895833333 0.7546265675925926 0.7398649463541667 0.7569840361111112 0.744388228125 0.7570125425925925 0.7444083854166668 0.757160775 0.7705845593749999 0.757160775 0.7706309213541667 0.712494299074074 0.7707619432291666 0.7122234888888889 0.7707256598958333 0.7078221212962963 0.7702297921875 0.7078819842592593 0.7702499494791667 0.7537400231481481 0.7467849223958333 0.7539481185185185 0.74677484375 0.7535746861111111
3 0.7443902437500001 0.7377907638888889 0.7466055229166667 0.7378135694444444 0.7466942151041667 0.7077366018518519 0.7707256598958333 0.7078221212962963 0.7707256598958333 0.7048517675925926 0.7446260833333334 0.7050883694444445 0.7446764765625 0.7265222351851851 0.7396996572916666 0.7265222351851851 0.7397500505208333 0.7051966935185185 0.7376496671874999 0.7052679592592592 0.7378955854166667 0.7292189277777777 0.7443721026041668 0.7290450398148148 0.7443902437500001 0.7377907638888889
3 0.7244910302083334 0.8339139111111111 0.7261358598958334 0.8339680731481481 0.725936303125 0.7545923601851852 0.6977988307291666 0.7546180157407407 0.6977947994791667 0.7570239453703704 0.7243983067708334 0.7569612314814815 0.7244910302083334 0.8339139111111111
3 0.6811529932291667 0.8337998861111111 0.6840838541666667 0.8336716074074074 0.6840536182291667 0.806413911111111 0.6842370489583334 0.8058095777777778 0.6840536182291667 0.7543614592592592 0.6808768395833333 0.7543186999999999 0.6809090911458333 0.8061117444444444 0.6810905057291666 0.8065421888888888 0.6811529932291667 0.8337998861111111
3 0.7133682723958333 0.686359749074074 0.7119512192708334 0.6863312425925926 0.7119854869791666 0.6976197259259259 0.71335819375 0.6976881416666667 0.7133682723958333 0.686359749074074
3 0.6915984682291667 0.7291704675925926 0.7132795807291666 0.7292103759259259 0.7133017536458334 0.7165820981481482 0.7119915338541667 0.7165222351851852 0.7119492036458334 0.7270838083333333 0.7017214270833333 0.7271721777777778 0.7017899614583333 0.6781870009259259 0.6983450916666667 0.6782212083333334 0.698324934375 0.7270125425925926 0.6915783109375 0.7270239453703704 0.6915984682291667 0.7291704675925926
3 0.6700040312500001 0.6789509694444444 0.6700040312500001 0.7274087796296297 0.6587159848958334 0.727385975 0.6586978432291667 0.7290792472222222 0.6782523682291667 0.7291847203703704 0.6782523682291667 0.7270381981481481 0.6713404557291667 0.7270895092592592 0.6713041723958334 0.6789253138888889 0.6983632333333334 0.6789424175925926 0.6983450916666667 0.6782212083333334 0.70026204375 0.6782041046296295 0.7002398708333334 0.6398916759259259 0.6983733119791666 0.6399116305555556 0.6984237046874999 0.67590935 0.6696996572916666 0.6760005703703703 0.6697157833333333 0.6789110601851851 0.6700040312500001 0.6789509694444444
3 0.6697943963541667 0.639883124074074 0.6697419875 0.6578848342592593 0.6720016125 0.6578335231481481 0.6720318484375 0.6399258833333333 0.6697943963541667 0.639883124074074
3 0.60974601875 0.8298403648148148 0.6115883895833334 0.8298859749999999 0.6115158234375 0.8028705814814815 0.6011449302083334 0.8029503990740741 0.6011650875 0.807614025 0.6097157833333333 0.8075912203703705 0.60974601875 0.8298403648148148
3 0.2032574078125 0.8355131129629629 0.20324934479166668 0.8403477768518519 0.2075206609375 0.8402337518518519 0.20756903854166667 0.8355416194444445 0.2032574078125 0.8355131129629629
3 0.21181415052083336 0.7027080953703704 0.2159020359375 0.7026738879629629 0.21592622447916668 0.7094127703703704 0.2182241484375 0.709429875 0.2182221328125 0.6961516537037037 0.21895182447916667 0.6961516537037037 0.21896795 0.695059862962963 0.21819995989583332 0.695059862962963 0.2182221328125 0.6772291907407407 0.23299737968749998 0.6772006842592593 0.23297722239583332 0.6949714935185185 0.22785123958333334 0.6950313564814815 0.22785123958333334 0.6961545037037037 0.24068736145833333 0.6961801592592592 0.24066720416666668 0.693175599074074 0.23501914947916666 0.693175599074074 0.23503930677083332 0.6766989740740741 0.24204192708333333 0.6765222351851852 0.2420923203125 0.6931984037037037 0.24418262447916667 0.6931984037037037 0.244001209375 0.6745182444444444 0.215865753125 0.6744298750000001 0.21588994166666667 0.7010376287037037 0.21182624479166667 0.7010034203703704 0.21181415052083336 0.7027080953703704
3 0.29736141927083337 0.6408865453703704 0.2975609755208334 0.6614880277777777 0.29963112291666666 0.661530787037037 0.2996412015625 0.6409207527777778 0.29736141927083337 0.6408865453703704
3 0.24418262447916667 0.6931984037037037 0.24066720416666668 0.693175599074074 0.24075589583333334 0.7286174462962963 0.2441624671875 0.7286174462962963 0.24418262447916667 0.6931984037037037
3 0.31289860937499997 0.7342531361111111 0.3198427734375 0.7342160777777778 0.31986293072916666 0.7345581527777778 0.3232695020833333 0.7345866592592593 0.3232695020833333 0.6952166472222222 0.328707921875 0.6951738879629629 0.3286797015625 0.6917816416666667 0.3232291875 0.6918044472222222 0.3232291875 0.6861773092592592 0.31982261666666667 0.6861231472222222 0.31983269479166665 0.7322976055555556 0.31288046770833333 0.7323061574074075 0.31289860937499997 0.7342531361111111
3 0.3687583151041667 0.7431271379629629 0.368772425 0.7145125425925926 0.3916347510416667 0.7144241731481482 0.39167708125 0.7121265675925925 0.36708526510416667 0.7121835805555555 0.36708526510416667 0.7316676166666666 0.3608123364583333 0.7317559861111111 0.3608183833333333 0.6943614592592593 0.3592501510416667 0.6943614592592593 0.35929046562500006 0.7342588370370371 0.36675267083333335 0.7342303305555555 0.36690788125 0.7431413907407408 0.3687583151041667 0.7431271379629629
4 0.18966942135416665 0.835287912962963 0.18970973593749998 0.8400057009259259 0.20313848020833333 0.8400769666666668 0.20325136041666667 0.8353506268518518 0.18966942135416665 0.835287912962963
4 0.196323321875 0.6419469787037037 0.20991130833333335 0.6420296462962963 0.20981052187500002 0.6336573546296297 0.19631324322916666 0.6336431018518519 0.196323321875 0.6419469787037037
3 0.20527917760416667 0.8252508555555556 0.20527917760416667 0.8355131129629629 0.20747026822916667 0.8355416194444445 0.20744003229166666 0.8252508555555556 0.20527917760416667 0.8252508555555556
3 0.28196129791666663 0.633466362962963 0.2820137067708333 0.6381641962962964 0.299681515625 0.6381641962962964 0.29971175156249996 0.6334578111111112 0.28196129791666663 0.633466362962963
3 0.2203547671875 0.6501453824074074 0.22034065729166666 0.6335376287037037 0.2098407578125 0.6335148231481481 0.2099012296875 0.6382782212962963 0.21762951041666667 0.6383209805555555 0.21774037499999999 0.6501168759259259 0.2203547671875 0.6501453824074074
4 0.3131183229166667 0.6336145953703703 0.2997319088541667 0.6335718361111111 0.29963112291666666 0.641986887037037 0.31320903020833335 0.6420011398148148 0.3131183229166667 0.6336145953703703
4 0.3779842776041667 0.5729104907407407 0.3780245916666667 0.5782981759259259 0.39297923802083334 0.5782981759259259 0.3929389234375 0.572782212037037 0.3779842776041667 0.5729104907407407
2 0.39915944375 0.6095667046296296 0.38190284218750004 0.6098660203703704 0.3818242291666667 0.6324771953703704 0.39908284635416663 0.6325142527777778 0.39915944375 0.6095667046296296
2 0.35152187083333336 0.7592873435185186 0.3516710338541667 0.7803848342592592 0.3650251963541667 0.7802109462962963 0.3652106432291667 0.759315849074074 0.35152187083333336 0.7592873435185186
2 0.37971779895833335 0.7431014824074075 0.3666780890625 0.7431413907407408 0.3666982463541667 0.7587913342592593 0.3797016729166666 0.7587058157407408 0.37971779895833335 0.7431014824074075
3 0.399223946875 0.6095838083333334 0.3992098369791667 0.5784549601851852 0.40496875625 0.5784407074074074 0.4049284416666667 0.5727252 0.39294900208333333 0.5726539342592593 0.39297923802083334 0.5784692129629629 0.39583350156249997 0.5784692129629629 0.39583148541666663 0.6095838083333334 0.399223946875 0.6095838083333334
2 0.3097117515625 0.7593101481481482 0.30987704114583337 0.7802651083333334 0.3229893166666667 0.7802537055555555 0.32321910885416666 0.7593301027777778 0.3097117515625 0.7593101481481482
4 0.355291271875 0.8316334092592592 0.35531949218750003 0.8400057009259259 0.382124571875 0.8399771953703704 0.3820237854166667 0.8316619157407408 0.355291271875 0.8316334092592592
2 0.33610360833333336 0.6650969212962963 0.33600282187499997 0.6894868870370371 0.35224551510416663 0.6894583805555555 0.35232614375 0.66545325 0.33610360833333336 0.6650969212962963
2 0.33503124375 0.7046892814814815 0.3350393067708334 0.7234863166666666 0.3365571458333333 0.7234863166666666 0.3367466234375 0.7046664768518519 0.33503124375 0.7046892814814815
2 0.2993610161458333 0.7331556444444445 0.2993791572916667 0.7364481185185185 0.31291876614583336 0.7362343212962963 0.31288853072916667 0.7331499425925926 0.2993610161458333 0.7331556444444445
2 0.31213465052083333 0.6616733185185185 0.29733924635416664 0.6615022805555556 0.2973493244791667 0.6803335231481482 0.3121749645833333 0.6802480046296296 0.31213465052083333 0.6616733185185185
4 0.2529369078125 0.8412856324074074 0.29785325520833333 0.8412998861111112 0.2978431765625 0.8402765111111111 0.297419875 0.8402622574074075 0.297419875 0.8370781074074074 0.25291675052083334 0.8370353481481481 0.25292682916666664 0.8403335231481481 0.25259020364583334 0.840344925925926 0.2526264864583333 0.841314138888889 0.2529369078125 0.8412856324074074
4 0.25287643645833335 0.8316476620370371 0.2528965932291667 0.8370210944444445 0.29742390625 0.8370695555555555 0.2974964723958333 0.831644812037037 0.25287643645833335 0.8316476620370371
4 0.207550896875 0.8383295324074074 0.20754081822916665 0.841242873148148 0.23136867552083332 0.8412713796296296 0.23130820416666667 0.8383694416666666 0.207550896875 0.8383295324074074
4 0.2313182828125 0.8353563287037037 0.2075589598958333 0.8353278222222222 0.207550896875 0.8383295324074074 0.23130820416666667 0.8383694416666666 0.2313182828125 0.8353563287037037
4 0.20729691614583334 0.8041106046296296 0.2073835921875 0.8092417333333334 0.23108849010416668 0.8094612314814814 0.23108849010416668 0.804087799074074 0.20729691614583334 0.8041106046296296
2 0.24428341041666668 0.7286174462962963 0.2268171739583333 0.7286602055555556 0.22692602291666666 0.7505045611111112 0.24427333177083332 0.7506613453703703 0.24428341041666668 0.7286174462962963
2 0.22037492447916665 0.6321807296296296 0.2203547671875 0.6383209805555555 0.23954847812500002 0.6382953250000001 0.23956057239583334 0.6321807296296296 0.22037492447916665 0.6321807296296296
2 0.21904656302083333 0.6882098064814814 0.21895787135416667 0.6961830101851852 0.22785123958333334 0.6961830101851852 0.22789155416666668 0.6881955527777778 0.21904656302083333 0.6882098064814814
2 0.19851844375 0.7017217787037037 0.19853456979166667 0.7048375138888889 0.21180205624999998 0.704951538888889 0.21182019739583333 0.7017417333333333 0.19851844375 0.7017217787037037
2 0.23102801875 0.6502651083333334 0.21575287239583335 0.6500940703703704 0.2157226364583333 0.6689395666666667 0.23100786145833335 0.6687799314814815 0.23102801875 0.6502651083333334
3 0.351483571875 0.8327137972222223 0.3515198546875 0.7597234888888889 0.323221125 0.759714937037037 0.3231989520833333 0.7620752564814816 0.34981253802083334 0.76204675 0.3498266479166666 0.8327394527777778 0.351483571875 0.8327137972222223
3 0.30651481562500005 0.8327793611111111 0.3096270911458333 0.8327793611111111 0.3095827453125 0.8052793611111112 0.3097984276041667 0.8050342074074075 0.3097319088541666 0.7594583805555556 0.30627494479166667 0.759429875 0.3062991333333333 0.8050342074074075 0.30647248541666666 0.8052793611111112 0.30651481562500005 0.8327793611111111
3 0.20714573697916666 0.8079561 0.18776053229166667 0.8079988601851852 0.18775045364583332 0.810570125 0.20717597239583335 0.8105872296296296 0.20714573697916666 0.8079561
3 0.2414493046875 0.8355416194444445 0.24144124166666667 0.807958950925926 0.23110864739583334 0.8079247435185185 0.23109856874999998 0.8127166472222223 0.23956057239583334 0.8127023944444444 0.23954041510416665 0.8355558722222223 0.2414493046875 0.8355416194444445
3 0.2408728078125 0.8049173314814815 0.24408385416666667 0.8049600916666667 0.24402338229166667 0.7989338657407408 0.24423301770833333 0.7985091222222223 0.24415238854166665 0.7506470925925925 0.24064503125 0.7506328388888889 0.24066115677083333 0.7986773092592593 0.2408728078125 0.7989338657407408 0.2408728078125 0.8049173314814815
3 0.3667486395833333 0.7621180157407407 0.36676274947916665 0.7622434435185186 0.39163273541666666 0.7622605472222223 0.3916428140625 0.7595724055555556 0.3687583151041667 0.7595439 0.3687381578125 0.7587770805555556 0.3666982463541667 0.7587913342592593 0.36669018333333336 0.7596835805555555 0.36520056458333333 0.7597006842592592 0.36519048593750003 0.7621037629629629 0.3667486395833333 0.7621180157407407
3 0.3232594234375 0.7342303305555555 0.3351985484375 0.734264537962963 0.33521064322916666 0.7235005703703704 0.33380770000000004 0.7234578111111111 0.3338218098958333 0.7322776509259259 0.32327151770833334 0.732380274074074 0.3232594234375 0.7342303305555555
3 0.335220721875 0.695116875925926 0.333801653125 0.6951197259259259 0.333801653125 0.7046949833333332 0.335220721875 0.7046807296296297 0.335220721875 0.695116875925926
3 0.39901229583333336 0.6373432157407408 0.39843983072916667 0.6373688712962963 0.39845595625 0.6508523379629629 0.33402338229166667 0.6507269101851852 0.33402539791666663 0.6515165333333334 0.39903043749999995 0.6515165333333334 0.39901229583333336 0.6373432157407408
3 0.39903043749999995 0.6879247435185185 0.3990405161458333 0.7046237175925926 0.40217496458333335 0.7046094638888889 0.40214472864583334 0.6879247435185185 0.39903043749999995 0.6879247435185185
3 0.18966942135416665 0.8355587231481482 0.18776254791666666 0.8355587231481482 0.18778270520833334 0.6382611175925926 0.19630316458333336 0.6383067277777777 0.19628300729166667 0.6335005703703703 0.18360411197916668 0.6334920185185186 0.1836887723958333 0.8402366018518518 0.18966942135416665 0.8402964648148148 0.18966942135416665 0.8355587231481482
3 0.3340717598958333 0.6926909916666667 0.33401128802083335 0.6895353481481481 0.3360129005208333 0.6895296462962962 0.335994759375 0.6869441277777778 0.33404152395833336 0.6869441277777778 0.33401128802083335 0.6373546175925926 0.399286434375 0.6373546175925926 0.399223946875 0.6325142527777778 0.32637371510416663 0.6325142527777778 0.3264039510416667 0.5784777648148148 0.3780245916666667 0.5784549601851852 0.37797419895833334 0.572668187037037 0.322189075 0.5726453824074074 0.32206813125 0.6335518814814814 0.3131384802083333 0.6335433296296297 0.3131586375 0.638007412037037 0.32994759114583333 0.6381299888888888 0.3298568838541666 0.692776511111111 0.3340717598958333 0.6926909916666667
3 0.3665571458333333 0.692722349074074 0.3667022776041666 0.7102907638888889 0.39166700260416665 0.7104789055555556 0.3916186255208334 0.8262001138888888 0.3917516630208333 0.826593500925926 0.39182422916666665 0.835632838888889 0.38205402135416666 0.835570125 0.38211449322916663 0.8402765111111111 0.4054041526041667 0.8402736601851851 0.40535577500000003 0.8354789055555556 0.3956460390625 0.8354104907407408 0.39563394479166664 0.8265421888888889 0.39581535989583333 0.8262172175925926 0.3955976619791667 0.7104104907407408 0.4135315458333333 0.7105131129629629 0.4135315458333333 0.7046094638888889 0.37092320104166665 0.7046094638888889 0.37077806875 0.6869241731481481 0.35225559375 0.6869441277777778 0.35225357812499997 0.689429875 0.3541040114583333 0.689429875 0.3541040114583333 0.6927137972222223 0.3665571458333333 0.692722349074074
3 0.26412416875 0.6383067277777777 0.26410401145833334 0.6335005703703703 0.23956057239583334 0.6334920185185186 0.23950816354166668 0.66886545 0.21770006041666665 0.6689082101851852 0.2177121546875 0.6726368305555556 0.242195121875 0.6726881416666667 0.24228381354166664 0.6382155074074074 0.26412416875 0.6383067277777777
3 0.34006450312500003 0.8356128851851852 0.34008466041666663 0.8403050166666667 0.35530135052083334 0.840396237037037 0.3552811932291667 0.8356413907407407 0.34006450312500003 0.8356128851851852
3 0.2313182828125 0.8354703537037037 0.231358596875 0.8402765111111111 0.25292682916666664 0.8403335231481481 0.25287643645833335 0.8356698972222223 0.2313182828125 0.8354703537037037
3 0.5746018947916667 0.8199800453703704 0.5724370088541666 0.8199800453703704 0.5724309614583334 0.8298574685185186 0.5746220520833333 0.8298859749999999 0.5746018947916667 0.8199800453703704
3 0.5744325739583334 0.802839225 0.55490626875 0.8028420749999999 0.5549244104166667 0.8054817555555556 0.5744930458333334 0.8054247435185186 0.5744325739583334 0.802839225
3 0.6109332796875001 0.7996550740740741 0.6141140901041666 0.7996978333333333 0.6141140901041666 0.7938397944444445 0.6142652692708332 0.7934150509259259 0.6142108447916667 0.7453876851851852 0.6108143520833333 0.7453306731481482 0.610842571875 0.7937115166666666 0.6109635156250001 0.7939680731481481 0.6109332796875001 0.7996550740740741
3 0.5678895385416667 0.7216533638888889 0.5574279380208333 0.7216134546296297 0.557417859375 0.7234321546296296 0.5678794598958333 0.723415050925926 0.5678895385416667 0.7216533638888889
3 0.5656682119791667 0.695741162962963 0.5574360010416667 0.695741162962963 0.5574259223958333 0.6975598629629629 0.5656883692708334 0.6975456101851851 0.5656682119791667 0.695741162962963
3 0.6104535375 0.6909064990740741 0.6104293489583333 0.7202936148148148 0.585994759375 0.7204646518518518 0.5859604916666666 0.723412200925926 0.6109171536458333 0.723412200925926 0.6109453739583334 0.6908808435185185 0.6104535375 0.6909064990740741
3 0.6142310015625 0.6880530212962963 0.6109554526041666 0.6880957814814815 0.6109151380208334 0.7236858611111111 0.6142310015625 0.7236573546296297 0.6142310015625 0.6880530212962963
3 0.5789820598958334 0.6975484611111111 0.5859887119791666 0.6975769666666666 0.5860189479166666 0.7043985175925926 0.5883108244791667 0.7043700111111111 0.5882926828125 0.6909350055555555 0.5891896796875 0.6909350055555555 0.5891856479166666 0.6899572407407407 0.5883128401041666 0.6899629416666667 0.5883128401041666 0.672100912037037 0.6031304171875 0.6720724055555556 0.6031727473958333 0.6899030787037037 0.5980306390625 0.689885975 0.5980245916666667 0.6909064990740741 0.6109453739583334 0.6908808435185185 0.6109554526041666 0.6880957814814815 0.6051098567708333 0.688018813888889 0.6051320296875 0.6714538194444444 0.6123221124999999 0.6714851768518518 0.6122717192708333 0.6880530212962963 0.6142310015625 0.6880530212962963 0.6142390645833333 0.6691248574074075 0.5860008062500001 0.6692445842592593 0.5859786333333333 0.695744013888889 0.5789739973958333 0.6957582666666667 0.5789820598958334 0.6975484611111111
3 0.5877565005208333 0.6673517675925926 0.6126345494791666 0.6676054731481481 0.6124551500000001 0.6369640824074074 0.6353174765625 0.6371693268518519 0.6353174765625 0.6323375138888889 0.6098447895833333 0.6323375138888889 0.6097843177083334 0.6638711518518519 0.5877585166666666 0.6639452675925925 0.5877565005208333 0.6673517675925926
3 0.6533078010416666 0.6323546175925926 0.6533178796875 0.637041049074074 0.6768453942708333 0.6371835805555556 0.6768857083333334 0.6323517675925926 0.6533078010416666 0.6323546175925926
3 0.7709534369791666 0.6359891675925926 0.7742047973958334 0.636026225925926 0.7742047973958334 0.5773147092592592 0.7878855067708332 0.5772462944444445 0.7878351140625 0.5715165333333333 0.7679016328125 0.5715165333333333 0.7679318687500001 0.5773175601851852 0.7707276760416666 0.5773147092592592 0.7709534369791666 0.6359891675925926
3 0.7126063291666667 0.6839509694444444 0.7127313041666666 0.6809150509259259 0.7145232817708334 0.6808608898148147 0.7145434390625 0.6781727481481481 0.7130215682291666 0.6781442416666668 0.7129812536458334 0.6359977194444444 0.7546401937499999 0.6360575824074074 0.7546623666666666 0.6313112888888889 0.70135255 0.631194412962963 0.7013727072916667 0.5773489166666667 0.7529953640625 0.5772605472222222 0.7529731911458334 0.571482325925926 0.6973069947916667 0.5715336370370371 0.697288853125 0.6323432157407407 0.6903628302083333 0.632380274074074 0.6904132229166666 0.6371835805555556 0.7088550697916667 0.6372348916666666 0.7089598869791666 0.6839509694444444 0.7126063291666667 0.6839509694444444
3 0.7146744609375 0.8366647666666667 0.7146643822916666 0.8414110601851852 0.7351179197916667 0.8413968074074074 0.7350776052083333 0.8367217787037038 0.7146744609375 0.8366647666666667
3 0.6722515619791667 0.8367930444444445 0.6722112479166668 0.8414110601851852 0.6879117114583334 0.8414509694444445 0.68793993125 0.8367787916666667 0.6722515619791667 0.8367930444444445
3 0.6229348921875 0.8412856324074074 0.6229248135416667 0.8366790194444444 0.6116488609374999 0.8366647666666667 0.6115883895833334 0.8298859749999999 0.6014170531249999 0.82977195 0.6014674458333332 0.83454675 0.6082281796875001 0.834549600925926 0.6082281796875001 0.8413740018518518 0.6229348921875 0.8412856324074074
3 0.5702801854166667 0.829828962037037 0.5703406572916666 0.834660775 0.5747026807291667 0.834603762962963 0.5746623666666667 0.8298859749999999 0.5702801854166667 0.829828962037037
3 0.5904112072916666 0.6450855185185185 0.5903608145833333 0.6323660203703704 0.5785003026041667 0.6322690990740741 0.5785627895833334 0.6370980611111111 0.5877141703125001 0.6371265675925926 0.5877786734375 0.6450997722222223 0.5904112072916666 0.6450855185185185
3 0.5568232213541666 0.8298004564814815 0.5549143317708333 0.8298574685185186 0.5548740171875 0.6369697833333333 0.5649445677083332 0.6371123148148149 0.5649344890625 0.6323660203703704 0.5507579114583333 0.6322919046296297 0.5508224145833334 0.8345667046296297 0.5568030640625 0.8345667046296297 0.5568232213541666 0.8298004564814815
3 0.7395525093750001 0.6841932722222221 0.7395525093750001 0.7032725203703704 0.7707155817708333 0.7030473203703704 0.7707619432291666 0.7122234888888889 0.7706309213541667 0.712494299074074 0.7706510786458334 0.8274315851851852 0.7707881473958333 0.8277480046296296 0.7708466036458332 0.8365507407407407 0.7618907479166667 0.8366362601851852 0.7619270307291667 0.8414652222222222 0.7744245109375 0.8411858611111112 0.7744043541666666 0.6980729759259259 0.7437794796875 0.6972976055555555 0.7438298729166667 0.6781100342592593 0.7307458171875 0.6781442416666668 0.7307256598958334 0.6806613453703704 0.7326305182291667 0.6806641962962964 0.7326547067708333 0.6839424175925927 0.7395525093750001 0.6841932722222221
2 0.7259302562500001 0.7541989740740741 0.7260310421875 0.7749087796296296 0.7398105218750001 0.774880274074074 0.7398407578125 0.7541704675925925 0.7259302562500001 0.7541989740740741
4 0.7679117114583334 0.571701824074074 0.7529973796875 0.571701824074074 0.7530074583333334 0.5771180157407407 0.7679117114583334 0.5771322694444445 0.7679117114583334 0.571701824074074
2 0.7546401937499999 0.6360575824074074 0.7709534369791666 0.6359891675925926 0.7708163677083333 0.6115421888888889 0.7548155614583333 0.6118700111111112 0.7546401937499999 0.6360575824074074
2 0.6915883895833334 0.7279903074074073 0.6782624468749999 0.7280045611111111 0.6782523682291667 0.7312172175925926 0.6916186255208333 0.7311316990740742 0.6915883895833334 0.7279903074074073
4 0.7618403546875 0.8327137972222223 0.735037290625 0.8327423037037036 0.7351461401041667 0.8411174462962963 0.7619209838541666 0.8411003416666667 0.7618403546875 0.8327137972222223
2 0.684263253125 0.6578477768518518 0.6697782703125 0.6580302166666667 0.6697198145833333 0.675972063888889 0.6844325739583332 0.6759150509259259 0.684263253125 0.6578477768518518
4 0.6768857083333334 0.6325199546296296 0.6768091109375 0.6407981759259259 0.6904233015625 0.6408637398148148 0.6903729088541667 0.6325199546296296 0.6768857083333334 0.6325199546296296
2 0.7145595645833333 0.6806527935185185 0.7307256598958334 0.6806613453703704 0.7305240880208334 0.6563711518518519 0.7144930458333333 0.6563283925925926 0.7145595645833333 0.6806527935185185
4 0.5903608145833333 0.6310433296296296 0.5903769401041666 0.6371721777777778 0.6098286635416666 0.637155074074074 0.6098387421875 0.6310433296296296 0.5903608145833333 0.6310433296296296
2 0.7571679098958334 0.738010262037037 0.7441725458333334 0.7378135694444444 0.74419875 0.7536231472222222 0.757288853125 0.7534749148148149 0.7571679098958334 0.738010262037037
3 0.624704696875 0.17619726296296298 0.6212961098958334 0.1761545037037037 0.6212799838541667 0.23358893981481482 0.6113162666666666 0.23340649907407407 0.6113364239583333 0.2418643101851852 0.6147429953125 0.2418358037037037 0.6147429953125 0.23816704629629631 0.6246643822916667 0.23818129999999998 0.624704696875 0.17619726296296298
3 0.6146643822916666 0.2669783351851852 0.6113263453125001 0.2670353481481481 0.6113263453125001 0.27767958981481483 0.6147127593749999 0.27767958981481483 0.6146643822916666 0.2669783351851852
3 0.6145938317708333 0.29659920185185185 0.6113162666666666 0.2965564425925926 0.6113606130208333 0.31539908796296295 0.6146926020833334 0.31536202962962967 0.6145938317708333 0.29659920185185185
3 0.5919028421875 0.3424116305555555 0.5938480145833334 0.3424116305555555 0.5938197942708333 0.3176482324074074 0.6008849020833333 0.31769099166666664 0.6008849020833333 0.3147348916666667 0.5844023380208333 0.3146778787037037 0.5844023380208333 0.31739167592592593 0.5919532354166667 0.3174030787037037 0.5919028421875 0.3424116305555555
3 0.6258496270833334 0.3445096925925926 0.6147228380208334 0.3443842648148148 0.614704696875 0.3489595212962963 0.6258697843750001 0.3489737740740741 0.6258496270833334 0.3445096925925926
3 0.6919713765625001 0.3442844925925926 0.6746643822916667 0.34434150555555554 0.674714775 0.34898802777777777 0.6919713765625001 0.34891676203703703 0.6919713765625001 0.3442844925925926
3 0.6840838541666667 0.3414139111111111 0.6872606328124999 0.34137970370370374 0.6873352145833334 0.3353677305555556 0.6874360010416667 0.3349087796296296 0.6873977020833333 0.2867189277777778 0.6839407375000001 0.28679019351851853 0.6839588791666666 0.33466077499999997 0.6840838541666667 0.3351197259259259 0.6840838541666667 0.3414139111111111
3 0.7406349526041667 0.2630986314814815 0.7303426729166667 0.26312713796296294 0.7303729088541666 0.26498859722222223 0.74064503125 0.2649600916666667 0.7406349526041667 0.2630986314814815
3 0.7325841562500001 0.2372434435185185 0.7325841562500001 0.2390621435185185 0.7406551098958333 0.23909065 0.7406651885416667 0.23720068425925925 0.7325841562500001 0.2372434435185185
3 0.7192582140624999 0.23722919074074073 0.7122233421874999 0.2372434435185185 0.7122233421874999 0.2390621435185185 0.7192582140624999 0.2390621435185185 0.7192582140624999 0.23722919074074073
3 0.7121427130208333 0.2618757129629629 0.6875791171875 0.2620324972222222 0.6875690385416667 0.2324543898148148 0.6873473088541666 0.2324543898148148 0.6872767588541666 0.26503135648148146 0.7122233421874999 0.26498859722222223 0.7121427130208333 0.2618757129629629
3 0.6873856078125 0.21070695555555555 0.6839548479166666 0.21076966944444445 0.6840112880208333 0.26503135648148146 0.6872666802083334 0.2650028509259259 0.6873856078125 0.21070695555555555
3 0.6865027213541667 0.15146807314814814 0.7100322515625 0.15159635092592594 0.710060471875 0.19756556481481483 0.6841826244791667 0.1976453824074074 0.6840999796875 0.21070695555555555 0.6859907276041667 0.21070695555555555 0.6860108848958333 0.2004389962962963 0.7121467447916667 0.2003905361111111 0.7120439427083334 0.14807867685185186 0.6840999796875 0.14822405925925927 0.6841120739583334 0.18175598611111113 0.6864241078125001 0.18174173333333332 0.6865027213541667 0.15146807314814814
3 0.7116387822916667 0.11145667037037037 0.7048861114583332 0.11148517685185186 0.7048760328125 0.11353192685185184 0.7116690182291666 0.11357468611111111 0.7116387822916667 0.11145667037037037
3 0.6917093328125 0.11148232592592593 0.6855875833333334 0.11148232592592593 0.6855392057291667 0.09684720648148148 0.6842128604166666 0.09684720648148148 0.6841826244791667 0.11356043333333334 0.691679096875 0.11356043333333334 0.6917093328125 0.11148232592592593
3 0.7334388229166666 0.1398546175925926 0.7334106026041667 0.20455245185185186 0.736518846875 0.2045781074074074 0.7365551302083334 0.1398688712962963 0.7334388229166666 0.1398546175925926
3 0.7624470875 0.13909350092592593 0.7174581739583333 0.13901653333333333 0.7174581739583333 0.1398688712962963 0.7625317473958333 0.13987457222222222 0.7624470875 0.13909350092592593
3 0.21775448489583335 0.17260262222222222 0.2421608546875 0.17268814166666668 0.242253578125 0.1382611175925926 0.26412416875 0.1382611175925926 0.26410401145833334 0.13350057037037036 0.2395807296875 0.13350057037037036 0.23956460416666667 0.16893101481481482 0.21775448489583335 0.16880273703703705 0.21775448489583335 0.17260262222222222
3 0.2203950817708333 0.14994583796296296 0.22033460989583334 0.13348631666666666 0.20978028645833333 0.13348631666666666 0.2098427734375 0.13828962407407405 0.21762951041666667 0.13832098055555556 0.21765974583333333 0.14997434444444446 0.2203950817708333 0.14994583796296296
3 0.189739971875 0.3354988601851852 0.18773029635416666 0.3354988601851852 0.18766982447916666 0.1383922462962963 0.19643418645833333 0.13830672777777778 0.1964039510416667 0.1334720638888889 0.18367063072916665 0.13351482314814817 0.183680709375 0.3402765111111111 0.189739971875 0.34031927037037035 0.189739971875 0.3354988601851852
3 0.24083652500000002 0.305168187037037 0.24405361822916666 0.3051282777777778 0.244063696875 0.29905644259259256 0.24417254583333334 0.2986374 0.24414230989583335 0.2504675027777778 0.24066115677083333 0.2504675027777778 0.24063092135416667 0.2986374 0.2408728078125 0.2989338657407407 0.24083652500000002 0.305168187037037
3 0.3064140296875 0.3051282777777778 0.30959080833333336 0.30505701296296295 0.3096412015625 0.2989737740740741 0.3097641604166667 0.2985518814814815 0.3096915942708333 0.25948688703703704 0.30628502343749997 0.2594583805555556 0.30626285000000003 0.29848061574074075 0.306389840625 0.2987628277777778 0.3064140296875 0.3051282777777778
3 0.24412416875 0.19324116296296295 0.2406752671875 0.19321265648148148 0.2407357385416667 0.22854618055555553 0.2441624671875 0.2286174462962963 0.24412416875 0.19324116296296295
2 0.3349969765625 0.2046892814814815 0.33501914947916667 0.22348631666666666 0.3366075390625 0.22347206388888888 0.33676678072916666 0.20469498333333333 0.3349969765625 0.2046892814814815
3 0.3666035072916667 0.19268814166666667 0.3666921989583333 0.21046180185185184 0.3917234427083333 0.21042474351851853 0.39168715989583336 0.33550171018518515 0.3821648859375 0.33554161944444444 0.382195121875 0.34025370555555556 0.4054041526041667 0.3403762824074074 0.4054041526041667 0.33545325 0.3958395484375 0.3355786768518519 0.3955754890625 0.2103107185185185 0.395611771875 0.20460946388888887 0.3708627291666666 0.20453534814814817 0.3708627291666666 0.18693842685185183 0.3522354364583334 0.18688711481481482 0.35224551510416663 0.1893158490740741 0.35410602708333333 0.1893358037037037 0.35412416875 0.19261117407407408 0.3666035072916667 0.19268814166666667
4 0.38217496458333333 0.33562713796296295 0.35530135052083334 0.33562713796296295 0.3553094135416667 0.34000570092592597 0.3821850432291667 0.34000570092592597 0.38217496458333333 0.33562713796296295
4 0.34001209427083334 0.33564994259259257 0.3134106026041667 0.3356698972222222 0.313418665625 0.34001710370370375 0.3400362828125 0.34001710370370375 0.34001209427083334 0.33564994259259257
4 0.29778270520833333 0.33569840370370374 0.25276355572916664 0.3356442416666667 0.2527413828125 0.3412200685185185 0.2978330979166667 0.3412571268518519 0.29778270520833333 0.33569840370370374
4 0.2073896390625 0.33562713796296295 0.20736141927083332 0.3412656787037037 0.23157427916666667 0.3412457240740741 0.23157427916666667 0.33561573518518517 0.2073896390625 0.33562713796296295
4 0.3553900421875 0.3040735462962963 0.355420278125 0.30947548425925925 0.38191896770833333 0.309372862037037 0.38198347083333334 0.3040735462962963 0.3553900421875 0.3040735462962963
2 0.35150171354166665 0.25925883703703706 0.35153194895833334 0.28018243981481483 0.36534166510416666 0.2798973777777778 0.365220721875 0.2592873435185185 0.35150171354166665 0.25925883703703706
2 0.3231888734375 0.2592873435185185 0.3096915942708333 0.25948688703703704 0.3097419875 0.2802109462962963 0.32324934479166667 0.2798688712962963 0.3231888734375 0.2592873435185185
2 0.379673453125 0.2430416194444444 0.36668816770833335 0.24305587222222222 0.36668816770833335 0.258919612037037 0.379673453125 0.25909065 0.379673453125 0.2430416194444444
4 0.31336020937500003 0.3041448120370371 0.31340052395833334 0.30950399074074075 0.34006450312500003 0.309432725 0.34013505364583335 0.30404503981481484 0.31336020937500003 0.3041448120370371
4 0.2529973796875 0.3040735462962963 0.25305583541666665 0.309372862037037 0.297351340625 0.309372862037037 0.2974400322916667 0.30404503981481484 0.2529973796875 0.3040735462962963
3 0.33398105208333334 0.15148517685185187 0.3990243901041667 0.15148517685185187 0.39903043749999995 0.137326112037037 0.39842572083333333 0.13729760555555556 0.39842168906250003 0.1507468638888889 0.3340133036458333 0.1506813 0.33398105208333334 0.15148517685185187
2 0.39913928645833335 0.10956670462962963 0.38213465052083334 0.10988027407407408 0.38186051197916665 0.1325798175925926 0.39913928645833335 0.13257696666666666 0.39913928645833335 0.10956670462962963
4 0.37801451302083333 0.07281071851851852 0.3780245916666667 0.07834093518518519 0.3928582947916667 0.07829817592592592 0.3928482161458334 0.07279646481481482 0.37801451302083333 0.07281071851851852
2 0.3359705703125 0.18929019351851853 0.35224551510416663 0.1893158490740741 0.3519834708333333 0.16538198425925923 0.33600282187499997 0.1652109462962963 0.3359705703125 0.18929019351851853
3 0.19852449114583332 0.20101482314814817 0.19025398125 0.20098346666666667 0.19025398125 0.2027252 0.19852449114583332 0.20269099166666668 0.19852449114583332 0.20101482314814817
2 0.2441624671875 0.2286174462962963 0.22691191302083333 0.22901368333333333 0.22691795989583333 0.2503905361111111 0.24427333177083332 0.25046180185185185 0.2441624671875 0.2286174462962963
2 0.2050675265625 0.31055587222222225 0.20507760520833335 0.32525085555555555 0.21733924635416668 0.3252223490740741 0.21735940312500002 0.31054161944444447 0.2050675265625 0.31055587222222225
4 0.18975005052083332 0.33532782222222224 0.189739971875 0.3400199546296296 0.20327756510416667 0.3400199546296296 0.20328764375 0.335342075 0.18975005052083332 0.33532782222222224
4 0.20736948177083334 0.30400228055555556 0.20736746614583332 0.30938996574074074 0.2310038296875 0.30943842685185186 0.23109856874999998 0.30405929259259257 0.20736948177083334 0.30400228055555556
1 0 0 0 1 1 1 1 0 0 0
4 0.26412215260416666 0.15583808425925924 0.26411207395833336 0.16440992037037036 0.2821628703125 0.16444412777777778 0.2820741786458333 0.1558865453703704 0.26412215260416666 0.15583808425925924
4 0.3131384802083333 0.13361459537037038 0.29975206614583333 0.13362884814814815 0.29975206614583333 0.13797890555555556 0.3131384802083333 0.13800741203703704 0.3131384802083333 0.13361459537037038
2 0.31205402135416666 0.16423033055555555 0.29731908906250004 0.1640735462962963 0.2973291677083333 0.18273660185185184 0.31204394270833336 0.18269384259259258 0.31205402135416666 0.16423033055555555
2 0.19852449114583332 0.20171037592592592 0.19857488385416666 0.20476624814814814 0.2119008265625 0.20488027407407405 0.2118423703125 0.20169612314814817 0.19852449114583332 0.20171037592592592
2 0.22881677083333332 0.20947263425925927 0.21572666822916667 0.20923318148148148 0.21574077812499998 0.22570410462962964 0.2288066921875 0.2256185861111111 0.22881677083333332 0.20947263425925927
3 0.200705503125 0.22673033055555555 0.19024390260416668 0.22671322685185186 0.19025398125 0.22856043333333334 0.20072969166666665 0.2285547324074074 0.200705503125 0.22673033055555555
2 0.2993610161458333 0.2331356898148148 0.2993610161458333 0.23631984074074072 0.31288853072916667 0.23616305555555556 0.3128381375 0.23310718333333333 0.2993610161458333 0.2331356898148148
2 0.21895787135416667 0.18823546203703703 0.21895787135416667 0.1961402509259259 0.22789155416666668 0.19615450370370371 0.22794194739583334 0.18815279351851852 0.21895787135416667 0.18823546203703703
3 0.21895787135416667 0.19505986296296296 0.21805281197916668 0.19507411666666666 0.218062890625 0.1961402509259259 0.21895787135416667 0.1961402509259259 0.21895787135416667 0.19505986296296296
4 0.28196331406249997 0.13364310185185185 0.26410401145833334 0.13365735462962963 0.264134246875 0.13806442407407407 0.28194315677083337 0.13802166481481482 0.28196331406249997 0.13364310185185185
2 0.23960088697916668 0.13216647685185184 0.2203547671875 0.13225199537037038 0.2203547671875 0.13830672777777778 0.2395807296875 0.13834948703703706 0.23960088697916668 0.13216647685185184
4 0.20979036510416668 0.13361459537037038 0.1964039510416667 0.13360034166666665 0.19643418645833333 0.13797890555555556 0.20982060052083332 0.13800741203703704 0.20979036510416668 0.13361459537037038
2 0.23265672239583332 0.14987457222222222 0.21758113281250002 0.15001710370370372 0.21754081822916668 0.16880843796296294 0.23279580729166666 0.16887970370370373 0.23265672239583332 0.14987457222222222
2 0.19650473697916665 0.15674173333333333 0.19636363645833335 0.17760547314814815 0.20983067916666667 0.17759122037037037 0.20957065104166667 0.15682440092592592 0.19650473697916665 0.15674173333333333
3 0.21782100364583332 0.22604332962962964 0.21779076822916668 0.22570410462962964 0.21592219322916667 0.22573261111111112 0.21593428750000002 0.2285746861111111 0.2407357385416667 0.22854618055555553 0.2407357385416667 0.22604332962962964 0.21782100364583332 0.22604332962962964
3 0.21184035468749998 0.20103192685185187 0.21186252760416666 0.20265108333333334 0.21595242916666668 0.20268529074074074 0.21595242916666668 0.20924458425925926 0.21782100364583332 0.20925883703703702 0.21781092500000002 0.17667046759259258 0.23328159635416668 0.17667046759259258 0.23327151770833332 0.19503705833333335 0.22789155416666668 0.1950171037037037 0.22789155416666668 0.1961402509259259 0.2406752671875 0.19608323796296295 0.2406752671875 0.19321265648148148 0.23500302343749999 0.19320695555555556 0.23498891354166668 0.17664766203703702 0.242066115625 0.17664766203703702 0.24204192708333333 0.19324116296296295 0.243801653125 0.19324116296296295 0.2437452125 0.17431584907407408 0.216061278125 0.17442417314814815 0.21592824010416667 0.20104903055555554 0.21184035468749998 0.20103192685185187
3 0.1964241078125 0.16886545 0.18766982447916666 0.16886545 0.187679903125 0.17366875740740742 0.1964039510416667 0.17358323796296296 0.1964241078125 0.16886545
3 0.21420278177083332 0.17157924722222223 0.21776053229166664 0.17165051296296296 0.21775045364583334 0.16887970370370373 0.20972989322916666 0.16889395648148148 0.2097702078125 0.1736545037037037 0.21423503333333332 0.17370296481481481 0.21420278177083332 0.17157924722222223
3 0.20717395677083333 0.3079247435185185 0.18772223333333335 0.3078848342592593 0.18772021770833333 0.31062713796296293 0.20721830260416668 0.31052736574074075 0.20717395677083333 0.3079247435185185
3 0.20526909895833334 0.32525085555555555 0.20527917760416667 0.33561573518518517 0.20715581510416667 0.33561573518518517 0.20717798854166666 0.3252366018518519 0.20526909895833334 0.32525085555555555
3 0.23104817552083334 0.30808152777777775 0.2309977828125 0.31267388796296297 0.2530074583333333 0.31268814166666664 0.2530074583333333 0.3080387685185185 0.23104817552083334 0.30808152777777775
3 0.2973896390625 0.30796750277777774 0.29736948177083333 0.3126596351851852 0.31342068125 0.31265678425925925 0.31338036666666663 0.30802451574074075 0.2973896390625 0.30796750277777774
3 0.35150171354166665 0.30513968055555557 0.35150171354166665 0.25972919074074075 0.3231888734375 0.25968643055555557 0.3231989520833333 0.2620895092592593 0.34978028645833337 0.2621408212962963 0.34981253802083334 0.3051824398148148 0.35150171354166665 0.30513968055555557
3 0.3400745817708334 0.3080102620370371 0.3400745817708334 0.3126596351851852 0.3554565609375 0.3127166472222222 0.35541019947916663 0.3079960092592593 0.3400745817708334 0.3080102620370371