2 0.6547470265625001 0.4571436712962963 0.6383612177083333 0.4570381981481481 0.6383491229166667 0.4773802740740741 0.6546825234375 0.47725484629629633 0.6547470265625001 0.4571436712962963
2 0.6742310015625 0.4815706953703704 0.6522152791666667 0.48138540462962964 0.6524047572916667 0.5083352333333334 0.6742733317708333 0.508469212962963 0.6742310015625 0.4815706953703704
4 0.6016206411458334 0.6148460657407407 0.6016851442708333 0.6206955527777778 0.6188147552083334 0.6207497148148148 0.6188147552083334 0.6148631694444445 0.6016206411458334 0.6148460657407407
4 0.6239044546875 0.5761459518518518 0.6240032249999999 0.5830330675925925 0.6575045354166666 0.5830159638888889 0.6575670229166667 0.5761801592592593 0.6239044546875 0.5761459518518518
4 0.6580729692708334 0.6155444694444445 0.6241161057291666 0.6154190425925926 0.6241161057291666 0.6222890537037037 0.6581495666666667 0.6223061574074074 0.6580729692708334 0.6155444694444445
4 0.6853174765625 0.5838169898148148 0.6854081838541667 0.5910604333333334 0.74671235625 0.5908352333333333 0.7467002619791666 0.5840706953703704 0.6853174765625 0.5838169898148148
4 0.746964321875 0.6238283925925926 0.6847933885416667 0.6238112888888888 0.6847571052083333 0.6308950972222223 0.7470671234375 0.6309492592592593 0.746964321875 0.6238283925925926
4 0.8004575692708333 0.5839994296296296 0.76690385 0.5839310148148148 0.7668534567708334 0.5909407074074073 0.8003426729166667 0.5908893953703703 0.8004575692708333 0.5839994296296296
4 0.7231163072916666 0.3667360314814815 0.7005079619791666 0.36671892777777776 0.7005079619791666 0.37224629444444446 0.7231787947916666 0.37218358055555556 0.7231163072916666 0.3667360314814815
4 0.6952449104166667 0.39357468611111107 0.6953073979166666 0.40418472037037034 0.7174742994791666 0.40425598611111113 0.7174097963541667 0.3935034203703704 0.6952449104166667 0.39357468611111107
2 0.7247228380208333 0.37831242870370374 0.7246341463541667 0.40446978333333333 0.7415883895833333 0.4043700111111111 0.7413223140625 0.37807867685185187 0.7247228380208333 0.37831242870370374
4 0.7699032453125 0.36670182407407403 0.7527333197916667 0.36671892777777776 0.75277161875 0.37219213240740745 0.7699657328125 0.37212086666666666 0.7699032453125 0.36670182407407403
2 0.8001471479166666 0.39651653333333337 0.8001854463541667 0.42718358055555555 0.820838540625 0.42749714907407405 0.820776053125 0.39679589537037036 0.8001471479166666 0.39651653333333337
2 0.8507982260416667 0.34070410462962963 0.8506833302083333 0.37092360277777775 0.8712054020833333 0.3709407074074074 0.8711933078125 0.34036202962962964 0.8507982260416667 0.34070410462962963
4 0.8597802864583334 0.5840535916666667 0.8261398911458334 0.5841419611111112 0.8262910703125 0.5908893953703703 0.8597802864583334 0.5908181296296297 0.8597802864583334 0.5840535916666667
2 0.7620338640625001 0.5198204101851851 0.7621568234375 0.5460547324074074 0.7793791572916666 0.5459606611111111 0.7792642614583334 0.5198403648148148 0.7620338640625001 0.5198204101851851
2 0.8147853255208334 0.5197833527777779 0.8148619229166666 0.5459920185185185 0.8322878453125 0.5456927027777778 0.8320741786458333 0.5198204101851851 0.8147853255208334 0.5197833527777779
4 0.8005442453125 0.6237913342592593 0.7666377744791667 0.6238626 0.7666639791666667 0.6293015962962962 0.8005966536458333 0.6292303305555556 0.8005442453125 0.6237913342592593
2 0.7699415442708334 0.48688141388888884 0.7532029833333334 0.4869184722222222 0.7532029833333334 0.490852337962963 0.7699032453125 0.4908722916666666 0.7699415442708334 0.48688141388888884
4 0.8599637171875 0.6237827824074074 0.8260129005208333 0.6238825537037036 0.8260129005208333 0.6293386546296296 0.8598891354166667 0.6293700111111111 0.8599637171875 0.6237827824074074
2 0.6365773031249999 0.5843928166666666 0.6211046161458333 0.5842673888888889 0.6211187260416666 0.6027337518518519 0.6366035072916667 0.6025912203703703 0.6365773031249999 0.5843928166666666
2 0.6594517234375 0.38257126574074074 0.6405603708333333 0.3824914481481481 0.6405502921875 0.4059549601851852 0.6597943963541667 0.40602622592592597 0.6594517234375 0.38257126574074074
3 0.6240919171874999 0.6150826685185184 0.6188268494791667 0.6150427592592592 0.6188268494791667 0.6210547324074074 0.6241423098958333 0.6210547324074074 0.6240919171874999 0.6150826685185184
3 0.6440173354166667 0.38248004537037034 0.6439790364583333 0.36645096944444444 0.6290586572916667 0.3664481185185185 0.6290626890625001 0.37246294166666666 0.6406530942708333 0.37246294166666666 0.6406530942708333 0.38248004537037034 0.6440173354166667 0.38248004537037034
3 0.8983471072916667 0.4165678453703704 0.8983471072916667 0.41552451574074073 0.829677484375 0.41547890555555556 0.8297742390625 0.4240450398148148 0.830447490625 0.4240450398148148 0.8304152390625 0.41670467499999997 0.8983471072916667 0.4165678453703704
3 0.8715339651041667 0.4166362601851852 0.8715541223958333 0.44829817592592597 0.8755875833333333 0.4483409351851852 0.8755694416666666 0.41661915648148146 0.8715339651041667 0.4166362601851852
3 0.8709514208333334 0.588973774074074 0.8597802864583334 0.5889566703703704 0.8597681916666667 0.5949486888888889 0.8709393265625 0.5950028509259259 0.8709514208333334 0.588973774074074
3 0.8262406770833334 0.5889395666666666 0.8003809713541667 0.588973774074074 0.8003305786458333 0.5948973777777777 0.8263293692708333 0.5948774231481482 0.8262406770833334 0.5889395666666666
3 0.6683712963541667 0.5948774231481482 0.6854081838541667 0.5948745722222222 0.6851804072916666 0.5891049027777778 0.6707377546875001 0.588919612037037 0.6706873614583333 0.581191562037037 0.6575287239583333 0.5812628277777778 0.6575549286458333 0.5871123148148149 0.6683712963541667 0.5871322694444444 0.6683712963541667 0.5948774231481482
3 0.612261640625 0.40617160740740743 0.5993186859375 0.40613455 0.5993086072916667 0.41204675 0.6122495463541667 0.41200399074074073 0.612261640625 0.40617160740740743
3 0.8379056640625 0.4990849490740741 0.8406772828125 0.4990849490740741 0.8407518645833334 0.46145667037037036 0.8709897197916666 0.46142246296296296 0.8709695624999999 0.45776510833333334 0.8380830479166667 0.457842075 0.8380669218750001 0.48497149351851854 0.83199758125 0.48498574722222226 0.83199758125 0.4578078675925926 0.8293287645833334 0.4578249712962963 0.8296069338541667 0.4883323833333333 0.8378814755208333 0.48834948703703707 0.8379056640625 0.4990849490740741
3 0.8378330979166667 0.5234264537037037 0.8378814755208333 0.5236316990740741 0.8709151380208334 0.5236374 0.8708869177083333 0.4674116305555555 0.8710461598958333 0.46718358055555553 0.8709897197916666 0.46142246296296296 0.8703829875 0.46142246296296296 0.8703950817708334 0.5195182444444444 0.8376295104166667 0.5195068416666667 0.8376053213541667 0.5203477768518519 0.8321003828125 0.5204361462962963 0.8321366661458334 0.5233808435185185 0.8378330979166667 0.5234264537037037
3 0.6691896796875 0.4404047888888889 0.6691816166666666 0.4772006842592593 0.6384902239583333 0.47737172222222224 0.6385426322916667 0.481194412962963 0.6698770411458334 0.4812827824074074 0.6697560973958333 0.4404047888888889 0.6691896796875 0.4404047888888889
3 0.8754182625 0.3707611175925926 0.885291271875 0.370741162962963 0.8852751463541666 0.2972035351851852 0.88451925 0.2972035351851852 0.8845635958333333 0.36984321574074075 0.8754182625 0.36983181296296297 0.8754182625 0.3707611175925926
3 0.72310018125 0.36638825555555554 0.7231929046875 0.37253420740740745 0.7527796817708333 0.37249429907407405 0.7527212255208333 0.3665564425925926 0.72310018125 0.36638825555555554
3 0.6406389838541667 0.40933865462962965 0.6406268895833332 0.40622291944444444 0.6289356984375 0.40620581574074077 0.6289739973958334 0.4119498287037037 0.6363495265625 0.411932725 0.6363374317708334 0.409372862037037 0.6406389838541667 0.40933865462962965
3 0.6240032249999999 0.5842502851851852 0.6239649265625 0.5811545037037037 0.5993065916666667 0.5809863166666667 0.5993327958333333 0.5843614592592592 0.6240032249999999 0.5842502851851852
3 0.6240778067708334 0.6027337518518519 0.6214089901041666 0.602787912962963 0.6213666598958334 0.6150427592592592 0.6240919171874999 0.6150826685185184 0.6240778067708334 0.6027337518518519
3 0.7467244505208334 0.5890450398148148 0.7467627494791667 0.5949486888888889 0.7668917557291667 0.5949486888888889 0.7668534567708334 0.5890108324074075 0.7467244505208334 0.5890450398148148
3 0.6847571052083333 0.6296778787037037 0.6847974197916666 0.6236516537037037 0.6707599276041667 0.6236231472222222 0.6706732515625 0.615057012962963 0.6580870791666666 0.6150598629629629 0.6581374723958333 0.621017674074074 0.6663878249999999 0.6210860888888888 0.66645434375 0.6296807296296296 0.6847571052083333 0.6296778787037037
1 0 0 0 1 1 1 1 0 0 0
2 0.8539105020833334 0.49899372870370373 0.8375388026041667 0.49910205277777775 0.8376295104166667 0.5195068416666667 0.8540878854166666 0.5194441277777777 0.8539105020833334 0.49899372870370373
3 0.20404757083333333 0.611248575 0.20575488802083333 0.6112685287037037 0.2057105421875 0.6522063851851851 0.224067728125 0.652328962037037 0.22402539791666667 0.6462371722222222 0.21003426718749998 0.6461145953703704 0.20994355989583333 0.5739623712962963 0.20573069947916667 0.5738911064814816 0.20572868385416668 0.6052080953703703 0.20411207395833333 0.6051852907407407 0.20404757083333333 0.611248575
3 0.3345898005208333 0.6462286203703704 0.33464019375000004 0.6522576962962963 0.33997782708333335 0.6522234888888889 0.339939528125 0.6462656787037038 0.3345898005208333 0.6462286203703704
3 0.17966740572916665 0.6113027370370371 0.1796432171875 0.6051852907407407 0.17715178385416666 0.6052423037037037 0.1771296109375 0.5738283925925926 0.16689780260416667 0.5738283925925926 0.16688974010416666 0.5512400231481482 0.1626123765625 0.5512571268518519 0.1626123765625 0.579828962037037 0.17288853072916668 0.5798888259259259 0.17288853072916668 0.6112086657407407 0.17966740572916665 0.6113027370370371
3 0.166839346875 0.47999429907407404 0.166905865625 0.4569384268518518 0.20183430781249997 0.4570011398148148 0.20181213489583336 0.44839224629629626 0.19750655104166667 0.44839224629629626 0.1975186453125 0.4507582666666667 0.16256198333333333 0.45084948703703703 0.16259826666666666 0.48001995462962965 0.166839346875 0.47999429907407404
3 0.16260028229166668 0.5122177879629629 0.16258818802083336 0.5270667046296296 0.16691392864583332 0.5270667046296296 0.16687764583333334 0.5122177879629629 0.16260028229166668 0.5122177879629629
3 0.2808062890625 0.6461402509259259 0.28086877656250003 0.6522747999999999 0.3043519453125 0.6522405925925926 0.3044144328125 0.6461573546296296 0.2808062890625 0.6461402509259259
3 0.20183430781249997 0.3743928166666667 0.19750856666666666 0.3743415055555555 0.19749445677083333 0.4003734324074074 0.20183430781249997 0.4003734324074074 0.20183430781249997 0.3743928166666667
3 0.20184640208333335 0.3265877990740741 0.20178593020833333 0.30630273703703703 0.2690022171875 0.30630273703703703 0.26924208854166665 0.3237799314814815 0.32904051614583335 0.32389110648148145 0.32913525520833337 0.3444783351851852 0.3319693609375 0.34442417314814816 0.33195726666666664 0.34793044444444443 0.33438218124999997 0.34791049074074076 0.33438218124999997 0.3023546175925926 0.3301572265625 0.3022434435185185 0.33007659739583334 0.31633694444444443 0.2858254385416667 0.31633694444444443 0.2856661963541667 0.2674002277777778 0.2813606130208333 0.2674002277777778 0.2813606130208333 0.3150969212962963 0.2753013505208333 0.3150969212962963 0.27522072187499996 0.29761972592592595 0.20960088697916665 0.2975085518518519 0.23041120729166667 0.26762542777777776 0.22235839531249998 0.2669498287037037 0.1975569442708333 0.30223489166666667 0.19578713958333335 0.2997291907407407 0.19263656510416668 0.3040079814814815 0.19756097552083332 0.3109264537037037 0.19750655104166667 0.32660490277777776 0.20184640208333335 0.3265877990740741
3 0.2146119734375 0.3063141388888889 0.21459987916666667 0.32656784537037037 0.21877444062499998 0.32655074074074075 0.21878653489583336 0.3063141388888889 0.2146119734375 0.3063141388888889
3 0.2692178994791667 0.32694412777777776 0.2693811729166667 0.32671037592592594 0.26933078020833334 0.32531641944444445 0.26701471458333337 0.3253335231481482 0.266964321875 0.3567531361111111 0.2692178994791667 0.35673603148148153 0.2692178994791667 0.32694412777777776
3 0.21877444062499998 0.3742873435185185 0.21462406770833334 0.3742502851851852 0.21459987916666667 0.40064139074074073 0.21878855052083335 0.40063568981481484 0.21877444062499998 0.3742873435185185
3 0.20568030625 0.49330387685185184 0.21003426718749998 0.4933181296296297 0.20998992135416666 0.48067559907407403 0.21893166718749998 0.48067559907407403 0.21875629895833332 0.4480245157407407 0.21455956458333333 0.4481185861111111 0.21458576875000002 0.4747690990740741 0.20576899843750002 0.4747690990740741 0.20568030625 0.49330387685185184
3 0.21003225156250002 0.5253506268518519 0.20576899843750002 0.5253506268518519 0.20576496666666666 0.5355843787037038 0.2099697640625 0.5355473203703704 0.21003225156250002 0.5253506268518519
3 0.2099052609375 0.5592189277777778 0.20574279374999999 0.5592901935185185 0.20575488802083333 0.5738911064814816 0.20998992135416666 0.5739509694444445 0.2099052609375 0.5592189277777778
3 0.18436202395833332 0.5738911064814816 0.1771296109375 0.5738283925925926 0.17713767395833332 0.5799030787037037 0.18925821406249999 0.5798859749999999 0.189157428125 0.5735148231481482 0.18675267083333333 0.5735148231481482 0.18672848229166666 0.5592189277777778 0.16688974010416666 0.5592189277777778 0.166901834375 0.5625484611111111 0.18437411822916666 0.5625285064814816 0.18436202395833332 0.5738911064814816
3 0.3015924208333333 0.3439965796296296 0.2936847411458333 0.3439424175925926 0.29369885104166665 0.32662200648148143 0.29186252760416664 0.3266077537037037 0.2919270307291667 0.34635689814814813 0.30164281406250004 0.34651938425925927 0.3015924208333333 0.3439965796296296
3 0.3183430760416667 0.34395667037037037 0.3183692802083333 0.34655359166666666 0.3269461802083333 0.3465706953703704 0.3269602901041667 0.343976625 0.3183430760416667 0.34395667037037037
3 0.30310421302083335 0.4542502851851852 0.3032130619791667 0.475119725925926 0.29584962708333334 0.4751995435185185 0.29582342291666663 0.47877708055555557 0.31203587968749996 0.47866590648148144 0.31204394270833336 0.47729190462962967 0.3056420078125 0.4772206388888889 0.30562789739583335 0.45472919074074075 0.32431969374999997 0.45470923611111114 0.32431969374999997 0.47723204074074077 0.32308808697916663 0.47725484629629633 0.32310421302083336 0.47864880277777777 0.32431566197916667 0.4786858611111111 0.32435396093749996 0.49534492592592594 0.3272384598958333 0.49532782222222216 0.3269461802083333 0.42102052407407403 0.335349728125 0.42106613425925926 0.335349728125 0.4178449259259259 0.32702479322916667 0.4179218925925926 0.3268978026041667 0.3943985175925926 0.32479540416666663 0.39436145925925925 0.32480346718750003 0.45126282777777776 0.2957851239583333 0.4513312425925926 0.2957851239583333 0.45424743425925923 0.30310421302083335 0.4542502851851852
3 0.2957851239583333 0.45077537037037035 0.2916992541666667 0.45077537037037035 0.2916065307291667 0.5196664768518519 0.29584962708333334 0.5196949833333333 0.2957851239583333 0.45077537037037035
3 0.3271497682291667 0.5156356898148148 0.3248095140625 0.5156698972222222 0.32479540416666663 0.5162998861111111 0.29586172135416666 0.5162428731481481 0.29584962708333334 0.5196949833333333 0.32718000416666665 0.5195410490740741 0.3271497682291667 0.5156356898148148
3 0.2669784317708333 0.431416762037037 0.26922999375 0.4313996583333333 0.26922999375 0.3809777648148148 0.22134851822916665 0.3809464083333333 0.22134851822916665 0.38395096944444446 0.26697238437500004 0.3840250851851852 0.2669784317708333 0.431416762037037
3 0.2693065916666667 0.45541049074074075 0.2271880666666667 0.45541049074074075 0.2268050796875 0.4556157351851852 0.22121548072916666 0.4556413907407407 0.2211933078125 0.46148802777777775 0.2693267484375 0.4613882555555555 0.2693065916666667 0.45541049074074075
3 0.22450514010416667 0.6116961231481481 0.21000604739583334 0.6116619157407408 0.20999395260416664 0.6175484611111112 0.22456964322916667 0.6176026222222223 0.22450514010416667 0.6116961231481481
3 0.2804958677083333 0.6116704675925926 0.280516025 0.617494299074074 0.3049526307291667 0.6174486888888889 0.3049203791666667 0.6117331814814815 0.2804958677083333 0.6116704675925926
3 0.334904253125 0.6332753703703704 0.3349566619791667 0.6462286203703704 0.3371941140625 0.6462286203703704 0.33720822395833333 0.6332582666666667 0.334904253125 0.6332753703703704
3 0.33485385989583333 0.6116619157407408 0.3348921588541666 0.6147919046296296 0.3594114088541666 0.6148090083333334 0.3594114088541666 0.61159065 0.33485385989583333 0.6116619157407408
3 0.38667204166666663 0.38489167592592594 0.33441241666666666 0.3849144814814815 0.3343983067708333 0.38595210925925927 0.38670832499999996 0.38586944166666665 0.38667204166666663 0.38489167592592594
3 0.2917677885416667 0.6081157351851851 0.29579721822916666 0.6081157351851851 0.29579721822916666 0.6003249712962963 0.29595444479166666 0.5998802740740741 0.29591211458333333 0.5469441277777778 0.29164886093750003 0.5469811861111111 0.2916428140625 0.5999230333333333 0.2917677885416667 0.600279361111111 0.2917677885416667 0.6081157351851851
3 0.2680286234375 0.46142246296296296 0.2680145130208333 0.48142531388888893 0.26926829270833336 0.4813540481481482 0.26926829270833336 0.46142246296296296 0.2680286234375 0.46142246296296296
2 0.26977423906250003 0.431416762037037 0.2512013708333333 0.43157639722222224 0.25115097760416666 0.4553734324074074 0.26976012916666664 0.4553905361111111 0.26977423906250003 0.431416762037037
4 0.21736948177083332 0.32656784537037037 0.217546865625 0.37427023981481483 0.22231606510416665 0.3743044472222222 0.22230397083333334 0.32656214351851853 0.21736948177083332 0.32656784537037037
2 0.2698246322916667 0.3567531361111111 0.25142914739583333 0.35684150555555555 0.251163071875 0.3809777648148148 0.26976012916666664 0.3809777648148148 0.2698246322916667 0.3567531361111111
4 0.21739568645833335 0.40065849444444446 0.217421890625 0.44804161944444443 0.222324128125 0.4481698972222222 0.22230397083333334 0.4005045611111111 0.21739568645833335 0.40065849444444446
4 0.19762547864583332 0.3265735462962963 0.197675871875 0.37433580370370373 0.20168514427083334 0.3743586092592593 0.20166095520833333 0.3265877990740741 0.19762547864583332 0.3265735462962963
2 0.3533259421875 0.3478078675925926 0.33208425729166663 0.34793044444444443 0.3320197541666667 0.3769156212962963 0.35366861510416664 0.3768443555555555 0.3533259421875 0.3478078675925926
4 0.1976718401041667 0.40039053611111114 0.19765369895833332 0.4483808435185185 0.20167708125 0.4483808435185185 0.2017073171875 0.4003734324074074 0.1976718401041667 0.40039053611111114
2 0.30164281406250004 0.3462143675925926 0.30164281406250004 0.3491676166666667 0.31839548489583336 0.3492388824074074 0.3183692802083333 0.3462685287037037 0.30164281406250004 0.3462143675925926
4 0.162773634375 0.4800370583333333 0.162773634375 0.5121778787037037 0.16675065520833332 0.5122206388888889 0.16675065520833332 0.47999429907407404 0.162773634375 0.4800370583333333
4 0.1627272729166667 0.5270667046296296 0.16276557135416667 0.5512571268518519 0.1667385609375 0.5512400231481482 0.16676274947916667 0.5270667046296296 0.1627272729166667 0.5270667046296296
2 0.21342068125000002 0.5355387685185186 0.19491231614583335 0.535567275 0.19497681927083335 0.5595068416666666 0.213481153125 0.5591562148148148 0.21342068125000002 0.5355387685185186
2 0.189157428125 0.5733722916666667 0.18963716979166667 0.6002651083333334 0.20569240052083335 0.6004789055555555 0.20574279374999999 0.5733722916666667 0.189157428125 0.5733722916666667
2 0.1796432171875 0.6049629416666666 0.17974400312500002 0.6129675027777778 0.20403547656249998 0.613235462037037 0.20411207395833333 0.6049686435185185 0.1796432171875 0.6049629416666666
2 0.3096391854166667 0.4309150509259259 0.29140899010416665 0.4308266814814815 0.2914533359375 0.4507782212962963 0.3096391854166667 0.450738312037037 0.3096391854166667 0.4309150509259259
2 0.31206813125 0.4686488027777778 0.31203587968749996 0.47866590648148144 0.32310421302083336 0.47864880277777777 0.3230114895833333 0.46861459537037037 0.31206813125 0.4686488027777778
3 0.3323503328125 0.48475199537037034 0.32718806666666667 0.48476909907407406 0.32717395677083333 0.4870952111111111 0.3323624270833333 0.4870610037037037 0.3323503328125 0.48475199537037034
3 0.34894779270833337 0.48475199537037034 0.34898609166666666 0.4870610037037037 0.3592844182291667 0.4870610037037037 0.35929852864583334 0.48476909907407406 0.34894779270833337 0.48475199537037034
3 0.34616609531250003 0.5172976055555556 0.34620237864583336 0.5196607750000001 0.35931062291666666 0.5196607750000001 0.35931062291666666 0.5173175601851852 0.34616609531250003 0.5172976055555556
2 0.32733924635416667 0.49534492592592594 0.31101794010416667 0.49545325 0.31101794010416667 0.5156157351851852 0.3273130416666667 0.5156527935185186 0.32733924635416667 0.49534492592592594
2 0.31343479114583334 0.5198403648148148 0.29140899010416665 0.5197149370370371 0.29138278593750006 0.5469982898148148 0.31349929427083334 0.5467673888888889 0.31343479114583334 0.5198403648148148
2 0.3323624270833333 0.4858437851851852 0.33242491458333334 0.4897092361111111 0.3490747833333333 0.48952964629629625 0.34895988697916663 0.48578677314814817 0.3323624270833333 0.4858437851851852
2 0.33746422083333333 0.6148147092592592 0.3222273734375 0.6147377425925925 0.3221769802083333 0.6333095777777777 0.3374279380208333 0.6332383120370371 0.33746422083333333 0.6148147092592592
4 0.28056037083333335 0.6066305583333333 0.22449304583333335 0.6066163055555556 0.22451925 0.6136117444444444 0.28050796197916666 0.6137200685185186 0.28056037083333335 0.6066305583333333
4 0.33488812760416664 0.6066932722222222 0.3048941744791666 0.6065250851851852 0.3049586776041667 0.6136288481481481 0.334841765625 0.6135746861111111 0.33488812760416664 0.6066932722222222
4 0.3041745614583334 0.6536716074074074 0.33480346718750004 0.6536716074074074 0.3348296713541667 0.6522747999999999 0.33464019375000004 0.6522576962962963 0.3346018947916667 0.6463911064814815 0.3044144328125 0.6463711518518518 0.30436403958333336 0.6522405925925926 0.3041745614583334 0.6522947546296296 0.3041745614583334 0.6536716074074074
4 0.22399919375000002 0.6463711518518518 0.22409997968749998 0.653688711111111 0.28088288645833337 0.6536545037037037 0.2807941947916667 0.6464082101851851 0.22399919375000002 0.6463711518518518
4 0.20600886927083334 0.49352052407407404 0.20593227187500002 0.5251539342592593 0.2134509171875 0.5253164194444444 0.2134509171875 0.49334663611111107 0.20600886927083334 0.49352052407407404
4 0.3399536385416667 0.6459606611111112 0.3398649463541667 0.6518472064814815 0.35689377135416667 0.651989737962963 0.35694416458333333 0.6460148231481482 0.3399536385416667 0.6459606611111112
3 0.32103205 0.3948118583333334 0.3212678895833333 0.39429589537037035 0.3368635354166667 0.39455245185185184 0.33689981875 0.42083238333333334 0.35950816354166665 0.42088369444444446 0.3594537390625 0.43234891666666664 0.35930860729166664 0.4327109462962963 0.35929046562500006 0.6 0.3594537390625 0.6002309009259259 0.35934489010416665 0.6462229194444444 0.35694013281250003 0.6461716074074074 0.35691997604166664 0.6522576962962963 0.36703285625 0.6522747999999999 0.3669602901041667 0.6461716074074074 0.36451925 0.6461716074074074 0.36451925 0.4325826685185185 0.364392259375 0.4322976055555556 0.3642834104166666 0.4207297601851852 0.3869098973958333 0.42090934999999996 0.3868736140625 0.38731470925925926 0.3817899614583334 0.38726339814814814 0.38175367864583337 0.41359464074074076 0.3420903041666667 0.4136202962962963 0.34207417864583334 0.38726339814814814 0.3344224953125 0.38726339814814814 0.33441241666666666 0.3769156212962963 0.33205805260416665 0.37689851759259263 0.33207014739583335 0.3800484611111111 0.3290848619791667 0.38015108333333336 0.32915541197916665 0.38849771944444444 0.2916992541666667 0.3886031925925926 0.29173755312500005 0.4308266814814815 0.2959625078125 0.43086088981481485 0.2958536583333334 0.39468072962962963 0.32103205 0.3948118583333334
3 0.7470147145833334 0.6236488027777778 0.7470530135416666 0.6295724055555556 0.7666458375 0.629717787962963 0.7666458375 0.6236915620370371 0.7470147145833334 0.6236488027777778
3 0.8005563395833334 0.6235632842592592 0.8006006854166666 0.629717787962963 0.8260330578125 0.6296522231481482 0.8260129005208333 0.6236858611111111 0.8005563395833334 0.6235632842592592
3 0.8317617416666666 0.431476625 0.8317617416666666 0.45594640833333333 0.8709836723958334 0.45553876851851854 0.8710461598958333 0.46718358055555553 0.8708869177083333 0.4674116305555555 0.8709494052083334 0.6236117444444444 0.8599697640625 0.6235946407407408 0.8599193713541666 0.6297149370370371 0.8871316265625 0.6297291907407407 0.8870046359374999 0.6236117444444444 0.8761096552083333 0.6236573546296296 0.8758859098958334 0.5775712657407408 0.8761741583333333 0.576984036111111 0.8758859098958334 0.4554931583333333 0.8986353557291668 0.4556299888888889 0.8984095947916667 0.44837799351851854 0.8371457369791667 0.44824116296296296 0.8370812338541668 0.4241362601851852 0.820834509375 0.42413340925925924 0.820834509375 0.4275342074074074 0.8231404958333334 0.42749714907407405 0.8231042130208334 0.43147092314814817 0.8317617416666666 0.431476625
3 0.6406551098958333 0.41075541574074076 0.6718121348958334 0.4107782212962963 0.6719794395833334 0.3724885972222222 0.7004958677083334 0.37253420740740745 0.7004817578125 0.36648517685185183 0.66838540625 0.36650513148148145 0.66832291875 0.40603762870370375 0.6406188270833333 0.4059578111111111 0.6406551098958333 0.41075541574074076
3 0.6016206411458334 0.6150598629629629 0.5993811729166667 0.6150427592592592 0.5993065916666667 0.3726396805555555 0.6120721630208333 0.37249714907407405 0.6120721630208333 0.3665393388888889 0.5942007661458334 0.3665421888888889 0.5942572062499999 0.6209834666666667 0.6016851442708333 0.6210376287037037 0.6016206411458334 0.6150598629629629
3 0.8754101994791667 0.3711573546296296 0.8754101994791667 0.2972947546296296 0.8925115906250001 0.2971351194444445 0.8924894177083333 0.28986316944444446 0.8675246927083333 0.28999714907407403 0.8675992744791666 0.2972434435185185 0.8711791979166666 0.2971892814814815 0.8712134651041666 0.37111174444444445 0.8754101994791667 0.3711573546296296
3 0.79793993125 0.43140821018518516 0.7979621041666667 0.42760832407407406 0.8001632734374999 0.42760832407407406 0.8001632734374999 0.42416761666666664 0.79838540625 0.424147662037037 0.7984095947916666 0.37111744629629634 0.8506712354166667 0.3710290768518519 0.8506974401041667 0.3651966935185185 0.7836585364583333 0.3651054731481482 0.7837069140625 0.29723489166666667 0.8486252770833332 0.29718072962962966 0.8485587583333333 0.28998004537037037 0.7785889942708334 0.28980615740740745 0.7785466640625 0.36657069537037035 0.7699153395833334 0.36650513148148145 0.7699778270833334 0.37249714907407405 0.7932191088541667 0.37256841481481484 0.7932110463541666 0.4313626 0.79793993125 0.43140821018518516
3 0.6952449104166667 0.39357468611111107 0.6719048578125 0.3934749148148148 0.6718766380208333 0.39954960092592595 0.6952690989583333 0.3994070694444445 0.6952449104166667 0.39357468611111107
3 0.7174097963541667 0.39352052407407406 0.7174601895833334 0.39938996574074076 0.7246603505208333 0.39929874537037036 0.7246724453125 0.39348631666666667 0.7174097963541667 0.39352052407407406
3 0.7443862125 0.42084948703703706 0.78231808125 0.42063283888888886 0.7823402541666666 0.37258836944444446 0.7800221729166666 0.37252565555555556 0.7798246322916668 0.41732326111111107 0.7467708125 0.41747719537037037 0.7467466234375001 0.39354903055555557 0.7414613989583334 0.3934492592592593 0.741550090625 0.39944412777777777 0.7444224953125 0.3994954388888889 0.7443862125 0.42084948703703706
3 0.6296915942708333 0.44852907685185184 0.6385265067708333 0.44862884814814813 0.6385386010416667 0.45702109444444444 0.6413928645833333 0.4570553018518519 0.6414231 0.4402252 0.6424632130208334 0.4401824398148148 0.6424632130208334 0.4389367157407407 0.6413727072916667 0.4389481185185185 0.6413283614583333 0.4164965796296296 0.659997984375 0.4165393388888889 0.6599657328125 0.43889110648148144 0.6536686151041666 0.43889110648148144 0.6536686151041666 0.4401824398148148 0.6697560973958333 0.4404047888888889 0.6697137671875001 0.4366419611111111 0.6624833703125 0.43666476666666665 0.662578109375 0.4158295324074074 0.6715198546875 0.4157839222222222 0.6716367666666667 0.4366761685185185 0.6739770208333333 0.4366932722222222 0.6740374921875 0.41297890555555555 0.6384761135416667 0.4129874574074074 0.6384418463541667 0.4463939564814815 0.6296452328125 0.44633694444444444 0.6296915942708333 0.44852907685185184
3 0.6739891151041667 0.4367132268518518 0.6697278776041667 0.4366163055555556 0.6698770411458334 0.4812827824074074 0.6740334609374999 0.48138540462962964 0.6739891151041667 0.4367132268518518
3 0.6128844989583333 0.44629418425925926 0.6025075588541667 0.44635689814814816 0.6025075588541667 0.4486117444444444 0.6128643416666667 0.4485205240740741 0.6128844989583333 0.44629418425925926
3 0.6156903848958333 0.4788312425925926 0.602519653125 0.47881128888888885 0.602519653125 0.48117445833333333 0.6157024791666666 0.48115735462962966 0.6156903848958333 0.4788312425925926
3 0.6698508364583333 0.5771978333333333 0.673930659375 0.5773802740740741 0.673930659375 0.5696750287037037 0.6740415239583334 0.5693928166666667 0.674001209375 0.5084948685185184 0.6697520661458333 0.5084606611111111 0.6696149968749999 0.5694697833333333 0.669868978125 0.5698033064814815 0.6698508364583333 0.5771978333333333
3 0.7531969359375 0.4856527935185185 0.7430538197916667 0.485621437037037 0.7430538197916667 0.42514823240740746 0.7414573677083334 0.4251767388888889 0.7413344083333333 0.48834948703703707 0.7531767786458333 0.48836659074074074 0.7531969359375 0.4856527935185185
3 0.7799294494791666 0.48564139074074075 0.7699415442708334 0.48564139074074075 0.7699254182291667 0.48832383148148145 0.7987724249999999 0.48834663611111107 0.7987401734374999 0.4724344351851852 0.7970247932291666 0.4724144814814815 0.7969804473958334 0.485684150925926 0.7841967343749999 0.48581242870370367 0.7838480145833333 0.4241704675925926 0.7800624875000001 0.42413340925925924 0.7800524088541666 0.44280501666666666 0.7799153395833333 0.4432582666666667 0.7799294494791666 0.48564139074074075
3 0.7988127395833333 0.43444127685185185 0.7970026203124999 0.43444127685185185 0.7970046359374999 0.4487742305555556 0.7987683932291667 0.4487314712962963 0.7988127395833333 0.43444127685185185
3 0.7580326546875 0.5851624861111111 0.7619754083333333 0.5853534777777777 0.7620681312500001 0.5778534777777778 0.7622475307291666 0.5769555305555556 0.7620459583333333 0.5200883694444444 0.7579721828125 0.520108324074074 0.7578512395833333 0.5772120870370371 0.7580326546875 0.5774030787037037 0.7580326546875 0.5851624861111111
3 0.8127151786458333 0.5854104907407408 0.8148397500000001 0.5853734324074074 0.8148659546875 0.5204817555555556 0.7792783713541667 0.5204646518518519 0.7792662770833334 0.5233779935185185 0.8127675869791666 0.5232668185185185 0.8127151786458333 0.5854104907407408
4 0.8674984880208334 0.2901567842592593 0.8485708526041668 0.29010547314814816 0.8486212458333333 0.2969384268518519 0.8675609755208333 0.29704675 0.8674984880208334 0.2901567842592593
4 0.6290385005208333 0.36670182407407403 0.6120721630208333 0.36668187037037037 0.6120721630208333 0.372157925 0.6290667203125 0.37213797037037033 0.6290385005208333 0.36670182407407403
2 0.6683592015625001 0.36482326111111113 0.6440294296875 0.36484036481481485 0.6439669421875001 0.3726596351851852 0.6683350130208333 0.37256841481481484 0.6683592015625001 0.36482326111111113
2 0.6124632130208333 0.39012257685185187 0.6122354364583333 0.4171750287037037 0.6290505947916666 0.4171550740740741 0.628707921875 0.39090935 0.6124632130208333 0.39012257685185187
2 0.6128562791666667 0.4473033064814815 0.612906671875 0.45129418425925927 0.6297077203125 0.45143671574074073 0.6296573270833333 0.44735746851851854 0.6128562791666667 0.4473033064814815
2 0.6424632130208334 0.4401824398148148 0.6536686151041666 0.4401824398148148 0.6536464421874999 0.4303591787037037 0.6425377947916666 0.4303591787037037 0.6424632130208334 0.4401824398148148