2 0.7612915572916666 0.5338301509259259 0.7613802135416667 0.5425391851851852 0.7730143057291666 0.5425562842592593 0.7729740078125 0.5338073527777778 0.7612915572916666 0.5338301509259259
2 0.7443864598958334 0.538084924074074 0.7239975822916667 0.5379253351851853 0.7239975822916667 0.5643602166666667 0.7443481765625 0.5641436305555556 0.7443864598958334 0.538084924074074
2 0.7871428572916667 0.5641778287037037 0.7693955270833333 0.5641778287037037 0.7693330645833334 0.5897235675925926 0.7869212171875 0.5900797944444444 0.7871428572916667 0.5641778287037037
4 0.6632137817708333 0.28728127685185184 0.6396433609375 0.2872641777777778 0.6396856739583333 0.2945255055555555 0.6632480354166667 0.29457680277777776 0.6632137817708333 0.28728127685185184
3 0.8824944588541667 0.5158079222222222 0.8824682651041668 0.4919692222222223 0.9020511786458333 0.4919692222222223 0.902123715625 0.5516614416666666 0.9038827322916667 0.5515702481481481 0.903717509375 0.48968652037037036 0.880854321875 0.48963237407407406 0.8808422322916667 0.5134425759259259 0.8714346161458334 0.5134083787037037 0.8714587953125 0.548851525 0.8730586338541666 0.5488344259259259 0.8730848276041667 0.515768025 0.8824944588541667 0.5158079222222222
4 0.70851098125 0.2875491592592593 0.685726375 0.28734112314814814 0.6857908520833333 0.29081219722222224 0.708414265625 0.29085494444444443 0.70851098125 0.2875491592592593
2 0.7574229296875 0.46552579074074074 0.736810396875 0.46568538055555553 0.7367479348958333 0.49696779722222223 0.7568789036458334 0.49698489629629633 0.7574229296875 0.46552579074074074
4 0.8720672979166667 0.6483471074074074 0.8719947614583333 0.6631347962962962 0.9177775536458334 0.6631347962962962 0.9176485994791667 0.6482245657407407 0.8720672979166667 0.6483471074074074
4 0.8552105583333333 0.6481875175925925 0.8039451942708333 0.6482416638888889 0.80390288125 0.6631319462962963 0.8552347369791666 0.6631205472222222 0.8552105583333333 0.6481875175925925
3 0.7237235541666667 0.48702479351851846 0.7236973604166667 0.5001339416666667 0.7352206328124999 0.5000427472222222 0.7351158572916667 0.4955913361111111 0.7364880114583333 0.4955371898148148 0.7364295786458332 0.4934083787037037 0.7283135197916667 0.4934482759259259 0.7282853114583333 0.4803448277777778 0.6943501916666667 0.4804274722222222 0.6943199677083334 0.6603932740740741 0.7069050979166666 0.660384725 0.7068909932291666 0.6540011398148148 0.6960668947916666 0.6539469935185185 0.6961051781250001 0.4868623537037037 0.7237235541666667 0.48702479351851846
3 0.7568668145833333 0.6539298944444444 0.7360145072916667 0.6538045027777778 0.7360386864583333 0.6602963805555555 0.7568547250000001 0.6603305787037037 0.7568668145833333 0.6539298944444444
3 0.8039069109375 0.6538216018518519 0.7858492848958334 0.6539640925925926 0.7857485390625 0.6603305787037037 0.8038948218749999 0.6603676259259259 0.8039069109375 0.6538216018518519
3 0.87205319375 0.6539469935185185 0.8552347369791666 0.6539099462962963 0.8552347369791666 0.6604018240740741 0.8720914770833333 0.6604018240740741 0.87205319375 0.6539469935185185
4 0.736000403125 0.6481704185185185 0.7070562161458334 0.6482958111111111 0.7068627843749999 0.6631632944444444 0.7359681645833334 0.6632088916666667 0.736000403125 0.6481704185185185
2 0.8886439651041667 0.5033086351851851 0.888801128125 0.5170162435185185 0.9020793875 0.5169279 0.9020491640625 0.503664862037037 0.8886439651041667 0.5033086351851851
3 0.888748740625 0.5149016814814814 0.8825246828125 0.5148703333333334 0.882484384375 0.5169108009259259 0.8888031432291666 0.5170646907407407 0.888748740625 0.5149016814814814
2 0.914827725 0.46534055277777775 0.8997340317708333 0.46547164444444444 0.8996836588541667 0.4843060703703704 0.9148216802083333 0.48416072962962964 0.914827725 0.46534055277777775
3 0.9211303645833334 0.4427386722222222 0.921118275 0.44932174444444445 0.9322083416666668 0.44925049907407405 0.9323514005208333 0.6539697916666667 0.9178299416666668 0.6538216018518519 0.9178178520833333 0.6603676259259259 0.9369030828124999 0.6603191796296296 0.9369091276041667 0.4426503277777778 0.9211303645833334 0.4427386722222222
3 0.899903284375 0.46524650925925926 0.9018013296874999 0.4653320037037037 0.9017549869791667 0.4492789972222222 0.9038706427083334 0.4493388425925926 0.903921015625 0.44272157314814814 0.8876727786458333 0.44262467962962965 0.887682853125 0.4493388425925926 0.900070521875 0.4492789972222222 0.899903284375 0.46524650925925926
3 0.8655853312499999 0.44923624999999995 0.8656800322916667 0.48709603888888886 0.9017912552083334 0.4869706472222223 0.9018093895833333 0.4843402675925926 0.8674410640625 0.4843146194444445 0.867463228125 0.4493274435185185 0.8706629057291667 0.44935594166666665 0.8707414869791666 0.44271587314814814 0.8276425546875 0.4425790824074074 0.8276304656250001 0.4491792537037037 0.8655853312499999 0.44923624999999995
3 0.804273625 0.4427386722222222 0.7930284104166667 0.44255913333333335 0.7931593791666667 0.44923055 0.8042353416666667 0.4494642351851852 0.804273625 0.4427386722222222
2 0.884396534375 0.553664862037037 0.8649727989583333 0.5537161583333333 0.8650110817708333 0.5790795101851852 0.8844086239583333 0.5791849527777778 0.884396534375 0.553664862037037
2 0.9020773723958333 0.5476660018518519 0.8666612937499999 0.5478683388888889 0.8667076364583333 0.5522200055555555 0.9021116260416666 0.5520832148148148 0.9020773723958333 0.5476660018518519
2 0.811611928125 0.47298660555555555 0.7930606489583333 0.4728498148148148 0.7929659479166666 0.4971843833333333 0.8116643161458333 0.49704759166666673 0.811611928125 0.47298660555555555
4 0.793163409375 0.44233114814814817 0.7760930890625001 0.44224850370370367 0.7759782390625 0.45513536574074076 0.7931049770833333 0.4553006555555556 0.793163409375 0.44233114814814817
4 0.8276485994791667 0.4402108861111111 0.8042353416666667 0.4401282416666667 0.80435220625 0.45383300092592593 0.8274793473958333 0.45382730092592594 0.8276485994791667 0.4402108861111111
4 0.887594196875 0.4424166425925926 0.870687084375 0.44248788796296296 0.8706911140625 0.44959817592592594 0.8875881520833333 0.44935309166666665 0.887594196875 0.4424166425925926
1 0 0 0 1 1 1 1 0 0 0
3 0.7694156760416667 0.5647335425925927 0.7472395729166668 0.564836136111111 0.7467620390624999 0.6495098314814814 0.7488112031249999 0.649435737037037 0.7487588151041666 0.5675577083333333 0.7694156760416667 0.5675833574074074 0.7694156760416667 0.5647335425925927
2 0.2746604875 0.5538130518518519 0.2542071328125 0.5539897407407407 0.25436228072916667 0.5790966083333333 0.27472295 0.5785066972222223 0.2746604875 0.5538130518518519
3 0.2568164416666667 0.5508919916666667 0.25682853125 0.5538785981481482 0.26645174270833333 0.5537703046296296 0.26646584739583334 0.5507836990740741 0.2568164416666667 0.5508919916666667
2 0.2872294984375 0.5166400685185185 0.2876203911458333 0.481729837962963 0.2677291958333334 0.4816386435185185 0.26733830364583333 0.5167854092592593 0.2872294984375 0.5166400685185185
2 0.29263953229166667 0.5583841546296296 0.30416079010416663 0.5584383018518518 0.30433810208333334 0.5496922203703704 0.29263953229166667 0.5497264175925926 0.29263953229166667 0.5583841546296296
4 0.26593592604166666 0.6309290398148149 0.23757404791666667 0.6307751500000001 0.23757404791666667 0.6393359935185186 0.2658714489583333 0.6393673407407406 0.26593592604166666 0.6309290398148149
4 0.3156538385416667 0.6309461388888888 0.28743904895833333 0.6309090907407408 0.28743904895833333 0.6392903962962962 0.3157586135416667 0.6393644916666666 0.3156538385416667 0.6309461388888888
4 0.38517831979166667 0.6309860361111111 0.33454966770833333 0.6309005416666666 0.334485190625 0.6392675972222222 0.38514608125 0.6393530916666667 0.38517831979166667 0.6309860361111111
4 0.44768889791666666 0.6308862925925927 0.4026919203125 0.6309290398148149 0.40256498072916663 0.6392960953703704 0.44768889791666666 0.6395183814814814 0.44768889791666666 0.6308862925925927
4 0.4480274026041667 0.6691992018518519 0.40236550468750004 0.6690766601851852 0.40241789218749996 0.6788258759259259 0.4481805359375 0.678860074074074 0.4480274026041667 0.6691992018518519
4 0.38542010885416667 0.6691849527777778 0.3342695947916667 0.6691137074074074 0.3342695947916667 0.6788258759259259 0.3855591375 0.6788258759259259 0.38542010885416667 0.6691849527777778
4 0.26630062447916664 0.6691479055555556 0.23738061666666666 0.6690766601851852 0.23716502135416664 0.678860074074074 0.26632480364583333 0.678842975 0.26630062447916664 0.6691479055555556
2 0.3295023171875 0.5031746935185185 0.3233991536458333 0.503097749074074 0.3234233328125 0.5204531203703704 0.32969171875000003 0.5204502703703703 0.3295023171875 0.5031746935185185
2 0.3442212369791667 0.47638073518518514 0.3273141244791667 0.4761299518518518 0.32736449739583334 0.5036848101851852 0.3440842234375 0.5038130518518519 0.3442212369791667 0.47638073518518514
4 0.35792867239583337 0.4557452268518518 0.33451742916666666 0.4557452268518518 0.33451742916666666 0.46557993703703704 0.357709046875 0.4655343398148148 0.35792867239583337 0.4557452268518518
4 0.45131976614583336 0.48286976388888886 0.4342756395833333 0.4827586203703704 0.43432802760416667 0.49429182129629623 0.45145073541666664 0.49429182129629623 0.45131976614583336 0.48286976388888886
2 0.2108240984375 0.4337332574074074 0.210916784375 0.40431746944444447 0.1895285109375 0.4042547731481481 0.18934716927083334 0.43367056111111113 0.2108240984375 0.4337332574074074
2 0.43241184791666665 0.5634112287037036 0.39692726197916667 0.5632858361111112 0.39692726197916667 0.5679709314814815 0.43244811614583334 0.5681162722222222 0.43241184791666665 0.5634112287037036
4 0.3756941364583334 0.4924736388888889 0.35335281093750004 0.49242804259259254 0.35329034843749996 0.5041778287037038 0.37582107604166665 0.5042661731481481 0.3756941364583334 0.4924736388888889
4 0.31590167239583333 0.6690909092592593 0.2872677817708333 0.6691279564814815 0.28718920000000003 0.6789541175925926 0.31613741666666667 0.6789541175925926 0.31590167239583333 0.6690909092592593
3 0.2790912755208333 0.6314534055555556 0.27903284322916666 0.583257337962963 0.2997078380208333 0.5833627814814815 0.2997380614583333 0.5805101166666666 0.27729599010416667 0.5804673694444444 0.27704614166666663 0.6314106583333333 0.2790912755208333 0.6314534055555556
3 0.3261011484375 0.5985750925925926 0.32417892395833336 0.5985750925925926 0.32410235729166664 0.6318951268518518 0.32608905885416667 0.6318580796296297 0.3261011484375 0.5985750925925926
3 0.25703203697916666 0.5186805361111111 0.2551098125 0.5186805361111111 0.2547672776041667 0.5532174407407408 0.2572093489583333 0.5532174407407408 0.25703203697916666 0.5186805361111111
3 0.2567962927083333 0.5806098601851851 0.22642151927083332 0.5806098601851851 0.22640338489583334 0.5833143342592593 0.2568325609375 0.583263037962963 0.2567962927083333 0.5806098601851851
3 0.3969534557291666 0.5960387574074074 0.39371146458333334 0.5959846111111111 0.39371146458333334 0.6415759472222222 0.39703002239583335 0.6415332 0.3969534557291666 0.5960387574074074
3 0.3970219625 0.5071843833333334 0.3938988515625 0.5071843833333334 0.39374571822916665 0.5692106009259259 0.39693532135416665 0.5691194074074074 0.3970219625 0.5071843833333334
3 0.32581704635416664 0.5187831287037038 0.2879327020833333 0.5188287259259259 0.2879931494791667 0.5237674555555556 0.3257827927083333 0.5236306638888889 0.32581704635416664 0.5187831287037038
2 0.4188232921875 0.5192305500000001 0.41897441041666666 0.532513537037037 0.4304513401041667 0.5326189796296296 0.43057827916666663 0.5196637222222222 0.4188232921875 0.5192305500000001
3 0.41894620208333333 0.5306212592592593 0.4127604270833333 0.53076945 0.4127966953125 0.5329210601851853 0.41898247031249997 0.5329467083333334 0.41894620208333333 0.5306212592592593
3 0.21076163593750002 0.4404303222222222 0.21078380000000002 0.43385295 0.157523675 0.4337275574074074 0.157523675 0.30997435185185185 0.169981865625 0.3100683953703704 0.169981865625 0.30333428333333334 0.15278460625 0.30333428333333334 0.1528067703125 0.45842975185185186 0.15756800312500002 0.45842975185185186 0.1575458390625 0.4403989740740741 0.21076163593750002 0.4404303222222222
3 0.24895023177083334 0.31485893425925926 0.2489643359375 0.3099943 0.29193229895833334 0.30997720185185185 0.291920209375 0.3735223712962963 0.24891396354166667 0.37350527222222224 0.24897642552083335 0.3546537472222222 0.2442595203125 0.35622969537037036 0.2442595203125 0.3801225416666667 0.29193229895833334 0.38006839537037035 0.291982671875 0.45831860925925927 0.29661092083333335 0.45828156203703707 0.29663711458333336 0.30335993148148144 0.23890993333333332 0.3033428324074074 0.23888575468749998 0.30985180925925926 0.24422123697916664 0.3099943 0.2442333265625 0.31484183518518516 0.24895023177083334 0.31485893425925926
3 0.24901470885416668 0.3245369055555556 0.24423937135416668 0.3244685092592593 0.24423937135416668 0.32739811944444447 0.2478057625 0.3287318324074074 0.24896030624999999 0.3286947851851852 0.24901470885416668 0.3245369055555556
4 0.24407011874999998 0.31491308055555556 0.24409429791666665 0.3243972638888889 0.24926657239583333 0.3244685092592593 0.24924037864583332 0.31497292685185185 0.24407011874999998 0.31491308055555556
4 0.41791859739583337 0.45590196666666666 0.40104976822916666 0.4558677685185185 0.4010114848958333 0.46516671388888886 0.4178823291666667 0.46516671388888886 0.41791859739583337 0.45590196666666666
4 0.19352609322916667 0.30310914814814816 0.170044328125 0.3030008546296296 0.170044328125 0.3103761759259259 0.19356840625 0.31027073240740743 0.19352609322916667 0.30310914814814816
4 0.21619987916666666 0.30309204907407405 0.21619987916666666 0.3099601027777778 0.23883538177083335 0.30992305462962966 0.2388152328125 0.30298660555555557 0.21619987916666666 0.30309204907407405
3 0.28882530729166667 0.5160444574074075 0.292176103125 0.515939013888889 0.2921942375 0.4650213731481481 0.334396534375 0.4650242231481481 0.334396534375 0.45844400092592597 0.2875881520833333 0.4584041037037037 0.28757001822916667 0.5114334564814814 0.28877090468750005 0.51153605 0.28882530729166667 0.5160444574074075
3 0.46249244427083336 0.6696751212962964 0.44768889791666666 0.669620975 0.4476526296875 0.6762923907407408 0.46718919999999997 0.6761897972222223 0.46710860364583334 0.4584269018518518 0.41803344739583337 0.4584069537037037 0.41804553697916663 0.4651125675925926 0.4625045333333333 0.46496152777777777 0.46249244427083336 0.6696751212962964
3 0.210749546875 0.4042063268518518 0.21081200885416665 0.3100427472222222 0.21616764062500002 0.31 0.21615555104166667 0.30333713333333334 0.19360265989583333 0.3033428324074074 0.19363489843749998 0.3100057 0.206026596875 0.30997150185185185 0.20606085052083334 0.40422627499999997 0.210749546875 0.4042063268518518
3 0.2541104171875 0.5027272731481481 0.2541063875 0.515953262962963 0.2655047348958333 0.515748075925926 0.26556719739583334 0.5114534055555556 0.26691920208333336 0.5114363064814815 0.26688897864583333 0.5093416925925925 0.2586036671875 0.5093929898148147 0.2586741890625 0.49612140185185183 0.22455772708333335 0.4961442009259259 0.22465847291666666 0.6762667425925926 0.23764658489583335 0.6762667425925926 0.23767680833333332 0.6697093185185186 0.22641547447916668 0.6696580222222223 0.22644166822916667 0.5027443712962963 0.2541104171875 0.5027272731481481
3 0.2922143864583333 0.49350242222222224 0.2922566994791667 0.49841550277777774 0.3269997984375 0.4982616129629629 0.32705017135416664 0.49349672314814813 0.2922143864583333 0.49350242222222224
3 0.40096715677083333 0.4584269018518518 0.35754583906250004 0.45833855833333337 0.357638525 0.46501282407407407 0.40093491822916666 0.4651040185185185 0.40096715677083333 0.4584269018518518
3 0.4026657265625 0.6697064694444445 0.38510779791666666 0.6695468796296297 0.3851440661458333 0.6762752916666667 0.40261938333333336 0.6762667425925926 0.4026657265625 0.6697064694444445
3 0.33444690729166665 0.6762496435185185 0.33451944375 0.6695725277777778 0.31567197239583333 0.6695725277777778 0.31570622604166665 0.6762496435185185 0.33444690729166665 0.6762496435185185
3 0.28741486979166664 0.6696238240740741 0.265833165625 0.6696979194444445 0.265885553125 0.6762610425925927 0.28739270625 0.6762667425925926 0.28741486979166664 0.6696238240740741
3 0.23772718125 0.6365859222222222 0.22642957864583335 0.636554574074074 0.22645174270833335 0.641530350925926 0.23768285312499998 0.6415930462962963 0.23772718125 0.6365859222222222
3 0.28739270625 0.6364947277777778 0.2659077171875 0.6364377314814815 0.265956075 0.6416243944444444 0.2874813619791666 0.6414990027777778 0.28739270625 0.6364947277777778
3 0.3345154140625 0.6366885148148148 0.31570018125000004 0.6365802222222222 0.31563973385416666 0.6415816472222222 0.3345476526041667 0.6415816472222222 0.3345154140625 0.6366885148148148
3 0.39371146458333334 0.6366315185185185 0.38515212552083333 0.636554574074074 0.3850614546875 0.6416015962962963 0.39371146458333334 0.6415759472222222 0.39371146458333334 0.6366315185185185
3 0.40261535364583334 0.6366058703703704 0.396951440625 0.6366343685185185 0.39703002239583335 0.6415332 0.402687890625 0.641553149074074 0.40261535364583334 0.6366058703703704
3 0.4018355833333333 0.5292818462962964 0.4018275234375 0.5645853518518518 0.40335684062500005 0.564605300925926 0.40336288541666665 0.5316015962962963 0.41277856145833336 0.5316728416666667 0.41279468072916664 0.5079110861111111 0.43248236979166665 0.5079110861111111 0.43245819062499996 0.5670105444444444 0.43400564166666666 0.5669877453703703 0.434043925 0.5054231972222222 0.41124521458333335 0.5054431462962963 0.41117670781250004 0.5293103444444445 0.4018355833333333 0.5292818462962964
3 0.3441084020833333 0.4933912796296296 0.3441204916666667 0.4981647194444444 0.3531754984375 0.498255912962963 0.3532500505208333 0.49342547777777773 0.3441084020833333 0.4933912796296296
3 0.43077977031250003 0.5009204898148149 0.43069312916666663 0.4885779425925926 0.4342595203125 0.48848959814814813 0.4343360869791667 0.4835166712962963 0.42910135 0.4835537194444445 0.4291235140625 0.49845255092592594 0.3989502317708334 0.49839555462962964 0.3989381421875 0.4933855796296297 0.37584324010416664 0.49336848148148144 0.37584324010416664 0.4983756055555555 0.39705621614583336 0.49852664537037034 0.397092484375 0.5010316333333333 0.43077977031250003 0.5009204898148149
3 0.4625166229166667 0.4836050157407407 0.4514043927083333 0.48360786574074077 0.45146483958333333 0.4885237962962963 0.4624622203125 0.4884212027777778 0.4625166229166667 0.4836050157407407
3 0.4625065484375 0.636534625 0.4476606890625 0.6366144203703704 0.44768688281249996 0.6416785407407407 0.46245416093749997 0.6415787972222222 0.4625065484375 0.636534625
3 0.29263953229166667 0.5497264175925926 0.28994358229166667 0.5496779712962963 0.28992141875 0.5462781416666667 0.28796292552083336 0.546332287962963 0.28794076145833336 0.5538244518518518 0.2926758010416667 0.55384725 0.29263953229166667 0.5497264175925926
3 0.30891597812500005 0.5509803361111111 0.3089280677083333 0.523653462962963 0.3070703203125 0.5236876601851852 0.3070824098958333 0.5497292675925927 0.30433810208333334 0.5496922203703704 0.30429981875 0.5538244518518518 0.3256961515625 0.5538785981481482 0.32573443489583337 0.5509803361111111 0.30891597812500005 0.5509803361111111
2 0.4149989927083333 0.5691707037037037 0.3930707234375 0.5692049018518519 0.3930969171875 0.5959618120370371 0.41483376979166664 0.5958734685185185 0.4149989927083333 0.5691707037037037
2 0.3166673385416667 0.5799202055555556 0.299736046875 0.5797406666666667 0.2996091072916667 0.6063180388888889 0.3166673385416667 0.6058535194444445 0.3166673385416667 0.5799202055555556
2 0.27664517447916664 0.5799401537037038 0.25905500729166664 0.5799373037037037 0.25905500729166664 0.6061214018518519 0.2764557729166667 0.6060672555555555 0.27664517447916664 0.5799401537037038
4 0.90396534375 0.44225705370370366 0.9039069109375001 0.4547762898148148 0.9210296192708333 0.454813337037037 0.92109208125 0.44225705370370366 0.90396534375 0.44225705370370366
3 0.7265847270833333 0.5027671703703704 0.7248861578125 0.5027814194444444 0.7248095911458333 0.5375320601851852 0.726731815625 0.5375320601851852 0.7265847270833333 0.5027671703703704
3 0.7595023171875 0.5031661444444444 0.7595083619791667 0.5077172981481481 0.7957767479166667 0.5074408666666668 0.7956860770833334 0.5031148472222222 0.7595023171875 0.5031661444444444
3 0.8666129359375 0.4914192074074074 0.8636852708333334 0.49155314907407405 0.863717509375 0.5536363638888889 0.8666753979166667 0.5536363638888889 0.8666129359375 0.4914192074074074
3 0.8667600239583333 0.5802222851851853 0.8632258713541667 0.5800940435185186 0.8634072135416667 0.6259789111111111 0.8666693531249999 0.6260444574074074 0.8667600239583333 0.5802222851851853
3 0.8634072135416667 0.6259789111111111 0.8632762442708334 0.6494955824074075 0.8653536166666667 0.649629524074074 0.8653536166666667 0.6259988601851851 0.8634072135416667 0.6259789111111111
2 0.728881725 0.5642690222222222 0.7290147088541666 0.5899002564814815 0.7467318156249999 0.5897720148148148 0.7471428572916667 0.5641806787037037 0.728881725 0.5642690222222222
3 0.7938787026041666 0.649601025925926 0.7957485390625 0.649601025925926 0.7957485390625 0.5829524083333334 0.793806165625 0.5828498148148148 0.7938787026041666 0.649601025925926
3 0.7247471286458332 0.5056055851851852 0.6961293572916667 0.5055884870370371 0.6961434614583334 0.5078426898148148 0.7247471286458332 0.5078768879629629 0.7247471286458332 0.5056055851851852
3 0.79553294375 0.4537161583333333 0.7938424338541666 0.45372185833333334 0.7937819864583333 0.4728270166666667 0.7954422729166667 0.47287831296296295 0.79553294375 0.4537161583333333
3 0.7584726979166666 0.49555428888888886 0.7584928468750001 0.5001453407407408 0.7619987911458334 0.5000569962962963 0.761982671875 0.44921345092592596 0.776078984375 0.4492789972222222 0.7761112229166667 0.4426474777777778 0.7572839010416667 0.44266742685185184 0.7573080796874999 0.4955001425925926 0.7584726979166666 0.49555428888888886
3 0.7143824302083334 0.393277287037037 0.7142575057291667 0.3983955546296296 0.7615494661458333 0.39830436018518517 0.7615494661458333 0.393277287037037 0.7143824302083334 0.393277287037037
3 0.6804513401041666 0.4178654888888889 0.627040096875 0.41782274166666666 0.6271589765625 0.29416072962962964 0.6402599234374999 0.2942861212962963 0.6402317145833333 0.2875662583333333 0.6224964739583334 0.2876090055555556 0.62255490625 0.442698775 0.6271287526041667 0.44274152222222224 0.6271589765625 0.4243773157407407 0.6804815635416667 0.4243773157407407 0.6804513401041666 0.4178654888888889
3 0.6804654442708333 0.3884753490740741 0.6803747734375 0.29420347685185183 0.6858251057291667 0.29420347685185183 0.6857767479166667 0.2876232546296296 0.6626193833333333 0.2875605583333333 0.6625589359375 0.29421202592592594 0.6756699578125 0.2941920777777778 0.6757163005208333 0.38854089444444445 0.6804654442708333 0.3884753490740741
3 0.7185895630208333 0.29904816203703705 0.7186399354166666 0.29416642962962963 0.7616220026041667 0.2942547731481482 0.7616078984375 0.3576232546296296 0.71862583125 0.35771159907407407 0.7186399354166666 0.33843260185185187 0.7138968364583334 0.34041892314814814 0.7138726578125 0.36438301481481483 0.7616461817708333 0.3643488175925926 0.7616461817708333 0.44266742685185184 0.7662623411458332 0.4425961814814815 0.7662623411458332 0.2875862064814815 0.70851098125 0.2875491592592593 0.7084344145833333 0.2941835277777778 0.7139230302083334 0.29422057592592593 0.7138726578125 0.2989968648148148 0.7185895630208333 0.29904816203703705
3 0.7345980255208333 0.5352778564814815 0.726731815625 0.5352408092592592 0.726731815625 0.5378882870370371 0.7345597421875 0.5379595324074075 0.7345980255208333 0.5352778564814815
3 0.7612915572916666 0.5338301509259259 0.7596111223958334 0.5338301509259259 0.7595970177083333 0.530572812962963 0.7576506145833334 0.5305927611111111 0.7576123312499999 0.5378540898148149 0.7612673786458333 0.5378882870370371 0.7612915572916666 0.5338301509259259
3 0.7730042312500001 0.5378854370370371 0.7768466651041667 0.5379424333333334 0.7767902479166667 0.5093131944444445 0.7750372760416667 0.5093274435185184 0.7749768286458333 0.5338301509259259 0.7729740078125 0.5338073527777778 0.7730042312500001 0.5378854370370371
3 0.7957384645833333 0.5092875462962962 0.793753778125 0.5092875462962962 0.7939814630208333 0.5378882870370371 0.7957948822916666 0.537879737962963 0.7957384645833333 0.5092875462962962
3 0.7595849286458333 0.5033513824074074 0.7576244208333333 0.5033342833333334 0.7576506145833334 0.5066799657407408 0.7595849286458333 0.5068595037037037 0.7595849286458333 0.5033513824074074
3 0.7265142052083333 0.5646679962962964 0.6960850291666667 0.5646167 0.6960668947916666 0.5671929324074074 0.7264396536458333 0.5672442287037037 0.7265142052083333 0.5646679962962964
2 0.6589925447916667 0.4177315472222222 0.6804513401041666 0.4178654888888889 0.6804654442708333 0.3884753490740741 0.6591678421875 0.3883870046296296 0.6589925447916667 0.4177315472222222
4 0.7858110015625 0.6483300083333333 0.7570582307291667 0.6482473638888889 0.756899053125 0.6631119981481481 0.7858170463541666 0.6631547453703703 0.7858110015625 0.6483300083333333
2 0.7941305661458333 0.5339042462962963 0.7765625630208334 0.5339042462962963 0.7765041307291667 0.5431832435185185 0.794158775 0.5431290962962964 0.7941305661458333 0.5339042462962963