1 0 0 0 0.582445837962963 0.00031029635416666664 1 1 1 1 0 0 0
2 0.6488615755208333 0.4522519953703704 0.6661253276041667 0.4522063851851852 0.6659983880208333 0.4405017101851852 0.6488817250000001 0.4405644240740741 0.6488615755208333 0.4522519953703704
2 0.6457727182291666 0.3867474342592593 0.6457727182291666 0.4137286203703704 0.6682752369791667 0.41355758240740736 0.6682369536458334 0.38692132314814814 0.6457727182291666 0.3867474342592593
2 0.6457042109375001 0.4682069555555556 0.6457042109375001 0.4951909916666667 0.6682047151041667 0.4950199546296296 0.6681664317708333 0.46838369444444444 0.6457042109375001 0.4682069555555556
2 0.6085673989583333 0.5046693268518518 0.6085673989583333 0.531653363888889 0.6310679026041667 0.5314823259259259 0.6310296192708333 0.5048460657407408 0.6085673989583333 0.5046693268518518
2 0.5544428770833334 0.3796778787037037 0.5735361677083334 0.3795011398148148 0.57311908125 0.34846636296296296 0.5544005640624999 0.3482297601851852 0.5544428770833334 0.3796778787037037
2 0.39504735052083334 0.45084663611111114 0.40804150729166666 0.4320496009259259 0.39396131354166664 0.40976339814814816 0.3793794078125 0.42797035370370373 0.39504735052083334 0.45084663611111114
2 0.42551480937499997 0.5007810722222222 0.41204110416666667 0.4820153935185186 0.39595003020833336 0.5036773092592592 0.4091879911458333 0.523004561111111 0.42551480937499997 0.5007810722222222
2 0.4069131572916667 0.4744612314814815 0.3934394520833333 0.4556927027777778 0.37780576250000003 0.4769726342592593 0.3907233526041667 0.4965279361111111 0.4069131572916667 0.4744612314814815
2 0.4756014505208333 0.4471807296296296 0.49473705416666663 0.4470638537037037 0.49436228072916666 0.4155587231481482 0.4754342130208334 0.41591220092592596 0.4756014505208333 0.4471807296296296
4 0.6822566994791667 0.3712884833333333 0.6551037677083333 0.37132269074074076 0.655127946875 0.37604332962962966 0.6822808786458334 0.3759407074074074 0.6822566994791667 0.3712884833333333
4 0.645013096875 0.37118015925925923 0.62345355625 0.37111744629629634 0.6235260932291666 0.37614595185185185 0.6450211567708333 0.3760091222222222 0.645013096875 0.37118015925925923
4 0.589506346875 0.3235347777777778 0.5558734635416667 0.32370581574074075 0.5559218213541667 0.3283922462962963 0.5895788838541667 0.3284606611111111 0.589506346875 0.3235347777777778
4 0.5464920411458334 0.3417730898148148 0.5252468265625 0.34181870000000003 0.5252266776041666 0.34660775370370367 0.5464920411458334 0.3467417333333333 0.5464920411458334 0.3417730898148148
4 0.6880253880208334 0.6358181296296296 0.6253636911458333 0.6355786768518519 0.6253556317708333 0.6405615731481482 0.6880656859375001 0.6404361462962963 0.6880253880208334 0.6358181296296296
4 0.6879508359375 0.6181870009259259 0.6252891395833333 0.6179475481481481 0.6252810802083334 0.6229304444444443 0.687991134375 0.6228050166666667 0.6879508359375 0.6181870009259259
4 0.5965424140625 0.6357098064814815 0.52098730625 0.6356128851851851 0.5210437234375 0.6408409351851851 0.5965686078125 0.6408152796296297 0.5965424140625 0.6357098064814815
3 0.6116018536458333 0.4589281638888889 0.6116300625 0.46258266851851854 0.6235845255208333 0.4625 0.623612734375 0.4590108324074074 0.6116018536458333 0.4589281638888889
4 0.49511182760416667 0.5939110601851851 0.42958694322916663 0.5938768527777778 0.4295788838541667 0.598859749074074 0.49520854322916663 0.5987001138888889 0.49511182760416667 0.5939110601851851
4 0.4951783197916667 0.5436744583333333 0.46001410416666666 0.5436744583333333 0.4600241791666667 0.5482611175925927 0.49514406614583334 0.5482611175925927 0.4951783197916667 0.5436744583333333
4 0.34052992135416665 0.5894583805555556 0.33793673177083333 0.5927252000000001 0.37137618385416665 0.6396921324074074 0.37348378020833334 0.63636545 0.34052992135416665 0.5894583805555556
4 0.36406407395833335 0.5562599768518518 0.36147088437499997 0.5595296462962963 0.39491033645833334 0.6064965796296297 0.39701793281250003 0.6031698972222223 0.36406407395833335 0.5562599768518518
4 0.32177110625 0.4965421888888889 0.3191779166666667 0.4998090083333333 0.35261736875 0.5467759407407408 0.3547249645833333 0.5434492592592592 0.32177110625 0.4965421888888889
4 0.2981241182291667 0.5297576962962963 0.29553092864583336 0.5330273657407407 0.3289703807291666 0.5799914481481482 0.3310779770833333 0.5766676166666667 0.2981241182291667 0.5297576962962963
3 0.6971710661458334 0.6222462944444445 0.6972294984374999 0.6364481185185186 0.7000141041666667 0.63636545 0.6999274630208333 0.6222035351851852 0.6971710661458334 0.6222462944444445
3 0.6879669557291667 0.6183209805555555 0.6879669557291667 0.6223432157407407 0.7038686276041666 0.6221807296296297 0.7038686276041666 0.6184036490740741 0.6879669557291667 0.6183209805555555
3 0.6855933911458333 0.41892531388888893 0.6829619182291666 0.4189851768518518 0.68317146875 0.49783922500000005 0.6856780171875 0.49777936111111115 0.6855933911458333 0.41892531388888893
3 0.6449325005208333 0.5013112888888889 0.7039089260416667 0.501140250925926 0.703929075 0.49780501666666666 0.6488817250000001 0.49783352314814816 0.6488615755208333 0.49518243981481486 0.6462421921875 0.49521094629629625 0.6463026395833332 0.49771949814814814 0.6449123515624999 0.49769099166666664 0.6449325005208333 0.5013112888888889
3 0.6488615755208333 0.4150798175925926 0.6488273223958333 0.4190935009259259 0.7039774328125 0.4189452675925926 0.7039431796875 0.4152508555555556 0.6488615755208333 0.4150798175925926
3 0.6463751765625 0.4590992018518518 0.644924440625 0.4589965796296296 0.644924440625 0.46265678425925927 0.6461817447916667 0.4625883694444444 0.6462059239583334 0.4681641962962963 0.6488656057291667 0.4681984037037037 0.6488414265625 0.4137400231481482 0.6462542817708333 0.4136716074074074 0.6462784604166667 0.4152109462962963 0.6448760828125 0.4152109462962963 0.6449002619791667 0.41890535925925926 0.6462784604166667 0.41890535925925926 0.6463751765625 0.4590992018518518
3 0.6463429375 0.37562713796296293 0.6463509973958333 0.3867502851851852 0.6488656057291667 0.3867502851851852 0.648889784375 0.3756328388888889 0.6463429375 0.37562713796296293
3 0.6116058833333333 0.41510832407407405 0.6116300625 0.4190079814814815 0.6235744510416666 0.41883694444444447 0.6235744510416666 0.4150399083333334 0.6116058833333333 0.41510832407407405
4 0.5966149505208332 0.6179304444444444 0.5210598427083333 0.6178335231481482 0.5211162604166667 0.6230615731481483 0.596643159375 0.6230359175925926 0.5966149505208332 0.6179304444444444
3 0.6116058833333333 0.4977736601851852 0.6116260328125 0.501479475925926 0.6235946 0.5014509694444444 0.6236147489583334 0.4977736601851852 0.6116058833333333 0.4977736601851852
3 0.5928672171875 0.4979190425925926 0.5930284104166667 0.5018529074074074 0.6090267984375 0.5016818703703704 0.6090066489583333 0.49780501666666666 0.5928672171875 0.4979190425925926
3 0.6116300625 0.3797035351851852 0.6089905296875 0.3797035351851852 0.6090187385416667 0.5046978333333334 0.6116058833333333 0.5046750287037037 0.6116300625 0.3797035351851852
3 0.6130727380208333 0.3603791333333334 0.6018537177083334 0.3604133407407407 0.6019061052083334 0.37604618055555555 0.6047068307291668 0.3759777648148148 0.6047793671875 0.36448403611111113 0.6130727380208333 0.3644156212962963 0.6130727380208333 0.3603791333333334
3 0.5734757203124999 0.37638540462962966 0.5735482572916666 0.37990877962962966 0.6157888375 0.3797035351851852 0.6157163005208334 0.37587229166666664 0.5734757203124999 0.37638540462962966
3 0.5529478140625 0.37618015925925924 0.5529236348958333 0.3461117444444444 0.5501672375 0.34607753703703703 0.5501672375 0.37607753703703706 0.5464920411458334 0.37611174444444445 0.5465162197916666 0.380285062962963 0.5544469072916667 0.37994298703703705 0.5544227281249999 0.3762143675925926 0.5529478140625 0.37618015925925924
3 0.5185774734375 0.37608323796296295 0.5213580494791666 0.37608323796296295 0.5213781984375 0.3460376287037037 0.5185976223958334 0.3460091222222222 0.5185774734375 0.37608323796296295
3 0.5114567802083333 0.37604332962962966 0.5115293171875 0.36051311296296296 0.5015192421875 0.36051311296296296 0.5015434213541666 0.3645153935185185 0.5085633687500001 0.36453819814814814 0.5086278458333333 0.37607753703703706 0.5114567802083333 0.37604332962962966
3 0.5015111828125 0.37608323796296295 0.5015111828125 0.37987457222222226 0.5251944390625 0.3799486888888889 0.5251863791666667 0.37611174444444445 0.5015111828125 0.37608323796296295
3 0.6089462020833333 0.6181641962962964 0.6117509572916667 0.6181984037037037 0.6116058833333333 0.5316191564814815 0.6089663510416667 0.5316704675925926 0.6089462020833333 0.6181641962962964
3 0.6088172473958333 0.6223916759259259 0.608978440625 0.6362457240740741 0.6116179729166666 0.6362742305555555 0.6115373765625001 0.6223916759259259 0.6088172473958333 0.6223916759259259
3 0.5997985088541667 0.6223774231481481 0.5998992546875 0.6363169898148148 0.6025790854166666 0.6362884833333333 0.6025387869791667 0.6223774231481481 0.5997985088541667 0.6223774231481481
3 0.5966350994791667 0.6181499425925926 0.5966350994791667 0.622385975 0.6252871244791667 0.6223774231481481 0.6252911546875001 0.6182468638888888 0.5966350994791667 0.6181499425925926
3 0.5091033651041666 0.6224629416666667 0.509224259375 0.6362599768518518 0.5120451338541667 0.6362314712962963 0.5120451338541667 0.6224629416666667 0.5091033651041666 0.6224629416666667
3 0.5027523677083333 0.6180957814814815 0.5028007255208333 0.6225427592592593 0.521136409375 0.6223489166666667 0.5210799921875 0.6181299888888888 0.5027523677083333 0.6180957814814815
3 0.5086882932291666 0.4839139111111111 0.5086479953125 0.4969982898148148 0.5115696151041667 0.4969697833333333 0.5115494661458333 0.4838854046296296 0.5086882932291666 0.4839139111111111
3 0.5013540197916667 0.4970267962962963 0.5013137213541666 0.5004760546296296 0.5117308078125 0.5004760546296296 0.5116703604166667 0.4969697833333333 0.5013540197916667 0.4970267962962963
3 0.5014104369791667 0.4805872296296297 0.5014104369791667 0.4838939564814814 0.5114849890625001 0.48392246296296293 0.5114245416666666 0.4805587231481481 0.5014104369791667 0.4805872296296297
3 0.5015897640625 0.4467075259259259 0.49870642760416667 0.446650512962963 0.4988736651041667 0.5004988601851852 0.501339915625 0.5003819842592593 0.5015897640625 0.4467075259259259
3 0.5028007255208333 0.5946123148148148 0.502740278125 0.5440136833333333 0.4951843640625 0.5440706953703704 0.49514406614583334 0.5482326111111111 0.49989925468749996 0.5482326111111111 0.5000201489583334 0.5946123148148148 0.5028007255208333 0.5946123148148148
3 0.4260729395833333 0.44332953240740736 0.42825710260416666 0.44636830092592594 0.44990126927083335 0.4152109462962963 0.448132178125 0.4126653361111111 0.4260729395833333 0.44332953240740736
3 0.45927261718749995 0.49024800462962964 0.462431996875 0.49457525648148143 0.46246020572916663 0.44658209814814814 0.4597985088541667 0.44658209814814814 0.45927261718749995 0.49024800462962964
3 0.47169252447916665 0.4971436712962963 0.4642353416666667 0.497269099074074 0.4130243802083333 0.4248574685185185 0.4110517833333333 0.4275655648148148 0.4629296796875 0.5010860888888888 0.47175095729166666 0.5011687574074074 0.47169252447916665 0.4971436712962963
3 0.425347571875 0.5009977194444445 0.42333266145833337 0.5037628277777778 0.4539592989583333 0.5467502851851852 0.4558130161458333 0.5440992018518518 0.425347571875 0.5009977194444445
3 0.46001007447916664 0.5440136833333333 0.455796896875 0.5441619157407408 0.4203183557291667 0.5945553018518519 0.4242877291666666 0.5945553018518519 0.45691114270833333 0.5480530212962963 0.46001007447916664 0.5481043333333333 0.46001007447916664 0.5440136833333333
3 0.39482168020833336 0.6305872296296297 0.38934112447916663 0.6224344351851852 0.3979246421875 0.610461801851852 0.3959097317708334 0.6076681870370371 0.3854321984375 0.6226624861111112 0.39294781406249996 0.6332383120370371 0.39482168020833336 0.6305872296296297
3 0.3968768890625 0.6034492592592592 0.39500302239583335 0.6063283925925925 0.4034857947916667 0.6183865453703704 0.40550070520833337 0.6154789055555555 0.3968768890625 0.6034492592592592
3 0.35927866197916664 0.5503078675925925 0.35732218437499996 0.5529589509259258 0.3616965546875 0.5592873435185186 0.3637698973958334 0.5566077537037037 0.35927866197916664 0.5503078675925925
3 0.3546443682291667 0.5435860888888889 0.35275035260416665 0.5465507407407407 0.35541003437499996 0.550285062962963 0.35734434791666664 0.5475484611111111 0.3546443682291667 0.5435860888888889
3 0.41203707447916665 0.48208095740740736 0.406872859375 0.47452679629629624 0.40466854739583336 0.47752280462962965 0.4057424942708333 0.47907639722222223 0.3337860166666667 0.5808437851851852 0.33572839010416666 0.5835119722222223 0.4077433005208333 0.48175028518518515 0.40989119479166664 0.48495438981481476 0.41203707447916665 0.48208095740740736
3 0.3148740682291667 0.49317559907407404 0.30651621979166666 0.5048489166666668 0.3008422322916667 0.49687001111111107 0.2987527703125 0.49982326111111114 0.30637517656249996 0.5108095777777778 0.3169272619791667 0.4960319268518518 0.3148740682291667 0.49317559907407404
3 0.3112008864583334 0.4821949833333333 0.309145678125 0.48515108333333334 0.31941769114583335 0.4995324972222222 0.3216099135416667 0.4967759407407407 0.3112008864583334 0.4821949833333333
3 0.36171670364583336 0.41074686388888887 0.363973403125 0.4139110601851852 0.40102760416666666 0.3615450398148148 0.39881120312499996 0.358295325 0.36171670364583336 0.41074686388888887
3 0.3924642354166667 0.4540763972222222 0.3949022770833333 0.4506185861111111 0.39295184375 0.4478620296296296 0.39036872864583333 0.4513112888888889 0.36171670364583336 0.4107753703703704 0.3596614953125 0.41371151666666667 0.3913358854166667 0.4585518814814815 0.393471690625 0.4556157351851852 0.3924642354166667 0.4540763972222222
3 0.43479750156249997 0.39395667037037035 0.43284303854166667 0.3911630555555555 0.406105178125 0.4289623712962963 0.40799919427083337 0.4319270240740741 0.43479750156249997 0.39395667037037035
3 0.4293773927083333 0.3961231472222222 0.4006447713541667 0.35560433333333336 0.398801128125 0.35832953240740745 0.42722949843749997 0.39903933888888893 0.4293773927083333 0.3961231472222222
3 0.415127946875 0.35348346666666663 0.4131936328125 0.35083238333333333 0.40527906510416667 0.36214367129629627 0.407233528125 0.3649372861111111 0.415127946875 0.35348346666666663
3 0.41065484583333334 0.34163055833333333 0.40867217395833333 0.34440136851851855 0.4151319765625 0.3535062712962963 0.41696554479166664 0.35083238333333333 0.41065484583333334 0.34163055833333333
3 0.4434414666666667 0.37631128888888893 0.43284303854166667 0.3911630555555555 0.45986298593749997 0.42919042222222226 0.4596614953125 0.4466362601851852 0.4756397338541667 0.44655074074074075 0.4755591375 0.4427023944444444 0.46244207135416665 0.44275940740740743 0.46252266770833333 0.42702394537037036 0.43695345572916666 0.391248575 0.4473503927083333 0.37619726296296296 0.41474914375 0.3302166472222222 0.283779971875 0.5154789055555555 0.2957283901041666 0.5327537055555556 0.29794479166666665 0.5300171037037037 0.28766874895833333 0.5154789055555555 0.41468869635416666 0.3358608898148148 0.4434414666666667 0.37631128888888893
3 0.3309288734375 0.5769099203703704 0.32905500729166665 0.5798175601851852 0.3381019546875 0.5925598629629629 0.34029820677083333 0.5898232611111112 0.3309288734375 0.5769099203703704
3 0.37339109427083333 0.6366305583333334 0.3715051380208333 0.6395838083333333 0.38183356822916664 0.6544042185185186 0.4215837192708333 0.5983722916666666 0.4295627645833333 0.5985775370370371 0.42959097343749997 0.5945553018518519 0.42036469895833334 0.5945125425925926 0.3819786421875 0.6487799314814815 0.37339109427083333 0.6366305583333334
3 0.49516421510416664 0.5945125425925926 0.4951944390625 0.5983295324074074 0.4998650010416667 0.5983295324074074 0.49980656875 0.6403648805555555 0.52098730625 0.6405302166666667 0.5210175296875 0.6363426453703703 0.5027966953124999 0.6362200685185185 0.502766471875 0.5946351194444445 0.49516421510416664 0.5945125425925926
3 0.596554503125 0.6362884833333333 0.5966008463541667 0.6405900796296295 0.6253878703125 0.6405900796296295 0.6253878703125 0.6362884833333333 0.596554503125 0.6362884833333333
3 0.6880112833333333 0.6365735462962963 0.6880717307291667 0.6404503990740741 0.7067298005208333 0.6404503990740741 0.7068103968749999 0.3718072972222222 0.6822687890625 0.3718643101851852 0.6822889380208333 0.37562713796296293 0.7039895223958333 0.3755986314814815 0.7038686276041666 0.6363169898148148 0.6880112833333333 0.6365735462962963
3 0.6450251864583334 0.37173888240740743 0.6449969776041667 0.3755986314814815 0.6551521255208334 0.37572120833333333 0.6550876484375 0.3718358037037037 0.6450251864583334 0.37173888240740743
3 0.6235260932291666 0.3759064990740741 0.6235019140625 0.3718015962962963 0.615692121875 0.3719042185185185 0.6158371953124999 0.3239794759259259 0.589506346875 0.3240136833333333 0.5896030625 0.3278107185185185 0.6130566187500001 0.3278449259259259 0.6131049770833333 0.3759064990740741 0.6235260932291666 0.3759064990740741
3 0.5558976427083333 0.32786773055555557 0.5558633890625 0.32397662499999996 0.5501188796875 0.3240735462962963 0.5501531333333334 0.34205245185185185 0.5464980859375 0.34205245185185185 0.5465323390625 0.3460917898148148 0.5529740078125 0.3460917898148148 0.5528007255208334 0.3279161916666667 0.5558976427083333 0.32786773055555557
3 0.5252891395833333 0.3460091222222222 0.5251883942708333 0.34196408240740744 0.4987648598958333 0.34196408240740744 0.4987648598958333 0.44275940740740743 0.494704815625 0.44261972592592597 0.49475518854166667 0.44666191574074077 0.5015313317708333 0.4467217787037037 0.5015232723958333 0.3460091222222222 0.5252891395833333 0.3460091222222222
2 0.5464920411458334 0.37552736574074075 0.5251964536458333 0.3756927027777778 0.5251863791666667 0.3805872296296296 0.5465222645833333 0.3804960092592593 0.5464920411458334 0.37552736574074075
2 0.6449022770833334 0.4969270240740741 0.6236066895833333 0.49708950925925927 0.6235966151041666 0.5019868870370371 0.6449325005208333 0.5018928166666667 0.6449022770833334 0.4969270240740741
2 0.6448901874999999 0.4582611175925926 0.6235946 0.45842360277777777 0.6235845255208333 0.46332098055555554 0.6449204109375 0.4632269101851852 0.6448901874999999 0.4582611175925926
2 0.6448801130208334 0.41426738888888887 0.6235845255208333 0.414429875 0.6235744510416666 0.4193272518518518 0.6449103364583333 0.4192331814814815 0.6448801130208334 0.41426738888888887