4 0.5508684265625 0.5378654888888889 0.5466391296875001 0.5380877740740742 0.5466109208333333 0.558654887037037 0.5507898447916666 0.5586862351851851 0.5508684265625 0.5378654888888889
3 0.582016925 0.3825192361111111 0.5464336088541667 0.3824850388888889 0.5463832359374999 0.5377628953703704 0.5509732015625001 0.537871187962963 0.5508220833333334 0.38895981759259257 0.5820552083333334 0.38886862314814813 0.582016925 0.3825192361111111
3 0.6227483374999999 0.382502137037037 0.59648398125 0.38261043055555555 0.5964960708333333 0.3889227703703704 0.6228128145833334 0.38886862314814813 0.6227483374999999 0.382502137037037
3 0.6743542213541667 0.38262752962962965 0.6409449927083333 0.3824650898148148 0.64082006875 0.389048162037037 0.6743542213541667 0.38865488703703704 0.6743542213541667 0.38262752962962965
3 0.5675639734375 0.6416044453703704 0.5790086640625 0.6417839842592593 0.5791476927083333 0.6346480481481481 0.5725851302083333 0.6349159305555555 0.5725851302083333 0.6043317185185185 0.6026556520833334 0.603867199074074 0.6027302036458334 0.6166030203703703 0.6053999598958334 0.6165830722222222 0.6054120489583333 0.6039384444444444 0.6056901067708333 0.6004702194444445 0.55075760625 0.6006839555555555 0.5510235744791667 0.5590652611111111 0.5463328630208333 0.5590652611111111 0.5464074151041667 0.6066571675925926 0.5676788234375 0.6066571675925926 0.5675639734375 0.6416044453703704
3 0.6014789442708334 0.6442718722222223 0.6059177916666666 0.6441094333333334 0.6059943583333334 0.6346651472222222 0.5955994359375 0.6346850953703704 0.59558533125 0.6416414935185185 0.6014547651041667 0.6416956398148148 0.6014789442708334 0.6442718722222223
3 0.6440177312500001 0.5287318324074074 0.6387950838541666 0.5286064407407407 0.6389220229166667 0.5895782277777778 0.6439854927083334 0.5897178685185186 0.6440177312500001 0.5287318324074074
3 0.6545013098958333 0.4517013398148148 0.6569655447916667 0.45159304629629626 0.6569050979166666 0.4315958962962963 0.6460044328125 0.43152465092592596 0.6460165223958333 0.43490453148148145 0.6544005640625 0.4349415787037037 0.6545013098958333 0.4517013398148148
3 0.5725508765625 0.5364747787037036 0.5703344749999999 0.5364747787037036 0.5701692526041667 0.6004360212962964 0.5725508765625 0.6006697064814815 0.5725508765625 0.5364747787037036
3 0.6412734234375 0.6002023370370371 0.6355591374999999 0.6002023370370371 0.6354583921875 0.603833000925926 0.6412734234375 0.6039754916666666 0.6412734234375 0.6002023370370371
3 0.6412613338541667 0.6058877175925926 0.641329840625 0.604246224074074 0.63887165 0.6042433740740741 0.6387950838541666 0.6088942722222223 0.6551460812500001 0.6094670842592593 0.65508361875 0.6061926472222222 0.6412613338541667 0.6058877175925926
3 0.7160225671875 0.6060501564814815 0.7159077171875 0.6091080083333333 0.7437154947916667 0.6091080083333333 0.7436046744791667 0.6058079222222222 0.7160225671875 0.6060501564814815
3 0.7993794078125 0.6058706185185185 0.7709651421875 0.6059960101851851 0.7709651421875 0.6091621546296296 0.7993753776041667 0.6091536046296296 0.7993794078125 0.6058706185185185
3 0.8413882734375 0.6058364203703703 0.8268869635416666 0.6059988601851852 0.8268708442708333 0.6091251064814814 0.8413761838541666 0.6089826157407408 0.8413882734375 0.6058364203703703
3 0.7994156760416666 0.6380136787037036 0.7711827526041667 0.637896837037037 0.7712653635416667 0.6442832712962963 0.7992544833333334 0.6443060703703704 0.7994156760416666 0.6380136787037036
3 0.7436550473958333 0.6377001990740742 0.7161575661458334 0.6378170416666666 0.7162361473958333 0.6443231694444445 0.743576465625 0.6439669425925926 0.7436550473958333 0.6377001990740742
3 0.5724823697916667 0.43474494166666666 0.5904392505208332 0.4348332861111111 0.5903505942708333 0.4315446 0.5702075359375001 0.4313821601851852 0.5701692526041667 0.515012824074074 0.5725972192708333 0.5151040185185185 0.5724823697916667 0.43474494166666666
3 0.6248357848958332 0.45073525185185187 0.5950372760416667 0.4506241092592593 0.5950372760416667 0.43530920462962963 0.5929639333333333 0.43498432592592595 0.5925891598958334 0.4767740092592593 0.5951823494791667 0.4765260759259259 0.5953072739583334 0.4542747222222222 0.6219181947916667 0.4539925907407408 0.6219645375 0.4700854944444445 0.6390489625 0.47012254166666667 0.639145678125 0.5006155601851852 0.6440942979166666 0.5015816472222222 0.6438988515625 0.4354146481481481 0.6390731411458332 0.43554858888888887 0.6391214989583334 0.4663778851851852 0.6249889182291667 0.4663778851851852 0.6248357848958332 0.45073525185185187
3 0.6549063067708333 0.6382958111111111 0.6372657666666667 0.6381903675925926 0.6373282286458333 0.6441977768518519 0.6549063067708333 0.6441977768518519 0.6549063067708333 0.6382958111111111
3 0.7304755187499999 0.4169677972222222 0.74002619375 0.4168196064814815 0.7399838807291667 0.41052721574074075 0.7347874270833333 0.4106526074074074 0.7348498890625 0.3826617268518519 0.696282490625 0.38237674537037036 0.6962965947916667 0.3890994583333333 0.7305762645833334 0.38888572222222223 0.7304755187499999 0.4169677972222222
3 0.6392000807291667 0.5897748648148148 0.6392061255208333 0.5961812481481482 0.6437396734374999 0.5961783981481481 0.6437376588541667 0.5897748648148148 0.6392000807291667 0.5897748648148148
4 0.6355692119791667 0.5961869481481481 0.6055430182291667 0.5960359074074074 0.6057021963541668 0.602296950925926 0.6354060046875 0.6023653462962963 0.6355692119791667 0.5961869481481481
4 0.6373282286458333 0.6379395842592592 0.6060306265625001 0.6379395842592592 0.605974209375 0.6449159305555555 0.6375317348958334 0.6445568537037037 0.6373282286458333 0.6379395842592592
4 0.7163308484375001 0.6377429462962964 0.6551964536458333 0.6379595324074074 0.6549647390625 0.6451296666666667 0.71648398125 0.644804787962963 0.7163308484375001 0.6377429462962964
4 0.7712431994791668 0.6380906240740741 0.743727584375 0.6378683388888888 0.7436268385416667 0.6440923342592593 0.7711666333333334 0.6437389574074074 0.7712431994791668 0.6380906240740741
4 0.8266935322916668 0.6381818185185185 0.7993290348958334 0.6381191222222222 0.7992927666666667 0.6440552861111111 0.8268204713541666 0.6439726416666667 0.8266935322916668 0.6381818185185185
4 0.8267459197916666 0.6015958962962963 0.7996836588541666 0.6013280138888889 0.7996836588541666 0.6079452833333333 0.8268144265624999 0.6072128814814814 0.8267459197916666 0.6015958962962963
4 0.7710497682291667 0.6011969222222222 0.7437416885416667 0.6011969222222222 0.7437960911458333 0.6077571953703704 0.7709913359375 0.6075349101851851 0.7710497682291667 0.6011969222222222
2 0.6444247432291667 0.5021801083333334 0.6215696151041666 0.5023112 0.6216602859375 0.5275976064814815 0.6442413864583333 0.5277286972222223 0.6444247432291667 0.5021801083333334
2 0.5753052588541667 0.5162581935185185 0.5570562161458333 0.5153348527777778 0.5572456177083333 0.5358136222222223 0.57530324375 0.536332287962963 0.5753052588541667 0.5162581935185185
2 0.6088635906250001 0.4768481046296296 0.592546846875 0.4767084638888889 0.5927322182291667 0.49743516666666665 0.608952246875 0.4967825592592593 0.6088635906250001 0.4768481046296296
2 0.6279367317708334 0.47014249074074077 0.6215212572916666 0.4698290111111111 0.6217428973958333 0.4981419203703704 0.6281563572916667 0.49829581111111115 0.6279367317708334 0.47014249074074077
3 0.6392988114583333 0.4978569388888888 0.5928329640625001 0.4977486462962963 0.5928329640625001 0.501550299074074 0.6394519442708333 0.501550299074074 0.6392988114583333 0.4978569388888888
3 0.6390106791666667 0.435765175 0.5945879510416667 0.43615845000000003 0.594485190625 0.4387688796296296 0.6390066489583333 0.43902536296296296 0.6390106791666667 0.435765175
3 0.6040217609374999 0.3888344259259259 0.6042494458333334 0.43184667962962964 0.6069292765625 0.4319720722222222 0.6068567401041667 0.38884012500000004 0.6040217609374999 0.3888344259259259
3 0.654475115625 0.3888714731481482 0.65429981875 0.40791678518518515 0.6491859760416666 0.4077942435185185 0.6492303041666666 0.3888087777777778 0.6469192020833333 0.3889997148148148 0.6467862182291667 0.41169278981481483 0.6568789036458333 0.41138786018518514 0.6567862182291667 0.3886862351851852 0.654475115625 0.3888714731481482
3 0.73306669375 0.421151325 0.7330928875 0.4170190935185185 0.7305138020833333 0.4168965518518518 0.7306145473958333 0.417896837037037 0.7209046947916666 0.41770874907407407 0.7209409630208333 0.3889398685185185 0.7184364296875 0.3888344259259259 0.718361878125 0.4213308638888889 0.73306669375 0.421151325
1 0 0 0 1 1 1 1 0 0 0
4 0.7160004031249999 0.6011940722222222 0.6550876484375 0.6011940722222222 0.6550876484375 0.6088885722222221 0.7161333869791666 0.6085152462962963 0.7160004031249999 0.6011940722222222
4 0.23574249427083332 0.6419834712962963 0.17480354635416667 0.6419834712962963 0.17491638125 0.6483955546296296 0.23569816666666668 0.6487945287037037 0.23574249427083332 0.6419834712962963
3 0.24727987083333333 0.6302080361111111 0.24322587135416668 0.6303391277777778 0.24322184166666666 0.6368481046296297 0.24746524270833334 0.6369848962962963 0.24727987083333333 0.6302080361111111
3 0.1588656057291667 0.6096637222222222 0.1545154140625 0.6095725277777778 0.15439048958333332 0.6203476777777778 0.15881321770833334 0.6205357648148149 0.1588656057291667 0.6096637222222222
2 0.21562965937499998 0.5003134796296297 0.21556719739583335 0.47459390185185185 0.19888776927083332 0.4747905388888889 0.19878702395833334 0.5004189231481482 0.21562965937499998 0.5003134796296297
3 0.14957082395833332 0.30362781388888893 0.22241990729166666 0.303468225 0.22239572864583332 0.2970646907407407 0.144942575 0.29693929907407407 0.1451319765625 0.32337418055555556 0.14957082395833332 0.3234083787037037 0.14957082395833332 0.30362781388888893
3 0.14873866614583334 0.36422057592592594 0.14598629843750002 0.36422057592592594 0.1448861578125 0.4019777712962963 0.1484626234375 0.4023653462962963 0.14873866614583334 0.36422057592592594
3 0.119903284375 0.5505158166666667 0.11551682447916667 0.5501396407407407 0.1153919 0.5762268453703703 0.11997985104166667 0.5762353944444444 0.119903284375 0.5505158166666667
3 0.15153133177083333 0.6847620407407408 0.1705742494791667 0.6848874324074075 0.17051178697916666 0.678663437037037 0.15592182135416666 0.6786776861111111 0.15615958072916666 0.6201082925925926 0.11991738854166667 0.6202137361111111 0.119840821875 0.6020974638888889 0.11549063072916667 0.6023653462962963 0.1153395125 0.6266172694444445 0.15154342135416668 0.6265118268518519 0.15153133177083333 0.6847620407407408
3 0.2507979046875 0.6784668 0.2315635703125 0.6787175833333333 0.2315635703125 0.6848874324074075 0.25058230885416666 0.6849786268518518 0.2507979046875 0.6784668
3 0.2898327625 0.6781447703703704 0.2784525489583333 0.6781989166666667 0.278440459375 0.6851211166666666 0.28984686666666665 0.6848161870370371 0.2898327625 0.6781447703703704
3 0.26363288333333335 0.3487175833333333 0.248053596875 0.34860929074074076 0.24802740260416664 0.35218580833333335 0.26368325625 0.35218580833333335 0.26363288333333335 0.3487175833333333
3 0.17592383645833334 0.4023909944444444 0.17557928697916667 0.38395554259259257 0.17551883958333334 0.33864633796296295 0.22080193437499998 0.3383613564814815 0.2209288734375 0.3519720722222222 0.23276445677083332 0.352490737962963 0.232740278125 0.34877172962962966 0.22366512187499998 0.34852664537037037 0.22358452552083333 0.3350527212962963 0.17317952864583336 0.3352322601851852 0.17303445520833333 0.38426617314814815 0.1732560953125 0.4027842694444444 0.17592383645833334 0.4023909944444444
3 0.21613338697916668 0.5003448277777778 0.22033850468750002 0.49980621296296296 0.22087850104166667 0.37856654351851854 0.17839008645833332 0.3789797666666667 0.17839008645833332 0.38169848981481486 0.2159339109375 0.3821972074074074 0.21613338697916668 0.5003448277777778
3 0.19916582708333333 0.49662866944444445 0.19759822708333333 0.4966828157407408 0.1972556921875 0.46455970370370375 0.19568809166666667 0.4646679962962963 0.19549869010416668 0.49684240555555553 0.17828732604166667 0.4967882583333334 0.1782953859375 0.5003448277777778 0.19916582708333333 0.5005614138888889 0.19916582708333333 0.49662866944444445
3 0.11979044947916666 0.5184838981481482 0.1198992546875 0.48415502962962964 0.1493169453125 0.4842148759259259 0.1493612734375 0.44203476759259264 0.1450614546875 0.44225990277777777 0.14490227708333334 0.47807637500000005 0.11591779166666667 0.4778512398148148 0.11569413645833333 0.47791963518518515 0.11536369114583334 0.5183043601851851 0.11979044947916666 0.5184838981481482
3 0.15260527916666666 0.48097748611111113 0.1494317953125 0.48094328888888893 0.14946806354166667 0.4842661731481482 0.1502035057291667 0.4843573666666667 0.15016522239583333 0.49698489629629633 0.120018134375 0.4968965518518519 0.11993955260416667 0.5005329157407408 0.15265565208333334 0.5007067537037037 0.15260527916666666 0.48097748611111113
3 0.27849083229166666 0.4074522657407407 0.27842836979166663 0.42560558518518515 0.2805138020833333 0.42562268425925925 0.280564175 0.42768025092592593 0.28300423124999996 0.4277685953703704 0.28314325989583333 0.41347962407407407 0.3073342734375 0.4137845537037037 0.30710658854166667 0.3256255342592592 0.3168063671875 0.3256796805555556 0.3168567401041667 0.31774009722222224 0.3072718114583333 0.31807922499999997 0.3070058432291667 0.27100598425925926 0.30161998802083334 0.27100598425925926 0.30153133177083336 0.2972613277777778 0.24093290364583334 0.2976004555555556 0.24090872447916667 0.3036990592592593 0.3026435625 0.3035736675925926 0.3025811 0.4074522657407407 0.27849083229166666 0.4074522657407407
4 0.11956276458333333 0.5187346824074075 0.11561756979166667 0.5183585064814815 0.11631069895833333 0.5497834138888888 0.11985291145833334 0.5498888574074073 0.11956276458333333 0.5187346824074075
4 0.11961112239583334 0.5761897972222222 0.11564174895833333 0.5762895407407407 0.11579085208333333 0.602319749074074 0.11989119479166667 0.6024194925925926 0.11961112239583334 0.5761897972222222
4 0.14933105 0.32365916203703704 0.14515615572916665 0.32362496481481484 0.14525891614583333 0.3625961814814815 0.14921620000000002 0.36257908240740744 0.14933105 0.32365916203703704
4 0.241047753125 0.29727842685185185 0.22259721927083334 0.2974750638888889 0.22250856354166665 0.3031461953703704 0.24082006875 0.30335993148148144 0.241047753125 0.29727842685185185
3 0.3027563973958333 0.32984896018518517 0.3025811 0.326340837962963 0.268361878125 0.32673696203703706 0.26804553697916667 0.3035394703703704 0.26568003229166665 0.30348532314814813 0.2657827927083333 0.32997435185185187 0.3027563973958333 0.32984896018518517
2 0.22097521666666667 0.400968937037037 0.2205178317708333 0.42464804814814816 0.23765867395833334 0.42539184907407407 0.237797703125 0.4012111712962963 0.22097521666666667 0.400968937037037
2 0.2815252869791667 0.38302080370370367 0.2671851703125 0.3826617268518519 0.26732419895833337 0.40124536944444444 0.2816522265625 0.40142490740740744 0.2815252869791667 0.38302080370370367
2 0.23774733020833333 0.47158734722222223 0.22134394531249998 0.47158734722222223 0.2211847671875 0.4959133657407408 0.2375821078125 0.4955713879629629 0.23774733020833333 0.47158734722222223
2 0.2614829739583333 0.4999715018518518 0.24777956874999998 0.49951838148148153 0.24745919791666668 0.5175349101851853 0.2616340921875 0.5170874888888889 0.2614829739583333 0.4999715018518518
3 0.30218214791666664 0.5064320314814815 0.302238565625 0.5099743518518518 0.3143804151041667 0.5100113990740741 0.3143542213541667 0.5064548305555556 0.30218214791666664 0.5064320314814815
2 0.2648962322916667 0.5429695074074073 0.24273020364583334 0.5435052722222222 0.24254281666666666 0.5691906527777778 0.26491033645833334 0.5689199203703703 0.2648962322916667 0.5429695074074073
2 0.2330263953125 0.3303049305555556 0.23265162187500002 0.3516500425925926 0.2481281484375 0.35193502407407407 0.24831956458333335 0.33058136203703703 0.2330263953125 0.3303049305555556
4 0.27833971406249997 0.63691935 0.2526052791666667 0.6372584777777778 0.2526818458333333 0.6434482759259259 0.2781744911458333 0.6434482759259259 0.27833971406249997 0.63691935
2 0.26431593802083336 0.4897777148148148 0.26431190833333335 0.49772584814814813 0.2762401770833333 0.49823881481481486 0.2761011484375 0.4899743518518518 0.26431593802083336 0.4897777148148148
2 0.17884545625 0.46071530370370367 0.17871045729166665 0.46571102870370373 0.19583920989583334 0.4657765740740741 0.19575055416666667 0.46071530370370367 0.17884545625 0.46071530370370367
2 0.2811464838541667 0.677304075 0.28101752968750005 0.6606013111111112 0.2672113640625 0.6604217722222222 0.26721539375 0.677495012962963 0.2811464838541667 0.677304075
2 0.3018335682291667 0.42793103425925927 0.2800503729166667 0.42792533518518516 0.2800503729166667 0.45516956388888885 0.3018335682291667 0.45452550555555554 0.3018335682291667 0.42793103425925927
3 0.29568809166666665 0.5390196638888889 0.295718315625 0.5419378740740741 0.31455369739583333 0.5418865777777777 0.31452951822916664 0.5388857222222222 0.29568809166666665 0.5390196638888889
3 0.34974813645833336 0.3421003138888889 0.3544267578125 0.34217155925925924 0.35433810208333333 0.3256454833333333 0.39627040104166666 0.32584212037037036 0.39655651822916665 0.38685095462962965 0.3544005640625 0.38708178981481484 0.3541305661458333 0.3703619268518519 0.34957082395833333 0.37025078333333333 0.3499254484375 0.39333998333333337 0.3964356234375 0.39333998333333337 0.3963651015625 0.4227985185185185 0.4019081203125 0.42333998333333334 0.4019867015625 0.2702707324074074 0.39653636927083336 0.2702536333333333 0.39655651822916665 0.3179253351851852 0.3369635302083333 0.3179196351851852 0.3368245015625 0.32552009074074073 0.3499375380208333 0.3253234537037037 0.34974813645833336 0.3421003138888889
2 0.28737255677083334 0.5066571675925926 0.28721539375000005 0.5131889425925926 0.3021881927083333 0.5129752064814815 0.30218214791666664 0.5064320314814815 0.28737255677083334 0.5066571675925926
3 0.15917993125000002 0.5581875175925927 0.15416079010416667 0.5582245657407408 0.15413459583333333 0.6094670842592593 0.15914366302083333 0.6095383296296296 0.15917993125000002 0.5581875175925927
3 0.2791396333333333 0.5361214018518519 0.24828329635416668 0.5361214018518519 0.24784001614583331 0.5173496722222223 0.2425327421875 0.5173496722222223 0.24275438229166665 0.5425334851851852 0.2792484385416667 0.5417497861111111 0.2791396333333333 0.5361214018518519
3 0.24797703020833334 0.5679908805555556 0.24317146875 0.5681333712962963 0.24279266562500001 0.6300512962962963 0.24740882552083335 0.6297292675925926 0.24797703020833334 0.5679908805555556
3 0.2548680234375 0.49471359351851846 0.2450816036458333 0.49471359351851846 0.24501914166666666 0.49696779722222223 0.2567277854166667 0.49760330555555554 0.2570441265625 0.4737874037037037 0.27644166822916666 0.47398404074074074 0.276758009375 0.5368167564814815 0.2788696354166667 0.5367056138888889 0.2790590369791667 0.5095953259259259 0.2873342734375 0.5095953259259259 0.28737255677083334 0.5066571675925926 0.27901269375000004 0.5064633796296296 0.2789099333333333 0.4659874611111111 0.27644166822916666 0.4660786546296296 0.27650413072916663 0.4708093472222222 0.2450050375 0.4703362777777778 0.24495466458333331 0.47398404074074074 0.2548055609375 0.47387859814814814 0.2548680234375 0.49471359351851846
3 0.270546040625 0.40184098055555556 0.2426213984375 0.4020518666666667 0.2426213984375 0.4068709037037037 0.2705843239583333 0.40676546018518517 0.270546040625 0.40184098055555556
3 0.25256498072916667 0.6412054712962962 0.2451581703125 0.6413166148148148 0.2451319765625 0.6446252490740741 0.25264154739583333 0.6445169564814814 0.25256498072916667 0.6412054712962962
3 0.3204009671875 0.5393188944444445 0.31975216614583335 0.4877030490740741 0.3493552286458333 0.48750641203703704 0.3495829135416667 0.4992020518518519 0.36240580312500004 0.49925619814814814 0.36248236979166665 0.4964320314814815 0.36386862760416666 0.49632373888888887 0.3639250453125 0.4931433453703704 0.3540479546875 0.4931575944444444 0.353858553125 0.48124536944444446 0.321497078125 0.4811399259259259 0.32137215416666665 0.4573325731481481 0.2832843036458333 0.4572613277777778 0.2831029619791667 0.4552123111111111 0.2802619385416667 0.4553320037037037 0.2802236552083333 0.4572613277777778 0.278351803125 0.4573154740740741 0.27837598229166666 0.4635565685185185 0.31689502291666666 0.463271587037037 0.317084425 0.4811199768518518 0.3143542213541667 0.4809489879629629 0.3147451140625 0.6415161018518519 0.27833971406249997 0.6411769731481481 0.2782893411458333 0.6446451981481481 0.2787950838541667 0.6447705898148147 0.2786802338541667 0.6602593333333333 0.28162603281250004 0.660581362037037 0.2815514807291667 0.6444856083333333 0.3146947411458333 0.6446822453703704 0.31454362291666665 0.6782872611111112 0.30614547656249996 0.6780906240740742 0.30614547656249996 0.6848874324074075 0.3201450734375 0.6847278425925926 0.32023372968749997 0.5779509833333333 0.3204009671875 0.5393188944444445
3 0.3833850494791667 0.49655742407407405 0.38480153125 0.49653747500000006 0.38481362083333337 0.4993986888888889 0.4010638729166667 0.49927614722222224 0.40103767864583334 0.4679452833333333 0.4052367520833334 0.46788543703703706 0.4052367520833334 0.46153605 0.4018476729166667 0.4615018527777778 0.40171468854166664 0.43656312314814816 0.396308684375 0.43690795092592594 0.3964960708333333 0.49299800555555556 0.38318557343750004 0.49299800555555556 0.3833850494791667 0.49655742407407405
4 0.30603264166666666 0.6780193787037038 0.2899476125 0.678270162037037 0.2899093291666667 0.684422912962963 0.30591779166666666 0.6844941583333334 0.30603264166666666 0.6780193787037038
4 0.23157565989583334 0.6786092907407408 0.1704009671875 0.6788999712962962 0.170219625 0.685765175 0.23190409010416665 0.685765175 0.23157565989583334 0.6786092907407408
4 0.277964940625 0.6783984037037036 0.25072133802083335 0.6787859787037037 0.25072133802083335 0.685012824074074 0.2786802338541667 0.6856397833333333 0.277964940625 0.6783984037037036
4 0.14945194427083336 0.40202051851851855 0.1451239171875 0.40202051851851855 0.14544831770833333 0.4422399546296296 0.148811203125 0.44206041574074073 0.14945194427083336 0.40202051851851855
3 0.24786419479166666 0.6447164435185185 0.24514809583333333 0.6446508981481481 0.2452085432291667 0.6465232259259259 0.23579891197916666 0.6464519805555555 0.23579891197916666 0.6502251351851852 0.24778762864583334 0.6499031064814815 0.24786419479166666 0.6447164435185185
3 0.27679629270833334 0.4235138212962963 0.26776747916666666 0.42345967500000004 0.2677171067708333 0.42664291851851854 0.26764054010416666 0.42724992870370365 0.2767700989583333 0.42724992870370365 0.27679629270833334 0.4235138212962963
3 0.16828531145833334 0.6500284981481482 0.174986903125 0.6498860074074074 0.17467257708333334 0.6463636361111111 0.1706367114583333 0.6464177824074074 0.17070118854166666 0.5282131657407407 0.1756074953125 0.5282302648148148 0.17565786822916665 0.4413793101851852 0.17302841041666667 0.4413793101851852 0.17305258906249998 0.5249586777777778 0.16826113229166667 0.5249216305555555 0.16828531145833334 0.6500284981481482
4 0.17856538385416665 0.40316044444444443 0.1740137015625 0.4031775435185185 0.17413056614583333 0.441157025 0.17886963541666667 0.44134511296296297 0.17856538385416665 0.40316044444444443
3 0.26788031458333333 0.3561926472222222 0.2991154541666667 0.35540609814814816 0.2992141848958333 0.40233114814814813 0.27064275625 0.40194072407407405 0.2707354421875 0.405198062037037 0.30123916979166665 0.40507267037037037 0.3011505140625 0.3526702768518518 0.2658452546875 0.3526702768518518 0.2656679427083333 0.38185807962962964 0.2680717307291667 0.38185807962962964 0.26788031458333333 0.3561926472222222
3 0.24477332239583335 0.4699572527777778 0.24259721927083333 0.4699572527777778 0.24285512812499999 0.49929324629629634 0.2447088453125 0.49937589074074074 0.24477332239583335 0.4699572527777778
3 0.24259721927083333 0.4705015675925926 0.23798911927083333 0.4705015675925926 0.23805158177083333 0.47366771203703706 0.24259721927083333 0.47357936759259256 0.24259721927083333 0.4705015675925926
3 0.24491638125 0.42662011944444445 0.24510376770833334 0.40697634629629625 0.24302841041666667 0.40707893981481486 0.24302841041666667 0.42321459074074075 0.2378057625 0.42337133055555554 0.23769494270833333 0.42656882314814815 0.24491638125 0.42662011944444445
3 0.25247229479166666 0.42363921388888887 0.24517025989583333 0.4235480194444445 0.24523876666666666 0.4272584777777778 0.252536771875 0.4270760898148148 0.25247229479166666 0.42363921388888887
4 0.6961474916666667 0.3825420351851852 0.6744126536458332 0.38266742685185184 0.6744126536458332 0.38882872592592593 0.6962361473958333 0.3889541175925926 0.6961474916666667 0.3825420351851852
4 0.6409772317708333 0.3825762324074074 0.6229014708333334 0.38262752962962965 0.6229034859374999 0.3888600740740741 0.6408301432291666 0.38875748055555553 0.6409772317708333 0.3825762324074074
4 0.596625025 0.3827044740740741 0.5820471489583333 0.3825819324074074 0.5819584927083333 0.3887432314814815 0.5964477130208333 0.3888059277777778 0.596625025 0.3827044740740741
2 0.6720531937499999 0.43020233703703703 0.6568466651041667 0.4298660583333333 0.6572315130208334 0.4518096324074074 0.6720531937499999 0.4517013398148148 0.6720531937499999 0.43020233703703703
2 0.7772476322916667 0.42585921944444444 0.777426959375 0.4569592472222222 0.7972476322916666 0.45701339444444444 0.7972476322916666 0.4257281277777778 0.7772476322916667 0.42585921944444444
4 0.7585472494791666 0.41081504722222223 0.7401370140625 0.4110458824074074 0.7401027604166667 0.41667996574074073 0.7584606083333333 0.41657452222222224 0.7585472494791666 0.41081504722222223
3 0.7585996375 0.4166628666666667 0.7609329036458334 0.41658307222222224 0.7607414869791668 0.4587489314814815 0.7757203302083333 0.45854944444444445 0.7757203302083333 0.4560815046296296 0.7773524078125 0.4560986037037037 0.7774027807291667 0.45236249629629627 0.7652246625 0.4522713027777778 0.764563771875 0.3703619268518519 0.8255571229166667 0.3710544314814815 0.8253677213541667 0.36481333703703706 0.7653274229166667 0.36468509537037036 0.7653898848958334 0.2970276435185185 0.8291597822916666 0.29738671944444445 0.8290469473958333 0.28942718703703707 0.759788434375 0.28964092314814815 0.7599395526041667 0.4108321462962963 0.758422325 0.4109033916666667 0.7585996375 0.4166628666666667
3 0.8645557125 0.36325733796296295 0.8645939953125 0.3564975777777778 0.852996171875 0.3568737527777778 0.8527563973958333 0.29669706481481484 0.8965726375 0.29733257314814815 0.8967499494791666 0.3569791962962963 0.8844972796874999 0.35715873425925926 0.8846625026041667 0.36303505277777776 0.9102055208333333 0.3631319462962963 0.91007858125 0.35522656018518517 0.9018335682291667 0.3554231972222222 0.9016884947916667 0.28936164166666667 0.8473423333333333 0.28936164166666667 0.8474551682291668 0.3647876888888889 0.8459782390625 0.36485038518518514 0.8459036875 0.3707865490740741 0.8528571427083332 0.3709831861111111 0.8527825911458333 0.36332858333333334 0.8645557125 0.36325733796296295
3 0.9238061656250001 0.4528270166666667 0.9112210354166667 0.45320889166666667 0.9109510375000001 0.4530179537037037 0.9098690307291667 0.4528270166666667 0.9100040296874999 0.45646337962962963 0.9110860364583334 0.4558877175925926 0.9113580494791667 0.4587603305555556 0.9275921822916666 0.45818466759259263 0.9277271812500001 0.42795098333333337 0.9319222244791666 0.4271843833333333 0.9319222244791666 0.42144485648148144 0.9281341932291666 0.4210629805555556 0.9285391901041666 0.35504132222222223 0.9205581302083333 0.3561897972222222 0.9202881322916666 0.363271587037037 0.9228571427083333 0.363271587037037 0.9238061656250001 0.4528270166666667
3 0.8072839010416666 0.4401652888888889 0.807322184375 0.4522000574074074 0.7974108401041666 0.4524650898148148 0.7974108401041666 0.45589626666666666 0.7982168041666667 0.4558848675925926 0.7981926255208334 0.4587289824074074 0.8116582713541667 0.45876603055555554 0.8116078984375 0.44660302037037036 0.8411223052083333 0.4464063833333333 0.8404916380208333 0.5369934453703703 0.807638525 0.5370475916666666 0.8076868828125 0.5410230833333334 0.8411605885416668 0.5410002851851852 0.841021559375 0.6379025361111111 0.8270098729166667 0.6379025361111111 0.8270622609375 0.6443944148148149 0.8604332057291667 0.6440752351851852 0.8603949223958334 0.6380649759259259 0.8466109208333333 0.6380478768518519 0.8465343541666667 0.5410373324074075 0.8798307473958332 0.5410002851851852 0.8797682854166666 0.5370304925925926 0.8472677817708333 0.5363864351851853 0.8463771911458333 0.4467569111111111 0.8467519645833333 0.4466229694444444 0.8760668947916667 0.44689085185185184 0.8760668947916667 0.45845255092592596 0.8889723958333333 0.45858649166666665 0.88887165 0.45597321203703706 0.8904775338541667 0.4559219148148148 0.8904775338541667 0.4523425481481481 0.8803989520833333 0.45243374166666667 0.8804251458333333 0.4402365342592593 0.8072839010416666 0.4401652888888889
3 0.8075055411458333 0.5083271583333333 0.810634696875 0.5084155027777778 0.810572234375 0.4649529777777778 0.8408482770833333 0.4649529777777778 0.8408482770833333 0.4616300944444444 0.810378803125 0.4616300944444444 0.8103183557291668 0.4606782555555555 0.8077009875000001 0.46071530370370367 0.8075055411458333 0.5083271583333333
2 0.8243421317708334 0.5085209462962963 0.8078400161458333 0.5085209462962963 0.8078400161458333 0.5259618120370371 0.824281684375 0.5258706185185185 0.8243421317708334 0.5085209462962963
3 0.7635502718749999 0.469797662962963 0.7581946401041667 0.46980051296296294 0.7581382229166667 0.5055172416666667 0.7635502718749999 0.5055172416666667 0.7635502718749999 0.469797662962963
3 0.7209349182291667 0.45640638333333333 0.7181160588541666 0.45640638333333333 0.7182127744791666 0.5053092046296296 0.7211243197916667 0.5053092046296296 0.7209349182291667 0.45640638333333333
3 0.7606629057291666 0.44802222870370373 0.6720531937499999 0.4482844111111111 0.6721841630208334 0.4516101453703704 0.7607092484375 0.45167569074074077 0.7606629057291666 0.44802222870370373
3 0.7628510979166666 0.4617098888888889 0.7585553093749999 0.4618637787037037 0.7586641145833333 0.46924764907407407 0.7629055005208334 0.4694015388888889 0.7628510979166666 0.4617098888888889
2 0.8261011484375 0.34160159629629633 0.8258734635416667 0.3707865490740741 0.845383840625 0.3707865490740741 0.8452689906249999 0.34112567685185186 0.8261011484375 0.34160159629629633
2 0.7492988114583333 0.5368224564814814 0.7325367718750001 0.5367626101851852 0.73283699375 0.562496437962963 0.7492907515625 0.5623368481481482 0.7492988114583333 0.5368224564814814
2 0.8024783395833333 0.5369307490740741 0.7854060046875 0.5369307490740741 0.785514809375 0.562693075 0.8024279671875 0.5629296092592593 0.8024783395833333 0.5369307490740741
2 0.7481543421875 0.5027985185185184 0.7315534958333333 0.5029068111111111 0.7314749145833334 0.508663437037037 0.7481543421875 0.5087717296296297 0.7481543421875 0.5027985185185184
3 0.8110396937500001 0.5266942148148148 0.8079548661458333 0.5266742657407407 0.8079911343749999 0.5371387861111111 0.8110779770833333 0.5370475916666666 0.8110396937500001 0.5266942148148148
3 0.7322828932291666 0.5365118268518518 0.7275800927083333 0.5365118268518518 0.7275055411458333 0.6018523796296297 0.7319665526041667 0.6020803648148149 0.7322828932291666 0.5365118268518518
3 0.80772718125 0.5372100314814815 0.8025166229166667 0.5372271305555555 0.8026294578125001 0.5405015675925926 0.8076868828125 0.5406583074074074 0.80772718125 0.5372100314814815
3 0.7830404994791667 0.5370219435185185 0.7492786619791667 0.537101737962963 0.7493290348958334 0.5407124537037038 0.7830404994791667 0.5403277287037037 0.7830404994791667 0.5370219435185185
3 0.7851722750000001 0.5371872324074074 0.7830969171875 0.5371872324074074 0.7828470682291666 0.6016870907407407 0.7851178723958333 0.6016870907407407 0.7851722750000001 0.5371872324074074