3 0.29178794583333334 0.7329789055555556 0.2930800239583334 0.7329218925925927 0.29314452708333333 0.7124429870370371 0.25817778697916666 0.7124429870370371 0.25802056041666666 0.7125256555555555 0.25336625677083335 0.7126168759259259 0.25339447708333335 0.7172377425925925 0.2919129208333333 0.7171265675925926 0.29178794583333334 0.7329789055555556
3 0.29313848020833333 0.5962058157407407 0.2912900625 0.5962343212962964 0.29130820416666664 0.6011630555555555 0.29308808697916666 0.6011659064814815 0.29313848020833333 0.5962058157407407
4 0.23471679114583335 0.5696123148148148 0.2347470265625 0.607904788888889 0.2379117114583333 0.607904788888889 0.23791574270833332 0.5695952111111111 0.23471679114583335 0.5696123148148148
4 0.250385003125 0.5699971490740741 0.2503950817708333 0.6075912203703704 0.25434388229166666 0.6075627138888889 0.25431364635416664 0.5698973777777777 0.250385003125 0.5699971490740741
4 0.2347067125 0.6381784490740741 0.23471679114583335 0.6765820981481482 0.2379016328125 0.6765820981481482 0.23789155416666666 0.6381499425925926 0.2347067125 0.6381784490740741
4 0.2504152390625 0.6384492592592593 0.2503950817708333 0.6761687574074073 0.2543338036458333 0.676197262962963 0.25434388229166666 0.6383779935185184 0.2504152390625 0.6384492592592593
4 0.20805281197916664 0.7338340935185186 0.20807296927083332 0.759315849074074 0.21116710364583333 0.7593443555555556 0.21117718177083333 0.733805587037037 0.20805281197916664 0.7338340935185186
4 0.23824430572916666 0.741878562962963 0.23828461979166665 0.7670210944444444 0.24436403958333336 0.7669070694444444 0.24432372500000002 0.7418500574074075 0.23824430572916666 0.741878562962963
4 0.20808909479166668 0.7856955527777778 0.20810320520833334 0.8049116305555556 0.21118726041666666 0.8049258833333334 0.21121548072916668 0.7856670462962962 0.20808909479166668 0.7856955527777778
4 0.2368675671875 0.8422805018518519 0.22326950208333332 0.8423375138888889 0.22329973802083333 0.846927024074074 0.23682120520833333 0.8469669324074074 0.2368675671875 0.8422805018518519
4 0.30167103385416666 0.8720410490740741 0.25241483593749997 0.8720695555555555 0.2524249145833333 0.8776995435185185 0.3017113484375 0.8776852907407408 0.30167103385416666 0.8720410490740741
4 0.30157024791666664 0.8404589509259259 0.25271719427083333 0.8404446981481482 0.25277565 0.8458181296296295 0.30159040520833336 0.8458608898148148 0.30157024791666664 0.8404589509259259
2 0.22783108229166665 0.800735462037037 0.2277706109375 0.8180045611111111 0.23824833697916667 0.8180216648148148 0.23823422708333333 0.8007639685185186 0.22783108229166665 0.800735462037037
4 0.34566216510416664 0.8720125425925926 0.3188167708333333 0.8720267962962963 0.31884700677083333 0.8764053592592592 0.3457125578125 0.8764338657407408 0.34566216510416664 0.8720125425925926
2 0.24433783489583333 0.7776453824074074 0.2297722234375 0.7778078675925926 0.22971175156249998 0.796542188888889 0.2443539609375 0.7965706953703703 0.24433783489583333 0.7776453824074074
2 0.2933400526041667 0.6626254277777778 0.27865551302083336 0.6626909916666667 0.27863535572916664 0.6814709231481482 0.2932997380208333 0.6815136833333333 0.2933400526041667 0.6626254277777778
2 0.2933198953125 0.6011516537037037 0.27856480572916664 0.601308437962963 0.2786151984375 0.6200855185185186 0.29330981666666667 0.620114025 0.2933198953125 0.6011516537037037
3 0.3271900828125 0.7314025083333333 0.3219935494791667 0.7314737740740741 0.3221003828125 0.7136887111111111 0.3368453942708333 0.7136887111111111 0.3368111265625 0.7313968074074074 0.33608345104166665 0.7313882555555555 0.33608143541666663 0.7324258833333334 0.3368272526041666 0.7324515388888888 0.33684740989583334 0.7457867731481481 0.33910905052083334 0.7457582666666667 0.3391191291666667 0.7107126564814814 0.32008466041666667 0.7106955527777777 0.31994557552083336 0.7295838083333334 0.3142652692708333 0.7296123148148148 0.314255190625 0.7324543898148148 0.32718000416666665 0.7324258833333334 0.3271900828125 0.7314025083333333
4 0.3456420078125 0.8404161916666667 0.31888732135416664 0.8404446981481482 0.31888732135416664 0.8458608898148148 0.34566014895833336 0.8458437851851852 0.3456420078125 0.8404161916666667
2 0.32384196718749997 0.6817132268518519 0.310776053125 0.6817502851851852 0.3108083046875 0.6976453824074074 0.3239125177083333 0.6976168759259259 0.32384196718749997 0.6817132268518519
2 0.33937109479166666 0.7457582666666667 0.3262749447916667 0.7459578111111111 0.3262547875 0.7619754842592593 0.3393307802083333 0.761875712962963 0.33937109479166666 0.7457582666666667
2 0.32721024010416666 0.7245667046296297 0.32718000416666665 0.7324258833333334 0.33608143541666663 0.7324258833333334 0.33598266458333337 0.7246237175925926 0.32721024010416666 0.7245667046296297
2 0.3186172140625 0.6133323833333333 0.3186172140625 0.6156784490740741 0.3318524489583333 0.6156071833333334 0.33182221302083337 0.6132753703703704 0.3186172140625 0.6133323833333333
2 0.35966135885416667 0.6140165333333334 0.34247127604166666 0.6139110601851853 0.3424853859375 0.636698974074074 0.3597520661458333 0.6366704675925926 0.35966135885416667 0.6140165333333334
2 0.360838540625 0.8479076398148148 0.3454505140625 0.8478363740740741 0.34553114270833335 0.866881413888889 0.3607478333333333 0.8666562148148148 0.360838540625 0.8479076398148148
2 0.3482946984375 0.8717217787037037 0.3482946984375 0.8779247435185186 0.3676214473958333 0.8780387685185186 0.36761136874999994 0.8717160777777777 0.3482946984375 0.8717217787037037
2 0.29211449322916666 0.6933095777777778 0.2921124770833333 0.7124002277777778 0.29454545468750004 0.7124002277777778 0.29456561197916664 0.6933095777777778 0.29211449322916666 0.6933095777777778
2 0.3282140697916667 0.7649885972222222 0.3107982260416666 0.7650313564814815 0.31084660364583333 0.786761687962963 0.32812336197916664 0.7865222351851853 0.3282140697916667 0.7649885972222222
3 0.23805281197916667 0.5696123148148148 0.23800443437500002 0.5547035351851852 0.2928099171875 0.5546408212962962 0.2929852854166667 0.5943899657407407 0.3402257609375 0.5943272518518519 0.34031445260416665 0.6111231472222223 0.3424249145833333 0.6111231472222223 0.34246926041666664 0.613859749074074 0.3444487 0.613859749074074 0.3443600078125 0.573241162962963 0.3410179401041667 0.5734891675925926 0.3409292479166667 0.5887913342592592 0.3087321104166667 0.5886060435185185 0.3086010885416667 0.5426368305555556 0.30530135052083335 0.5425114027777778 0.3053900421875 0.5886687574074074 0.2971215479166667 0.5886687574074074 0.29703285625000003 0.5487941842592593 0.2417436 0.5489823259259259 0.245744809375 0.5427594074074074 0.24037895572916668 0.5425741166666667 0.236194315625 0.5482924740740741 0.2320217697916667 0.5424515388888889 0.22740979635416667 0.5427936148148148 0.2345736744791667 0.552899087962963 0.234575690625 0.5696123148148148 0.23805281197916667 0.5696123148148148
3 0.23802257604166668 0.6079332953703703 0.23463616197916667 0.607904788888889 0.234646240625 0.6381641962962964 0.23798226145833334 0.6381356898148148 0.23802257604166668 0.6079332953703703
3 0.2078915541666667 0.7338340935185186 0.2112578109375 0.733805587037037 0.21126385833333333 0.713526225925926 0.23799234010416667 0.7136145953703703 0.23802257604166668 0.6765678453703704 0.23465631927083336 0.6765393388888888 0.23461802031249998 0.7088169898148148 0.20795404166666664 0.7089965796296297 0.2078915541666667 0.7338340935185186
3 0.21129812552083335 0.7593586092592592 0.20788147552083333 0.759315849074074 0.20788147552083333 0.7856385407407408 0.211288046875 0.785624287037037 0.21129812552083335 0.7593586092592592
3 0.22326950208333332 0.8424258833333333 0.21132029843750003 0.8424258833333333 0.2113182828125 0.8049543898148148 0.2078915541666667 0.8049258833333334 0.20787341250000002 0.8473004564814814 0.22330578489583336 0.8473517675925926 0.22326950208333332 0.8424258833333333
3 0.23682725260416668 0.8472548462962962 0.23827050989583334 0.8472519953703703 0.23824430572916666 0.8766334092592593 0.25241483593749997 0.8768044472222222 0.25240878854166665 0.8718272518518518 0.24163071979166664 0.8718985175925926 0.24163071979166664 0.8153734324074073 0.23826647864583334 0.815399087962963 0.23827454166666667 0.8424771953703704 0.23685748854166666 0.8424629416666666 0.23682725260416668 0.8472548462962962
3 0.3188268494791667 0.8719270240740741 0.3016811125 0.8718700111111111 0.3017214270833334 0.8766191564814815 0.31884700677083333 0.8767474342592593 0.3188268494791667 0.8719270240740741
3 0.34830477708333335 0.8668671611111112 0.3456420078125 0.866881413888889 0.3457125578125 0.8767331814814815 0.34826446302083336 0.8766619157407407 0.34830477708333335 0.8668671611111112
3 0.36759725885416666 0.8767445842592593 0.3717939932291667 0.8767474342592593 0.3717758515625 0.8478876851851852 0.38955049375 0.8478876851851852 0.38948800624999996 0.8441077537037037 0.3715843578125 0.8442873435185185 0.37154202760416666 0.8354675027777777 0.3718181817708333 0.8348973777777777 0.3717758515625 0.7194954388888889 0.3716266880208333 0.7192246296296296 0.3715843578125 0.7103164194444445 0.3895303364583333 0.7103762824074074 0.38955049375 0.7045553018518518 0.34432775625 0.7045553018518518 0.3443660552083333 0.6367274796296296 0.34250352760416664 0.636701824074074 0.3424611973958333 0.6393415055555556 0.3402761541666666 0.6393101481481481 0.3402116510416667 0.7104076398148148 0.36770207604166666 0.7103449259259259 0.36768191875 0.7193158490740741 0.36757508541666667 0.7196750287037037 0.36753275572916666 0.8350484611111112 0.36770207604166666 0.8352594074074073 0.36772424895833333 0.8442274796296296 0.34566418072916666 0.8441362601851852 0.345682321875 0.8478221212962963 0.3675710541666667 0.8478933861111112 0.36759725885416666 0.8767445842592593
3 0.38951219531250003 0.5885319268518518 0.3726506755208333 0.5886374 0.37257609375 0.5426054731481481 0.3692420885416666 0.5426054731481481 0.36935093750000003 0.5933010259259259 0.3895847609375 0.593355187962963 0.38951219531250003 0.5885319268518518
3 0.6111167104166667 0.5696123148148148 0.6111308203125 0.5546750287037037 0.6661419067708334 0.5546322694444444 0.6660511994791667 0.5942873435185185 0.7133964927083334 0.5942445842592592 0.7133642411458333 0.6110461805555556 0.7156258817708333 0.6110461805555556 0.7156299135416667 0.6137314712962962 0.7174682526041667 0.6137314712962962 0.7174279380208334 0.5734236027777778 0.714067728125 0.5734236027777778 0.7140112880208334 0.5885461805555555 0.68193509375 0.5885404787037037 0.6818121348958334 0.5427964648148148 0.6785426322916667 0.5426225768518519 0.6783612177083334 0.5884977194444444 0.6701431161458333 0.588583237962963 0.6702358395833333 0.5489281638888889 0.6150090708333333 0.5488426453703703 0.6190405161458333 0.5427080953703703 0.6137573067708334 0.5425370583333333 0.6092682927083334 0.5482810722222222 0.6051441239583333 0.5426653361111111 0.6004716791666667 0.5427651083333334 0.6076778875 0.5530758268518519 0.6076778875 0.5696208666666667 0.6111167104166667 0.5696123148148148
3 0.5843922593750001 0.7592189277777778 0.5809756098958334 0.7591904222222222 0.5809856885416667 0.7857240592592593 0.5844023380208333 0.785738312037037 0.5843922593750001 0.7592189277777778
3 0.58096553125 0.7337485749999999 0.5844023380208333 0.7337343212962963 0.5844023380208333 0.7136830101851852 0.6111308203125 0.7135547324074074 0.6110360812500001 0.6763825537037037 0.6077585166666667 0.6764253138888889 0.6077101390624999 0.708802737037037 0.5810118927083334 0.7089737740740741 0.58096553125 0.7337485749999999
3 0.7625639989583333 0.5886459518518519 0.7458415640625 0.588631699074074 0.7457206208333333 0.5425370583333333 0.7424228984375 0.5425399083333333 0.7424228984375 0.5933779935185186 0.762644628125 0.5934207527777777 0.7625639989583333 0.5886459518518519
3 0.7133440838541667 0.710285062962963 0.7408103203124999 0.7103221212962962 0.7406853458333333 0.8350199546296296 0.7407579114583334 0.8352736601851852 0.74071155 0.8441647666666666 0.7188046765625 0.8441277083333333 0.7188248338541666 0.8481071833333332 0.74071155 0.8479789055555556 0.7406853458333333 0.8765992018518518 0.7448578916666667 0.8765992018518518 0.7448820802083334 0.8479133407407408 0.7626970369791667 0.8479133407407408 0.7626809109374999 0.8441476620370371 0.7446482562500001 0.8441476620370371 0.7447026807291667 0.8353563287037037 0.7449324734374999 0.8348061574074074 0.7449707718749999 0.7196978333333333 0.7447571052083333 0.7193472064814815 0.7445877848958333 0.7102508555555556 0.7626708322916667 0.710339225 0.762640596875 0.70454675 0.7174017333333332 0.7045068416666667 0.7174480953125 0.636698974074074 0.7155432375 0.6366932722222223 0.7155170328125 0.639315849074074 0.71335819375 0.6392388824074073 0.7133440838541667 0.710285062962963
3 0.6662326145833333 0.5961431018518519 0.6643942755208333 0.5961431018518519 0.6644124166666666 0.6011687574074074 0.6662023786458333 0.6011659064814815 0.6662326145833333 0.5961431018518519
3 0.6917032854166667 0.6114595212962962 0.6856037088541667 0.6115621435185186 0.6855190484375 0.5967331814814816 0.6841906875 0.5967360314814815 0.6842793791666666 0.6135347777777778 0.691737553125 0.6136117444444444 0.6917032854166667 0.6114595212962962
3 0.7116589395833334 0.6114281638888889 0.70490626875 0.6114851768518519 0.70490626875 0.6135034203703704 0.7116589395833334 0.6136031925925927 0.7116589395833334 0.6114281638888889
3 0.7100201572916667 0.6975484611111111 0.6841544041666666 0.6978449259259258 0.6841120739583334 0.7108067277777778 0.6860108848958333 0.7108067277777778 0.6858597057291667 0.7004332953703704 0.7121527916666667 0.7003278222222222 0.7120842572916666 0.6482183583333333 0.684126184375 0.6480416194444445 0.6841906875 0.6817873435185186 0.6863636364583333 0.6817702398148149 0.6864745010416667 0.6514595212962963 0.7099979843750001 0.6515193842592593 0.7100201572916667 0.6975484611111111
3 0.6873876234375 0.7107639685185185 0.6839649265625 0.7108352333333333 0.6839850838541667 0.7650114027777778 0.6871961296875 0.7650171037037037 0.6873876234375 0.7107639685185185
3 0.7120882885416666 0.761872862037037 0.6877988307291666 0.7619583805555555 0.6878210036458333 0.7323688712962964 0.7002741380208334 0.7324372861111111 0.7002721223958334 0.7314025083333333 0.6951763755208333 0.7315022805555556 0.6950735739583334 0.7136060435185185 0.7099375125 0.7136259981481482 0.7099113083333334 0.7314167620370371 0.7092481354166666 0.7313882555555555 0.7092602296875 0.7323973777777777 0.7099213869791666 0.732440137037037 0.7099213869791666 0.7458295324074075 0.71219310625 0.7458152796296297 0.7121023989583333 0.7106898518518519 0.693160653125 0.7106898518518519 0.6931304171875 0.7295838083333334 0.6873271515624999 0.7295638537037037 0.6871961296875 0.7650171037037037 0.7121023989583333 0.765 0.7120882885416666 0.761872862037037
3 0.7192582140624999 0.73727195 0.7121729489583333 0.7372576962962962 0.7121709333333333 0.7391020527777779 0.7192481354166667 0.7391191564814815 0.7192582140624999 0.73727195
3 0.7325438421875 0.7372605472222222 0.7325438421875 0.739150512962963 0.740776053125 0.7391049027777777 0.7407962104166667 0.7372576962962962 0.7325438421875 0.7372605472222222
3 0.7407458171875 0.7630986314814815 0.7303527515624999 0.7631698972222222 0.7303769401041666 0.7649743444444445 0.7407558958333333 0.7649743444444445 0.7407458171875 0.7630986314814815
3 0.6841282 0.8414082101851852 0.6873271515624999 0.8414709231481481 0.6873271515624999 0.8354133407407407 0.6874138276041666 0.8350655648148149 0.6873977020833333 0.7868044472222222 0.6839891151041667 0.7868700111111111 0.6839850838541667 0.8347947546296297 0.6841282 0.8352252 0.6841282 0.8414082101851852
3 0.6885365854166667 0.8488797037037037 0.6920116911458333 0.8489310148148148 0.6920116911458333 0.8444555305555556 0.6867849223958333 0.8444555305555556 0.6867849223958333 0.8719013685185185 0.6885365854166667 0.8719013685185185 0.6885365854166667 0.8488797037037037
3 0.5918826848958333 0.8424857472222221 0.5938459989583333 0.8424600916666667 0.5938197942708333 0.817662486111111 0.6008849020833333 0.8176909916666667 0.6008849020833333 0.8150741166666666 0.5844023380208333 0.8150171037037037 0.5843922593750001 0.8173489166666668 0.5919492036458334 0.8174059296296297 0.5918826848958333 0.8424857472222221
3 0.5999395281250001 0.7706584944444445 0.5862910703125 0.7706442416666667 0.5862709130208333 0.7736431018518518 0.5999596854166668 0.7736003416666667 0.5999395281250001 0.7706584944444445
3 0.6151461401041666 0.8120182444444444 0.6172566015625001 0.8120324972222223 0.6173271515625001 0.7707440138888889 0.6138097156250001 0.7707155074074075 0.6138399515625 0.7735860888888889 0.6151763755208334 0.7736288481481481 0.6151461401041666 0.8120182444444444
3 0.6650272125 0.7172063851851852 0.6649768192708333 0.7329104907407407 0.6662285828125001 0.7329446981481482 0.6661781901041667 0.7171351194444445 0.6662789760416667 0.7169583805555556 0.6662789760416667 0.7124315851851851 0.626714371875 0.7123973777777778 0.6265631927083334 0.7127137972222223 0.6131102598958333 0.7126425314814815 0.613160653125 0.7169241731481482 0.6264644223958334 0.7168529074074074 0.6266639791666667 0.7172177879629629 0.6650272125 0.7172063851851852
3 0.6646845395833334 0.6932554157407408 0.6661620640625 0.6932839222222222 0.6662124572916667 0.6816562148148149 0.6130437411458334 0.6815678453703703 0.6130437411458334 0.6841134546296297 0.6646623666666667 0.684150512962963 0.6646845395833334 0.6932554157407408
3 0.6266841364583333 0.624945837962963 0.6644023380208334 0.624945837962963 0.6644224953125 0.6624942990740741 0.6661822213541666 0.6624971490740741 0.6661318281249999 0.6248004564814815 0.6662991333333333 0.6247405925925926 0.666256803125 0.6202594074074075 0.6266639791666667 0.620114025 0.6265531140624999 0.6203107185185185 0.6130659140625 0.620282212037037 0.6131163072916667 0.6246750287037037 0.6265531140624999 0.6246750287037037 0.6266841364583333 0.624945837962963
4 0.6137532755208334 0.5697776509259259 0.6077968151041666 0.5697035351851851 0.6078189880208333 0.6076624861111111 0.61387421875 0.6075769666666667 0.6137532755208334 0.5697776509259259
1 0 0 0 1 1 1 1 0 0 0
2 0.3461640796875 0.7380387685185185 0.34617415833333337 0.7412371722222223 0.3594920380208333 0.741194412962963 0.359481959375 0.7380957814814815 0.3461640796875 0.7380387685185185
4 0.6011449302083334 0.2989851768518519 0.5744124166666666 0.2989139111111111 0.5744728885416667 0.30428734351851855 0.6011933078124999 0.30425598611111115 0.6011449302083334 0.2989851768518519
2 0.5844829671874999 0.3054389962962963 0.5722455151041667 0.3054104907407407 0.5722314052083333 0.31998004537037034 0.584513203125 0.3199515388888889 0.5844829671874999 0.3054389962962963
4 0.6013666598958333 0.32972919074074075 0.5746623666666667 0.32964937314814813 0.5747248536458333 0.33553021666666666 0.6015057447916666 0.33553021666666666 0.6013666598958333 0.32972919074074075
4 0.6229631125 0.33278506296296295 0.6229389234375 0.34230045648148144 0.67225559375 0.34247719537037036 0.6722052005208333 0.3328563287037037 0.6229631125 0.33278506296296295
4 0.6879096958333334 0.332842075 0.68793993125 0.34111744629629626 0.7146784921875 0.3410746861111111 0.7146200364583333 0.3327993157407408 0.6879096958333334 0.332842075
2 0.684059665625 0.2540963509259259 0.6841826244791667 0.27510832407407404 0.6978109250000001 0.27468072962962964 0.6977605322916667 0.2541305583333333 0.684059665625 0.2540963509259259
4 0.6353376333333334 0.1325484611111111 0.6353174765625 0.1408922462962963 0.6533380364583333 0.14090649907407407 0.6532977223958334 0.1325484611111111 0.6353376333333334 0.1325484611111111
2 0.7571679098958334 0.23801026203703704 0.7441725458333334 0.23781356944444446 0.74419875 0.25362314722222223 0.757288853125 0.2534749148148148 0.7571679098958334 0.23801026203703704
4 0.5903608145833333 0.1310433296296296 0.5903769401041666 0.13717217777777777 0.6098286635416666 0.13715507407407407 0.6098387421875 0.1310433296296296 0.5903608145833333 0.1310433296296296
2 0.7145595645833333 0.1806527935185185 0.7307256598958334 0.18066134537037037 0.7305240880208334 0.15637115185185185 0.7144930458333333 0.1563283925925926 0.7145595645833333 0.1806527935185185
4 0.6768857083333334 0.13251995462962965 0.6768091109375 0.14079817592592592 0.6904233015625 0.14086373981481481 0.6903729088541667 0.13251995462962965 0.6768857083333334 0.13251995462962965
2 0.684263253125 0.15784777685185183 0.6697782703125 0.15803021666666667 0.6697198145833333 0.1759720638888889 0.6844325739583332 0.17591505092592594 0.684263253125 0.15784777685185183
4 0.7618403546875 0.3327137972222222 0.735037290625 0.3327423037037037 0.7351461401041667 0.34111744629629626 0.7619209838541666 0.3411003416666667 0.7618403546875 0.3327137972222222
2 0.6915883895833334 0.22799030740740742 0.6782624468749999 0.22800456111111111 0.6782523682291667 0.2312172175925926 0.6916186255208333 0.23113169907407408 0.6915883895833334 0.22799030740740742
2 0.7546401937499999 0.13605758240740742 0.7709534369791666 0.1359891675925926 0.7708163677083333 0.1115421888888889 0.7548155614583333 0.11187001111111111 0.7546401937499999 0.13605758240740742
4 0.7679117114583334 0.07170182407407408 0.7529973796875 0.07170182407407408 0.7530074583333334 0.07711801574074074 0.7679117114583334 0.07713226944444444 0.7679117114583334 0.07170182407407408
2 0.7259302562500001 0.2541989740740741 0.7260310421875 0.2749087796296296 0.7398105218750001 0.27488027407407406 0.7398407578125 0.2541704675925926 0.7259302562500001 0.2541989740740741
3 0.7395525093750001 0.1841932722222222 0.7395525093750001 0.20327252037037039 0.7707155817708333 0.20304732037037038 0.7707619432291666 0.2122234888888889 0.7706309213541667 0.21249429907407408 0.7706510786458334 0.32743158518518517 0.7707881473958333 0.32774800462962966 0.7708466036458332 0.33655074074074076 0.7618907479166667 0.33663626018518517 0.7619270307291667 0.34146522222222225 0.7744245109375 0.3411858611111111 0.7744043541666666 0.19807297592592593 0.7437794796875 0.19729760555555556 0.7438298729166667 0.17811003425925925 0.7307458171875 0.17814424166666668 0.7307256598958334 0.18066134537037037 0.7326305182291667 0.1806641962962963 0.7326547067708333 0.1839424175925926 0.7395525093750001 0.1841932722222222
3 0.5568232213541666 0.3298004564814815 0.5549143317708333 0.3298574685185185 0.5548740171875 0.13696978333333334 0.5649445677083332 0.1371123148148148 0.5649344890625 0.13236602037037035 0.5507579114583333 0.13229190462962964 0.5508224145833334 0.3345667046296296 0.5568030640625 0.3345667046296296 0.5568232213541666 0.3298004564814815
3 0.5904112072916666 0.14508551851851853 0.5903608145833333 0.13236602037037035 0.5785003026041667 0.13226909907407408 0.5785627895833334 0.1370980611111111 0.5877141703125001 0.1371265675925926 0.5877786734375 0.14509977222222223 0.5904112072916666 0.14508551851851853
3 0.5702801854166667 0.32982896203703704 0.5703406572916666 0.33466077499999997 0.5747026807291667 0.33460376296296296 0.5746623666666667 0.329885975 0.5702801854166667 0.32982896203703704
3 0.6229348921875 0.3412856324074074 0.6229248135416667 0.33667901944444445 0.6116488609374999 0.3366647666666666 0.6115883895833334 0.329885975 0.6014170531249999 0.32977195 0.6014674458333332 0.33454675 0.6082281796875001 0.3345496009259259 0.6082281796875001 0.34137400185185185 0.6229348921875 0.3412856324074074
3 0.6722515619791667 0.33679304444444447 0.6722112479166668 0.3414110601851852 0.6879117114583334 0.3414509694444444 0.68793993125 0.33677879166666663 0.6722515619791667 0.33679304444444447
3 0.7146744609375 0.3366647666666666 0.7146643822916666 0.3414110601851852 0.7351179197916667 0.3413968074074074 0.7350776052083333 0.3367217787037037 0.7146744609375 0.3366647666666666
3 0.7126063291666667 0.18395096944444445 0.7127313041666666 0.1809150509259259 0.7145232817708334 0.1808608898148148 0.7145434390625 0.17817274814814815 0.7130215682291666 0.17814424166666668 0.7129812536458334 0.13599771944444444 0.7546401937499999 0.13605758240740742 0.7546623666666666 0.13131128888888888 0.70135255 0.13119441296296297 0.7013727072916667 0.07734891666666666 0.7529953640625 0.07726054722222221 0.7529731911458334 0.07148232592592593 0.6973069947916667 0.07153363703703704 0.697288853125 0.13234321574074076 0.6903628302083333 0.13238027407407407 0.6904132229166666 0.13718358055555555 0.7088550697916667 0.13723489166666666 0.7089598869791666 0.18395096944444445 0.7126063291666667 0.18395096944444445
3 0.7709534369791666 0.1359891675925926 0.7742047973958334 0.13602622592592592 0.7742047973958334 0.07731470925925926 0.7878855067708332 0.07724629444444445 0.7878351140625 0.07151653333333333 0.7679016328125 0.07151653333333333 0.7679318687500001 0.0773175601851852 0.7707276760416666 0.07731470925925926 0.7709534369791666 0.1359891675925926
3 0.6533078010416666 0.1323546175925926 0.6533178796875 0.13704104907407408 0.6768453942708333 0.13718358055555555 0.6768857083333334 0.1323517675925926 0.6533078010416666 0.1323546175925926
3 0.5877565005208333 0.1673517675925926 0.6126345494791666 0.16760547314814817 0.6124551500000001 0.1369640824074074 0.6353174765625 0.13716932685185185 0.6353174765625 0.1323375138888889 0.6098447895833333 0.1323375138888889 0.6097843177083334 0.16387115185185183 0.5877585166666666 0.1639452675925926 0.5877565005208333 0.1673517675925926
3 0.5789820598958334 0.1975484611111111 0.5859887119791666 0.1975769666666667 0.5860189479166666 0.2043985175925926 0.5883108244791667 0.2043700111111111 0.5882926828125 0.19093500555555554 0.5891896796875 0.19093500555555554 0.5891856479166666 0.18995724074074075 0.5883128401041666 0.18996294166666666 0.5883128401041666 0.17210091203703703 0.6031304171875 0.17207240555555556 0.6031727473958333 0.1899030787037037 0.5980306390625 0.189885975 0.5980245916666667 0.1909064990740741 0.6109453739583334 0.1908808435185185 0.6109554526041666 0.18809578148148148 0.6051098567708333 0.18801881388888889 0.6051320296875 0.17145381944444446 0.6123221124999999 0.17148517685185186 0.6122717192708333 0.1880530212962963 0.6142310015625 0.1880530212962963 0.6142390645833333 0.1691248574074074 0.5860008062500001 0.16924458425925926 0.5859786333333333 0.1957440138888889 0.5789739973958333 0.19575826666666665 0.5789820598958334 0.1975484611111111
3 0.6142310015625 0.1880530212962963 0.6109554526041666 0.18809578148148148 0.6109151380208334 0.2236858611111111 0.6142310015625 0.22365735462962963 0.6142310015625 0.1880530212962963
3 0.6104535375 0.1909064990740741 0.6104293489583333 0.2202936148148148 0.585994759375 0.22046465185185185 0.5859604916666666 0.22341220092592592 0.6109171536458333 0.22341220092592592 0.6109453739583334 0.1908808435185185 0.6104535375 0.1909064990740741
3 0.5656682119791667 0.19574116296296296 0.5574360010416667 0.19574116296296296 0.5574259223958333 0.19755986296296296 0.5656883692708334 0.19754561018518518 0.5656682119791667 0.19574116296296296
3 0.5678895385416667 0.2216533638888889 0.5574279380208333 0.22161345462962964 0.557417859375 0.22343215462962962 0.5678794598958333 0.22341505092592592 0.5678895385416667 0.2216533638888889
3 0.6109332796875001 0.29965507407407405 0.6141140901041666 0.29969783333333333 0.6141140901041666 0.2938397944444444 0.6142652692708332 0.29341505092592596 0.6142108447916667 0.2453876851851852 0.6108143520833333 0.24533067314814816 0.610842571875 0.29371151666666667 0.6109635156250001 0.29396807314814816 0.6109332796875001 0.29965507407407405
3 0.5744325739583334 0.30283922500000005 0.55490626875 0.302842075 0.5549244104166667 0.30548175555555557 0.5744930458333334 0.3054247435185185 0.5744325739583334 0.30283922500000005
3 0.5746018947916667 0.31998004537037034 0.5724370088541666 0.31998004537037034 0.5724309614583334 0.3298574685185185 0.5746220520833333 0.329885975 0.5746018947916667 0.31998004537037034
3 0.2991392864583334 0.33663626018518517 0.29916952239583333 0.3413426453703704 0.31473291666666664 0.34145667037037036 0.31473291666666664 0.3366704675925926 0.2991392864583334 0.33663626018518517
3 0.34167103385416664 0.3365678453703704 0.34170530156249995 0.34145667037037036 0.3619088895833333 0.34140535925925924 0.36189276354166666 0.3366647666666666 0.34167103385416664 0.3365678453703704
3 0.36646039114583334 0.18397662499999998 0.36646039114583334 0.20341790185185185 0.39761741562499997 0.20309293055555555 0.3976657932291667 0.21234321574074072 0.39754081822916665 0.21252565555555555 0.39759121145833337 0.3366077537037037 0.3888691796875 0.33659350092592594 0.38882886510416664 0.3414538194444445 0.4104454744791666 0.34146522222222225 0.41034267291666665 0.3366077537037037 0.40168917552083333 0.336644812037037 0.4015117921875 0.30003420740740744 0.40173956875 0.29956670462962964 0.4015117921875 0.2030558722222222 0.4195827453125 0.20316419629629628 0.41940536197916667 0.1974030787037037 0.3707357385416667 0.19729760555555556 0.37068534583333335 0.1781470925925926 0.35778068958333337 0.17814424166666668 0.35778068958333337 0.18084663611111113 0.359610965625 0.18081812962962962 0.3595827453125 0.1839737740740741 0.36646039114583334 0.18397662499999998
3 0.21464825625 0.1675171037037037 0.23939931458333333 0.16753705833333332 0.23953033645833333 0.13711801574074073 0.2621830276041667 0.13715507407407407 0.2621729489583334 0.1323517675925926 0.23667607343750002 0.13236602037037035 0.23662568020833333 0.1637685287037037 0.21462003645833333 0.16370581574074072 0.21464825625 0.1675171037037037
3 0.1836403953125 0.32981470925925926 0.18186051197916667 0.3298004564814815 0.18180004010416667 0.1372405925925926 0.19194114114583333 0.1371265675925926 0.19194114114583333 0.13239452685185185 0.17774440625 0.1323973777777778 0.17779076822916667 0.33451824444444445 0.18369078802083333 0.3345610037037037 0.1836403953125 0.32981470925925926
3 0.4011348520833333 0.13606043333333334 0.4011348520833333 0.077385975 0.41471880677083334 0.07726054722222221 0.41470066510416664 0.07148232592592593 0.39486797031250004 0.07158779907407407 0.3949284416666667 0.07734606574074074 0.3977726265625 0.07730330648148148 0.3977988307291667 0.13602622592592592 0.4011348520833333 0.13606043333333334
3 0.3395908083333333 0.18392246296296297 0.339610965625 0.18090364907407408 0.341358596875 0.18090364907407408 0.341358596875 0.17817274814814815 0.3399455755208333 0.17815564444444446 0.3399657328125 0.13602907685185187 0.38148155624999996 0.1359606611111111 0.3815017135416667 0.1313283925925926 0.32824833697916667 0.13125427592592592 0.3282866359375 0.07734036481481481 0.37985688385416666 0.07729475462962963 0.379802459375 0.07157639722222223 0.3242189072916667 0.07143671574074073 0.3241866557291667 0.1324201824074074 0.31732916770833336 0.13236602037037035 0.31737956041666665 0.1371265675925926 0.3358435796875 0.13718358055555555 0.33583551718750004 0.18388825555555555 0.3395908083333333 0.18392246296296297
3 0.2580124973958334 0.15386830092592593 0.23947389635416666 0.15378848333333334 0.23944970781250002 0.1586174462962963 0.25803265468750003 0.15850342037037038 0.2580124973958334 0.15386830092592593
3 0.2756218505208333 0.15382554166666668 0.27566216510416663 0.1584891675925926 0.28138076979166665 0.15841790185185184 0.2813908484375 0.15379703518518517 0.2756218505208333 0.15382554166666668
3 0.2970509979166666 0.1755359175925926 0.32718201979166667 0.17536488055555555 0.3272001614583333 0.13719783333333335 0.325357790625 0.13714652222222223 0.3252025802083333 0.17273660185185186 0.29894376145833335 0.1728591787037037 0.29892561979166665 0.1538483462962963 0.2947268697916667 0.1537685287037037 0.2947974197916666 0.15853192685185186 0.29707921770833334 0.1585746861111111 0.2970509979166666 0.1755359175925926
3 0.20593831875 0.19752565555555557 0.21295706510416668 0.19760262222222222 0.21296714374999998 0.20427023981481482 0.21523281614583334 0.20429874537037035 0.21525902031250002 0.19092930462962965 0.21608345104166665 0.19089224629629628 0.21608345104166665 0.1899030787037037 0.21521870572916668 0.1899144814814815 0.21518242291666667 0.17207810740740742 0.23001410989583335 0.17211231481481482 0.22998790572916666 0.1898688712962963 0.22498689791666668 0.1898688712962963 0.22498689791666668 0.19089224629629628 0.23776456354166667 0.19107183611111112 0.23773029635416665 0.18808152777777778 0.23198750260416665 0.1881014824074074 0.2320641 0.17154789074074075 0.239165490625 0.1715108324074074 0.2392582140625 0.18811003425925926 0.24111872604166665 0.18812428703703704 0.24116710364583333 0.16928449259259257 0.21291675052083334 0.1692901935185185 0.21289054635416665 0.1958295324074074 0.2059020359375 0.19578392222222224 0.20593831875 0.19752565555555557
3 0.2411288046875 0.18813854074074074 0.237742390625 0.18806157314814817 0.23786131822916667 0.22354332962962964 0.241163071875 0.22362599814814815 0.2411288046875 0.18813854074074074
3 0.19258818802083333 0.19574971481481482 0.18434388229166665 0.19579817592592594 0.18434388229166665 0.19758836944444447 0.19257004635416666 0.1975171037037037 0.19258818802083333 0.19574971481481482
3 0.19481556145833334 0.22159635092592594 0.1843539609375 0.22158209814814814 0.1843539609375 0.22345781111111113 0.19482564010416667 0.2234435574074074 0.19481556145833334 0.22159635092592594
3 0.23784116093750002 0.2997377425925926 0.24108244322916667 0.2998802740740741 0.24108244322916667 0.2937599768518519 0.24116911927083334 0.2935376287037037 0.24113888333333333 0.2451596351851852 0.23776053229166666 0.2451311287037037 0.23765369895833333 0.29359749166666665 0.23785527135416668 0.2938626 0.23784116093750002 0.2997377425925926
3 0.3040495869791667 0.22701539351851852 0.29599072760416667 0.22698973796296298 0.29599072760416667 0.17895096944444444 0.2947228380208333 0.17897377407407408 0.29462608333333334 0.2291562148148148 0.3040334609375 0.2291704675925926 0.3040495869791667 0.22701539351851852
3 0.325285225 0.22700399074074074 0.31734932447916664 0.22700399074074074 0.3173372302083333 0.22913626018518518 0.34025196510416666 0.2291533638888889 0.34022979218750005 0.21651653333333332 0.33886514791666666 0.21649942962962965 0.33882886510416665 0.22703819814814816 0.3286756703125 0.22714082129629629 0.32839750052083333 0.17817274814814815 0.3253900421875 0.17814424166666668 0.3253819796875 0.19297890555555555 0.3252731302083333 0.19333523333333333 0.325285225 0.22700399074074074
3 0.34028421666666664 0.1863312425925926 0.33884700677083335 0.1863312425925926 0.3388490223958333 0.19771949814814815 0.34024994947916665 0.19768529074074073 0.34028421666666664 0.1863312425925926
3 0.3078915541666667 0.3060632842592592 0.31102398697916667 0.30621721759259257 0.311096553125 0.3002565564814815 0.3112396692708333 0.2995439 0.3110784114583333 0.25437001111111107 0.3078431765625 0.2543842648148148 0.30774642187499995 0.29974914444444445 0.3078915541666667 0.29990022777777775 0.3078915541666667 0.3060632842592592
3 0.3513303770833333 0.30625997685185186 0.35301753697916666 0.3062314712962963 0.3530376942708333 0.25468358055555557 0.3247671838541667 0.25466932685185184 0.3247591213541667 0.2569840361111111 0.3513706911458333 0.25689566666666663 0.3513303770833333 0.30625997685185186
4 0.3948478130208333 0.07171607777777778 0.37981253802083337 0.07167331851851852 0.37985285208333336 0.07710376296296297 0.39489820625 0.07718928148148148 0.3948478130208333 0.07171607777777778
4 0.20541826249999998 0.13251995462962965 0.19194114114583333 0.13250570092592592 0.19194114114583333 0.13685575833333333 0.20544245104166667 0.13684150555555555 0.20541826249999998 0.13251995462962965
2 0.23665591614583334 0.13102907685185186 0.21732916770833333 0.1310433296296296 0.2172787744791667 0.13725484629629628 0.23663575885416668 0.13718358055555555 0.23665591614583334 0.13102907685185186
2 0.192253578125 0.15112599814814814 0.19207216302083333 0.17261687592592595 0.20542834114583333 0.17260262222222222 0.205158234375 0.15175028518518519 0.192253578125 0.15112599814814814
2 0.19256399895833332 0.19655074074074075 0.19260431354166666 0.19972063888888889 0.20595242916666667 0.1998346638888889 0.20591211458333333 0.19659350092592592 0.19256399895833332 0.19655074074074075
2 0.21608345104166665 0.19089224629629628 0.22498689791666668 0.19089224629629628 0.22496674062500002 0.18309293055555556 0.21614392239583333 0.18309293055555556 0.21608345104166665 0.19089224629629628
2 0.22584156406250003 0.2043700111111111 0.21282604322916668 0.2042844925925926 0.21281596458333332 0.22044469814814815 0.22579117135416665 0.22034492592592592 0.22584156406250003 0.2043700111111111
2 0.2413202984375 0.22377137962962962 0.22383188854166666 0.22362599814814815 0.22398306770833332 0.2450313564814815 0.241354565625 0.24513968055555554 0.2413202984375 0.22377137962962962
4 0.1836403953125 0.3296436712962963 0.18369078802083333 0.3342901935185185 0.19729893177083332 0.3343329537037037 0.19729893177083332 0.32965792499999996 0.1836403953125 0.3296436712962963
4 0.20134045572916665 0.2989025083333333 0.20141906874999999 0.30437286203703706 0.2280326546875 0.3043586092592592 0.22808304791666664 0.2989281638888889 0.20134045572916665 0.2989025083333333
4 0.2284841765625 0.3301995435185185 0.20150977604166667 0.3300997722222222 0.20150977604166667 0.3355558722222222 0.2285446484375 0.335570125 0.2284841765625 0.3301995435185185
4 0.250126990625 0.3049942990740741 0.25019955677083333 0.31074971481481484 0.29889739947916666 0.310570125 0.2988873213541667 0.3051966935185185 0.250126990625 0.3049942990740741
4 0.299098971875 0.33677879166666663 0.2497117515625 0.33676453796296296 0.249681515625 0.34239452685185184 0.2991796010416667 0.3424344351851852 0.299098971875 0.33677879166666663
4 0.3415924208333333 0.30513968055555557 0.3149365046875 0.30508551851851856 0.31489820625 0.3106556444444445 0.3415017135416667 0.31061288518518515 0.3415924208333333 0.30513968055555557
4 0.28015319479166667 0.1325484611111111 0.26219310625 0.1325342074074074 0.26219310625 0.1369270240740741 0.28020358802083334 0.13687856296296297 0.28015319479166667 0.1325484611111111
4 0.2580124973958334 0.15386830092592593 0.258062890625 0.16229760555555556 0.27567224375 0.1623546175925926 0.2756218505208333 0.1538112888888889 0.2580124973958334 0.15386830092592593
2 0.2814311630208334 0.14174458425925926 0.2813606130208333 0.16252565555555554 0.2948276557291667 0.16244583796296297 0.2946160046875 0.1415621435185185 0.2814311630208334 0.14174458425925926
4 0.3173190890625 0.13251995462962965 0.30368070937499997 0.1325342074074074 0.3037109453125 0.1368842648148148 0.31736948177083335 0.13682725185185188 0.3173190890625 0.13251995462962965
2 0.34134650260416666 0.15620581574074074 0.34137673854166667 0.180567275 0.3577827052083334 0.18081812962962962 0.35773231197916666 0.1564281638888889 0.34134650260416666 0.15620581574074074
2 0.38158234218750003 0.11187001111111111 0.3814916348958333 0.13587514259259262 0.39779278385416666 0.13588939537037037 0.3977827052083333 0.11159920185185185 0.38158234218750003 0.11187001111111111
4 0.38871800052083333 0.3051824398148148 0.3619935494791667 0.30525370555555553 0.36211449322916667 0.31061288518518515 0.38871800052083333 0.31055587222222225 0.38871800052083333 0.3051824398148148
2 0.3110683328125 0.2541562148148148 0.31116710364583333 0.2749971490740741 0.3248478130208333 0.27492303333333334 0.32475710520833334 0.2541704675925926 0.3110683328125 0.2541562148148148
2 0.3529731911458333 0.2541277083333333 0.353035678125 0.27494583796296296 0.3668776458333333 0.2747092361111111 0.366708325 0.2541562148148148 0.3529731911458333 0.2541277083333333
4 0.3416629713541666 0.3367502851851852 0.31472686979166664 0.33680729722222225 0.31474702656250003 0.34112884814814814 0.34170126979166665 0.3410718361111111 0.3416629713541666 0.3367502851851852
2 0.31734932447916664 0.22799030740740742 0.3040536182291667 0.2280188138888889 0.3040536182291667 0.23114595185185186 0.3173190890625 0.23116020555555555 0.31734932447916664 0.22799030740740742
2 0.3840536182291666 0.237614025 0.3710501916666667 0.23769954351851852 0.3711207416666667 0.25390821018518517 0.38419471875 0.25385974907407405 0.3840536182291666 0.237614025
4 0.38886313229166664 0.33674458425925924 0.36189276354166666 0.3368215509259259 0.36189276354166666 0.34115735462962965 0.3888046765625 0.34118015925925926 0.38886313229166664 0.33674458425925924
2 0.21140899010416667 0.30545324999999995 0.19911711354166667 0.30535347777777777 0.1991271921875 0.3200228046296297 0.21142914739583332 0.31990877962962966 0.21140899010416667 0.30545324999999995
2 0.2295807296875 0.1451282777777778 0.21457367447916667 0.1450655648148148 0.21456561197916668 0.16370581574074072 0.22985083645833332 0.1637628277777778 0.2295807296875 0.1451282777777778
3 0.20148961927083334 0.329831812962963 0.19730901041666668 0.3298004564814815 0.19730901041666668 0.33457525648148145 0.20152993333333333 0.33457525648148145 0.20148961927083334 0.329831812962963
3 0.2173190890625 0.14505701296296297 0.217288853125 0.13232326111111112 0.20543438802083333 0.1323204101851852 0.20543841979166666 0.1370980611111111 0.214646240625 0.1370980611111111 0.214646240625 0.14505701296296297 0.2173190890625 0.14505701296296297
3 0.41935496874999995 0.17213511944444443 0.41935496874999995 0.17130558703703702 0.36480548281249997 0.17127137962962966 0.3648820802083333 0.17807582685185183 0.365416246875 0.17807582685185183 0.36539004218750004 0.17224344351851853 0.41935496874999995 0.17213511944444443
3 0.39805482760416666 0.1721892814814815 0.3980689375 0.19734036481481482 0.40127393645833337 0.1973745722222222 0.4012598265625 0.1721750287037037 0.39805482760416666 0.1721892814814815
3 0.39759322708333333 0.30909065 0.38871800052083333 0.3090763972222222 0.388707921875 0.31383979444444443 0.3975831484375 0.3138825537037037 0.39759322708333333 0.30909065
3 0.3620741786458333 0.3090621435185185 0.34153194895833333 0.30909065 0.34149163489583334 0.3137970351851852 0.3621447286458333 0.3137827824074074 0.3620741786458333 0.3090621435185185
3 0.23666599479166667 0.3137827824074074 0.25019955677083333 0.3137799314814815 0.25001814166666664 0.30919612314814815 0.23854464843749998 0.30904789074074074 0.23850433385416667 0.3029076398148148 0.22805281197916666 0.30296465185185184 0.22807296927083334 0.30761402499999996 0.23666599479166667 0.3076282777777778 0.23666599479166667 0.3137827824074074
3 0.19209232031249998 0.16387685277777778 0.18181011875 0.1638483462962963 0.18180205625 0.16854332962962962 0.19208224166666668 0.16850912222222222 0.19209232031249998 0.16387685277777778
3 0.37134045572916663 0.23768529074074074 0.37354162447916667 0.23768529074074074 0.37360209635416664 0.20779361481481481 0.39762346302083335 0.20776510833333334 0.39760532135416665 0.20486031944444444 0.37148155625 0.20492303333333334 0.3714674458333333 0.22647377407407407 0.36664785312500003 0.22648517685185185 0.36664785312500003 0.20489452685185186 0.3645273130208333 0.2049087796296296 0.3647470265625 0.22914196111111113 0.37132029843750003 0.2291562148148148 0.37134045572916663 0.23768529074074074
3 0.3712819994791667 0.25702109444444443 0.37132029843750003 0.25718643055555557 0.3975629911458334 0.2571892814814815 0.39754081822916665 0.21252565555555555 0.3976657932291667 0.21234321574074072 0.39762346302083335 0.20776510833333334 0.39713968958333334 0.20776510833333334 0.39714976822916664 0.253916762037037 0.3711207416666667 0.25390821018518517 0.371100584375 0.2545752564814815 0.3667304979166667 0.2546465222222222 0.36675871822916667 0.25698688703703704 0.3712819994791667 0.25702109444444443
3 0.23731505729166666 0.19107183611111112 0.2373090104166667 0.2203021666666667 0.21292884479166665 0.2204361462962963 0.212969159375 0.22347206388888888 0.23786131822916667 0.22354332962962964 0.23776456354166667 0.19107183611111112 0.23731505729166666 0.19107183611111112
3 0.4011408989583333 0.1357468638888889 0.4089820598958333 0.1357297601851852 0.40896996562500004 0.07731470925925926 0.40836928020833335 0.07731470925925926 0.4084055635416667 0.1350171037037037 0.4011408989583333 0.13500855185185184 0.4011408989583333 0.1357468638888889
3 0.2801411005208333 0.13227195 0.28021366666666664 0.13715507407407407 0.3037169927083333 0.1371237175925926 0.30367063072916667 0.13240877962962963 0.2801411005208333 0.13227195
3 0.21463616197916666 0.16639110648148148 0.21462608333333336 0.16391676203703703 0.20533964947916666 0.16390250833333334 0.20536988489583333 0.16846636296296297 0.211227575 0.16845210925925927 0.21121749635416667 0.16641961203703703 0.21463616197916666 0.16639110648148148
3 0.20141906874999999 0.305339225 0.2013888328125 0.30287913333333333 0.18180004010416667 0.3027451537037037 0.18182221302083335 0.30542759444444445 0.20141906874999999 0.305339225
3 0.20147954062499998 0.3200228046296297 0.19935899999999998 0.32006556481481485 0.1993247328125 0.3298004564814815 0.20148961927083334 0.329831812962963 0.20147954062499998 0.3200228046296297
3 0.298907478125 0.30914766203703703 0.2989377140625 0.31383979444444443 0.31492844166666667 0.31383979444444443 0.31489820625 0.30911915648148147 0.298907478125 0.30914766203703703
3 0.249681515625 0.34142531388888886 0.2497137671875 0.3366391101851852 0.23856278958333332 0.33661630555555555 0.23849425520833334 0.3298118583333333 0.22849425520833336 0.32981470925925926 0.22853456979166667 0.33454675 0.23508969947916666 0.33460091203703707 0.23514210833333332 0.34142816388888886 0.249681515625 0.34142531388888886
3 0.60974601875 0.3298403648148148 0.6115883895833334 0.329885975 0.6115158234375 0.3028705814814815 0.6011449302083334 0.3029503990740741 0.6011650875 0.30761402499999996 0.6097157833333333 0.30759122037037034 0.60974601875 0.3298403648148148
3 0.6697943963541667 0.13988312407407405 0.6697419875 0.15788483425925928 0.6720016125 0.15783352314814816 0.6720318484375 0.13992588333333333 0.6697943963541667 0.13988312407407405
3 0.6700040312500001 0.17895096944444444 0.6700040312500001 0.22740877962962963 0.6587159848958334 0.227385975 0.6586978432291667 0.22907924722222223 0.6782523682291667 0.22918472037037038 0.6782523682291667 0.22703819814814816 0.6713404557291667 0.22708950925925928 0.6713041723958334 0.17892531388888888 0.6983632333333334 0.1789424175925926 0.6983450916666667 0.17822120833333333 0.70026204375 0.17820410462962963 0.7002398708333334 0.13989167592592594 0.6983733119791666 0.13991163055555556 0.6984237046874999 0.17590935000000002 0.6696996572916666 0.17600057037037037 0.6697157833333333 0.17891106018518518 0.6700040312500001 0.17895096944444444
3 0.6915984682291667 0.2291704675925926 0.7132795807291666 0.2292103759259259 0.7133017536458334 0.21658209814814816 0.7119915338541667 0.21652223518518518 0.7119492036458334 0.22708380833333333 0.7017214270833333 0.2271721777777778 0.7017899614583333 0.17818700092592593 0.6983450916666667 0.17822120833333333 0.698324934375 0.22701254259259257 0.6915783109375 0.22702394537037035 0.6915984682291667 0.2291704675925926
3 0.7133682723958333 0.18635974907407407 0.7119512192708334 0.1863312425925926 0.7119854869791666 0.19761972592592592 0.71335819375 0.19768814166666668 0.7133682723958333 0.18635974907407407
3 0.6811529932291667 0.3337998861111111 0.6840838541666667 0.3336716074074074 0.6840536182291667 0.3064139111111111 0.6842370489583334 0.3058095777777778 0.6840536182291667 0.25436145925925924 0.6808768395833333 0.2543187 0.6809090911458333 0.30611174444444444 0.6810905057291666 0.3065421888888889 0.6811529932291667 0.3337998861111111
3 0.7244910302083334 0.33391391111111113 0.7261358598958334 0.33396807314814814 0.725936303125 0.25459236018518516 0.6977988307291666 0.2546180157407407 0.6977947994791667 0.2570239453703704 0.7243983067708334 0.2569612314814815 0.7244910302083334 0.33391391111111113
3 0.7443902437500001 0.2377907638888889 0.7466055229166667 0.23781356944444446 0.7466942151041667 0.20773660185185183 0.7707256598958333 0.2078221212962963 0.7707256598958333 0.2048517675925926 0.7446260833333334 0.20508836944444445 0.7446764765625 0.2265222351851852 0.7396996572916666 0.2265222351851852 0.7397500505208333 0.20519669351851852 0.7376496671874999 0.20526795925925925 0.7378955854166667 0.22921892777777778 0.7443721026041668 0.2290450398148148 0.7443902437500001 0.2377907638888889
3 0.74677484375 0.2535746861111111 0.74419875 0.25362314722222223 0.74419875 0.2546550740740741 0.7398447895833333 0.2546265675925926 0.7398649463541667 0.2569840361111111 0.744388228125 0.2570125425925926 0.7444083854166668 0.257160775 0.7705845593749999 0.257160775 0.7706309213541667 0.21249429907407408 0.7707619432291666 0.2122234888888889 0.7707256598958333 0.2078221212962963 0.7702297921875 0.20788198425925924 0.7702499494791667 0.25374002314814814 0.7467849223958333 0.2539481185185185 0.74677484375 0.2535746861111111
3 0.7924450713541666 0.17216077500000002 0.7924874015625 0.17127708055555554 0.7379479942708334 0.17133694444444444 0.7379681515625 0.1780843787037037 0.7384680510416667 0.1781128851851852 0.73844789375 0.1721892814814815 0.7924450713541666 0.17216077500000002
3 0.7711267890625 0.17216077500000002 0.7711388833333334 0.19726054722222222 0.774323725 0.19727765092592595 0.774323725 0.1721750287037037 0.7711267890625 0.17216077500000002
3 0.7742148760416666 0.13573831203703704 0.7821023989583333 0.13570410462962962 0.7820782098958333 0.07727194999999999 0.7814493046875001 0.0772890537037037 0.7814634145833333 0.13503990833333332 0.7742148760416666 0.13502280462962962 0.7742148760416666 0.13573831203703704
4 0.56496875625 0.1325798175925926 0.5649506145833333 0.1408808435185185 0.5785486796875 0.1408808435185185 0.5784982864583333 0.13255416203703702 0.56496875625 0.1325798175925926
2 0.60103608125 0.14509977222222223 0.5858677687499999 0.1450484611111111 0.5857810927083332 0.16393956666666668 0.6011852447916667 0.1638626 0.60103608125 0.14509977222222223
2 0.565678290625 0.19655074074074075 0.5657186052083334 0.19989167592592594 0.5790143114583334 0.1998346638888889 0.5789739973958333 0.19659350092592592 0.565678290625 0.19655074074074075
2 0.5891896796875 0.19093500555555554 0.5980245916666667 0.1909064990740741 0.5980104817708334 0.1830501712962963 0.5891453338541666 0.1830501712962963 0.5891896796875 0.19093500555555554
2 0.5988248338541666 0.20432725185185185 0.5858899416666666 0.2043985175925926 0.5859100989583333 0.2204589509259259 0.5988853052083333 0.22041619166666668 0.5988248338541666 0.20432725185185185
2 0.6142733317708333 0.22347776481481482 0.5969764161458334 0.22342930462962965 0.5970651078125001 0.2451311287037037 0.6144305583333334 0.24536202962962964 0.6142733317708333 0.22347776481481482
4 0.5702862328124999 0.32963226944444446 0.5568332994791666 0.32961516574074073 0.5568030640625 0.3342901935185185 0.5703285630208333 0.334261687962963 0.5702862328124999 0.32963226944444446
4 0.6138298729166666 0.6384350055555555 0.6077988307291666 0.6383922462962963 0.6077988307291666 0.6764253138888889 0.6138701875 0.6762542759259259 0.6138298729166666 0.6384350055555555
4 0.691939125 0.8718072972222222 0.6919109052083333 0.8777137972222222 0.7188550697916667 0.8776567842592593 0.7188248338541666 0.8717303305555555 0.691939125 0.8718072972222222
4 0.58709534375 0.7857525657407407 0.5811449302083334 0.7857240592592593 0.5812054020833333 0.8050256555555556 0.5871255796875 0.8049828962962963 0.58709534375 0.7857525657407407
2 0.6664120135416667 0.6011801592592593 0.6519109052083334 0.6013511972222222 0.6517093328125 0.6201282777777777 0.6664019348958334 0.6202679592592593 0.6664120135416667 0.6011801592592593
4 0.5871336421875 0.733751425 0.5811751661458333 0.7337628277777778 0.5811449302083334 0.7591761685185185 0.5871356583333333 0.759258837037037 0.5871336421875 0.733751425
4 0.6255734729166667 0.8680758268518518 0.6255775046875001 0.8775712657407407 0.67490626875 0.8776282777777777 0.67483571875 0.8680473203703704 0.6255734729166667 0.8680758268518518
4 0.6919612979166666 0.8404019388888889 0.6920116911458333 0.8458608898148148 0.7188147552083334 0.8458751425925927 0.7187442046875 0.8404589509259259 0.6919612979166666 0.8404019388888889
4 0.5963011489583334 0.8422662481481482 0.5963213062499999 0.846927024074074 0.6099496067708333 0.8469754842592593 0.6099798427083333 0.8422947546296295 0.5963011489583334 0.8422662481481482
2 0.6664341864583334 0.6624714935185185 0.651870590625 0.6626396805555556 0.6516992541666667 0.6816134546296296 0.66639185625 0.6816562148148149 0.6664341864583334 0.6624714935185185
2 0.7328462005208334 0.6137742305555556 0.7155311427083333 0.6137001138888889 0.7155694416666667 0.6366847203703704 0.7328562791666666 0.6366277083333333 0.7328462005208334 0.6137742305555556
2 0.6138097156250001 0.7703335231481481 0.5999475911458333 0.7703221212962963 0.600060471875 0.7911545037037037 0.6137996369791666 0.7912400231481481 0.6138097156250001 0.7703335231481481
2 0.6114976817708333 0.7975085518518519 0.600905059375 0.7974657925925926 0.6008949807291667 0.8162685287037037 0.6113968958333333 0.8162400231481481 0.6114976817708333 0.7975085518518519
2 0.7013283614583333 0.764945837962963 0.6838802661458333 0.7650313564814815 0.6839004234375 0.7868614592592593 0.7011872604166667 0.7865649944444444 0.7013283614583333 0.764945837962963
2 0.7338399515624999 0.848007412037037 0.7186051197916666 0.8481356898148148 0.7185849624999999 0.8669669324074074 0.7337996369791667 0.8669241731481482 0.7338399515624999 0.848007412037037
2 0.7406752671875 0.8717160777777777 0.7213283614583333 0.871701824074074 0.7213485182291667 0.8780530212962964 0.7406752671875 0.8778848342592593 0.7406752671875 0.8717160777777777
2 0.7325337635416667 0.7380815277777778 0.7192481354166667 0.7379817555555556 0.7192481354166667 0.7411801592592592 0.7325337635416667 0.7412656787037036 0.7325337635416667 0.7380815277777778
2 0.7124430557291667 0.7458152796296297 0.6993872203125 0.7459007981481481 0.6993186859375 0.761932725 0.7124128197916666 0.761875712962963 0.7124430557291667 0.7458152796296297
2 0.7002741380208334 0.7324372861111111 0.7092602296875 0.7323973777777777 0.7092078208333333 0.7245096925925926 0.7002116510416666 0.7245809574074074 0.7002741380208334 0.7324372861111111
2 0.6969361015625 0.6817559861111111 0.6838399515625 0.6817987453703703 0.6838399515625 0.6978449259259258 0.6969764161458334 0.6976881416666667 0.6969361015625 0.6817559861111111
3 0.7624289458333333 0.6389566703703704 0.7174480953125 0.6389880277777777 0.7174480953125 0.6398403648148149 0.76251360625 0.6399344351851852 0.7624289458333333 0.6389566703703704
3 0.7333985083333334 0.639883124074074 0.7334065713541666 0.7045068416666667 0.7365490828125 0.7045324972222222 0.7365248942708333 0.639883124074074 0.7333985083333334 0.639883124074074
2 0.6676496671875001 0.6933523379629629 0.6651461401041666 0.6932839222222222 0.6651763755208333 0.7124429870370371 0.6675891958333333 0.7123717222222222 0.6676496671875001 0.6933523379629629
2 0.7049264260416667 0.6133323833333333 0.6917556942708334 0.6132839222222222 0.69173956875 0.6156214370370371 0.7049264260416667 0.6156499425925925 0.7049264260416667 0.6133323833333333
3 0.6919471880208333 0.8718956666666667 0.6748659546875 0.8719412768518519 0.6748861114583333 0.8766761685185185 0.6919310625 0.876647662037037 0.6919471880208333 0.8718956666666667
3 0.6099596854166667 0.8472833527777778 0.6113263453125001 0.8472833527777778 0.6114996973958333 0.8766932722222223 0.62554726875 0.8766334092592593 0.6255775046875001 0.8719127703703704 0.6146865552083334 0.8718928166666666 0.6146643822916666 0.8150883694444444 0.6113968958333333 0.8151596351851852 0.61135658125 0.8423945268518518 0.6099798427083333 0.8424486888888889 0.6099596854166667 0.8472833527777778
3 0.5962910703125 0.8424828962962962 0.58439024375 0.8424828962962962 0.5844224953125 0.8050399083333333 0.5809756098958334 0.8050114027777778 0.5809735942708334 0.847214937037037 0.5963011489583334 0.8472976055555556 0.5962910703125 0.8424828962962962
3 0.7212880468749999 0.8669726342592593 0.7188248338541666 0.8669726342592593 0.7188449911458333 0.8766049027777778 0.7213384395833333 0.8766191564814815 0.7212880468749999 0.8669726342592593
3 0.611096553125 0.6076339796296296 0.6077282807291666 0.6076909916666667 0.6077081234375 0.6383779935185184 0.6111348520833333 0.6384064990740741 0.611096553125 0.6076339796296296
3 0.38935496875000003 0.639093500925926 0.3443660552083333 0.6390165333333334 0.3443660552083333 0.6398688712962963 0.38943761354166667 0.6398745722222222 0.38935496875000003 0.639093500925926
3 0.3603446885416667 0.6398546175925927 0.360318484375 0.7045524518518519 0.3634267286458333 0.7045781074074073 0.3634609958333333 0.6398688712962963 0.3603446885416667 0.6398546175925927
3 0.3186172140625 0.6114823259259259 0.31249344895833336 0.6114823259259259 0.31244507135416666 0.5968472064814815 0.3111187260416666 0.5968472064814815 0.31108849010416667 0.6135604333333333 0.31858697864583335 0.6135604333333333 0.3186172140625 0.6114823259259259
3 0.3385466640625 0.6114566703703703 0.3317919776041667 0.6114851768518519 0.3317818989583333 0.6135319268518518 0.33857689999999996 0.6135746861111111 0.3385466640625 0.6114566703703703
3 0.3134106026041667 0.6514680731481481 0.3369381171875 0.6515963509259259 0.3369663375 0.6975655648148148 0.31108849010416667 0.6976453824074074 0.3110058458333333 0.7107069555555555 0.31289860937499997 0.7107069555555555 0.31291675052083334 0.7004389962962962 0.33905462604166664 0.7003905361111111 0.3389498083333333 0.6480786768518518 0.3110058458333333 0.6482240592592593 0.31101794010416667 0.6817559861111111 0.31332997395833334 0.6817417333333333 0.3134106026041667 0.6514680731481481
3 0.3142934890625 0.7107069555555555 0.3108627291666667 0.7107696694444445 0.31091715364583333 0.7650313564814815 0.31417456145833333 0.7650028509259259 0.3142934890625 0.7107069555555555
3 0.33904857916666664 0.761875712962963 0.3144849828125 0.7620324972222222 0.3144749041666667 0.7324543898148148 0.314255190625 0.7324543898148148 0.3141846401041667 0.7650313564814815 0.3391292078125 0.7649885972222222 0.33904857916666664 0.761875712962963
3 0.3461640796875 0.7372291907407408 0.3391292078125 0.7372434435185186 0.3391292078125 0.7390621435185185 0.3461640796875 0.7390621435185185 0.3461640796875 0.7372291907407408
3 0.3594920380208333 0.7372434435185186 0.3594920380208333 0.7390621435185185 0.36756097552083333 0.73909065 0.3675710541666667 0.7372006842592592 0.3594920380208333 0.7372434435185186
3 0.3675408182291667 0.7630986314814815 0.3572505541666667 0.7631271379629629 0.35728079010416663 0.7649885972222222 0.367550896875 0.7649600916666667 0.3675408182291667 0.7630986314814815
3 0.3109897197916667 0.8414139111111112 0.3141664984375 0.8413797037037036 0.31424108020833336 0.8353677305555556 0.3143418666666667 0.8349087796296297 0.31430558333333336 0.7867189277777777 0.31084660364583333 0.7867901935185185 0.3108647447916667 0.834660775 0.3109897197916667 0.835119725925926 0.3109897197916667 0.8414139111111112
3 0.31887724270833334 0.8442844925925926 0.30157024791666664 0.8443415055555555 0.3016206411458333 0.8489880277777777 0.31887724270833334 0.848916762037037 0.31887724270833334 0.8442844925925926
3 0.25275549270833336 0.8445096925925926 0.24163071979166664 0.8443842648148149 0.24161056250000001 0.8489595212962963 0.25277565 0.848973774074074 0.25275549270833336 0.8445096925925926
3 0.2188087078125 0.8424116305555556 0.22075589583333333 0.8424116305555556 0.22072565989583334 0.8176482324074075 0.22779076822916666 0.8176909916666667 0.22779076822916666 0.8147348916666667 0.21130820416666665 0.8146778787037038 0.21130820416666665 0.8173916759259259 0.21885910104166667 0.8174030787037038 0.2188087078125 0.8424116305555556
3 0.24149969739583332 0.7965992018518518 0.23822414843749998 0.7965564425925926 0.23826647864583334 0.815399087962963 0.24159846822916667 0.8153620296296297 0.24149969739583332 0.7965992018518518
3 0.24157024791666667 0.7669783351851852 0.23823422708333333 0.7670353481481482 0.23823422708333333 0.7776795898148148 0.24162064114583334 0.7776795898148148 0.24157024791666667 0.7669783351851852
3 0.2516105625 0.676197262962963 0.24820399114583333 0.6761545037037037 0.2481858494791667 0.7335889398148149 0.23822414843749998 0.7334064990740741 0.23824430572916666 0.7418643101851852 0.24165087708333333 0.7418358037037037 0.24165087708333333 0.7381670462962963 0.25157024791666666 0.7381813 0.2516105625 0.676197262962963
3 0.25157024791666666 0.6076197259259258 0.2481939125 0.6075912203703704 0.24822414843750001 0.6383922462962963 0.25154001197916664 0.6384350055555555 0.25157024791666666 0.6076197259259258
3 0.24818383385416667 0.5546892814814816 0.24820399114583333 0.5697976055555555 0.2516105625 0.5697405925925926 0.2515803265625 0.5547035351851852 0.24818383385416667 0.5546892814814816
3 0.258131425 0.624945837962963 0.291288046875 0.6249743444444444 0.29135053437499997 0.662611174074074 0.2931223541666667 0.662611174074074 0.2931021973958333 0.6250940703703703 0.293227171875 0.6248004564814815 0.293227171875 0.620114025 0.258131425 0.6199942990740741 0.2578189880208333 0.6203192703703704 0.25348316875 0.6202594074074075 0.25348316875 0.6245923601851852 0.2579016328125 0.6246522231481482 0.258131425 0.624945837962963
3 0.2916105625 0.693295325 0.29313848020833333 0.693295325 0.29309816562499996 0.6815421888888888 0.2535900020833333 0.6815564425925926 0.25361015937500003 0.6840592925925926 0.29162064114583336 0.6840877990740741 0.2916105625 0.693295325