3 0.2936570625 0.6787346824074074 0.2935301229166667 0.7253833 0.2715817046875 0.7254716444444445 0.27158371927083336 0.7280136787037037 0.2955188395833333 0.7281048731481481 0.2954543625 0.6788258759259259 0.2936570625 0.6787346824074074
3 0.22483376979166667 0.7264263324074074 0.2247793671875 0.7280906240740741 0.23108805156249998 0.7280906240740741 0.23108805156249998 0.7264263324074074 0.22483376979166667 0.7264263324074074
3 0.19963933125000002 0.7559846111111111 0.19957485416666668 0.7589797666666667 0.22222647604166665 0.7588914222222223 0.22228893802083333 0.756166999074074 0.19963933125000002 0.7559846111111111
3 0.24416280468749998 0.7281419203703704 0.2440681041666667 0.725400399074074 0.23299415677083332 0.7253006555555556 0.23305661875 0.6779167851851852 0.25577271822916664 0.677882587962963 0.25592383645833333 0.7278569388888889 0.2580052385416666 0.7280136787037037 0.2577009875 0.6757794240740741 0.25920814010416665 0.6757366768518519 0.25908724583333337 0.6731661444444444 0.25798105989583336 0.6730521518518519 0.2578722546875 0.6705813620370371 0.23292363489583331 0.6707096037037037 0.23278259114583333 0.6683784555555556 0.23120894635416667 0.6683328583333333 0.23126536354166666 0.6726417787037037 0.25597219427083334 0.6727985185185185 0.25595405989583336 0.6752978055555556 0.23136610937500002 0.6753690509259259 0.23123514010416668 0.6916329435185185 0.22574249427083334 0.6916386435185186 0.22558734635416666 0.6708378453703704 0.223586540625 0.6708378453703704 0.223753778125 0.6943602166666667 0.23113237968749997 0.6943630666666667 0.23116461822916667 0.7280136787037037 0.24416280468749998 0.7281419203703704
3 0.217868225 0.6919891703703703 0.2178057625 0.6946537472222222 0.22367318177083334 0.6946167 0.22374370364583335 0.6920319175925925 0.217868225 0.6919891703703703
3 0.19994559739583334 0.6920832148148148 0.19989320989583334 0.6944257620370371 0.2057747328125 0.6947278425925926 0.2057747328125 0.691929325 0.19994559739583334 0.6920832148148148
3 0.1510618578125 0.7485038472222222 0.15117267760416667 0.7616357935185185 0.1532903484375 0.7617925333333334 0.15317751354166667 0.7483984037037037 0.1510618578125 0.7485038472222222
3 0.15113842447916664 0.735770875 0.15308079791666668 0.7358478194444444 0.15317549843749997 0.6974579648148148 0.13824098333333332 0.6975862064814815 0.13822553906249999 0.6995206046296296 0.13822083437500002 0.6977144481481482 0.12194035885416667 0.6975548592592592 0.12175498697916667 0.7018666287037036 0.13496876875 0.7017355370370371 0.13502720104166668 0.7294756342592592 0.15119685677083333 0.7294471361111111 0.15113842447916664 0.735770875
3 0.13823233333333332 0.7021289564814814 0.13829135625 0.7247876888888889 0.14970179322916666 0.7248731833333333 0.14960104791666667 0.7021886574074074 0.13823233333333332 0.7021289564814814
3 0.15112835 0.6775890564814815 0.15112835 0.6852123111111111 0.15320572239583333 0.6852151611111111 0.1533608703125 0.6773724703703704 0.15112835 0.6775890564814815
3 0.1803123109375 0.7904645194444444 0.17237960885416664 0.7906725564814815 0.17234938541666667 0.7935423194444444 0.17393511979166665 0.793468225 0.17402780572916668 0.7977828444444444 0.1826213984375 0.7980421768518519 0.1825287125 0.8380336277777778 0.19731815416666668 0.8379196351851852 0.19731815416666668 0.8330778 0.186590771875 0.8328355657407407 0.186721740625 0.7906725564814815 0.18460205520833334 0.7906013111111111 0.18465444270833334 0.7562211453703703 0.197682853125 0.7560900537037037 0.19749748125 0.7240723851851851 0.19583518020833332 0.7243317185185185 0.19555712291666666 0.7214562555555556 0.193524078125 0.7215873472222223 0.193524078125 0.7502080361111112 0.18068103958333334 0.7506013111111111 0.1803123109375 0.7904645194444444
3 0.12223252083333333 0.766728412962963 0.1481805359375 0.7669165 0.148325609375 0.7770646907407408 0.14992141875 0.7772499287037037 0.14974209166666666 0.7976774009259259 0.15416079010416667 0.7976774009259259 0.15424138645833332 0.7936278138888888 0.156220028125 0.7934283268518518 0.15624017708333332 0.7908150472222222 0.15363489843749997 0.7906298092592592 0.15310699166666666 0.7617526361111111 0.12143461614583333 0.7622114564814815 0.121700584375 0.6771473351851852 0.15855732395833336 0.6773354231481481 0.15873060625 0.6561470500000001 0.15509570833333333 0.6560359074074074 0.15509570833333333 0.6697720148148149 0.12158976406250001 0.6697720148148149 0.12165021145833334 0.6195411796296296 0.15508563385416665 0.6196551722222222 0.15523473697916668 0.6335195212962963 0.15862986093749998 0.6336762611111111 0.158881725 0.6194414361111111 0.16316945416666667 0.6193986888888889 0.16307878281250002 0.6125933314814815 0.11651017552083333 0.6122200055555556 0.1166471890625 0.771139925925926 0.12235140052083333 0.7712254203703703 0.12223252083333333 0.766728412962963
3 0.22358049583333334 0.8328583638888889 0.22351601875 0.8378483898148148 0.25111223072916666 0.8379338842592593 0.2510437234375 0.8330379027777778 0.22358049583333334 0.8328583638888889
3 0.2772254682291667 0.8329467083333333 0.277285915625 0.8378483898148148 0.29769494270833335 0.8379395842592592 0.29769494270833335 0.8329467083333333 0.2772254682291667 0.8329467083333333
3 0.3476808380208333 0.8329467083333333 0.34774128541666666 0.8380336277777778 0.36038686302083334 0.8380336277777778 0.36045134010416663 0.8329467083333333 0.3476808380208333 0.8329467083333333
3 0.3946463833333333 0.832892562037037 0.3909288734375 0.8330350527777778 0.39100947031250005 0.8379908805555556 0.3997682854166667 0.8380478768518519 0.39985895625 0.8134511259259258 0.41963328645833337 0.8134511259259258 0.4199093291666667 0.7460131092592592 0.41464235364583335 0.7460131092592592 0.41464235364583335 0.8063921342592593 0.3948680234375 0.8063921342592593 0.3946463833333333 0.832892562037037
3 0.4198166432291667 0.6954374462962963 0.41454966770833335 0.6956996296296296 0.41454966770833335 0.7278483898148148 0.41963328645833337 0.7279794814814815 0.4198166432291667 0.6954374462962963
3 0.41470280052083336 0.659814762037037 0.4146121296875 0.6777115990740741 0.41958492864583335 0.6777828444444445 0.41941164635416667 0.652690225 0.4003405197916667 0.6524137935185185 0.40011686458333334 0.6230493018518518 0.38348579479166667 0.622892562037037 0.38348579479166667 0.6277543462962963 0.395127946875 0.6277543462962963 0.39544025781250003 0.6597720148148147 0.41470280052083336 0.659814762037037
3 0.34005843229166666 0.6229780564814814 0.34005641770833334 0.6278255916666667 0.369145678125 0.6278255916666667 0.3690932901041667 0.6226845259259259 0.34005843229166666 0.6229780564814814
3 0.31342534739583333 0.6278626388888888 0.3135019140625 0.6228526648148148 0.28208543229166666 0.6229609574074074 0.2821619989583333 0.6440894842592593 0.2811605885416667 0.6443060703703704 0.28131372135416666 0.649415787962963 0.2855107796875 0.6494727842592593 0.2855490630208333 0.6278626388888888 0.31342534739583333 0.6278626388888888
3 0.25105379791666665 0.6441977768518519 0.25110215572916667 0.6492875462962963 0.25898448541666663 0.6492077518518519 0.2590610515625 0.644417212962963 0.25105379791666665 0.6441977768518519
3 0.18483981458333335 0.6618466796296296 0.18477332239583333 0.6687489314814814 0.193753778125 0.6689056712962963 0.19364295781250002 0.6981390712962963 0.19580092708333333 0.698067825925926 0.19578077760416665 0.6962638925925926 0.19790046354166665 0.696164149074074 0.19763449531250002 0.6685921916666666 0.23289542604166666 0.6681219722222222 0.23291356041666667 0.6492590481481482 0.23815635729166665 0.6492590481481482 0.2382067296875 0.6443288685185186 0.2328631875 0.6445141064814816 0.23269595 0.5624650898148148 0.2175458390625 0.5625762324074074 0.21743501927083334 0.5694813333333334 0.22764054010416668 0.5699458537037037 0.22786218020833332 0.6615332 0.18483981458333335 0.6618466796296296
3 0.18456175677083334 0.6192846962962962 0.18467257708333334 0.6387318324074074 0.18944186979166666 0.6387318324074074 0.18977433020833334 0.5695696777777778 0.20008462604166669 0.5697264175925926 0.20030626614583333 0.5623567972222222 0.18478339739583335 0.5628327157407408 0.18478339739583335 0.6123852953703703 0.1803485796875 0.6123852953703703 0.1803485796875 0.6192846962962962 0.18456175677083334 0.6192846962962962
2 0.22243804166666664 0.7554858935185185 0.2227584125 0.776722712962963 0.23527100520833333 0.7771786833333333 0.23565786822916665 0.7553946990740741 0.22243804166666664 0.7554858935185185
2 0.19548055625000002 0.7215702481481482 0.1956739875 0.6986092907407407 0.17886157552083332 0.6986092907407407 0.1787970984375 0.7218438305555556 0.19548055625000002 0.7215702481481482
2 0.3556578682291667 0.7270418925925926 0.3557163005208333 0.7492789972222222 0.3731110213541667 0.7488258759259259 0.37330243802083335 0.7274066685185185 0.3556578682291667 0.7270418925925926
2 0.37527705 0.6888828722222222 0.37536570625 0.6948703333333334 0.38485794895833336 0.6948703333333334 0.38485794895833336 0.6887546305555555 0.37527705 0.6888828722222222
2 0.3877050171875 0.7241778287037037 0.3877050171875 0.7079851805555556 0.3743884744791667 0.7082245657407407 0.3744791458333333 0.7241065833333333 0.3877050171875 0.7241778287037037
2 0.36560749531250003 0.6514762037037036 0.3656961515625 0.6671701342592592 0.3779508359375 0.6672328296296296 0.37790650833333334 0.6516642916666666 0.36560749531250003 0.6514762037037036
2 0.24291759010416666 0.6703448277777777 0.25575055416666664 0.6703448277777777 0.25575055416666664 0.6537076092592593 0.24270400989583332 0.6539327444444444 0.24291759010416666 0.6703448277777777
2 0.25807777552083333 0.7282274148148148 0.2713902880208333 0.7285237962962963 0.27128551302083337 0.7075776574074074 0.2579689703125 0.7070504416666666 0.25807777552083333 0.7282274148148148
2 0.24422728177083333 0.7284668 0.2559903286458333 0.7284668 0.25561756979166667 0.7094841833333334 0.24465444270833334 0.7097121685185185 0.24422728177083333 0.7284668
2 0.20593995572916668 0.6919521231481482 0.20588555312499998 0.6969449981481481 0.21764658489583333 0.6973297231481481 0.21765061458333335 0.6916500425925926 0.20593995572916668 0.6919521231481482
2 0.15115454375 0.7356939296296297 0.15108805156250002 0.7482131657407407 0.15712270781249998 0.7480279277777778 0.15686479947916665 0.7355115416666668 0.15115454375 0.7356939296296297
2 0.27283497864583334 0.7553633509259259 0.27240781770833333 0.7760872046296297 0.2856155552083333 0.7768424055555555 0.2857223453125 0.7552864064814815 0.27283497864583334 0.7553633509259259
2 0.15110820052083335 0.6854402962962963 0.15123715468750001 0.6972442287037037 0.15688293385416668 0.6968766027777777 0.15675397968750002 0.6854402962962963 0.15110820052083335 0.6854402962962963
2 0.187426959375 0.6387916787037037 0.1873000203125 0.6614819037037036 0.20533145260416666 0.6616614416666666 0.2052024984375 0.6384297518518519 0.187426959375 0.6387916787037037
4 0.19734434791666666 0.8331661444444445 0.19734434791666666 0.8388287259259259 0.22344751145833333 0.8386121398148147 0.22337094479166666 0.833274437037037 0.19734434791666666 0.8331661444444445
4 0.251225065625 0.8331205472222222 0.251225065625 0.8389227703703704 0.2773463630208333 0.8388572240740741 0.2771952447916667 0.8331746935185185 0.251225065625 0.8331205472222222
4 0.297902478125 0.8333171842592593 0.29780979270833335 0.8384126527777778 0.34752166041666666 0.8388059277777777 0.34761434635416666 0.8335765175925927 0.297902478125 0.8333171842592593
4 0.36052186197916664 0.8330208037037037 0.36052186197916664 0.8385579935185186 0.3910658875 0.8389199203703703 0.39087245625 0.8330208037037037 0.36052186197916664 0.8330208037037037
4 0.2592484385416667 0.673060700925926 0.2591416484375 0.6792647481481481 0.28090469479166663 0.6792647481481481 0.2807435020833333 0.6729866055555556 0.2592484385416667 0.673060700925926
4 0.19727987083333334 0.803274437037037 0.19761233125000002 0.80923625 0.22305057447916665 0.809239099074074 0.2231150515625 0.8035879166666666 0.19727987083333334 0.803274437037037
4 0.25127543802083335 0.803069250925926 0.25146685468749996 0.8088800231481481 0.2771992744791667 0.8088800231481481 0.2771992744791667 0.8029809064814815 0.25127543802083335 0.803069250925926
4 0.2977735239583333 0.8030863490740741 0.2977735239583333 0.8092049018518518 0.3474491234375 0.8085750925925926 0.34755994375000004 0.8032430888888888 0.2977735239583333 0.8030863490740741
3 0.3557646583333333 0.6728555148148148 0.3555430182291667 0.7268053574074074 0.3586479953125 0.7268053574074074 0.3586479953125 0.6727016240740741 0.3557646583333333 0.6728555148148148
4 0.238361878125 0.6446765462962963 0.23830546041666667 0.6492590481481482 0.2509812614583333 0.649213450925926 0.2509812614583333 0.6444514111111111 0.238361878125 0.6446765462962963
3 0.3557646583333333 0.7494528351851851 0.3562079385416667 0.8032430888888888 0.35875881510416663 0.8034026787037037 0.35920209531249997 0.7494528351851851 0.3557646583333333 0.7494528351851851
4 0.36051783177083335 0.8029609574074074 0.3603929072916667 0.8093331435185185 0.3907999192708333 0.8090823592592592 0.3907898447916667 0.8031889425925927 0.36051783177083335 0.8029609574074074
4 0.39472697968750003 0.7278996861111111 0.3947874270833333 0.7582274148148148 0.3991154541666667 0.7583841546296296 0.3992202296875 0.7279766314814814 0.39472697968750003 0.7278996861111111
4 0.41468869635416666 0.7278512398148148 0.41480354635416666 0.7456853805555556 0.4194640338541667 0.7457110287037038 0.4193874671875 0.728067825925926 0.41468869635416666 0.7278512398148148
4 0.4146383234375 0.6778398407407408 0.4146383234375 0.6952978055555556 0.4194942572916667 0.6953605018518518 0.41940560156249995 0.6778398407407408 0.4146383234375 0.6778398407407408
4 0.3692746322916667 0.6230265037037037 0.36935119895833335 0.6276004555555555 0.38328833385416666 0.627708749074074 0.3832117671875 0.6233542324074074 0.3692746322916667 0.6230265037037037
4 0.31940963125 0.6676517527777778 0.31921619999999995 0.673097749074074 0.340713278125 0.6735508694444444 0.340713278125 0.6675605583333334 0.31940963125 0.6676517527777778
4 0.3135140036458333 0.6221402111111111 0.3134696755208333 0.6277286972222222 0.34003828333333336 0.6278654888888889 0.3400282088541667 0.6221687092592593 0.3135140036458333 0.6221402111111111
4 0.25896836614583335 0.6435337703703704 0.25904493229166664 0.6496323740740741 0.28102155937499995 0.649629524074074 0.2809510375 0.6435337703703704 0.25896836614583335 0.6435337703703704
4 0.200334475 0.5626161296296296 0.20024380416666665 0.5693131944444444 0.21738666145833332 0.5693131944444444 0.21738666145833332 0.5626617268518519 0.200334475 0.5626161296296296
4 0.16312109635416666 0.612519236111111 0.16320975208333335 0.619011113888889 0.1802337296875 0.6188857222222222 0.1802780578125 0.6126446277777778 0.16312109635416666 0.612519236111111
3 0.18569816666666666 0.6889341694444444 0.18575256927083333 0.6690225138888889 0.18491839635416665 0.668840125 0.18498488802083332 0.690014249074074 0.19364295781250002 0.6900000000000001 0.19364497291666666 0.6888971212962962 0.18569816666666666 0.6889341694444444
3 0.28588756822916667 0.7555029925925926 0.2861192828125 0.8032060416666666 0.28889179947916666 0.8033143342592592 0.28935321354166665 0.7555029925925926 0.28588756822916667 0.7555029925925926
3 0.2725589359375 0.7589455685185185 0.27263751770833333 0.7558934166666667 0.23567600260416668 0.7563294388888888 0.23536772135416667 0.8028355657407408 0.23721539375 0.8028355657407408 0.23721539375 0.7585095472222222 0.2725589359375 0.7589455685185185
3 0.18688897864583334 0.8064576805555556 0.18684263541666668 0.8089854657407407 0.19736248229166667 0.8089769166666666 0.19741084010416668 0.806520375925926 0.18688897864583334 0.8064576805555556
3 0.22315333489583333 0.8065032768518519 0.223260125 0.8090738101851852 0.25133387083333336 0.8089997148148148 0.25133387083333336 0.8062011972222222 0.22315333489583333 0.8065032768518519
3 0.2771609911458333 0.8066571675925926 0.27721539375 0.8089256194444445 0.29769494270833335 0.8089256194444445 0.2978017328125 0.8063522370370371 0.2771609911458333 0.8066571675925926
3 0.34765262968750005 0.8063265888888889 0.34765262968750005 0.8089569675925926 0.36036872864583336 0.8090880592592593 0.3603385046875 0.8063750351851852 0.34765262968750005 0.8063265888888889
3 0.39093894843750004 0.8064120833333334 0.39096917187499997 0.8090823592592592 0.39474712864583333 0.809039612037037 0.39481765052083334 0.8063978342592593 0.39093894843750004 0.8064120833333334
3 0.6778299416666667 0.8716357935185185 0.6777856135416667 0.8768680537037038 0.7066169656250001 0.8766799657407407 0.7066612937500001 0.8716357935185185 0.6778299416666667 0.8716357935185185
3 0.386810396875 0.6570076944444444 0.38693935104166666 0.627874037962963 0.3850775739583333 0.6277828444444445 0.3850775739583333 0.659820462037037 0.3952810802083333 0.6599088055555555 0.3953455572916667 0.6568253064814815 0.386810396875 0.6570076944444444
3 0.5689623213541667 0.7933428324074073 0.5692141848958333 0.8402992305555556 0.5727563973958334 0.8405158166666666 0.5726012494791667 0.7933599314814814 0.5689623213541667 0.7933428324074073
3 0.5801047755208334 0.7342148759259258 0.5801571630208334 0.7719549731481481 0.5837396734375001 0.7718808777777778 0.5836872859375001 0.7340638361111111 0.5801047755208334 0.7342148759259258
3 0.5418335682291667 0.7683841546296296 0.5418577473958333 0.7716044453703704 0.5802297000000001 0.7715161018518518 0.5801994760416667 0.7685864916666666 0.5418335682291667 0.7683841546296296
3 0.5652105583333333 0.7360530064814814 0.5655188395833334 0.7429125111111111 0.5801470885416666 0.7430208037037036 0.5801470885416666 0.7402992305555556 0.5671347973958334 0.7399743518518518 0.5669816640625 0.7343089203703703 0.5438807171875 0.7337646055555556 0.5438807171875 0.7103476777777777 0.5488857546875 0.7102422342592593 0.5488091880208333 0.7320233685185186 0.5680515817708333 0.7323368481481481 0.5681200885416666 0.7313479620370371 0.5999073140625 0.7314448564814815 0.5998065687499999 0.7289512685185185 0.56603465625 0.728634938888889 0.56603465625 0.7295183814814815 0.5504795484374999 0.7295183814814815 0.5504815635416667 0.7081818185185185 0.5418537177083333 0.7080136787037037 0.5418778963541667 0.7522798518518518 0.5441889984375 0.7523881444444445 0.5441889984375 0.7362695925925926 0.5652105583333333 0.7360530064814814
3 0.5159278661458333 0.7690025648148149 0.5160024177083333 0.771735537037037 0.5264376385416667 0.771735537037037 0.5264376385416667 0.7690025648148149 0.5159278661458333 0.7690025648148149
3 0.5355732421875 0.7462724425925926 0.535577271875 0.7487945287037037 0.5417650614583334 0.7487945287037037 0.5417247630208333 0.7463379879629629 0.5355732421875 0.7462724425925926
3 0.5159036875 0.746346537037037 0.5159036875 0.7487973777777778 0.5239875078125 0.7487973777777778 0.5240519848958333 0.7462553435185185 0.5159036875 0.746346537037037
3 0.5618315536458333 0.703636363888889 0.5618315536458333 0.7053120546296296 0.5641527302083333 0.7052807064814814 0.5641728791666666 0.703642062962963 0.5618315536458333 0.703636363888889
3 0.5641547453125 0.6847107435185186 0.5642010880208334 0.7053263037037036 0.5618819260416666 0.7053804499999999 0.5618375984374999 0.7080906240740741 0.5663389078125001 0.7082188657407408 0.5664275640625 0.6845198064814815 0.5641547453125 0.6847107435185186
3 0.5440459401041667 0.6846024509259259 0.5420672979166666 0.6846793962962963 0.5419061052083334 0.7020718157407407 0.516026596875 0.7022257055555556 0.5159721942708333 0.7044941583333334 0.5440459401041667 0.7043402675925926 0.5440459401041667 0.6846024509259259
3 0.6002579083333334 0.6894328870370371 0.6001289541666667 0.6840780851851852 0.5906971588541666 0.6840780851851852 0.5907616359375001 0.6797235675925926 0.5615011083333333 0.6794499861111111 0.5613721541666667 0.6844400111111111 0.5871690510416666 0.6844400111111111 0.5872980052083334 0.6895240805555556 0.6002579083333334 0.6894328870370371
3 0.6581603869791667 0.7114078083333333 0.6581603869791667 0.7059817611111111 0.6566653234375 0.7059931601851852 0.6566653234375 0.6844286120370371 0.6164698770833333 0.6842120259259259 0.6164698770833333 0.6893302935185185 0.6530465442708333 0.6894385861111111 0.653268184375 0.7112225703703703 0.6581603869791667 0.7114078083333333
3 0.6759077171875 0.5525847824074074 0.6756618979166666 0.7113935592592592 0.6809893208333333 0.711350812037037 0.68103969375 0.706933599074074 0.7074471088541666 0.7071900824074074 0.7075256901041667 0.7171131379629629 0.7089723958333334 0.7172214305555555 0.7089482166666666 0.7379566824074074 0.7135925848958333 0.7378825879629629 0.7134616161458334 0.7336107157407408 0.7154241385416668 0.733830150925926 0.7154241385416668 0.7306953546296296 0.7126919203125 0.7306953546296296 0.7125226677083333 0.7021715592592592 0.6807979046875 0.701909375925926 0.6808825307291666 0.6172755768518517 0.7179427765625 0.6172755768518517 0.7178883739583333 0.596169849074074 0.7143018333333334 0.5960929037037037 0.7144630265625 0.6100113990740741 0.6809369333333334 0.6099344546296296 0.6808825307291666 0.5596409231481482 0.7144247432291666 0.5596380731481482 0.7144086239583333 0.5737788546296296 0.7178742697916667 0.5738216018518519 0.7179709854166667 0.5596665712962963 0.7224944588541666 0.5597720148148148 0.7224158776041667 0.5522570537037037 0.6759077171875 0.5525847824074074
3 0.7397038083333333 0.5596380731481482 0.7440338505208334 0.559806212962963 0.7439834776041666 0.5789284694444444 0.7490852307291667 0.5789997148148148 0.7491960505208334 0.5099316046296296 0.7593995567708334 0.5099886009259259 0.7593975416666667 0.5030265037037037 0.7440237760416667 0.5030008546296296 0.7438222848958334 0.5525619833333333 0.739814628125 0.5527044740740741 0.7397038083333333 0.5596380731481482
3 0.7570824098958333 0.6088087777777778 0.7920632682291667 0.6089341694444445 0.7922425953125 0.5030493018518518 0.7766451744791667 0.5035537194444445 0.7768224864583334 0.5102336851851852 0.7869836791666667 0.5098575092592593 0.7868950229166667 0.6020005703703704 0.7439814630208333 0.6017497861111111 0.7439814630208333 0.6088714731481482 0.7528047552083332 0.6089968648148149 0.7528611729166667 0.6387603305555556 0.7551118276041666 0.6389170703703704 0.7551420510416667 0.6362325444444445 0.7572516625 0.6362325444444445 0.7570824098958333 0.6088087777777778
3 0.7456054807291667 0.7737845537037037 0.7459399557291667 0.7310002851851852 0.7438222848958334 0.7309090907407407 0.7437578078125 0.6964234824074075 0.7571045739583333 0.695967512037037 0.7571045739583333 0.6643858648148149 0.755180334375 0.6641122824074074 0.7548599635416667 0.6615702481481481 0.7528692322916667 0.6614819037037036 0.7528047552083332 0.6897064694444444 0.7396514203125 0.6903419777777778 0.7396635098958334 0.7306184101851853 0.7313802135416666 0.7307723 0.7313802135416666 0.7336677120370371 0.7332016927083332 0.7336677120370371 0.7333507958333333 0.737705899074074 0.7418517026041667 0.7379167851851851 0.7418456578125 0.7779139351851853 0.7444126536458333 0.7780022796296296 0.7443602661458333 0.8717469361111111 0.7329659479166666 0.8717155888888889 0.7329659479166666 0.8764462805555556 0.7487044125 0.8766571675925926 0.7484545635416667 0.7737845537037037 0.7456054807291667 0.7737845537037037
3 0.3992464234375 0.7584098037037037 0.3974491234375 0.7583129092592592 0.39738666145833335 0.80614705 0.3991819463541667 0.8062382444444445 0.3992464234375 0.7584098037037037
3 0.6320108807291667 0.8717041888888889 0.6319766270833332 0.8768566546296296 0.6517287932291667 0.8766400685185185 0.6516542411458333 0.8718096324074074 0.6320108807291667 0.8717041888888889
3 0.5821217005208333 0.8768110574074075 0.5822103567708333 0.8715816472222222 0.5682188192708334 0.8715787972222222 0.5682188192708334 0.8821687092592593 0.5718295385416667 0.8823567972222222 0.5718738666666667 0.8768737527777778 0.5821217005208333 0.8768110574074075
3 0.5309711869791667 0.8772613277777778 0.5310014104166666 0.8822941009259259 0.5422063265625 0.882296950925926 0.5421458796874999 0.8772556287037037 0.5309711869791667 0.8772613277777778
3 0.5121861776041666 0.676363636111111 0.5123755791666667 0.7785978907407407 0.5089925447916667 0.7785978907407407 0.5089723958333333 0.8824251925925927 0.5180858354166666 0.8823909944444444 0.5180858354166666 0.8771273870370371 0.5134656458333333 0.8771273870370371 0.5133104979166666 0.7839954407407407 0.5158915979166667 0.7839555425925926 0.5159661494791666 0.6805500138888889 0.5421458796874999 0.6806383583333333 0.5421055812500001 0.6845027074074074 0.5470884546875 0.6845426046296297 0.547066290625 0.6797007694444445 0.545770703125 0.6796580222222223 0.5457122708333333 0.6762781416666667 0.5121861776041666 0.676363636111111
2 0.7464033848958334 0.5790852092592592 0.7465041307291667 0.6017127388888889 0.764422728125 0.6016272444444445 0.7642595203125 0.5789313194444444 0.7464033848958334 0.5790852092592592
2 0.710334475 0.6247848388888888 0.7102881322916667 0.637893987037037 0.7162159984375 0.6377685953703703 0.7163046546875 0.6245340555555555 0.710334475 0.6247848388888888
2 0.5414003624999999 0.7523311481481482 0.5414527505208333 0.7682872611111111 0.5547672776041667 0.7685152462962963 0.5545536973958334 0.7541436305555556 0.5414003624999999 0.7523311481481482
2 0.7155692119791667 0.7334967231481482 0.7313056619791667 0.7335337703703704 0.7309671567708332 0.7098318611111112 0.7154684666666667 0.7095753777777778 0.7155692119791667 0.7334967231481482
2 0.6829175901041666 0.7721630092592593 0.6944670562499999 0.7722627527777778 0.6942272817708334 0.7531005981481482 0.6832117671875 0.7527985185185184 0.6829175901041666 0.7721630092592593
2 0.6933326614583333 0.7963864351851851 0.6931029619791667 0.8177343972222222 0.7057304052083333 0.8171900824074074 0.7065766671875 0.7962781416666667 0.6933326614583333 0.7963864351851851
2 0.6426737859375 0.7964092333333334 0.6425972192708334 0.8179737814814815 0.6549949625 0.8175377601851852 0.6560729395833333 0.7963009407407406 0.6426737859375 0.7964092333333334
2 0.5369595005208333 0.8747392416666667 0.5369151723958333 0.8578483898148148 0.5241245213541667 0.8576574518518518 0.5244388473958334 0.8736050157407408 0.5369595005208333 0.8747392416666667
2 0.5730807979166667 0.7932858361111111 0.5729538583333333 0.7719492731481481 0.5555651822916666 0.7715873472222222 0.5556336890625 0.7929182101851852 0.5730807979166667 0.7932858361111111
4 0.6000664921875 0.729053861111111 0.5998871651041667 0.7349729268518519 0.6215011083333334 0.7351667138888889 0.6213237958333334 0.729053861111111 0.6000664921875 0.729053861111111
4 0.6582832963541667 0.7053434027777779 0.6583417286458333 0.7110800796296297 0.6756054807291666 0.7113365629629629 0.6756558531250001 0.7056055851851852 0.6582832963541667 0.7053434027777779
2 0.7102841026041666 0.6754260472222222 0.7103767880208333 0.6889940157407407 0.7161011484375001 0.6888173268518519 0.7160407010416667 0.6754687944444444 0.7102841026041666 0.6754260472222222
4 0.7595003020833333 0.5029723564814815 0.7595748541666667 0.5095354805555555 0.7765444286458333 0.5094841833333333 0.7765081604166666 0.5031832435185185 0.7595003020833333 0.5029723564814815
2 0.5648740682291666 0.7549016814814815 0.5648740682291666 0.7685152462962963 0.568881725 0.7684838981481482 0.5689018739583334 0.7549757768518518 0.5648740682291666 0.7549016814814815
2 0.5240983276041666 0.7460330574074073 0.5240580291666667 0.7518352805555556 0.535551078125 0.7516414935185186 0.5354624218749999 0.7462239953703704 0.5240983276041666 0.7460330574074073
4 0.6568023375 0.7411912222222222 0.656784203125 0.7472185805555556 0.6738484786458333 0.747104587962963 0.6737981057291667 0.7413251638888889 0.6568023375 0.7411912222222222
4 0.6003223854166666 0.6837247083333333 0.6003183557291667 0.6891764037037037 0.616167640625 0.6891764037037037 0.6161716703125 0.6836335138888889 0.6003223854166666 0.6837247083333333
3 0.727682853125 0.21454260462962965 0.7278380010416666 0.22467084629629627 0.7291456781250001 0.2248902824074074 0.7294559739583334 0.21454260462962965 0.727682853125 0.21454260462962965
3 0.7726475921875 0.23245084074074074 0.7705923838541667 0.23245084074074074 0.7706568609375 0.2484240527777778 0.7726475921875 0.24860359074074073 0.7726475921875 0.23245084074074074
3 0.8009510375000001 0.19266457685185184 0.8011827526041666 0.1880906240740741 0.7729498286458334 0.18856654351851854 0.7740036270833334 0.1924137935185185 0.7856276447916667 0.19244514074074076 0.7853435421875 0.21510116851851852 0.7741043723958333 0.2150584212962963 0.7740016119791666 0.19244514074074076 0.7720552083333333 0.18536905092592593 0.7707656661458333 0.18678255925925927 0.7706588755208333 0.21970361944444444 0.7887084427083334 0.2198917074074074 0.7887850088541666 0.19266457685185184 0.8009510375000001 0.19266457685185184
3 0.7644992947916667 0.17144200648148147 0.7661615958333333 0.17536335092592592 0.7678259119791666 0.17457965277777776 0.766625025 0.17144200648148147 0.7644992947916667 0.17144200648148147
3 0.7022889380208334 0.21598176111111111 0.7022889380208334 0.24865203796296295 0.6809288734375 0.24854089444444447 0.6808986499999999 0.25138216018518517 0.7040539994791666 0.2515275009259259 0.7041628046875 0.21393844444444443 0.6688152328125 0.21340837870370372 0.6688474713541667 0.20315474537037037 0.666784203125 0.20304930185185185 0.6671045739583333 0.25145055555555557 0.6689260526041667 0.25145340555555556 0.6688696354166667 0.21590481574074075 0.7022889380208334 0.21598176111111111
3 0.6668950229166666 0.2006583074074074 0.6668567401041667 0.20291536018518516 0.6898811203124999 0.2028640638888889 0.6898811203124999 0.20086634351851854 0.6668950229166666 0.2006583074074074
3 0.6692746322916666 0.17479908796296298 0.6694902276041667 0.18424622407407407 0.6709329036458332 0.18424622407407407 0.6708261130208334 0.17487318333333332 0.6692746322916666 0.17479908796296298
3 0.63368325625 0.17196067222222222 0.6336107192708333 0.1513764601851852 0.6319766270833332 0.1513764601851852 0.6321680437499999 0.17458820185185187 0.6389562765625 0.17464519814814816 0.6389582911458334 0.17206896574074074 0.63368325625 0.17196067222222222
3 0.6534696755208333 0.24888002314814817 0.631329840625 0.24880592777777777 0.6313842432291668 0.1776346537037037 0.6292988114583333 0.17771159907407408 0.6293532135416666 0.25160159629629625 0.6536288536458332 0.25160159629629625 0.6534696755208333 0.24888002314814817
3 0.5573765869791667 0.15130236574074074 0.5575015109375 0.16911655740740741 0.5593894822916667 0.16915930462962964 0.5592967963541666 0.15130236574074074 0.5573765869791667 0.15130236574074074
3 0.5661031635416667 0.19330578518518518 0.5661394317708334 0.25078369907407405 0.5694136609375 0.25074380185185186 0.5693370942708333 0.1935679685185185 0.5661031635416667 0.19330578518518518
3 0.5123856536458333 0.22260188055555555 0.5123856536458333 0.2253234537037037 0.5203949223958333 0.2251068675925926 0.5203949223958333 0.22260188055555555 0.5123856536458333 0.22260188055555555
3 0.5580959098958334 0.1963778851851852 0.5578339713541667 0.21737532037037036 0.5627886359375 0.21740666851851853 0.5626657265625 0.24798803055555554 0.5376667338541666 0.2475748074074074 0.5376264354166668 0.2507153037037037 0.5660306265624999 0.2507723 0.5659601046875 0.24815616944444446 0.5642313114583334 0.24814192037037036 0.5642313114583334 0.21502992314814814 0.5598952244791667 0.21486178425925925 0.5599738062499999 0.19686235370370372 0.5661293572916667 0.196534625 0.5659963729166667 0.19383870092592592 0.5398347776041666 0.19380735277777777 0.5398448520833333 0.15146195462962964 0.5379125531250001 0.15135366203703704 0.5376002416666666 0.23157024814814814 0.5398690307291666 0.23134796203703703 0.539595003125 0.19646337962962965 0.5580959098958334 0.1963778851851852
3 0.5319605078125 0.22271017407407406 0.5319625229166667 0.2253291537037037 0.5375055411458334 0.2253234537037037 0.537735240625 0.22282131666666666 0.5319605078125 0.22271017407407406
3 0.5123796088541667 0.2485323453703704 0.5122869234375 0.2510544314814815 0.5245436229166667 0.2511171277777778 0.5245899656249999 0.24846964907407407 0.5123796088541667 0.2485323453703704
3 0.5296715697916666 0.1826845259259259 0.5296715697916666 0.1849444287037037 0.5360185369791667 0.18504132222222222 0.5360185369791667 0.18272727314814813 0.5296715697916666 0.1826845259259259
3 0.6441688494791666 0.17470219444444446 0.6441184765625 0.16968652037037035 0.6425327421875 0.16967227129629628 0.6425831151041667 0.14627529166666667 0.611779165625 0.1462040462962963 0.6117993151041666 0.1509204898148148 0.6388756802083333 0.15119977222222222 0.63910135 0.17461954999999998 0.6441688494791666 0.17470219444444446
3 0.5690590369791667 0.27302650370370374 0.5654402578125001 0.27302650370370374 0.5655188395833334 0.32737247037037037 0.5687527703125 0.32737247037037037 0.5690590369791667 0.27302650370370374
3 0.56449325 0.33016528888888885 0.5645738463541666 0.3561328009259259 0.5663610718750001 0.3560045592592592 0.5663207739583334 0.33016528888888885 0.56449325 0.33016528888888885
3 0.164872053125 0.15155884907407408 0.16474511406249998 0.18250498703703705 0.15665927864583334 0.1825961814814815 0.1565948015625 0.1853206037037037 0.166669353125 0.1853206037037037 0.16664517447916666 0.1515332 0.164872053125 0.15155884907407408
3 0.18258311510416667 0.1462040462962963 0.18258311510416667 0.15128526666666667 0.21184364270833334 0.1513764601851852 0.21197259739583335 0.1462040462962963 0.18258311510416667 0.1462040462962963
3 0.27119887187499997 0.17488173240740743 0.2712633489583334 0.16970931851851853 0.269401571875 0.169618125 0.269401571875 0.1462040462962963 0.23847672760416666 0.14610430277777778 0.23847672760416666 0.15129096574074072 0.2660668947916667 0.15119407222222223 0.265937940625 0.17497292685185187 0.27119887187499997 0.17488173240740743
3 0.2928027401041666 0.16964377314814813 0.29291356041666666 0.17487033333333332 0.30077775520833333 0.1747164435185185 0.3007213380208333 0.1697235675925926 0.2928027401041666 0.16964377314814813
3 0.4329397541666667 0.2550555712962963 0.43303244010416664 0.10607010555555554 0.3866451744791667 0.10646337962962964 0.3866451744791667 0.11286691388888888 0.3910799921875 0.11312909629629629 0.3910799921875 0.12711028796296298 0.3944066088541666 0.12711028796296298 0.3945919807291667 0.11286691388888888 0.4280415072916667 0.11286691388888888 0.4280415072916667 0.1635736675925926 0.3947773526041667 0.16383585092592592 0.3944992947916666 0.1497207185185185 0.39098730625000006 0.1494585351851852 0.3910799921875 0.17102308333333333 0.4282268786458333 0.1708919916666667 0.42831755 0.24891422037037036 0.3957928671875 0.24878312870370373 0.396070925 0.2508748935185185 0.39773322604166667 0.25139640925925927 0.39764054010416666 0.2554488453703704 0.4329397541666667 0.2550555712962963
3 0.3649304854166667 0.13756625833333333 0.3649304854166667 0.11338842962962963 0.369365303125 0.11338842962962963 0.369365303125 0.10620119722222222 0.36483779947916667 0.10620119722222222 0.36483779947916667 0.06150470185185185 0.3495003020833333 0.061373611111111115 0.34954060052083336 0.06858649166666667 0.35996574635416667 0.06880022777777778 0.3600342536458333 0.13756625833333333 0.3649304854166667 0.13756625833333333
3 0.3650413057291667 0.16775719537037037 0.3650413057291667 0.16046451944444445 0.32192625416666665 0.16046451944444445 0.3220934916666666 0.06845825 0.3321841630208333 0.06845825 0.3321841630208333 0.06157024814814815 0.31693733645833333 0.06147050462962962 0.316862784375 0.16932459351851853 0.3138142255208333 0.16945568518518517 0.3139854927083333 0.17478768888888888 0.31704815625 0.1746309490740741 0.3169272619791667 0.21162154444444445 0.3365424140625 0.21157879722222223 0.3366028609375 0.2077429462962963 0.3385412046875 0.20765745185185186 0.3385774734375 0.20434881759259257 0.32169655468749997 0.20457110277777776 0.3220008057291667 0.16765175277777777 0.3650413057291667 0.16775719537037037
3 0.3813781984375 0.4025021370370371 0.3813781984375 0.39836135648148147 0.36660890572916666 0.39742091759259257 0.3665242796875 0.36128811666666666 0.369004634375 0.3614163583333333 0.3691053796875 0.2560131092592593 0.3778218817708333 0.25572812777777776 0.3777856135416667 0.2517583361111111 0.37997179114583335 0.25177828425925924 0.37991134375 0.24879737777777777 0.371533346875 0.24893416944444446 0.3712653635416666 0.20527500740740742 0.35463429375 0.2045226564814815 0.35436832552083336 0.20734397222222223 0.3567620390625 0.20734397222222223 0.35689502291666664 0.21110857777777778 0.36751763020833333 0.2114790537037037 0.36787023958333337 0.24949273333333336 0.3651178723958333 0.24949273333333336 0.36500705208333334 0.3562040462962963 0.3546322786458333 0.3562040462962963 0.35459198072916664 0.36134511296296296 0.36261736875 0.36128811666666666 0.36261736875 0.402690225 0.3813781984375 0.4025021370370371
3 0.30064678645833337 0.3565004277777778 0.30062663697916664 0.36128811666666666 0.3284847875 0.3612140212962963 0.328325609375 0.35652607592592594 0.30064678645833337 0.3565004277777778
3 0.25402377604166665 0.35644913055555555 0.25418496875 0.36121687129629626 0.2746121296875 0.3613650611111111 0.27455772708333337 0.35644913055555555 0.25402377604166665 0.35644913055555555
3 0.19157364479166666 0.3564975777777778 0.19157364479166666 0.36140210925925925 0.20414870052083334 0.36140210925925925 0.2042151921875 0.35658592222222224 0.19157364479166666 0.3564975777777778
3 0.16091073958333332 0.3613736111111111 0.1609913359375 0.3563750351851852 0.15720330468750002 0.3564434314814815 0.15701390312500002 0.33002279814814817 0.13736852708333333 0.3294414361111111 0.13717509583333334 0.26952408055555555 0.13238565364583332 0.26971216851851854 0.13225266979166667 0.33689940185185185 0.152343340625 0.3370846398148148 0.15194438854166667 0.36117412407407407 0.16091073958333332 0.3613736111111111
3 0.13218416302083333 0.2194471361111111 0.13232520677083334 0.25149615277777776 0.13719121510416665 0.2514619546296296 0.1371871854166667 0.21933314351851851 0.13218416302083333 0.2194471361111111
3 0.1370824098958333 0.20113422592592592 0.1370824098958333 0.18513821574074074 0.15650816041666668 0.18457395277777777 0.15664114427083334 0.15145055555555556 0.168351803125 0.15145055555555556 0.1684847875 0.14674551111111112 0.15185170260416667 0.14655742407407407 0.15198468645833335 0.1783642064814815 0.13215998385416666 0.17854944444444446 0.13202498489583334 0.20113422592592592 0.1370824098958333 0.20113422592592592
4 0.33233125104166666 0.06172698796296297 0.33239572864583333 0.06817041851851853 0.3493995567708333 0.06826161296296297 0.3492081401041667 0.06163579351851852 0.33233125104166666 0.06172698796296297
3 0.39126133385416667 0.17123396944444444 0.3931775135416667 0.17595896296296298 0.39469272604166666 0.1739412935185185 0.39371146458333334 0.17116842407407407 0.39126133385416667 0.17123396944444444
2 0.39459601041666664 0.17411798240740742 0.3898811203125 0.18036477592592592 0.39486600833333335 0.18975776574074074 0.3992363489583333 0.1855970361111111 0.39459601041666664 0.17411798240740742
2 0.39580697135416665 0.23273867222222222 0.399595003125 0.23255058425925926 0.399595003125 0.2203220287037037 0.39308885729166665 0.22025933333333333 0.39602861197916667 0.2280136787037037 0.39580697135416665 0.23273867222222222
2 0.38010276041666663 0.2515246509259259 0.39573846458333334 0.2518837277777778 0.39573846458333334 0.22788828703703704 0.37965948020833334 0.22867198611111111 0.38010276041666663 0.2515246509259259
3 0.39753777968750004 0.23261612962962963 0.39742897447916664 0.24850099722222221 0.39951440677083333 0.24850099722222221 0.39951440677083333 0.2324679398148148 0.39753777968750004 0.23261612962962963
2 0.17667942760416666 0.2181732685185185 0.17667942760416666 0.2123653462962963 0.16673383020833335 0.21200057037037037 0.166925246875 0.21799088055555554 0.17667942760416666 0.2181732685185185
4 0.36947209375 0.10649757777777778 0.369365303125 0.1130778 0.3865303244791667 0.1130778 0.3866915171875 0.1064206324074074 0.36947209375 0.10649757777777778
2 0.3624199072916667 0.16035052685185186 0.3624199072916667 0.1378056425925926 0.34440257916666667 0.1381333712962963 0.34401773125 0.16024223425925926 0.3624199072916667 0.16035052685185186
2 0.33491638125 0.16793958425925926 0.3349123515625 0.17996580185185185 0.3407918598958333 0.17974351666666666 0.3406810395833333 0.16801082962962963 0.33491638125 0.16793958425925926
3 0.33490832135416665 0.18020518703703703 0.33467660677083333 0.20416357962962964 0.3369091276041667 0.20427472222222223 0.33667338281250003 0.18022798518518518 0.33490832135416665 0.18020518703703703
2 0.33821881927083336 0.18369051018518517 0.33853113020833336 0.20787118796296294 0.35423534166666665 0.2078683388888889 0.35439048958333336 0.18379310370370372 0.33821881927083336 0.18369051018518517
2 0.29625831145833337 0.1819150759259259 0.29625831145833337 0.19861498981481482 0.3089623213541667 0.19861498981481482 0.3089623213541667 0.18173553703703704 0.29625831145833337 0.1819150759259259
2 0.2804916380208333 0.25174408703703705 0.2940942979166667 0.25192647500000004 0.2938384041666666 0.23095468796296295 0.2809389484375 0.23150470185185185 0.2804916380208333 0.25174408703703705
2 0.2960830140625 0.2331404962962963 0.29576264375 0.252108862962963 0.3078259119791667 0.252108862962963 0.30776143437500003 0.23322883981481482 0.2960830140625 0.2331404962962963
2 0.316564578125 0.27929039629629626 0.316564578125 0.3003676259259259 0.32993552291666667 0.3006754064814815 0.3296050776041667 0.27929039629629626 0.316564578125 0.27929039629629626
2 0.26560346562500003 0.2791023083333333 0.26573644947916664 0.300182387962963 0.27837799739583335 0.300182387962963 0.2790429177083333 0.27929039629629626 0.26560346562500003 0.2791023083333333
2 0.19615353593749998 0.27246223981481477 0.1962421921875 0.25090054166666664 0.17840822083333335 0.25051011666666667 0.17895829114583334 0.27168139074074077 0.19615353593749998 0.27246223981481477
2 0.16412452135416666 0.23113707592592592 0.16412452135416666 0.24800227962962965 0.17738464635416668 0.2476232546296296 0.17717106614583333 0.23121402129629628 0.16412452135416666 0.23113707592592592
3 0.4159480151041667 0.21995440277777778 0.4156820473958333 0.19247648888888888 0.42792262760416666 0.1928555148148148 0.42792262760416666 0.18815047037037036 0.4120894619791667 0.18852664537037037 0.41209181822916663 0.1885497712962963 0.4002699979166667 0.18812482222222224 0.3992464234375 0.18573952685185185 0.39758412239583335 0.18739526944444443 0.3977191213541667 0.2203305787037037 0.4159480151041667 0.21995440277777778
3 0.4125144947916667 0.19271270833333334 0.4010235744791667 0.19258478240740742 0.4010336489583333 0.2150584212962963 0.4123332661458334 0.215001425 0.4125144947916667 0.19271270833333334
2 0.18595204531249998 0.18974921666666666 0.1861454765625 0.1750470222222222 0.17401773125 0.17495582777777777 0.17382430000000001 0.18947563425925928 0.18595204531249998 0.18974921666666666
4 0.16863389062499998 0.14640353333333334 0.16855329427083332 0.15100598425925926 0.18260326406250002 0.1509945851851852 0.18251460833333333 0.14639498425925926 0.16863389062499998 0.14640353333333334
4 0.212651621875 0.1910287833333333 0.21254483177083333 0.19677685925925928 0.23382631458333333 0.19670276388888888 0.23382631458333333 0.19095468796296297 0.212651621875 0.1910287833333333
4 0.21213781979166668 0.14550869166666666 0.21213781979166668 0.15162439444444445 0.23819665520833333 0.15162439444444445 0.23808583541666667 0.14566258148148148 0.21213781979166668 0.14550869166666666
4 0.30098932083333335 0.16991450555555557 0.30098932083333335 0.1744457111111111 0.3137557927083333 0.1747192935185185 0.313691315625 0.16999999999999998 0.30098932083333335 0.16991450555555557
3 0.29649405625 0.17508121944444444 0.29630062447916666 0.1819806212962963 0.29784203125000003 0.18207181574074074 0.2977775536458333 0.17508121944444444 0.29649405625 0.17508121944444444
4 0.2714668546875 0.16909660833333334 0.2713338708333334 0.17495582777777777 0.292677815625 0.1748304361111111 0.292677815625 0.16896836666666668 0.2714668546875 0.16909660833333334
4 0.27145476510416666 0.1985693925925926 0.2714608098958333 0.20444856111111112 0.29269595 0.2045597037037037 0.29269595 0.19866058703703704 0.27145476510416666 0.1985693925925926
3 0.3546242192708334 0.32993160462962967 0.3544952651041667 0.33210886296296294 0.36489220208333334 0.33210886296296294 0.36489220208333334 0.32965802222222224 0.3546242192708334 0.32993160462962967
4 0.3286359057291667 0.32630094074074073 0.3285069515625 0.33220005740740743 0.3541748942708333 0.33238244537037037 0.35436832552083336 0.32630094074074073 0.3286359057291667 0.32630094074074073
4 0.32857142864583333 0.35634368796296295 0.32857142864583333 0.3618780277777778 0.3546242192708334 0.3621516101851852 0.35455974218749997 0.3566144203703704 0.32857142864583333 0.35634368796296295
4 0.27469877083333333 0.3564890277777778 0.274652428125 0.3619720722222222 0.3005077572916666 0.3620832148148148 0.3004070119791667 0.3566144203703704 0.27469877083333333 0.3564890277777778
4 0.27456175677083333 0.32667711574074076 0.27483981458333334 0.3320347675925926 0.3005258916666667 0.3322969509259259 0.30061857760416666 0.3268053574074074 0.27456175677083333 0.32667711574074076
3 0.2565061453125 0.2516984898148148 0.25659883125 0.19628669166666668 0.23100342552083333 0.1969392990740741 0.23100342552083333 0.1992932462962963 0.25456578697916665 0.19981476203703705 0.25465847291666666 0.2514363064814815 0.2565061453125 0.2516984898148148
1 0 0 0 1 1 1 1 0 0 0
4 0.20449929479166667 0.3263294388888889 0.2044448921875 0.3324280425925926 0.25379004635416663 0.3324280425925926 0.25379004635416663 0.3264377314814815 0.20449929479166667 0.3263294388888889
4 0.20431996770833333 0.356352237037037 0.20431996770833333 0.3619492731481481 0.2539975822916667 0.36210031388888886 0.2539975822916667 0.35642633240740745 0.20431996770833333 0.356352237037037
4 0.16096111197916668 0.35665716759259264 0.16096111197916668 0.36210316296296297 0.19160386875000002 0.36212596203703706 0.19160789843749998 0.35633228796296296 0.16096111197916668 0.35665716759259264
4 0.16126939375 0.3264890277777778 0.16111424531250002 0.3321544601851852 0.19122305052083333 0.3324793388888889 0.19114446927083334 0.3267084638888889 0.16126939375 0.3264890277777778
4 0.15270199479166668 0.2512795666666667 0.15242393697916665 0.2814705046296296 0.15722949843749998 0.2814705046296296 0.1570441265625 0.2514106583333333 0.15270199479166668 0.2512795666666667
4 0.1325952046875 0.2512795666666667 0.1322244609375 0.2694471361111111 0.13703002239583334 0.26918495277777776 0.13703002239583334 0.2512795666666667 0.1325952046875 0.2512795666666667
4 0.13244811614583335 0.20095183796296295 0.13226274427083334 0.2191165574074074 0.1371589765625 0.2191165574074074 0.13706830520833335 0.20108292962962965 0.13244811614583335 0.20095183796296295
3 0.3291436630208333 0.21590481574074075 0.3292726171875 0.2485779425925926 0.3080959098958333 0.24848674814814814 0.30796695572916666 0.2513907092592592 0.33094096302083337 0.2512111712962963 0.33068305468750003 0.21354516944444443 0.2957747328125 0.2133627814814815 0.29583920989583334 0.20392419537037038 0.2942353416666667 0.2040153888888889 0.2941708645833333 0.25093758888888884 0.29571227083333335 0.25093758888888884 0.2957747328125 0.21563123425925926 0.3291436630208333 0.21590481574074075
3 0.31678218802083336 0.2028697638888889 0.3166935322916667 0.20066685648148147 0.297709046875 0.2007893990740741 0.29775539010416663 0.1985237962962963 0.29280878489583334 0.1985209462962963 0.2928027401041666 0.20129381574074073 0.296193834375 0.20123112037037036 0.2962885354166667 0.2028127675925926 0.31678218802083336 0.2028697638888889
3 0.2604714890625 0.1720775148148148 0.2604714890625 0.1513850101851852 0.25873463645833333 0.1516585925925926 0.25899455989583337 0.1747107435185185 0.26592383645833334 0.17489028240740742 0.26592383645833334 0.17198917037037037 0.2604714890625 0.1720775148148148
3 0.271188796875 0.20112282685185184 0.27112834999999996 0.19848104907407407 0.26099536562500003 0.19847819907407407 0.2609329036458333 0.19085494444444445 0.23404594010416666 0.1906725564814815 0.23410840208333333 0.19322599074074073 0.258942171875 0.19303505277777777 0.2590711265625 0.2008378453703704 0.271188796875 0.20112282685185184
3 0.25813822291666666 0.24880592777777777 0.25798105989583336 0.20470219444444446 0.25682651614583335 0.20470219444444446 0.25682853125 0.2515275009259259 0.28023574427083336 0.2513109148148148 0.28039089270833334 0.24913365648148147 0.25813822291666666 0.24880592777777777
3 0.19320975208333332 0.19654887407407406 0.1928410234375 0.2505215157407408 0.196167640625 0.2505215157407408 0.1963530125 0.1961556 0.19320975208333332 0.19654887407407406
3 0.35463630885416664 0.21409233425925925 0.3547854119791667 0.22491308055555556 0.3562704010416667 0.22485893425925926 0.35623211770833335 0.21409233425925925 0.35463630885416664 0.21409233425925925
3 0.36517025989583335 0.2525733824074074 0.36509167864583336 0.25017953796296294 0.3563147291666667 0.2505044175925926 0.35639129583333334 0.24157309814814817 0.35469675625 0.24146480462962963 0.3545416078125 0.2571501851851852 0.35646987708333333 0.25736107129629626 0.3562361473958333 0.2525733824074074 0.36517025989583335 0.2525733824074074
3 0.3563147291666667 0.27925619814814817 0.35600644791666664 0.27348532314814816 0.35446705624999997 0.2733770305555555 0.35477533749999995 0.27947563425925925 0.3297481364583333 0.27925619814814817 0.32982671770833333 0.2824137935185185 0.3650151119791667 0.28230550000000004 0.3653233932291667 0.27958392685185185 0.3563147291666667 0.27925619814814817
3 0.3005661895833333 0.33017953796296295 0.3004996979166667 0.33217440833333334 0.32847471302083336 0.3322656027777778 0.3284787427083333 0.3299088055555556 0.3005661895833333 0.33017953796296295
3 0.3161898046875 0.326357937037037 0.3161898046875 0.27952978055555555 0.27922828958333334 0.27963807314814815 0.27922828958333334 0.2821430611111111 0.31464839791666666 0.2825790824074074 0.31464839791666666 0.3262524935185185 0.3161898046875 0.326357937037037
3 0.2621801328125 0.2791308064814815 0.26264154739583334 0.3272242805555555 0.26575256927083335 0.3270447416666667 0.26536369114583336 0.2791251064814815 0.2621801328125 0.2791308064814815
3 0.25395526875 0.3298375601851852 0.25396534374999996 0.33243659166666667 0.2746040703125 0.33256483333333337 0.27446705625 0.3297919638888889 0.25395526875 0.3298375601851852
3 0.19241587760416667 0.27283271574074075 0.19306266354166668 0.32667711574074076 0.19592786614583335 0.32667711574074076 0.19602055208333333 0.2727016240740741 0.19241587760416667 0.27283271574074075
3 0.19128954270833332 0.32964662314814813 0.19134193020833334 0.33236819629629627 0.20439048958333333 0.3326731259259259 0.20439048958333333 0.3298746083333333 0.19128954270833332 0.32964662314814813
3 0.1571670359375 0.3299715018518518 0.15722345364583334 0.3323938444444444 0.16080394947916668 0.3324679398148148 0.160749546875 0.3299715018518518 0.1571670359375 0.3299715018518518
3 0.15257304062500002 0.2820091194444444 0.15246625 0.32965232222222224 0.15444489218750002 0.3298803074074074 0.1545516822916667 0.281929325 0.15257304062500002 0.2820091194444444
3 0.16454765260416665 0.1935138212962963 0.16472496458333333 0.2311684240740741 0.166721740625 0.2311057277777778 0.16654442864583335 0.19650897685185184 0.18508361874999998 0.19657167314814813 0.18508361874999998 0.21724137962962964 0.18954060052083335 0.2173667712962963 0.18956276458333335 0.2478540898148148 0.16491436614583332 0.24796523240740742 0.16491436614583332 0.2504730694444445 0.193022365625 0.2504730694444445 0.1929780375 0.24801082962962964 0.19131573645833333 0.24780564259259258 0.19126939375 0.21491878055555555 0.1867801734375 0.21498147592592592 0.18681241197916665 0.19333998333333335 0.21251460833333333 0.19349672314814814 0.21251460833333333 0.19081504722222223 0.18655651822916666 0.1905500138888889 0.18652427968750002 0.18971786851851852 0.1844408625 0.18987460833333333 0.18451742916666666 0.19370190925925926 0.1667539796875 0.19388999722222222 0.16666532343749998 0.19079509814814816 0.15477332239583333 0.19079509814814816 0.15476727760416667 0.18513821574074074 0.15254281666666666 0.1853263037037037 0.15267177135416665 0.25150755185185186 0.15449123489583333 0.25150755185185186 0.15444489218750002 0.19337133055555555 0.16454765260416665 0.1935138212962963
3 0.18426959479166666 0.15134796203703704 0.18431392291666665 0.1746053009259259 0.1866310697916667 0.17453975462962965 0.18658674166666664 0.15141065833333334 0.18426959479166666 0.15134796203703704
3 0.5557364494791667 0.14611570277777777 0.5557364494791667 0.15118837314814815 0.5849405598958334 0.1510971787037037 0.5850070520833334 0.14611570277777777 0.5557364494791667 0.14611570277777777
3 0.6658170463541667 0.1695468796296296 0.6658130161458333 0.17458820185185187 0.6737981057291667 0.17458820185185187 0.6737034052083334 0.16981191203703702 0.6658170463541667 0.1695468796296296
3 0.7676949427083334 0.1273240240740741 0.7677775536458333 0.11320604166666666 0.8010719322916666 0.11356226851851851 0.8010719322916666 0.1639042462962963 0.7678903890625001 0.16366486203703703 0.7678863588541667 0.14962952407407407 0.7639975822916667 0.14962382407407407 0.7639975822916667 0.1711000287037037 0.8009812614583333 0.1711000287037037 0.8015635703124999 0.2487375324074074 0.7687003828125001 0.24872613240740737 0.7687507557291667 0.2516671416666667 0.7707293973958333 0.25170703888888885 0.770679025 0.2558136222222222 0.8060024177083334 0.25589911666666665 0.8058472697916667 0.10667711574074075 0.7595708239583333 0.10642918240740741 0.7596816442708333 0.11332003425925927 0.7641305661458334 0.11350527222222223 0.7641910135416666 0.12735537222222224 0.7676949427083334 0.1273240240740741
3 0.7378924036458333 0.13781704166666667 0.7381180739583333 0.11343972685185186 0.7426274432291666 0.11343402685185185 0.7426274432291666 0.1062724425925926 0.7378924036458333 0.10626959259259258 0.7378924036458333 0.06133941296296296 0.7225710255208334 0.061185523148148145 0.722573040625 0.06850954722222223 0.733048559375 0.06867198611111111 0.7329357244791667 0.13781704166666667 0.7378924036458333 0.13781704166666667
3 0.6899899255208334 0.2114306074074074 0.7097541807291667 0.21170703888888887 0.7098045536458333 0.20768595 0.7115917791666667 0.20770019907407408 0.7115958088541666 0.20454830462962964 0.6949909328125 0.20443431203703705 0.6948559338541667 0.16738387037037036 0.7379971791666667 0.16776859537037037 0.7378742697916666 0.1604987175925926 0.6948599635416667 0.16045312037037035 0.6950513802083333 0.06854659444444444 0.7055611526041666 0.06827016203703704 0.7055611526041666 0.06138786018518519 0.6899778359375 0.06138501018518518 0.6898871651041667 0.16968652037037035 0.6866935322916666 0.1696010259259259 0.6867036067708334 0.1747734398148148 0.6899899255208334 0.17481618703703702 0.6899899255208334 0.2114306074074074
3 0.7397118677083333 0.3614163583333333 0.7420955067708334 0.3614163583333333 0.7421337901041666 0.25574237685185186 0.750854321875 0.25590481574074075 0.7508079791666666 0.25185807962962964 0.75283699375 0.25185807962962964 0.7527443078125 0.24849814722222222 0.7444186984375 0.2485636935185185 0.7445335484375001 0.20451695648148147 0.7276707635416667 0.20435451666666665 0.7276707635416667 0.20735537222222222 0.7294700786458334 0.20725847777777778 0.7294700786458334 0.21143345648148149 0.7403586541666667 0.21143345648148149 0.740404996875 0.24852949537037036 0.7383276244791667 0.24865488703703703 0.738158371875 0.35627529166666666 0.7276224057291666 0.35634653703703706 0.7277030020833333 0.36128811666666666 0.7354160791666666 0.36147335462962965 0.7352367520833333 0.40271872314814816 0.7543481765625 0.4027956685185185 0.7543381020833333 0.3977286972222222 0.7396211968749999 0.3977286972222222 0.7397118677083333 0.3614163583333333
3 0.6735099739583333 0.35639498425925925 0.6735099739583333 0.3614277574074074 0.70132178125 0.3614277574074074 0.7015454364583333 0.35639498425925925 0.6735099739583333 0.35639498425925925
3 0.6270320369791667 0.35634368796296295 0.6271106187500001 0.36136791111111116 0.6475821078125 0.36136791111111116 0.6475821078125 0.35634368796296295 0.6270320369791667 0.35634368796296295
3 0.5644731010416667 0.3563094898148148 0.564563771875 0.3615588490740741 0.5771730807291667 0.3614220574074074 0.5773604677083333 0.3564405814814815 0.5644731010416667 0.3563094898148148
3 0.5249002619791666 0.3611456259259259 0.5336590770833334 0.3614448564814815 0.5336590770833334 0.35651467685185184 0.5302639531250001 0.35633228796296296 0.5299597015625 0.3306583074074074 0.5099355229166667 0.3295269305555556 0.5102579083333334 0.26947848425925924 0.5054463026041667 0.26947848425925924 0.5052891395833333 0.3367768592592592 0.5251319765625 0.3369392990740741 0.5249002619791666 0.3611456259259259
3 0.5050957083333334 0.21898261574074074 0.5049607093749999 0.25145625555555556 0.5103022364583334 0.25145625555555556 0.5100362682291667 0.21899401574074076 0.5050957083333334 0.21898261574074074
3 0.5049204109375 0.20089484166666668 0.5102619385416667 0.20089484166666668 0.5102619385416667 0.18503562222222222 0.5296171671875 0.18465659722222222 0.52969171875 0.15104873148148149 0.5414970781249999 0.15123681944444445 0.5413640942708333 0.14632943888888889 0.5244892203125 0.1464177824074074 0.5245597421875 0.17785408981481482 0.5049204109375 0.17805072685185183 0.5049204109375 0.20089484166666668
2 0.7079911343749999 0.16765745185185185 0.7080274026041666 0.18005414629629632 0.7138928067708333 0.1802137361111111 0.7135603463541667 0.16765460277777777 0.7079911343749999 0.16765745185185185
2 0.6387285916666666 0.27888002314814814 0.6388172473958333 0.3003704759259259 0.6522305057291666 0.3003106296296296 0.6523191619791666 0.27881732685185184 0.6387285916666666 0.27888002314814814
2 0.6892162000000001 0.27875463055555555 0.6893048557291667 0.3003704759259259 0.7028974411458333 0.3005614138888889 0.7027624421875001 0.27881732685185184 0.6892162000000001 0.27875463055555555
2 0.7665504734374999 0.22127956666666668 0.7692927666666667 0.22872328333333333 0.7701571630208334 0.23243089166666667 0.772476325 0.23233114814814815 0.7724561755208333 0.2196751212962963 0.7696373161458333 0.21958962685185185 0.7665504734374999 0.22127956666666668
2 0.7679044932291668 0.17475634074074076 0.7623856536458333 0.17874893148148147 0.7672617369791667 0.18954972962962963 0.7721398348958334 0.18519236203703704 0.7679044932291668 0.17475634074074076
4 0.7426677411458333 0.1062040462962963 0.7427221437499999 0.11278141944444445 0.7596211968750001 0.1128498148148148 0.7595123916666666 0.10635223703703704 0.7426677411458333 0.1062040462962963
2 0.7176022567708333 0.16025363333333334 0.7354704817708334 0.16019093796296296 0.7353818255208334 0.137879737962963 0.7183578479166666 0.1377514962962963 0.7176022567708333 0.16025363333333334
3 0.707823896875 0.18025648333333333 0.7078883739583334 0.20439726388888887 0.7098126135416667 0.20430607037037035 0.7098126135416667 0.1803476777777778 0.707823896875 0.18025648333333333
2 0.7117146885416666 0.20827016203703702 0.7276224057291666 0.20815616944444443 0.7274994963541667 0.18387574814814814 0.7116361072916667 0.18354801944444446 0.7117146885416666 0.20827016203703702
2 0.6691416484375 0.18424337407407407 0.6690288130208334 0.20057851203703705 0.6818778963541666 0.20068395555555557 0.6817287932291667 0.1841920777777778 0.6691416484375 0.18424337407407407
2 0.6690267984375 0.251917925 0.6808986499999999 0.251735537037037 0.6806387265624999 0.23304360185185186 0.6690872458333333 0.23304360185185186 0.6690267984375 0.251917925
2 0.65373564375 0.25184383055555554 0.6671468869791667 0.25202621851851853 0.6668909932291667 0.23096893703703703 0.6538001208333333 0.23187802777777777 0.65373564375 0.25184383055555554
2 0.56919000625 0.27234824722222223 0.56919000625 0.25091479074074075 0.5514487203125 0.25078369907407405 0.552369534375 0.2716956398148148 0.56919000625 0.27234824722222223
4 0.7057082411458333 0.061533199999999996 0.7056699578125 0.06820461666666666 0.7224904291666667 0.06835850648148148 0.7223796088541667 0.061533199999999996 0.7057082411458333 0.061533199999999996
2 0.560211565625 0.17273297222222223 0.560211565625 0.19371900833333333 0.5639613135416667 0.19365061296296296 0.5637295989583334 0.17267027685185185 0.560211565625 0.17273297222222223
2 0.5205520854166666 0.22254773425925925 0.5205520854166666 0.2278540898148148 0.5318013296874999 0.22805642592592593 0.5319161796874999 0.22260188055555555 0.5205520854166666 0.22254773425925925
4 0.5850533953125 0.14537475092592592 0.5850533953125 0.154414362962963 0.6118496875 0.15462809907407407 0.6116179729166666 0.1452664574074074 0.5850533953125 0.14537475092592592
4 0.673929075 0.1698261611111111 0.6740056416666668 0.1741835277777778 0.6864799515625 0.1746167 0.6865585333333333 0.1700427472222222 0.673929075 0.1698261611111111
2 0.5399395526041667 0.2181960675925926 0.5498327625 0.21804502685185184 0.5496675395833334 0.2125306351851852 0.5399355229166667 0.2126731259259259 0.5399395526041667 0.2181960675925926
2 0.5371589765625 0.23150755185185184 0.5371589765625 0.2475406101851852 0.5504191015625001 0.24738956944444446 0.5502075359374999 0.2316585925925926 0.5371589765625 0.23150755185185184
4 0.6441285510416667 0.1691735537037037 0.6439754182291666 0.17777714444444445 0.6657666734375 0.17821031666666667 0.6659963729166667 0.1691735537037037 0.6441285510416667 0.1691735537037037
4 0.7014688697916667 0.35339127962962963 0.7016582713541666 0.36201196944444447 0.7275317348958333 0.3618865777777778 0.7274370338541666 0.35299800555555555 0.7014688697916667 0.35339127962962963
4 0.6475095708333334 0.3531290962962963 0.6475095708333334 0.3618837277777778 0.6736590770833334 0.3620148194444444 0.6737517630208333 0.35325733796296294 0.6475095708333334 0.3531290962962963
4 0.5772778562499999 0.3527329722222222 0.577144871875 0.3621886574074074 0.6271428572916666 0.3619350240740741 0.6269635302083334 0.3528583638888889 0.5772778562499999 0.3527329722222222
3 0.5300040296875 0.33007979444444446 0.5301632078125 0.3326503277777778 0.5336933307291667 0.33249643796296297 0.5338001208333334 0.33007694537037036 0.5300040296875 0.33007979444444446
4 0.5337477333333334 0.35632088888888885 0.5336893010416667 0.36199772037037037 0.5644328026041666 0.3621544601851852 0.564281684375 0.35647192962962965 0.5337477333333334 0.35632088888888885
4 0.5340016119791666 0.32624394444444443 0.5339592989583333 0.3324080935185185 0.5644731010416667 0.3325220861111111 0.5644428770833334 0.3264006842592593 0.5340016119791666 0.32624394444444443
4 0.5054039895833333 0.25163864351851856 0.5054039895833333 0.26928184629629626 0.5126415473958333 0.2693901398148148 0.5125649807291667 0.2517469361111111 0.5054039895833333 0.25163864351851856
4 0.50541809375 0.20104018240740743 0.50541809375 0.21882587592592592 0.5126052791666666 0.2191906527777778 0.5126677411458334 0.20104018240740743 0.50541809375 0.20104018240740743
4 0.5398247026041666 0.16772299814814814 0.5398247026041666 0.17262182962962963 0.5576022567708333 0.17271302407407407 0.5574712875 0.16781419166666667 0.5398247026041666 0.16772299814814814
4 0.5415131979166666 0.1464804787037037 0.5416240177083333 0.15102878333333333 0.5557042109375 0.1510344824074074 0.5555954062499999 0.1463237388888889 0.5415131979166666 0.1464804787037037
3 0.6353173484375 0.2790852092592593 0.6356518234375 0.3537874037037037 0.6388253072916666 0.3538016527777778 0.6386439651041667 0.2790852092592593 0.6353173484375 0.2790852092592593
3 0.6895526901041666 0.35307495 0.6890912755208334 0.27962667407407404 0.6524078177083333 0.2794984324074074 0.6525005036458332 0.28224280462962964 0.687797703125 0.282502137037037 0.6878883739583334 0.3526845259259259 0.6895526901041666 0.35307495
3 0.7379246421875 0.2824194925925926 0.7379246421875 0.27942718703703706 0.7293914968749999 0.2793359935185185 0.7294559739583334 0.27379880277777774 0.7275297197916667 0.27370760925925924 0.7275941968749999 0.2791536046296296 0.7029538583333333 0.27942718703703706 0.70288938125 0.2824194925925926 0.7379246421875 0.2824194925925926
3 0.7294841828125 0.2526303787037037 0.7382087447916666 0.25273012222222224 0.7381865807291667 0.2502336851851852 0.7294841828125 0.2502336851851852 0.72940963125 0.24177828425925924 0.7276365104166668 0.24162724444444444 0.7276365104166668 0.2566571675925926 0.7294398546875001 0.2566514675925926 0.7294841828125 0.2526303787037037
4 0.7225307276041666 0.5528897120370371 0.7226153536458334 0.55923055 0.7395123916666667 0.55923055 0.739673584375 0.5528013675925926 0.7225307276041666 0.5528897120370371
4 0.7068204713541667 0.8439555425925926 0.70688091875 0.849980050925926 0.7324863994791666 0.8499316046296297 0.7325408020833333 0.8439555425925926 0.7068204713541667 0.8439555425925926
4 0.7066935322916666 0.8717127388888889 0.7065585333333334 0.8776375037037037 0.7328510979166667 0.8775748074074075 0.7328510979166667 0.8716500425925925 0.7066935322916666 0.8717127388888889
4 0.6519262541666666 0.8437902537037036 0.6519584927083333 0.8498746083333334 0.6777654645833333 0.8500085490740741 0.67766471875 0.8438728981481481 0.6519262541666666 0.8437902537037036
4 0.6517751359375 0.8719264750000001 0.6518033447916667 0.8776375037037037 0.6778782994791667 0.8774807638888888 0.6778782994791667 0.8718181814814815 0.6517751359375 0.8719264750000001
4 0.58238766875 0.8717098888888889 0.5822587145833332 0.8773382731481482 0.6318617770833334 0.8774294666666667 0.6317973 0.8719834712962964 0.58238766875 0.8717098888888889
4 0.5825609510416666 0.839794812962963 0.5825045333333333 0.8454830435185184 0.6316623010416667 0.8458763175925926 0.6316643161458334 0.8396950694444445 0.5825609510416666 0.839794812962963
4 0.5423413260416667 0.8470561416666668 0.5424319968750001 0.8531718435185186 0.5680979244791666 0.8533599314814815 0.5681422526041667 0.847309775 0.5423413260416667 0.8470561416666668
4 0.5422607291666667 0.877492162962963 0.5422063265625 0.8830122546296296 0.5682490427083333 0.8830094046296296 0.5681946401041666 0.877492162962963 0.5422607291666667 0.877492162962963
4 0.5180858354166666 0.8773268740740741 0.5183921015624999 0.8821202620370371 0.5307898447916667 0.8817925333333333 0.5309449927083334 0.8773268740740741 0.5180858354166666 0.8773268740740741
4 0.5441204916666667 0.7037361074074074 0.5441345958333332 0.7080393277777778 0.5618920010416667 0.7082388148148148 0.5618194640625 0.7035850666666668 0.5441204916666667 0.7037361074074074
4 0.54716300625 0.679988600925926 0.54716300625 0.6844514111111112 0.5612814828125 0.6845255055555556 0.5612814828125 0.679988600925926 0.54716300625 0.679988600925926
3 0.6476183760416667 0.7082986601851852 0.6476727786458334 0.6895411796296297 0.6456941364583333 0.6894670842592593 0.6456941364583333 0.7113992592592593 0.6531795286458333 0.7113992592592593 0.6531795286458333 0.7083727555555556 0.6476183760416667 0.7082986601851852
3 0.6567277854166667 0.7437019092592593 0.6567277854166667 0.7412368194444444 0.6479266572916667 0.7412881166666667 0.6478521057291666 0.7288914222222221 0.6214487203125 0.7287346824074074 0.6214870036458334 0.7314135083333334 0.6458835380208333 0.731518950925926 0.6459218213541666 0.7438073527777779 0.6567277854166667 0.7437019092592593
3 0.645180334375 0.7466201194444445 0.6434152729166667 0.7466942148148148 0.6433649005208333 0.7716386435185185 0.6564718921875 0.771738387037037 0.6565222645833334 0.7691650046296297 0.645180334375 0.7691593046296297 0.645180334375 0.7466201194444445
3 0.6695103765624999 0.769031062962963 0.6694499296875001 0.7717896833333333 0.6809590973958334 0.7717953833333333 0.6809590973958334 0.7690823592592593 0.6695103765624999 0.769031062962963
3 0.6828793067708333 0.7715787972222222 0.6828793067708333 0.7209062407407407 0.7059802536458334 0.7212824166666667 0.7059802536458334 0.7687802796296296 0.6946443682291666 0.7685522944444444 0.6945355630208333 0.7716528925925926 0.7074229296875 0.7716528925925926 0.7076365104166666 0.7190139638888888 0.6827725166666667 0.7190909092592593 0.6827866208333333 0.707115987037037 0.6811102156250001 0.7070903388888888 0.6810598427083333 0.7413251638888889 0.6739492244791666 0.7414363064814815 0.6739089260416667 0.743667712037037 0.6810618578125 0.7438216018518519 0.6811142453125 0.7715787972222222 0.6828793067708333 0.7715787972222222
3 0.7076949427083333 0.7715531490740741 0.7141446703125 0.7717298379629629 0.7142514609375 0.769612425 0.7084585937500001 0.7696779712962963 0.7084585937500001 0.7422057564814815 0.7141124317708333 0.7423026500000001 0.7141446703125 0.7399658018518518 0.7074612130208333 0.7400398972222223 0.7076949427083333 0.7715531490740741
3 0.6391476927083333 0.7965716731481481 0.639224259375 0.8403533768518519 0.6423816239583334 0.8403533768518519 0.6424622203125 0.7965688231481481 0.6391476927083333 0.7965716731481481
3 0.6931875880208334 0.8443288685185185 0.6929558734375 0.7970618407407407 0.6560729395833333 0.796736962037037 0.6559943583333333 0.7997834138888888 0.6913399156250001 0.7997834138888888 0.6913399156250001 0.8441122824074074 0.6931875880208334 0.8443288685185185
3 0.7419040901041666 0.799814762037037 0.7418577473958333 0.796537475 0.7331251260416667 0.7966001712962962 0.7330344552083333 0.788281562037037 0.7313540197916667 0.7883727555555556 0.7313318557291667 0.7967939583333333 0.7065202500000001 0.7968538046296296 0.7062986098958334 0.799814762037037 0.7419040901041666 0.799814762037037
3 0.7331251260416667 0.7696779712962963 0.7330949020833334 0.7635138212962963 0.7313278260416667 0.7634710740740741 0.7313781984375001 0.7723339981481482 0.7417731213541666 0.7723909944444445 0.7417348380208334 0.7696580222222222 0.7331251260416667 0.7696779712962963
3 0.7313882734374999 0.7399601027777778 0.7314688697916666 0.7474180675925925 0.7332762442708333 0.7474038185185186 0.733145275 0.7399031064814815 0.7313882734374999 0.7399601027777778
3 0.7325730406250001 0.8472812768518518 0.7326032640625001 0.8499088055555556 0.7443622807291667 0.849982900925926 0.7443098932291666 0.847321174074074 0.7325730406250001 0.8472812768518518
3 0.6777251661458333 0.8473240240740741 0.6777856135416667 0.849980050925926 0.7067660687499999 0.8499743518518519 0.7068023375 0.8472983759259259 0.6777251661458333 0.8473240240740741
3 0.6519000604166667 0.8500113990740741 0.6519222244791667 0.8472385296296296 0.6400423130208334 0.8472385296296296 0.6400120895833333 0.8431176972222222 0.6318637921875 0.8430436018518518 0.6318114041666667 0.8458905666666667 0.6380777755208332 0.8459988601851852 0.6380253880208334 0.8500113990740741 0.6519000604166667 0.8500113990740741
3 0.582238565625 0.8459133657407408 0.582238565625 0.8431119981481482 0.5718093895833333 0.8429809064814815 0.5717167036458334 0.8506839555555555 0.5682389682291666 0.8506212592592592 0.5681906104166666 0.8533998287037038 0.5737900463541667 0.8535280703703704 0.5737295989583333 0.8458250212962963 0.582238565625 0.8459133657407408
3 0.5353153333333334 0.8747563407407407 0.535295184375 0.8772698777777778 0.5368728593750001 0.8771986324074074 0.5368688291666667 0.8747192935185185 0.5353153333333334 0.8747563407407407
3 0.5368567401041666 0.8507495009259259 0.5369212171875 0.8534254777777778 0.5422929677083334 0.8534254777777778 0.5422708041666666 0.8506896555555555 0.5368567401041666 0.8507495009259259
3 0.5368144265625 0.8579139351851852 0.5368144265625 0.8506497574074073 0.5134193026041667 0.8506070101851851 0.5135119885416667 0.8528384157407407 0.5352971994791667 0.852881162962963 0.5352971994791667 0.857871187962963 0.5368144265625 0.8579139351851852
3 0.3652105583333333 0.6279481333333333 0.36525488593750005 0.6513308638888888 0.36739472083333335 0.6512681675925927 0.36761837604166664 0.627885437037037 0.3652105583333333 0.6279481333333333
3 0.36052186197916664 0.691530350925926 0.36052186197916664 0.7245654037037037 0.35866008437499997 0.7245654037037037 0.3585956072916667 0.7269250500000001 0.38721539375 0.727289825925926 0.38721539375 0.7243830148148148 0.3621902072916667 0.7246565972222223 0.36212573020833333 0.6933456824074075 0.3667640541666667 0.693294386111111 0.36679427760416666 0.6730521518518519 0.3853556317708334 0.6731376462962962 0.3854825708333333 0.7078654888888889 0.3871509166666666 0.7078654888888889 0.3871509166666666 0.6699316046296296 0.39731815416666666 0.6701681388888889 0.39742897447916664 0.7280136787037037 0.3991497078125 0.7280136787037037 0.39927664739583335 0.6599544027777778 0.39709651406249996 0.65999715 0.39709651406249996 0.6673696212962963 0.3850513802083333 0.6672641777777778 0.38501511197916666 0.6702564833333333 0.3674571833333333 0.6703961240740741 0.3674471088541667 0.6673981194444445 0.34075760625 0.6672983759259259 0.34062865208333337 0.6700227981481481 0.364986903125 0.6700968935185185 0.364986903125 0.6915474490740741 0.36052186197916664 0.691530350925926
3 0.2911767078125 0.6279680824074073 0.2910880515625 0.6468139074074074 0.2856518234375 0.6466856657407407 0.2856074953125 0.6493958388888889 0.29291557500000004 0.6495212314814814 0.293137215625 0.6279025361111111 0.2911767078125 0.6279680824074073
3 0.31934918385416666 0.6701681388888889 0.319339109375 0.6673268740740741 0.29093088854166665 0.6674494157407408 0.29096514218749997 0.6729666574074074 0.28079185989583333 0.6729809064814815 0.2807414869791666 0.675750925925926 0.2929740078125 0.675765175 0.29289341145833336 0.6699715018518518 0.31934918385416666 0.6701681388888889