3 0.61171871875 0.6506355083333333 0.6116884947916666 0.6427956685185185 0.6100302234375 0.6427956685185185 0.6100302234375 0.6529809064814814 0.6212653635416667 0.6529923055555555 0.6212452145833333 0.6506469083333334 0.61171871875 0.6506355083333333
3 0.651303646875 0.6700769453703703 0.6513096916666666 0.6725562842592592 0.6652710052083334 0.6725420351851852 0.6652569010416667 0.6700740953703703 0.651303646875 0.6700769453703703
4 0.33731613958333334 0.8158535194444444 0.3373262140625 0.8201025935185184 0.3546927260416667 0.8201253916666666 0.3546826515625 0.8158535194444444 0.33731613958333334 0.8158535194444444
4 0.24537779583333333 0.7922228555555556 0.24537578072916666 0.7968139074074074 0.2847189197916667 0.7967825592592592 0.2847028005208333 0.7921943574074074 0.24537779583333333 0.7922228555555556
4 0.3014003625 0.7921943574074074 0.3014305864583333 0.7967825592592592 0.3193693328125 0.7967768592592592 0.31932903489583336 0.7921886574074074 0.3014003625 0.7921943574074074
4 0.3369655447916667 0.7922086064814815 0.33699576875 0.7967825592592592 0.35500302239583337 0.7968053574074074 0.35499294791666663 0.7922086064814815 0.3369655447916667 0.7922086064814815
3 0.24037678802083334 0.6972043314814815 0.2404452953125 0.7283414074074074 0.24329437864583334 0.7283129092592593 0.24328430364583334 0.6972043314814815 0.24037678802083334 0.6972043314814815
3 0.26789441875000003 0.6515816472222222 0.26791456770833333 0.6566600166666666 0.29340116875 0.6566799657407408 0.2933810197916667 0.6515958962962963 0.26789441875000003 0.6515816472222222
3 0.3408382026041667 0.7047933888888889 0.34087447083333333 0.6901681388888888 0.36381019531250003 0.6900826444444444 0.3636409432291667 0.8155428898148148 0.35471086041666666 0.8155599888888889 0.35472295000000004 0.8205899120370371 0.36719725989583335 0.8206070101851852 0.36722143854166667 0.6842690222222222 0.336739875 0.6843032203703703 0.33672375572916663 0.6989341694444444 0.3320028208333333 0.6988942722222222 0.33203908906249996 0.701333712962963 0.3332460203125 0.7013166148148149 0.3332581098958334 0.7047762898148149 0.3408382026041667 0.7047933888888889
3 0.2039774328125 0.6611342259259259 0.20395728385416667 0.6661783981481482 0.21361877916666666 0.6661783981481482 0.21362885364583334 0.6611342259259259 0.2039774328125 0.6611342259259259
3 0.19768889791666666 0.8124935879629629 0.1976606890625 0.8073211740740741 0.19175498697916668 0.8073354231481481 0.19171468854166665 0.7851752638888889 0.1884001609375 0.7851752638888889 0.18842031041666668 0.6662068962962964 0.19488817239583334 0.6662353944444445 0.19488817239583334 0.6611199768518519 0.18487406822916666 0.6611342259259259 0.18486399375 0.7903191796296296 0.18809792447916665 0.7903049305555555 0.18808785 0.8125220861111111 0.19768889791666666 0.8124935879629629
3 0.2505077572916667 0.6566828157407407 0.2505178317708333 0.6516129953703703 0.23229699791666666 0.6516329435185185 0.23227080416666668 0.661148475 0.23107596197916666 0.6611427759259259 0.23108402187500002 0.6658649185185185 0.23582510572916665 0.6658364203703704 0.23582510572916665 0.6566742657407407 0.2505077572916667 0.6566828157407407
3 0.1884606083333333 0.6785351953703703 0.18845053385416666 0.6812339694444445 0.19356236145833333 0.6812054712962963 0.1935422125 0.6785351953703703 0.1884606083333333 0.6785351953703703
3 0.3058895828125 0.7016215444444445 0.30591376197916664 0.7332402398148148 0.30886560572916666 0.7332259907407407 0.3088494859375 0.7047933888888889 0.3179931494791666 0.704801937962963 0.31795486614583335 0.7013736111111112 0.31912754374999996 0.7013650611111111 0.31911746927083334 0.6989484185185185 0.31802337291666666 0.6989484185185185 0.31801329843750004 0.6515873472222222 0.3024863994791666 0.6516015962962963 0.3024863994791666 0.6568167564814814 0.3138343744791667 0.6568338555555556 0.3139048963541667 0.7016329435185186 0.3058895828125 0.7016215444444445
3 0.23845657864583333 0.7841094333333333 0.23843038489583332 0.7785579935185185 0.23858150312499998 0.7783471074074074 0.23853113020833333 0.7443060703703703 0.2355813015625 0.7443060703703703 0.2355813015625 0.7783841546296296 0.23568204739583332 0.7784895981481482 0.23568204739583332 0.7840723851851852 0.23845657864583333 0.7841094333333333
3 0.2091497078125 0.8076346537037037 0.20916582708333334 0.812510687037037 0.21574652447916665 0.812510687037037 0.21575861354166664 0.8076061555555556 0.2091497078125 0.8076346537037037
3 0.24566794270833334 0.8205899120370371 0.24564980833333333 0.8155571388888888 0.23716300625 0.8155343398148148 0.23712875260416666 0.8074836138888889 0.233189603125 0.8075064120370371 0.23320773749999998 0.8125135370370371 0.23395325416666665 0.8125135370370371 0.23400564166666668 0.8205899120370371 0.24566794270833334 0.8205899120370371
3 0.284396534375 0.8155457398148148 0.28443683281250004 0.8206041611111111 0.30162200260416666 0.8206041611111111 0.30164215208333334 0.8155314907407407 0.284396534375 0.8155457398148148
3 0.31911746927083334 0.8155314907407407 0.31912955885416666 0.8206212592592592 0.3372980052083333 0.820587062037037 0.3372738265625 0.8154972925925926 0.31911746927083334 0.8155314907407407
3 0.29440056406250004 0.7931746935185184 0.2944025791666667 0.7875748074074074 0.2945234739583333 0.7874779138888889 0.29445496666666665 0.7529638074074074 0.2915555109375 0.7529410092592592 0.29152125729166667 0.7871815333333334 0.2916078984375 0.787304075 0.2916260328125 0.7931718435185185 0.29440056406250004 0.7931746935185184
3 0.2043743703125 0.6785351953703703 0.20438645989583334 0.6810401824074075 0.21624017708333335 0.6810800796296297 0.21624420729166666 0.6785323453703703 0.2043743703125 0.6785351953703703
3 0.23429780364583333 0.6785038472222222 0.23431795260416666 0.6811342259259259 0.25058230885416666 0.6811171277777778 0.25057021979166666 0.6785437444444444 0.23429780364583333 0.6785038472222222
3 0.24152528697916667 0.6566885148148148 0.24148297395833335 0.6658250212962963 0.2332822890625 0.6658820175925926 0.23329236354166666 0.6681818185185184 0.2431754984375 0.6681704185185185 0.24317146875 0.6566885148148148 0.24152528697916667 0.6566885148148148
3 0.3138645979166667 0.6870304925925926 0.3138545234375 0.6845882018518519 0.2927825911458333 0.6846167 0.29276244218749997 0.6784924481481481 0.2686479953125 0.678478199074074 0.2686580697916667 0.6812624675925926 0.29109611145833336 0.6810943287037037 0.2910860364583333 0.6869877453703704 0.3138645979166667 0.6870304925925926
3 0.22592585104166665 0.7001595898148149 0.22597219427083332 0.7101681388888889 0.2403465645833333 0.7102536333333334 0.24032641562499998 0.7077514962962963 0.22762240572916664 0.7077486462962962 0.22760628645833333 0.6997150185185186 0.24035663906250002 0.6997207185185186 0.2403465645833333 0.6974921629629629 0.20747128750000002 0.6974836138888888 0.207489421875 0.7123567972222222 0.20933709427083333 0.7123425481481482 0.20931896041666667 0.7001310916666666 0.22592585104166665 0.7001595898148149
3 0.2075015109375 0.725400399074074 0.2074733026041667 0.7279851805555555 0.24043522083333332 0.7279709314814815 0.24042514583333335 0.7253576518518519 0.2075015109375 0.725400399074074
3 0.21566794270833334 0.7885722425925925 0.21560548072916666 0.7847734398148147 0.19173483802083335 0.7847648907407407 0.19173483802083335 0.7870874888888889 0.21380818072916666 0.7870903388888888 0.213806165625 0.7885950416666666 0.21566794270833334 0.7885722425925925
3 0.2138101953125 0.8018666287037036 0.2138101953125 0.8075919064814815 0.21565786822916666 0.8075776574074074 0.21565786822916666 0.8018666287037036 0.2138101953125 0.8018666287037036
3 0.245347571875 0.7972784268518518 0.24533749739583335 0.7949928759259259 0.23668950208333334 0.7949786268518518 0.23665927864583333 0.7857452268518518 0.23350594375 0.7857452268518518 0.23350594375 0.7882872611111111 0.23492242604166666 0.7882872611111111 0.2349123515625 0.7972784268518518 0.245347571875 0.7972784268518518
3 0.32815635729166664 0.7928612138888889 0.3281261333333333 0.7533713305555555 0.3057102557291667 0.7533143342592592 0.3057102557291667 0.7554146481481481 0.32649002604166666 0.7553291537037037 0.32652024999999996 0.7928612138888889 0.32815635729166664 0.7928612138888889
3 0.33949627239583335 0.7533713305555555 0.3394761234375 0.7553263037037037 0.363691315625 0.7553576518518518 0.363691315625 0.7533570814814814 0.33949627239583335 0.7533713305555555
3 0.31768285312500005 0.7214733546296297 0.3176485994791667 0.7309233398148148 0.30889381406250005 0.7308976916666666 0.30889381406250005 0.7329296092592593 0.31874672552083333 0.7329438583333334 0.31875881510416665 0.7214733546296297 0.31768285312500005 0.7214733546296297
3 0.34563368906249997 0.7331262472222222 0.34573443489583333 0.6936363638888888 0.3637819864583333 0.6936021657407407 0.3637819864583333 0.6910316333333333 0.3438303447916667 0.6910259333333333 0.3438726578125 0.7307124537037036 0.339595003125 0.7307267027777777 0.3396232119791666 0.7054915925925926 0.33794680625 0.7054915925925926 0.3378883739583333 0.7311940722222222 0.3333487807291667 0.7312083212962962 0.3333588557291666 0.7329296092592593 0.33793874687500003 0.7329581074074074 0.33791859739583335 0.7331404962962963 0.34563368906249997 0.7331262472222222
2 0.20700987291666667 0.7124023935185185 0.20704211145833332 0.7253263037037037 0.21781180729166666 0.7253605018518519 0.2176868828125 0.7122827018518518 0.20700987291666667 0.7124023935185185
3 0.35467257708333333 0.7303134796296297 0.35467257708333333 0.7330692509259259 0.36372153958333336 0.7330835 0.3637316140625 0.7303419777777778 0.35467257708333333 0.7303134796296297
3 0.35503123124999997 0.7950213731481481 0.35503123124999997 0.7972670277777778 0.3636409432291667 0.7972841268518519 0.36365101770833336 0.7949814759259259 0.35503123124999997 0.7950213731481481
3 0.5707334276041667 0.24286406388888887 0.57070521875 0.24503277314814817 0.5896211968749999 0.24503847222222222 0.5896211968749999 0.24287261296296295 0.5707334276041667 0.24286406388888887
3 0.5707193229166666 0.19356511851851851 0.5707193229166666 0.1953918490740741 0.5765948015625 0.19532630370370369 0.5765847270833333 0.1935736675925926 0.5707193229166666 0.19356511851851851
3 0.5928309489583333 0.1952892564814815 0.5927966953125 0.20021373611111112 0.5929639333333333 0.2002222851851852 0.592933709375 0.22089199166666668 0.5882853114583334 0.22086349351851853 0.5882853114583334 0.22244229166666665 0.6031875880208334 0.22245369074074076 0.6031754984375 0.22045882037037037 0.5946947411458333 0.22041892314814815 0.5946927260416667 0.20019948703703702 0.6034535562500001 0.20018238796296295 0.6034414666666666 0.19754345925925926 0.5948559338541667 0.19755770833333333 0.5948841427083333 0.16084354537037038 0.6128128145833334 0.16083784537037035 0.6128128145833334 0.15805357685185187 0.5929599031249999 0.15809917314814814 0.5928390088541666 0.1935679685185185 0.5867922624999999 0.19364206296296296 0.5867842031249999 0.19531490462962964 0.5928309489583333 0.1952892564814815
3 0.6156719723958334 0.22291821018518518 0.6155873463541667 0.14872328333333334 0.6203747734375 0.14874323148148147 0.620404996875 0.1436905101851852 0.5860185369791666 0.14367626111111112 0.5860487609375 0.14887432314814814 0.612855128125 0.14869763425925925 0.6127503526041667 0.22293815925925925 0.6156719723958334 0.22291821018518518
3 0.5907374572916667 0.14887432314814814 0.5906770098958333 0.16849244814814815 0.5868889786458333 0.16848104907407407 0.586899053125 0.17090909074074073 0.5923514005208333 0.17089484166666666 0.5923634895833333 0.1488629240740741 0.5907374572916667 0.14887432314814814
3 0.569665525 0.16850669722222222 0.569665525 0.17088059259259258 0.5774491234375 0.17088059259259258 0.5774511385416666 0.16852949537037037 0.569665525 0.16850669722222222
3 0.569595003125 0.19647762870370372 0.5696856739583332 0.14887432314814814 0.5745275036458334 0.1488629240740741 0.5745476526041667 0.14366201203703705 0.5654966755208334 0.14366201203703705 0.5655168244791666 0.1981960675925926 0.5672959901041666 0.19818181851851852 0.5672959901041666 0.1964918777777778 0.569595003125 0.19647762870370372
3 0.5744166833333334 0.3077343972222222 0.5637195244791666 0.3077343972222222 0.5637195244791666 0.2414249074074074 0.5690529921874999 0.2414819037037037 0.5690429177083334 0.2190795101851852 0.566643159375 0.21905101203703706 0.566643159375 0.21659162129629628 0.5655168244791666 0.2165973212962963 0.5655168244791666 0.23649472777777777 0.5601148499999999 0.23652322592592592 0.5601148499999999 0.3118124824074074 0.5744469072916666 0.31184098055555554 0.5744166833333334 0.3077343972222222
3 0.7169957687499999 0.28507552037037037 0.7169756197916667 0.2891251064814815 0.7183578479166666 0.28911085740740744 0.7183719526041668 0.2850612712962963 0.7169957687499999 0.28507552037037037
4 0.6993511989583333 0.28342547777777777 0.6993995567708333 0.2880592759259259 0.7169554703125001 0.2880592759259259 0.7169856942708334 0.2834425759259259 0.6993511989583333 0.28342547777777777
2 0.6821962520833333 0.1633513824074074 0.6821740880208333 0.17821031666666667 0.6944186984375 0.17815332037037038 0.6944186984375 0.1634226277777778 0.6821962520833333 0.1633513824074074
2 0.7187023979166667 0.19948988333333334 0.7186923234375 0.2048304361111111 0.7284364296875 0.20484468518518517 0.7284364296875 0.19948988333333334 0.7187023979166667 0.19948988333333334
2 0.7081966552083333 0.20788543703703702 0.7081785208333333 0.22064120833333334 0.7189744104166667 0.22068395555555556 0.7189643359375 0.2078426898148148 0.7081966552083333 0.20788543703703702
2 0.6903203708333333 0.2236249648148148 0.6903485796875 0.23963237407407406 0.7035482572916667 0.23963522407407406 0.7035079588541666 0.22355371944444444 0.6903203708333333 0.2236249648148148
2 0.60340116875 0.18551154166666667 0.6034918395833333 0.20064120833333335 0.6127422927083334 0.2006754064814815 0.6127624421875001 0.18542604722222222 0.60340116875 0.18551154166666667
2 0.6234193026041667 0.24223425462962964 0.6234394520833334 0.2595639787037037 0.6345133989583334 0.2596608722222222 0.6346282489583334 0.24226275277777778 0.6234193026041667 0.24223425462962964
2 0.5896614953125 0.2422057564814815 0.5896816442708332 0.2595782277777778 0.6008865604166667 0.2596722712962963 0.6009711869791666 0.24222000555555553 0.5896614953125 0.2422057564814815
2 0.6157263749999999 0.20585351944444444 0.6157021963541667 0.22311484722222222 0.6268245015624999 0.22310629814814814 0.6267439046875 0.20589626666666666 0.6157263749999999 0.20585351944444444
2 0.6032117671874999 0.22319749259259258 0.6127322182291667 0.2231832435185185 0.6127422927083334 0.20840980370370368 0.6031352005208334 0.20837845555555556 0.6032117671874999 0.22319749259259258
2 0.5710719322916666 0.19821031666666666 0.5537356437500001 0.19827871203703704 0.5538565385416666 0.21656027314814816 0.5711323796875 0.21656312314814816 0.5710719322916666 0.19821031666666666
2 0.5765948015625 0.19294100925925928 0.5766350994791666 0.19799658055555555 0.5867600239583334 0.1979566824074074 0.5867721135416667 0.1929837564814815 0.5765948015625 0.19294100925925928
2 0.5774712875 0.1697862638888889 0.5775579286458333 0.1851695638888889 0.5869212171875 0.1852123111111111 0.5868809187499999 0.16977201481481483 0.5774712875 0.1697862638888889
3 0.7169050979166667 0.3066543175925926 0.7168748739583334 0.31184098055555554 0.7219282692708333 0.31184098055555554 0.7219282692708333 0.2906725564814815 0.7409308885416667 0.2906725564814815 0.7409208140625 0.23731832407407408 0.737374571875 0.23733257314814818 0.737374571875 0.2856312342592593 0.7183820270833333 0.2856882305555556 0.7183820270833333 0.30662581944444445 0.7169050979166667 0.3066543175925926
3 0.7284626234375 0.19988885740740742 0.7284525489583333 0.20146765462962965 0.7360467458333333 0.20148760370370372 0.7360487609375 0.19991450555555557 0.7284626234375 0.19988885740740742
3 0.728978440625 0.22179253333333332 0.728978440625 0.22325448888888888 0.736078984375 0.2232402398148148 0.736078984375 0.22182103148148147 0.728978440625 0.22179253333333332
3 0.7373705421875001 0.17825591296296298 0.737374571875 0.2244485611111111 0.7409329036458333 0.2244571101851852 0.7409490229166666 0.17822456574074075 0.7373705421875001 0.17825591296296298
3 0.6825770703124999 0.22152180092592594 0.6825710255208333 0.22321174166666666 0.690546040625 0.2231832435185185 0.6905561151041667 0.2214790537037037 0.6825770703124999 0.22152180092592594
4 0.2715615557291667 0.30551724166666666 0.2716320776041667 0.3134026787037037 0.3104029822916667 0.31344257592592595 0.3104029822916667 0.3055371898148148 0.2715615557291667 0.30551724166666666
4 0.23694136614583333 0.3055457398148148 0.23698972395833331 0.31233684814814816 0.25434616145833333 0.3123510972222222 0.2543663109375 0.30558848703703706 0.23694136614583333 0.3055457398148148
4 0.20140640729166667 0.30551724166666666 0.20146483958333333 0.31231405 0.21878500885416668 0.3123396981481481 0.2188192625 0.3055371898148148 0.20140640729166667 0.30551724166666666
4 0.3485855328125 0.15320889166666665 0.34853516041666666 0.16001139907407408 0.3577553901041667 0.16001139907407408 0.3576949427083333 0.15322314074074073 0.3485855328125 0.15320889166666665
4 0.3250533953125 0.15320889166666665 0.32502317135416664 0.16001139907407408 0.3424380416666667 0.15998290092592593 0.34241990729166666 0.15323738981481483 0.3250533953125 0.15320889166666665
4 0.28811202916666667 0.1441322314814815 0.2880818052083333 0.1509347388888889 0.30561958489583335 0.15089199166666667 0.3055490630208333 0.14411798240740742 0.28811202916666667 0.1441322314814815
4 0.2535825104166667 0.14409518425925924 0.25356437656249997 0.15086919351851852 0.26271206927083335 0.15089199166666667 0.26267177135416664 0.14411798240740742 0.2535825104166667 0.14409518425925924
2 0.317312109375 0.22331148518518518 0.317312109375 0.23962667407407406 0.3304251458333333 0.23954117962962965 0.3304976828125 0.2233456824074074 0.317312109375 0.22331148518518518
2 0.34520854322916666 0.1993302935185185 0.3451904088541667 0.2046309490740741 0.35512190208333333 0.2046309490740741 0.3550795890625 0.19935879166666665 0.34520854322916666 0.1993302935185185
2 0.334704815625 0.20744371574074072 0.3346846666666667 0.2202792814814815 0.34548055625 0.2203220287037037 0.34545033229166666 0.20738387037037037 0.334704815625 0.20744371574074072
2 0.33339915364583333 0.1732516388888889 0.33329236354166664 0.1890111138888889 0.3454563770833333 0.1891108574074074 0.34547249635416666 0.17315189537037037 0.33339915364583333 0.1732516388888889
2 0.25464839791666666 0.16308065 0.25473705416666664 0.17853234537037035 0.26687890364583333 0.17853234537037035 0.26690106770833333 0.16294955833333333 0.25464839791666666 0.16308065
2 0.26478138229166664 0.2008378453703704 0.26477130781249997 0.2153291537037037 0.2683860567708333 0.21530350555555555 0.26830747552083334 0.2008378453703704 0.26478138229166664 0.2008378453703704
2 0.25039895208333335 0.24489028240740743 0.2505601453125 0.262106012962963 0.2614668546875 0.2621630092592593 0.2614870036458333 0.24489028240740743 0.25039895208333335 0.24489028240740743
2 0.21665524895833332 0.24476489074074076 0.21669756197916668 0.26205186666666663 0.22792665729166667 0.26217440833333333 0.22792665729166667 0.24488743240740743 0.21665524895833332 0.24476489074074076
2 0.20215998385416667 0.23223425462962963 0.20217005833333335 0.2455001425925926 0.2125952046875 0.24547449444444447 0.21256498072916666 0.23207181574074073 0.20215998385416667 0.23223425462962963
2 0.20130566197916666 0.2103989740740741 0.20150312291666667 0.22575947592592593 0.21047551875 0.22575662592592594 0.21042917604166667 0.210387575 0.20130566197916666 0.2103989740740741
3 0.3551299614583333 0.1997805638888889 0.35514003645833336 0.2011171277777778 0.3630586338541667 0.20113707592592592 0.3630687083333333 0.19982901111111112 0.3551299614583333 0.1997805638888889
3 0.3640278057291667 0.28738671944444444 0.3640278057291667 0.2850156740740741 0.340634696875 0.2850213731481481 0.3406649203125 0.2888971212962963 0.34220028229166666 0.28891137037037035 0.34219020729166666 0.2873781703703704 0.3640278057291667 0.28738671944444444
3 0.34047148906249997 0.3024365916666667 0.34044126510416667 0.3077343972222222 0.3422083416666667 0.3077486462962963 0.3421982671875 0.30243944166666664 0.34047148906249997 0.3024365916666667
2 0.2240842234375 0.19891992037037037 0.2370441265625 0.19887432314814815 0.23712069322916665 0.17445996018518517 0.22410437239583333 0.1745739527777778 0.2240842234375 0.19891992037037037
3 0.34359460000000003 0.1597862638888889 0.34360467447916665 0.17310914814814815 0.34504130572916664 0.17310914814814815 0.3449808583333333 0.15975776574074074 0.34359460000000003 0.1597862638888889
3 0.19245617552083333 0.24554288981481484 0.19245617552083333 0.2475890564814815 0.21662301041666668 0.2475748074074074 0.21662301041666668 0.24554288981481484 0.19245617552083333 0.24554288981481484
3 0.31578682239583333 0.22037902499999998 0.31577674791666666 0.2232915361111111 0.3451178723958333 0.22331148518518518 0.3451077979166667 0.22041322314814815 0.31578682239583333 0.22037902499999998
3 0.26180938958333333 0.28556853796296294 0.2618214791666667 0.30574237685185185 0.2642514609375 0.30572527777777775 0.2642474307291667 0.28554573981481485 0.26180938958333333 0.28556853796296294
1 0 0 0 1 1 1 1 0 0 0
3 0.3558351802083333 0.22155314907407408 0.3558452546875 0.22314334537037037 0.3630525890625 0.2231376462962963 0.3630425145833333 0.22153319999999999 0.3558351802083333 0.22155314907407408
3 0.3228067703125 0.28905386111111114 0.32276848697916666 0.2849757768518519 0.3187789645833333 0.2849786268518519 0.31880717291666666 0.3077486462962963 0.3203324604166667 0.3077486462962963 0.3202861171875 0.2890823592592593 0.3228067703125 0.28905386111111114
3 0.2503385046875 0.2475263611111111 0.2503385046875 0.2455514388888889 0.22795486614583332 0.24554573981481478 0.227983075 0.30572527777777775 0.22959701770833335 0.30574237685185185 0.22958492864583332 0.2475320601851852 0.2503385046875 0.2475263611111111
3 0.3050070520833333 0.22125106851851853 0.30499697760416666 0.2231404962962963 0.3127805760416667 0.2231404962962963 0.31279065104166665 0.22127956666666668 0.3050070520833333 0.22125106851851853
3 0.32487406822916665 0.19282986574074076 0.32486399375 0.1978113425925926 0.3158049567708333 0.19782559166666666 0.3158049567708333 0.2003248787037037 0.3266471890625 0.20028213148148147 0.3266371145833334 0.19532345370370371 0.34315937916666667 0.19531775462962964 0.3431412453125 0.20734682222222223 0.3451400364583333 0.20733257314814815 0.34512593177083334 0.18913365648148148 0.31582309062499997 0.18909660833333333 0.31581301614583335 0.1913251638888889 0.34345355625 0.1913308638888889 0.34345355625 0.19280991759259258 0.32487406822916665 0.19282986574074076
3 0.314475115625 0.18878312870370373 0.3144448921875 0.15979766296296297 0.3193874671875 0.1597834138888889 0.31936731822916664 0.1574693648148148 0.3145960104166667 0.1574693648148148 0.31457586145833333 0.14995155277777777 0.31294781406250005 0.14993160462962962 0.31291960520833334 0.1597292675925926 0.3130505744791667 0.15971786851851852 0.31306870833333333 0.1887973777777778 0.314475115625 0.18878312870370373
3 0.2651339916666667 0.21535765185185185 0.26514406614583336 0.2231290962962963 0.2502599234375 0.22305215185185184 0.2502599234375 0.22509831851851853 0.2665504734375 0.22513251666666664 0.266564578125 0.21534625277777777 0.2651339916666667 0.21535765185185185
3 0.2650211567708333 0.1499629527777778 0.2650453354166667 0.16291821018518518 0.2666814427083333 0.1629039611111111 0.2666814427083333 0.14996010277777777 0.2650211567708333 0.1499629527777778
3 0.24866209947916668 0.19100883425925927 0.24868627864583334 0.19332858333333333 0.2651259317708333 0.1933114851851852 0.26516018541666664 0.20080934722222224 0.26657062239583335 0.20080934722222224 0.26645174270833333 0.17854659444444443 0.24285311302083334 0.17866628703703702 0.24281684479166668 0.18102023333333334 0.2650171265625 0.1809347388888889 0.2650171265625 0.19097463703703704 0.24866209947916668 0.19100883425925927
3 0.23841628072916665 0.22311199814814817 0.23838605677083333 0.21361071574074073 0.2372516625 0.21362496481481483 0.2372214385416667 0.22510116851851852 0.2472355432291667 0.22512966666666667 0.2472355432291667 0.2230977490740741 0.23841628072916665 0.22311199814814817
3 0.21071327812500001 0.2253320037037037 0.21069917395833335 0.23204616666666666 0.21209550677083333 0.23204616666666666 0.21211968541666665 0.2253263037037037 0.21814829739583336 0.2253291537037037 0.21816441666666667 0.22513251666666664 0.22272415885416666 0.2251040185185185 0.22270400989583333 0.22342832685185185 0.21816441666666667 0.22344257592592592 0.21815635729166666 0.19764890277777777 0.21650816041666668 0.19766885185185185 0.2165061453125 0.22297235648148148 0.21213781979166668 0.2229581074074074 0.21213379010416666 0.1830293527777778 0.19237154947916668 0.18306640092592594 0.19237356458333332 0.18579937314814815 0.21037880312499999 0.18583642037037038 0.21052992135416665 0.2253234537037037 0.21071327812500001 0.2253320037037037
3 0.19240781770833332 0.22267312592592592 0.19241789218750002 0.2253149046296296 0.20142655677083335 0.2253291537037037 0.20140640729166667 0.22264462777777777 0.19240781770833332 0.22267312592592592
3 0.3128208744791667 0.18883442592592592 0.3128108 0.2235252212962963 0.31573241979166666 0.22351097222222222 0.3157827927083333 0.18880592777777777 0.3128208744791667 0.18883442592592592
3 0.32042313125 0.2804588203703704 0.3205037276041667 0.28029068148148145 0.3205339510416667 0.23963522407407406 0.31752166041666663 0.23964947314814816 0.31754180937500004 0.28068680555555553 0.31764054010416665 0.2807153037037037 0.317630465625 0.28409803333333333 0.32040298229166664 0.2840695351851852 0.32042313125 0.2804588203703704
3 0.261507153125 0.24506127129629632 0.26149909322916665 0.28552294074074075 0.26447310104166666 0.28552294074074075 0.26447310104166666 0.2450498712962963 0.261507153125 0.24506127129629632
3 0.3403405197916667 0.31276432037037033 0.34690912760416664 0.31276432037037033 0.34690912760416664 0.30779139351851853 0.34035059427083336 0.3077628953703704 0.3403405197916667 0.31276432037037033
3 0.3104392505208333 0.30779139351851853 0.31042917604166664 0.31285551481481483 0.32286318750000004 0.3127928185185185 0.32281885937500004 0.30777714444444443 0.3104392505208333 0.30779139351851853
3 0.25438645989583336 0.30777714444444443 0.2543784 0.31278996851851854 0.2715958088541666 0.3127928185185185 0.2715655854166667 0.3077486462962963 0.25438645989583336 0.30777714444444443
3 0.21885754583333333 0.3077799944444445 0.218811203125 0.3128184666666667 0.236951440625 0.3128070675925926 0.23691517239583335 0.30771729814814813 0.21885754583333333 0.3077799944444445
3 0.3584686682291667 0.30762040462962964 0.3584182953125 0.3128070675925926 0.36761837604166664 0.3128213166666666 0.3676083015625 0.15275292129629628 0.35772516614583333 0.15272442314814813 0.3577755390625 0.15778284444444446 0.3640822083333333 0.1577543462962963 0.3640338505208333 0.30762040462962964 0.3584686682291667 0.30762040462962964
3 0.342458190625 0.15272442314814813 0.34247833958333335 0.15779709351851853 0.3485150109375 0.15779709351851853 0.34854523489583333 0.15269592499999998 0.342458190625 0.15272442314814813
3 0.32499294791666666 0.1577856935185185 0.32502317135416664 0.1527871185185185 0.32383840416666665 0.1527871185185185 0.3238021359375 0.14368766018518517 0.30559339114583334 0.14365346296296294 0.3056336890625 0.14873753240740742 0.320352609375 0.14871473333333332 0.3203123109375 0.1577856935185185 0.32499294791666666 0.1577856935185185
3 0.26271206927083335 0.14366201203703705 0.26271206927083335 0.14869193518518517 0.2880636713541667 0.14872043333333332 0.2880818052083333 0.14367626111111112 0.26271206927083335 0.14366201203703705
3 0.23813217812499998 0.19343687685185185 0.238184565625 0.19691935 0.2472738265625 0.19686235370370372 0.247259721875 0.22556853796296297 0.25022365520833334 0.22559703611111112 0.250219625 0.19335993148148148 0.242264759375 0.19335993148148148 0.24223453541666667 0.14870333425925927 0.25355631666666667 0.14868053611111112 0.2535361677083333 0.14365061296296297 0.23812008854166666 0.14365061296296297 0.2380918796875 0.19095183796296294 0.23712875260416666 0.19095183796296294 0.23712069322916665 0.19345112592592592 0.23813217812499998 0.19343687685185185
3 0.19232722135416666 0.30777714444444443 0.19235744531250001 0.3010572814814815 0.19246624999999998 0.3009860361111111 0.19232722135416666 0.1821316611111111 0.21525690104166667 0.18220290648148146 0.21527705 0.19687660277777777 0.2227584125 0.19686235370370372 0.22277856145833336 0.19345112592592592 0.2240137015625 0.19343687685185185 0.22402377604166668 0.19096608703703702 0.2193834375 0.19096608703703702 0.21936328854166665 0.17637788518518518 0.18887165 0.1763208888888889 0.18887165 0.3127928185185185 0.20141648177083335 0.3128070675925926 0.2013963328125 0.30777714444444443 0.19232722135416666 0.30777714444444443
4 0.3469554703125 0.307871187962963 0.3469554703125 0.3123396981481481 0.35837396718750003 0.3123396981481481 0.3584102359375 0.30791963518518517 0.3469554703125 0.307871187962963
4 0.32287326197916666 0.3073639212962963 0.32288333645833334 0.31341692777777774 0.34032037083333333 0.3134454259259259 0.3403405197916667 0.30740666851851856 0.32287326197916666 0.3073639212962963
4 0.32277856145833334 0.2833969796296296 0.3228430385416667 0.28800227962962965 0.3406205921875 0.28798803055555555 0.3406064880208334 0.2833969796296296 0.32277856145833334 0.2833969796296296
3 0.682405803125 0.17825306388888887 0.6824259520833333 0.18110857777777778 0.6905601453125 0.181151325 0.6905601453125 0.17821031666666667 0.682405803125 0.17825306388888887
3 0.6905823088541666 0.17821316574074073 0.6905682046875 0.2235679685185185 0.6935240781249999 0.22355086944444447 0.693497884375 0.17822456574074075 0.6905823088541666 0.17821316574074073
3 0.6935140036458333 0.17822456574074075 0.6935180333333334 0.18085209444444444 0.7006709651041666 0.18086064444444444 0.7007253677083334 0.19384725 0.697181140625 0.19381875185185185 0.6971831552083334 0.22098603611111112 0.6935442270833333 0.22096893703703704 0.6935442270833333 0.22333998333333333 0.7186439651041667 0.2233627814814815 0.7186036671875 0.2207181537037037 0.6990348578125 0.22070390462962963 0.6990449322916666 0.19650327685185184 0.7024662500000001 0.1964804787037037 0.7024602057291667 0.18127671666666667 0.7166794276041667 0.1812653175925926 0.7166753979166667 0.20781419166666665 0.7186721739583334 0.2078027925925926 0.7186661291666667 0.1784611 0.7099133588541666 0.17851809629629628 0.7098811203125001 0.1568623537037037 0.7082450130208334 0.15684810462962961 0.7082349385416666 0.16146480462962964 0.7034837802083334 0.16147905370370372 0.70347975 0.14992305462962963 0.701779165625 0.14995440277777777 0.7018275234375 0.16380165277777778 0.7079347166666667 0.16377315462962963 0.7079206125 0.17821601574074075 0.6935140036458333 0.17822456574074075
3 0.737348378125 0.15540894814814815 0.7373806166666667 0.16534625277777776 0.7409369333333333 0.1653747509259259 0.7409147692708333 0.15039612407407407 0.71311908125 0.150387575 0.7131090067708333 0.14371330833333334 0.6954926458333334 0.14367911111111112 0.6954825708333333 0.14872043333333332 0.7095728390624999 0.14868053611111112 0.7095466453125 0.15539754907407408 0.737348378125 0.15540894814814815
3 0.6824259520833333 0.14996865185185188 0.6823957286458333 0.16332288425925925 0.68440459375 0.16332288425925925 0.68440459375 0.14995440277777777 0.6824259520833333 0.14996865185185188
3 0.6780898651041666 0.14367056111111112 0.6781180739583333 0.14877742962962962 0.686423534375 0.14870618425925924 0.686413459375 0.14366486203703704 0.6780898651041666 0.14367056111111112
3 0.6378017328125 0.14364776296296297 0.6378218817708333 0.14880592777777776 0.6606286520833333 0.14874323148148147 0.66059036875 0.14364776296296297 0.6378017328125 0.14364776296296297
3 0.644334071875 0.22084354537037038 0.6445194437499999 0.15073810185185185 0.6428309489583334 0.15075520092592593 0.6428188593749999 0.22037902499999998 0.6268446505208334 0.220384725 0.626854725 0.22254488425925928 0.6481624015624999 0.22249358796296295 0.6481523270833333 0.22081504722222223 0.644334071875 0.22084354537037038
3 0.6934414666666666 0.2841379314814815 0.6934414666666666 0.2786691361111111 0.6935220630208333 0.2785152462962963 0.6935401973958334 0.23968937037037039 0.6905500703125 0.23968937037037039 0.6905581302083333 0.2788971212962963 0.6906387265625 0.2790111138888889 0.6906508161458333 0.2841664296296296 0.6934414666666666 0.2841379314814815
3 0.6993894822916666 0.28911085740740744 0.699339109375 0.2850897694444444 0.6915937942708333 0.28505557129629633 0.6915937942708333 0.3067711601851852 0.6932520651041667 0.3067540611111111 0.6932198265624999 0.28911085740740744 0.6993894822916666 0.28911085740740744
3 0.6834394520833332 0.30685380462962963 0.683445496875 0.31186662870370374 0.6994378401041667 0.3118609287037037 0.6994398546874999 0.3067540611111111 0.6834394520833332 0.30685380462962963
3 0.6347894416666667 0.28459390185185185 0.6347854119791666 0.304801937962963 0.6373262140624999 0.3047876888888889 0.6373100947916667 0.28459390185185185 0.6347894416666667 0.28459390185185185
4 0.6446423536458333 0.3045654037037037 0.6446705619791667 0.31239384444444446 0.6833991536458334 0.31239384444444446 0.6834293776041667 0.30459390185185187 0.6446423536458333 0.3045654037037037
4 0.7406185776041667 0.23726132777777778 0.7406588755208333 0.22454830462962963 0.7358170463541666 0.22449130833333333 0.7358371953125 0.23728982592592593 0.7406185776041667 0.23726132777777778
4 0.7358472697916666 0.1653833 0.7358492848958333 0.17822456574074075 0.7406085031249999 0.1781390712962963 0.7406488010416666 0.1654402962962963 0.7358472697916666 0.1653833
4 0.6864638322916666 0.14414648055555557 0.6864598026041667 0.15089769166666667 0.6954523473958333 0.15089199166666667 0.6954422729166667 0.1441322314814815 0.6864638322916666 0.14414648055555557
4 0.6606508161458333 0.14406098611111112 0.660660890625 0.15090624074074072 0.678105984375 0.1509347388888889 0.6780656859375 0.14416072962962964 0.6606508161458333 0.14406098611111112
4 0.6204755187500001 0.14414648055555557 0.6203767880208333 0.15090624074074072 0.6378017328125 0.1509204898148148 0.6377715093749999 0.14414648055555557 0.6204755187500001 0.14414648055555557
3 0.6346443682291666 0.24243374166666667 0.6345093692708333 0.2845597037037037 0.6374833770833334 0.2845597037037037 0.6374833770833334 0.24243374166666667 0.6346443682291666 0.24243374166666667
3 0.6274471088541667 0.30672556296296294 0.6274168848958334 0.31184098055555554 0.6446363088541667 0.3118381305555556 0.6446201895833333 0.3068025074074074 0.6274471088541667 0.30672556296296294
4 0.5745960104166666 0.1440752351851852 0.5745516822916666 0.14844400092592594 0.586026596875 0.14846109999999998 0.585956075 0.14414648055555557 0.5745960104166666 0.1440752351851852
4 0.6099697765625 0.30459390185185187 0.6100302234375 0.3113707611111111 0.6273564374999999 0.3113850101851852 0.6274168848958334 0.30460815092592597 0.6099697765625 0.30459390185185187
3 0.6233890791666667 0.24504702222222222 0.6233890791666667 0.24288686203703705 0.6009913359375 0.24287261296296295 0.6009913359375 0.3047791398148148 0.6026294578125 0.3047791398148148 0.6026093088541666 0.24504702222222222 0.6233890791666667 0.24504702222222222
4 0.6994600041666666 0.30645483055555556 0.6994700786458333 0.3124080935185185 0.7168345760416667 0.3124080935185185 0.7168849484375 0.3064690796296296 0.6994600041666666 0.30645483055555556
4 0.5744166833333334 0.30460815092592597 0.5744972796875001 0.3113707611111111 0.5917711062500001 0.31135651203703707 0.5918174489583333 0.3046053009259259 0.5744166833333334 0.30460815092592597
3 0.5918315536458334 0.3068395555555556 0.5918194640625 0.31183243055555554 0.6099697765625 0.31185237962962964 0.609955671875 0.30679965833333334 0.5918315536458334 0.3068395555555556
2 0.2255813015625 0.7280564259259259 0.2256518234375 0.7443060703703703 0.23876888958333334 0.7442348249999999 0.2387890390625 0.7279994296296296 0.2255813015625 0.7280564259259259
2 0.29551480937499996 0.7302849814814815 0.2955551078125 0.7353434027777778 0.3058795083333333 0.7353434027777778 0.3058613739583333 0.7303077796296296 0.29551480937499996 0.7302849814814815
2 0.31910739479166667 0.6821430611111111 0.3191779166666667 0.7012510685185185 0.3319867015625 0.7011883731481482 0.33180938958333334 0.6822285555555555 0.31910739479166667 0.6821430611111111
2 0.3456639130208333 0.7334397268518519 0.3546222041666667 0.733453975925926 0.3546121296875 0.7181704185185185 0.3457042109375 0.7181704185185185 0.3456639130208333 0.7334397268518519
3 0.34397541822916666 0.7331547453703704 0.3440016119791667 0.7398774583333333 0.34539190000000003 0.7398603592592592 0.34538182552083335 0.7331689944444444 0.34397541822916666 0.7331547453703704
2 0.34353415260416664 0.7399031064814815 0.3435180333333333 0.7533086351851851 0.35388071718749997 0.7532943861111111 0.35383034479166664 0.7399173555555555 0.34353415260416664 0.7399031064814815
2 0.2944972796875 0.7528298657407407 0.2945416078125 0.7701168425925926 0.3056598833333333 0.7699487037037036 0.3056699578125 0.7528640638888889 0.2944972796875 0.7528298657407407
4 0.6654563770833334 0.6540780851851852 0.6654724963541666 0.6582502138888888 0.6828652026041666 0.6582473638888889 0.6828652026041666 0.6541008833333333 0.6654563770833334 0.6540780851851852
4 0.6360205520833334 0.6465602731481481 0.6360104776041666 0.6506925046296296 0.6485391901041667 0.6507067537037037 0.6485391901041667 0.6465460240740741 0.6360205520833334 0.6465602731481481
4 0.5987527703125 0.6381362212962963 0.598748740625 0.6427187231481482 0.6077916583333334 0.6427671703703703 0.607771509375 0.6381789685185185 0.5987527703125 0.6381362212962963
4 0.6680737458333332 0.8079623824074075 0.6680737458333332 0.8131889425925926 0.68541809375 0.8132031916666667 0.6854080192708333 0.8079481333333334 0.6680737458333332 0.8079623824074075
4 0.6166592786458334 0.8079766314814815 0.6166492041666667 0.8131746935185185 0.655488615625 0.8131604444444445 0.6554825708333334 0.8079709314814815 0.6166592786458334 0.8079766314814815
4 0.5822002822916666 0.8079623824074075 0.5822002822916666 0.812108862962963 0.59952448125 0.812108862962963 0.5995345557291666 0.8079481333333334 0.5822002822916666 0.8079623824074075
4 0.546554503125 0.8079766314814815 0.5465444286458333 0.8120661157407407 0.5638907916666667 0.812123112037037 0.5638907916666667 0.8079766314814815 0.546554503125 0.8079766314814815
3 0.5374410640625 0.7795867768518518 0.5376667338541666 0.7793473925925927 0.5376103161458333 0.6869677972222222 0.5374692723958333 0.6867255629629629 0.5374108401041667 0.6820718157407407 0.5604372354166667 0.6820917638888888 0.5604513401041668 0.696739812037037 0.5679991942708333 0.696719862962963 0.5679689703124999 0.693285836111111 0.5689220229166666 0.6932801370370371 0.5689320973958334 0.6908093472222223 0.5645939953125 0.6908406953703703 0.5645496677083333 0.6762524935185186 0.5341063875 0.67615275 0.5340902682291666 0.8126218296296296 0.5465142052083334 0.8125790824074074 0.5465283093750001 0.8074066685185185 0.5376667338541666 0.8074779138888889 0.5376526296875 0.786731262037037 0.5374551682291667 0.7858278712962964 0.5374410640625 0.7795867768518518
3 0.5558089864583333 0.7249558277777778 0.5558089864583333 0.731729837962963 0.5573201692708333 0.731729837962963 0.557322184375 0.7250584212962963 0.5633790046875 0.7250584212962963 0.5633890791666667 0.7248817324074074 0.5678359864583334 0.7248703333333333 0.5678299416666667 0.7231290962962963 0.5633810197916667 0.7231490453703704 0.5633528109375 0.6975235111111111 0.5617207333333333 0.6975434592592593 0.5617106588541667 0.7226588768518518 0.5573624822916667 0.7226588768518518 0.5573524078125 0.6828982620370371 0.5374450937499999 0.6828982620370371 0.5374652427083333 0.6849700768518519 0.5554644369791667 0.6849843259259258 0.55558533125 0.7249444287037037 0.5558089864583333 0.7249558277777778
3 0.6856719723958334 0.8018067824074074 0.6856397338541667 0.8074494157407408 0.6874471088541667 0.8074351666666667 0.6874350192708333 0.8017868342592593 0.6856719723958334 0.8018067824074074
2 0.5464940562499999 0.7102707324074075 0.546554503125 0.7254858935185186 0.5555631671875 0.7254716444444445 0.555524884375 0.7102422342592593 0.5464940562499999 0.7102707324074075
3 0.5639190005208333 0.807486462962963 0.5639190005208333 0.8125391851851852 0.5821660286458333 0.8125733824074074 0.5821660286458333 0.8075235111111111 0.5639190005208333 0.807486462962963
3 0.5995647791666666 0.807492162962963 0.5995547046875 0.8125933314814815 0.6166189802083333 0.8125505842592592 0.6166290552083333 0.807492162962963 0.5995647791666666 0.807492162962963
3 0.6555309286458333 0.807492162962963 0.6555107796875 0.8125790824074074 0.6680455369791667 0.8125819324074074 0.6680455369791667 0.807497862962963 0.6555309286458333 0.807492162962963
3 0.6854483177083334 0.8074779138888889 0.6854483177083334 0.8125790824074074 0.692027 0.8125505842592592 0.6920068505208333 0.8074779138888889 0.6854483177083334 0.8074779138888889
3 0.6360044328125 0.6506212592592593 0.6360064479166667 0.6461128527777777 0.6221438645833334 0.6461242518518518 0.6221438645833334 0.637680250925926 0.6078017328125 0.637680250925926 0.6078218817708334 0.6427814194444444 0.6184767276041666 0.6427529212962962 0.6184807578125 0.6506212592592593 0.6360044328125 0.6506212592592593
3 0.6654463026041667 0.6586748361111111 0.6654221239583333 0.6536050157407407 0.6630404994791667 0.6536050157407407 0.6630143057291666 0.6461128527777777 0.6485673989583333 0.6460416074074073 0.6485694135416666 0.651134225925926 0.6594418697916667 0.651142775925926 0.6594458994791667 0.6586919351851852 0.6654463026041667 0.6586748361111111
3 0.6828974411458333 0.6535765175925925 0.6828974411458333 0.6587204333333333 0.6937054203125 0.6587204333333333 0.6937437036458333 0.6536221148148148 0.6828974411458333 0.6535765175925925
3 0.5924642354166667 0.7228156166666666 0.5836570625 0.7228412657407408 0.5836268385416666 0.7134682250000001 0.5824299817708333 0.7134682250000001 0.5824400562500001 0.724801937962963 0.5924642354166667 0.7248446851851852 0.5924642354166667 0.7228156166666666
3 0.537656659375 0.7223881444444444 0.537656659375 0.725001425 0.5465343541666667 0.7250299231481482 0.5465242796875 0.7223453972222222 0.537656659375 0.7223881444444444
3 0.7035381822916666 0.8073496722222222 0.7035482572916667 0.8125790824074074 0.7128269192708333 0.8126075805555555 0.7128672171874999 0.6535907666666666 0.7028047552083333 0.6535622685185185 0.7028148296875 0.6583927046296296 0.7092524682291667 0.6583927046296296 0.7091315734375 0.8072926759259259 0.7035381822916666 0.8073496722222222
3 0.6095285109374999 0.7850954685185185 0.6094761234374999 0.7796209749999999 0.609699778125 0.7793046453703704 0.6096796291666667 0.7447905388888889 0.6065968166666666 0.7447905388888889 0.6066290552083333 0.7791564546296296 0.6068204713541667 0.779598175925926 0.6068365906250001 0.7850698203703703 0.6095285109374999 0.7850954685185185
3 0.6627684869791667 0.7839754916666667 0.6655530927083333 0.7839412935185186 0.6655772718749999 0.7784924481481481 0.665665928125 0.7783955546296296 0.6656316744791667 0.7393502425925925 0.6626596817708333 0.7393815898148148 0.6626576666666666 0.778292961111111 0.6627483375 0.778478199074074 0.6627684869791667 0.7839754916666667
3 0.6677412854166668 0.7883442574074074 0.66772718125 0.7857252777777778 0.6644972796875 0.7857594759259259 0.6645033244791667 0.7867911083333333 0.6558573442708333 0.7868880018518518 0.6558694338541666 0.7893103444444444 0.6663207739583333 0.7893188944444445 0.6663147291666667 0.7883442574074074 0.6677412854166668 0.7883442574074074
3 0.7091879911458334 0.7848731833333333 0.6856397338541667 0.7849330296296296 0.6856498083333334 0.7883727555555556 0.6874571833333333 0.7883585064814815 0.6874370338541667 0.7872499287037037 0.7091879911458334 0.7872014814814815 0.7091879911458334 0.7848731833333333
3 0.5998871651041667 0.7868794527777777 0.5999173885416667 0.7893388425925926 0.6164980859375 0.7893388425925926 0.6164980859375 0.7868367055555555 0.5998871651041667 0.7868794527777777
3 0.5956074953125 0.7473325731481482 0.5956074953125 0.7452436592592593 0.5731593791666667 0.7452180111111112 0.5731754984375 0.7849102305555555 0.5747410838541666 0.7849216305555556 0.5747471286458333 0.7473325731481482 0.5956074953125 0.7473325731481482
3 0.564273625 0.7869563981481481 0.5642595203125 0.7893473925925926 0.5818335682291667 0.7893302935185186 0.5818174489583333 0.786936449074074 0.564273625 0.7869563981481481
3 0.5376768083333333 0.7869079509259259 0.5376768083333333 0.7893530916666667 0.5462945796875 0.7893388425925926 0.5462845052083334 0.7868794527777777 0.5376768083333333 0.7869079509259259
3 0.6830888572916667 0.6700826444444444 0.6830989322916667 0.6725420351851852 0.6933729598958334 0.6725562842592592 0.6933830343749999 0.6701253916666666 0.6830888572916667 0.6700826444444444
3 0.658220834375 0.6746850953703704 0.658220834375 0.6886491879629629 0.6597461213541667 0.6886491879629629 0.6597158973958333 0.6746708462962963 0.658220834375 0.6746850953703704
2 0.5822002822916666 0.6742462240740741 0.5690126937500001 0.6743459675925926 0.5689320973958334 0.6988059277777778 0.582149909375 0.6987517814814815 0.5822002822916666 0.6742462240740741
2 0.32817650625 0.752872612962963 0.3281664317708334 0.7700769453703703 0.33927463229166666 0.7701025935185185 0.3394559739583333 0.752872612962963 0.32817650625 0.752872612962963
4 0.19493854531250002 0.6615759472222222 0.19492041093749998 0.6657252777777778 0.20391094114583333 0.6657252777777778 0.20391094114583333 0.6615759472222222 0.19493854531250002 0.6615759472222222
4 0.21366915156250002 0.6615901962962963 0.21366915156250002 0.6657366768518519 0.23106588749999998 0.6657366768518519 0.23105581302083333 0.6616044453703703 0.21366915156250002 0.6615901962962963
4 0.2505601453125 0.6520575666666667 0.2505500703125 0.6562040462962964 0.2678742697916666 0.6562182953703705 0.2678742697916666 0.6520860648148149 0.2505601453125 0.6520575666666667
4 0.29344146666666665 0.6520746648148148 0.29343139218750003 0.6562239953703703 0.3024622203125 0.6562353944444445 0.30247229479166665 0.6520860648148149 0.29344146666666665 0.6520746648148148
4 0.2162683859375 0.6792504990740741 0.21628047552083332 0.6838785981481481 0.2343219828125 0.6838871472222222 0.23428369947916666 0.6793131944444444 0.2162683859375 0.6792504990740741
4 0.2506004432291667 0.6792476490740741 0.2506105177083333 0.6839070962962962 0.2686479953125 0.6839213453703703 0.2686177713541667 0.6793017953703704 0.2506004432291667 0.6792476490740741
4 0.21560346562500002 0.783092049074074 0.21568809166666666 0.7876945 0.23348579479166667 0.7877144481481481 0.23346564583333332 0.7831148472222222 0.21560346562500002 0.783092049074074
4 0.19769695729166664 0.8075320601851852 0.197709046875 0.8120376175925926 0.20912955885416668 0.8120518666666667 0.20913560364583333 0.8075577083333333 0.19769695729166664 0.8075320601851852
4 0.21581301614583334 0.8079253351851852 0.2157848078125 0.8131803935185186 0.23318355833333332 0.8131404962962963 0.23315333489583334 0.8079196351851853 0.21581301614583334 0.8079253351851852
4 0.24569413645833332 0.8158820175925925 0.2457082411458333 0.8212197203703704 0.2844106385416667 0.8212624675925926 0.2843683255208333 0.8158820175925925 0.24569413645833332 0.8158820175925925
4 0.301674390625 0.8158620685185185 0.30166028593750005 0.8201510398148147 0.31910537968749997 0.8201481907407407 0.31909530520833335 0.8158592194444445 0.301674390625 0.8158620685185185
3 0.7041708645833332 0.6701253916666666 0.7041708645833332 0.672299800925926 0.7092524682291667 0.6722855518518519 0.7092524682291667 0.6701253916666666 0.7041708645833332 0.6701253916666666
3 0.6608926052083334 0.688677686111111 0.6579286723958333 0.688677686111111 0.6579085229166667 0.7232117416666667 0.6608120088541667 0.7231974925925927 0.6608926052083334 0.688677686111111
3 0.6700020151041667 0.6926845259259259 0.6700141041666666 0.6976631518518519 0.6608825307291667 0.6976745509259259 0.6608825307291667 0.7001139925925925 0.6717509572916666 0.7001567398148147 0.6717610317708334 0.6951553148148149 0.6883719526041666 0.695198062037037 0.6883900864583333 0.7072869759259258 0.6902498489583333 0.7072869759259258 0.6902297 0.6889626675925926 0.660916784375 0.6889569675925926 0.6609127541666666 0.6911940722222222 0.688670159375 0.6912140212962963 0.6887003828125 0.692690225 0.6700020151041667 0.6926845259259259
3 0.6608523072916667 0.7202365342592593 0.6608523072916667 0.7230350527777777 0.6902699979166667 0.723069250925926 0.6902498489583333 0.7202849814814815 0.6608523072916667 0.7202365342592593
3 0.5376667338541666 0.7451439157407408 0.5376667338541666 0.7473325731481482 0.5617207333333333 0.747304075 0.5617207333333333 0.7452294101851852 0.5376667338541666 0.7451439157407408
3 0.5824199072916667 0.6981533203703704 0.5824118479166667 0.6991621546296297 0.5836167640625 0.6991621546296297 0.5836066895833334 0.6981533203703704 0.5824199072916667 0.6981533203703704
2 0.5577735239583334 0.7317640351851852 0.5472980052083333 0.731721287962963 0.5473282286458333 0.7451439157407408 0.5577936734375 0.745186662962963 0.5577735239583334 0.7317640351851852
2 0.5617509572916667 0.7445768027777778 0.5617408822916666 0.7618210314814815 0.5731210963541666 0.7618637787037037 0.5731311708333333 0.74461955 0.5617509572916667 0.7445768027777778
2 0.5956377192708333 0.7445768027777778 0.5956880916666666 0.7618067824074074 0.6065867416666666 0.7618495296296297 0.6065766671875 0.7446337990740741 0.5956377192708333 0.7445768027777778
2 0.5954583921875 0.7223168990740741 0.5954785411458333 0.7272328296296297 0.605823090625 0.7271615842592593 0.6058432401041667 0.7223311481481482 0.5954583921875 0.7223168990740741
2 0.6937255692708334 0.6583927046296296 0.6933931088541667 0.6753263037037037 0.7041607901041667 0.6753120546296297 0.7041104171875 0.6584212027777778 0.6937255692708334 0.6583927046296296
2 0.69059036875 0.7202564833333333 0.6905601453125 0.7073297231481481 0.6797844046874999 0.7072869759259258 0.6798045536458334 0.7202279851851852 0.69059036875 0.7202564833333333
2 0.6624380416666666 0.7230550018518519 0.6624178921875 0.7393359935185185 0.6756558531250001 0.7392647481481481 0.67559540625 0.7230835 0.6624380416666666 0.7230550018518519
4 0.6333931088541667 0.670752350925926 0.6334031833333333 0.6753405527777778 0.6512895427083334 0.6753690509259259 0.6512895427083334 0.6707666 0.6333931088541667 0.670752350925926
4 0.5818174489583333 0.7841236824074074 0.5818476729166666 0.7887118833333334 0.5998871651041667 0.7887004842592592 0.5998468666666666 0.7841236824074074 0.5818174489583333 0.7841236824074074
4 0.6652911546875 0.6707666 0.6652911546875 0.6753405527777778 0.6830787828125 0.6753405527777778 0.6830687083333333 0.6707666 0.6652911546875 0.6707666
4 0.6677211364583333 0.7831148472222222 0.667761434375 0.7877172981481482 0.6856276447916667 0.7876916500000001 0.6856276447916667 0.7831205472222221 0.6677211364583333 0.7831148472222222
2 0.6767499494791667 0.8018181814814814 0.6876485994791667 0.801752636111111 0.6876485994791667 0.7883870046296296 0.6768003223958333 0.788472499074074 0.6767499494791667 0.8018181814814814
4 0.6165081604166667 0.7841379314814815 0.6165182348958334 0.7886833851851852 0.6558452546875 0.7886748361111111 0.6558291354166667 0.7841094333333333 0.6165081604166667 0.7841379314814815
4 0.5462845052083334 0.7840809351851852 0.5463147291666667 0.7886976342592593 0.5642413864583333 0.7886976342592593 0.5642615354166666 0.7841094333333333 0.5462845052083334 0.7840809351851852
3 0.31938948229166664 0.7950498712962963 0.31939955677083337 0.7972641777777777 0.3369554703125 0.7972926759259259 0.3369554703125 0.7949786268518518 0.31938948229166664 0.7950498712962963
2 0.19355027187499999 0.6667597601851852 0.19364094322916667 0.6838757481481482 0.2043784 0.6839070962962962 0.20425347552083334 0.666742662037037 0.19355027187499999 0.6667597601851852
3 0.2847410838541667 0.7950270731481481 0.2847410838541667 0.797301225 0.3013963328125 0.7972898259259259 0.30139028802083334 0.7949786268518518 0.2847410838541667 0.7950270731481481
3 0.31762039114583335 0.7061926472222222 0.31761434635416663 0.7070703907407407 0.31881724739583334 0.7070618407407407 0.31880717291666666 0.7061783981481482 0.31762039114583335 0.7061926472222222
3 0.290969171875 0.7309233398148148 0.29095506770833335 0.7015673981481481 0.3075115859375 0.7015873472222223 0.3074994963541667 0.699250499074074 0.2909893208333333 0.69923625 0.2909832760416667 0.6907723 0.3133628854166667 0.6907666 0.3133548255208333 0.6885608435185185 0.28939955677083334 0.6885978907407407 0.2895466453125 0.7329353092592593 0.29548861562499995 0.7329353092592593 0.2954765260416667 0.7309062407407407 0.290969171875 0.7309233398148148
4 0.6937840015625 0.6541151324074074 0.6937557927083333 0.6582274148148148 0.7027644567708333 0.6582074666666666 0.7027644567708333 0.6540752351851852 0.6937840015625 0.6541151324074074
4 0.6920370744791666 0.8076204046296297 0.6920773723958333 0.8120946138888889 0.703497884375 0.8120661157407407 0.7035180333333333 0.80769165 0.6920370744791666 0.8076204046296297
3 0.5833790046874999 0.6932829870370371 0.5833931088541667 0.6967797092592593 0.5924702802083334 0.6967113138888889 0.59246625 0.7252835564814815 0.5954402578125 0.7253263037037037 0.5954160791666666 0.6926588768518519 0.5874914364583332 0.6927301222222223 0.5875780776041667 0.6427415222222223 0.598722546875 0.6427244231481481 0.5987144869791667 0.6381419203703703 0.5987104572916666 0.637705899074074 0.5833346765624999 0.637671700925926 0.5833145276041667 0.6908292962962963 0.5821881927083333 0.6908292962962963 0.5822002822916666 0.693265887962963 0.5833790046874999 0.6932829870370371
3 0.5954483177083334 0.6927215731481482 0.5954543625 0.6943602166666667 0.6112351401041667 0.6943032203703704 0.6112351401041667 0.6830493018518519 0.5880314328124999 0.6830635509259259 0.5880314328124999 0.6850954685185185 0.6099153739583334 0.6851040185185185 0.6099254484375 0.6926788259259259 0.5954483177083334 0.6927215731481482
3 0.6333769895833333 0.672673125925926 0.6333628854166666 0.6699572527777778 0.6084424744791667 0.6699401537037036 0.6084505338541667 0.6795183814814815 0.5875478541666667 0.6794471361111111 0.5875377796875 0.6818808777777777 0.6101470885416667 0.6819122259259259 0.61014104375 0.6726503277777778 0.6333769895833333 0.672673125925926
3 0.6102579083333333 0.6953206037037036 0.6102518635416666 0.7228184666666667 0.6058533145833334 0.7228156166666666 0.6058512994791666 0.724821887037037 0.6117771510416666 0.7248361361111111 0.611752971875 0.6953035055555555 0.6102579083333333 0.6953206037037036