1 0 0 0 1 1 1 1 0 0 0
2 0.327568003125 0.376533637037037 0.34664517447916665 0.3763683009259259 0.34653435416666667 0.34513683055555555 0.3275841223958333 0.34513683055555555 0.327568003125 0.376533637037037
2 0.35485794895833334 0.4460034203703704 0.3548055609375 0.47331812962962966 0.37653636927083334 0.47336373981481483 0.3765061453125 0.44615165370370374 0.35485794895833334 0.4460034203703704
2 0.3488414265625 0.47679589537037037 0.326554503125 0.47684720648148154 0.32653636927083335 0.48084378518518517 0.34882127760416665 0.4809863166666667 0.3488414265625 0.47679589537037037
2 0.4148297401041667 0.5113454962962963 0.41457183177083334 0.4848033064814815 0.39286117291666667 0.4849458379629629 0.39286117291666667 0.5112628277777778 0.4148297401041667 0.5113454962962963
4 0.40225669947916665 0.6157098064814814 0.35504130572916665 0.6154446981481482 0.355065484375 0.619652223148148 0.40223655052083335 0.6194982898148148 0.40225669947916665 0.6157098064814814
2 0.3498488817708333 0.6495153935185185 0.34968567395833333 0.6229161916666667 0.3278742697916667 0.6230387685185186 0.3278662098958333 0.6494583805555555 0.3498488817708333 0.6495153935185185
4 0.34053999583333333 0.6740307870370371 0.3102861171875 0.6740165333333333 0.31033649010416664 0.6781898518518518 0.34056417499999997 0.6780017101851852 0.34053999583333333 0.6740307870370371
4 0.40211565572916663 0.6741733185185185 0.3551198869791667 0.674033637037037 0.3551440661458333 0.6780359175925925 0.40210356614583337 0.6781071833333334 0.40211565572916663 0.6741733185185185
4 0.5133810197916666 0.6905815277777777 0.4296070927083333 0.6903705814814814 0.429647390625 0.6947434435185185 0.5132822890625 0.6946237175925926 0.5133810197916666 0.6905815277777777
4 0.6016985692708333 0.6783950972222222 0.5548075760416666 0.6780188138888888 0.5548055609375001 0.6821265675925926 0.601752971875 0.682326112037037 0.6016985692708333 0.6783950972222222
4 0.6756256296875001 0.6782782212962963 0.6182450130208333 0.6783238314814815 0.6182752369791668 0.682212087037037 0.6756256296875001 0.682277650925926 0.6756256296875001 0.6782782212962963
4 0.6756276447916666 0.6262856324074073 0.6181039692708333 0.6262485750000001 0.6181382229166666 0.6303363740740741 0.6755913760416666 0.6301425314814815 0.6756276447916666 0.6262856324074073
4 0.6015998390625 0.6262485750000001 0.554616159375 0.6262400231481482 0.554563771875 0.6305017101851852 0.6015655854166667 0.630287912962963 0.6015998390625 0.6262485750000001
4 0.5133669151041667 0.6148973777777778 0.42967962916666663 0.6153933861111112 0.42969776354166667 0.6195667046296296 0.5133669151041667 0.6194811861111111 0.5133669151041667 0.6148973777777778
2 0.603241990625 0.5299800453703705 0.5841487005208333 0.5299287342592592 0.5841869838541667 0.560915050925926 0.6032379609375 0.5609863166666667 0.603241990625 0.5299800453703705
2 0.6305863390625 0.5299600916666667 0.6116058833333333 0.5300171037037037 0.6116038687500001 0.5608580388888889 0.6306266369791668 0.5609179018518519 0.6305863390625 0.5299600916666667
2 0.6495667942708334 0.4413626 0.6685351604166667 0.441416762037037 0.6684465041666667 0.4104903074074074 0.6494479145833334 0.4104675027777778 0.6495667942708334 0.4413626
2 0.5718315536458333 0.48061573518518513 0.5909329036458334 0.48064424166666664 0.5907314125 0.4484606611111111 0.5718255088541666 0.448466362962963 0.5718315536458333 0.48061573518518513
3 0.34664517447916665 0.3127423037037037 0.34663509947916665 0.3165621435185185 0.37624420729166663 0.316476625 0.3762240578125 0.31254275925925923 0.34664517447916665 0.3127423037037037
3 0.6182450130208333 0.6783238314814815 0.6016985692708333 0.6783950972222222 0.601752971875 0.682326112037037 0.6182752369791668 0.682212087037037 0.6182450130208333 0.6783238314814815
3 0.31033649010416664 0.6781898518518518 0.3102861171875 0.6740165333333333 0.3009933510416667 0.6739481185185185 0.3010437234375 0.3168386546296296 0.3180052385416667 0.31670182407407405 0.3180052385416667 0.31280501666666666 0.2983397140625 0.3129446981481482 0.2982409833333334 0.6781898518518518 0.31033649010416664 0.6781898518518518
3 0.6756256296875001 0.6782782212962963 0.6756256296875001 0.682277650925926 0.6998085833333333 0.6823603194444445 0.6999899255208334 0.4372348916666667 0.6685351604166667 0.4374258833333334 0.6685351604166667 0.441416762037037 0.6970340520833334 0.441476625 0.6970824098958333 0.6782183583333333 0.6756256296875001 0.6782782212962963
3 0.6013681239583334 0.3323033064814815 0.6011948416666667 0.3106071833333333 0.6339351197916667 0.3106698972222222 0.6342071328125001 0.4413141388888889 0.6495667942708334 0.4413626 0.6495264958333333 0.4375142527777778 0.6370239776041667 0.4374344351851852 0.6370602458333334 0.3065108324074074 0.598652025 0.30630558703703703 0.5986822484375 0.32836659074074076 0.5181744911458334 0.32847776481481483 0.5181543421875 0.31262827777777774 0.48609711875 0.31259977222222224 0.4861394317708333 0.3164281638888889 0.51531331875 0.316476625 0.515373765625 0.3326111740740741 0.6013681239583334 0.3323033064814815
3 0.404652428125 0.3126938425925926 0.40471287552083335 0.3165421888888889 0.4504694739583333 0.3163511972222222 0.4504694739583333 0.31250285092592595 0.404652428125 0.3126938425925926
3 0.5133810197916666 0.6905815277777777 0.5132822890625 0.6946237175925926 0.5323393109375 0.6946123148148148 0.532361475 0.682152223148148 0.5548055609375001 0.6821265675925926 0.5548075760416666 0.6780188138888888 0.5297279869791667 0.6783067277777778 0.5297279869791667 0.690510262037037 0.5133810197916666 0.6905815277777777
3 0.41193431406250003 0.6946864305555556 0.429647390625 0.6947434435185185 0.4296070927083333 0.6903705814814814 0.41465242812499997 0.6904332953703703 0.41460407031249996 0.6739965796296296 0.40209550677083333 0.6741163055555556 0.40210356614583337 0.6781071833333334 0.4118496875 0.6780729759259259 0.41193431406250003 0.6946864305555556
3 0.3551198869791667 0.674033637037037 0.34053999583333333 0.6740307870370371 0.34056417499999997 0.6780017101851852 0.3551440661458333 0.6780359175925925 0.3551198869791667 0.674033637037037
3 0.35485794895833334 0.4460034203703704 0.3575256901041667 0.4460091222222222 0.357515615625 0.41252280462962965 0.41198871666666664 0.4125142527777778 0.4119141645833333 0.47657639722222217 0.35754583906250004 0.47676738888888887 0.35754583906250004 0.47331812962962966 0.3548055609375 0.47331812962962966 0.3548055609375 0.47673888240740736 0.3488414265625 0.47679589537037037 0.3488414265625 0.48092930462962963 0.41192826927083337 0.48104332962962965 0.4119141645833333 0.4848033064814815 0.41457183177083334 0.4848033064814815 0.41457183177083334 0.4011744583333333 0.41204916406250003 0.401197262962963 0.4120652833333333 0.408694412962963 0.37626434427083333 0.4088328564814815 0.376115253125 0.3575513111111111 0.35756598854166666 0.3575513111111111 0.3577473302083333 0.3165336370370371 0.354704815625 0.3165621435185185 0.35470683072916664 0.3727309009259259 0.34663509947916665 0.3727309009259259 0.34664517447916665 0.3763683009259259 0.3547854119791667 0.3763683009259259 0.35485794895833334 0.4460034203703704
3 0.3733628833333333 0.40884407685185187 0.37335885572916666 0.36159350092592596 0.3577150916666667 0.36159350092592596 0.357515615625 0.40890535925925925 0.3733628833333333 0.40884407685185187
3 0.40223655052083335 0.6194982898148148 0.41194841822916667 0.6194982898148148 0.4118879708333333 0.6740022805555556 0.41460407031249996 0.6739965796296296 0.4145476526041667 0.6196408212962963 0.42969776354166667 0.6195667046296296 0.42967962916666663 0.6154789055555555 0.4145678015625 0.6155929305555555 0.4148297401041667 0.5113454962962963 0.41178722552083336 0.5113454962962963 0.4120290145833333 0.6157924740740741 0.40225669947916665 0.6157098064814814 0.40223655052083335 0.6194982898148148
3 0.34686479947916665 0.6228876851851852 0.34968567395833333 0.6229161916666667 0.34970783802083333 0.6196408212962963 0.355065484375 0.619652223148148 0.35504130572916665 0.6154446981481482 0.30098932083333335 0.6154275944444444 0.3009933510416667 0.6196037629629629 0.34684465052083335 0.6195524518518519 0.34686479947916665 0.6228876851851852
3 0.3498488817708333 0.6495153935185185 0.3468466651041667 0.6495153935185185 0.34686882916666667 0.674033637037037 0.3498085833333333 0.6740592925925926 0.3498488817708333 0.6495153935185185
3 0.326554503125 0.47684720648148154 0.30100745520833333 0.4768529074074074 0.30100745520833333 0.4808722916666667 0.32653636927083335 0.48084378518518517 0.326554503125 0.47684720648148154
3 0.327568003125 0.3725912203703704 0.3010517833333333 0.3727309009259259 0.30100745520833333 0.3765963509259259 0.327568003125 0.376533637037037 0.327568003125 0.3725912203703704
3 0.41469877083333334 0.36449258796296297 0.43943179531250004 0.3643671611111111 0.43938948229166663 0.36041619166666666 0.4118980453125 0.36046465185185184 0.41192826927083337 0.37417331851851854 0.4147289947916667 0.37417331851851854 0.41469877083333334 0.36449258796296297
3 0.515373765625 0.3643386546296296 0.5152992140625 0.4766334092592593 0.4890912755208333 0.4768386546296296 0.4890912755208333 0.4810262259259259 0.5718315536458333 0.48061573518518513 0.5718315536458333 0.47642816388888887 0.5181160588541667 0.47642816388888887 0.5181160588541667 0.39297890555555554 0.5961313723958334 0.39298745740740737 0.5961515213541666 0.4764538194444444 0.5909127541666667 0.47648232592592593 0.5909329036458334 0.48064424166666664 0.63688091875 0.48061573518518513 0.6370985291666666 0.44129133425925926 0.6342071328125001 0.4413141388888889 0.6339935520833334 0.47673603148148147 0.5990489625 0.4766334092592593 0.5989764255208333 0.4049287342592593 0.6341366109375 0.40482611203703706 0.6340660890625001 0.4013540481481482 0.5987608302083333 0.4013540481481482 0.5990731411458333 0.36510832407407406 0.6340660890625001 0.36499144814814816 0.6339935520833334 0.3609036490740741 0.5962925651041666 0.36100342037037036 0.5961716703125001 0.38916761666666666 0.5513258109375 0.3890963509259259 0.5513983479166666 0.33250855185185185 0.5487991135416667 0.33250855185185185 0.5486560546875 0.3893015962962963 0.5181160588541667 0.3891989740740741 0.5182591177083333 0.3326111740740741 0.515373765625 0.3326111740740741 0.5153717510416667 0.3603933861111111 0.4862764458333333 0.3603933861111111 0.48627846041666667 0.36445267962962963 0.515373765625 0.3643386546296296
3 0.6970582307291667 0.5301767388888888 0.6305661895833333 0.5299885972222222 0.6306367114583333 0.5339566703703704 0.6970582307291667 0.5340792472222222 0.6970582307291667 0.5301767388888888
3 0.6056739875 0.6261488027777778 0.6015998390625 0.6262485750000001 0.6015655854166667 0.630287912962963 0.6181382229166666 0.6303363740740741 0.6181039692708333 0.6262485750000001 0.6081100140625 0.6263483462962963 0.6082409833333333 0.5338939564814814 0.6116260328125 0.5338939564814814 0.6116058833333333 0.5300171037037037 0.603241990625 0.5299800453703705 0.6032560953124999 0.5338797037037036 0.6057223453125 0.5338369444444444 0.6056739875 0.6261488027777778
3 0.6970965140625 0.6263112888888889 0.6756276447916666 0.6262856324074073 0.6755913760416666 0.6301425314814815 0.6970783802083333 0.6301596351851851 0.6970965140625 0.6263112888888889
3 0.5133669151041667 0.6194811861111111 0.5286741890625 0.6196351194444444 0.5286943380208333 0.6304675027777777 0.5545839208333334 0.6304732037037037 0.554616159375 0.6262400231481482 0.5316361072916667 0.6264025083333333 0.531674390625 0.5339794759259259 0.5841487005208333 0.5340678453703703 0.5841487005208333 0.5299287342592592 0.5286137416666666 0.5300627138888888 0.5286741890625 0.6150342074074074 0.5133669151041667 0.6148973777777778 0.5133669151041667 0.6194811861111111
4 0.34664517447916665 0.3127423037037037 0.3180052385416667 0.31280501666666666 0.3180052385416667 0.31670182407407405 0.34663509947916665 0.3165621435185185 0.34664517447916665 0.3127423037037037
4 0.404652428125 0.3126938425925926 0.3762240578125 0.31254275925925923 0.37624420729166663 0.316476625 0.40471287552083335 0.3165421888888889 0.404652428125 0.3126938425925926
4 0.48607696979166665 0.31262827777777774 0.4504694739583333 0.31250285092592595 0.4504694739583333 0.3163511972222222 0.4861394317708333 0.3164281638888889 0.48607696979166665 0.31262827777777774
4 0.4862764458333333 0.3603933861111111 0.43938948229166663 0.36041619166666666 0.439391496875 0.3643956666666667 0.4862986098958333 0.36448118611111113 0.4862764458333333 0.3603933861111111
2 0.41457183177083334 0.4011744583333333 0.4147289947916667 0.37417331851851854 0.39298811197916667 0.37425883703703705 0.3929679630208333 0.4011402509259259 0.41457183177083334 0.4011744583333333