3 0.9533104979166667 0.4095012824074074 0.9539754182291666 0.4095183814814815 0.9539754182291666 0.39800227962962964 0.9395567197916667 0.39800227962962964 0.9395567197916667 0.3989056712962963 0.9533366916666667 0.39886862314814814 0.9533104979166667 0.4095012824074074
4 0.7187185171875 0.39854659444444446 0.7187648598958333 0.40716443425925924 0.7435079588541667 0.40722997962962965 0.743524078125 0.39852664537037036 0.7187185171875 0.39854659444444446
4 0.7945698166666666 0.3812225703703704 0.7945557125 0.38991735555555557 0.8131271406249999 0.38986035925925927 0.8130364697916667 0.3812054712962963 0.7945698166666666 0.3812225703703704
4 0.8603767880208333 0.4046594472222222 0.8603949223958334 0.4133257342592593 0.8851239171874999 0.4133000851851852 0.8850876484375 0.4046850953703704 0.8603767880208333 0.4046594472222222
2 0.6014769291666667 0.4310515814814815 0.6014567802083334 0.43437446574074073 0.6158754786458334 0.43438016574074073 0.6159097317708333 0.43102593333333333 0.6014769291666667 0.4310515814814815
2 0.6005682046874999 0.4657395268518519 0.6005621598958334 0.46898261574074074 0.6158371953124999 0.4690624111111111 0.6157989119791666 0.4657908231481481 0.6005682046874999 0.4657395268518519
4 0.7185512796875 0.3675833574074074 0.7186842635416667 0.3749444287037037 0.7339411645833334 0.37497292685185185 0.7338484786458334 0.3675292101851852 0.7185512796875 0.3675833574074074
4 0.780801934375 0.35387859814814815 0.767181140625 0.35391279537037035 0.7672274833333332 0.359427187037037 0.7808482770833333 0.35949273333333337 0.780801934375 0.35387859814814815
4 0.807964940625 0.35216870925925925 0.8078863588541666 0.35945568518518517 0.8353536166666667 0.3593644916666667 0.8353374973958334 0.35222570555555555 0.807964940625 0.35216870925925925
3 0.6554422729166667 0.4077400972222222 0.6554745114583334 0.41892846944444445 0.6853798104166666 0.4186149898148148 0.6853939151041666 0.41389284722222225 0.65856336875 0.4139811916666667 0.65862583125 0.4050213731481482 0.6221358052083333 0.40475349074074074 0.6221358052083333 0.38608150462962965 0.6156276447916667 0.38602165833333335 0.6156437640625001 0.39089484166666666 0.618537175 0.39089484166666666 0.6185109812499999 0.40782844074074076 0.6554422729166667 0.4077400972222222
3 0.7050533953125 0.38814762037037037 0.7031311708333334 0.38819321759259257 0.7031613942708332 0.41382160185185185 0.6991275437500001 0.4138643490740741 0.6991738869791667 0.4187831287037037 0.70508361875 0.4187232833333333 0.7050533953125 0.38814762037037037
3 0.7112089463541668 0.3985636935185185 0.7112089463541668 0.40323738981481483 0.7187386661458334 0.4032060416666667 0.718696353125 0.3985722425925926 0.7112089463541668 0.3985636935185185
3 0.7945698166666666 0.38618694814814813 0.79458190625 0.3812225703703704 0.7785009067708334 0.3811912222222222 0.7784646385416667 0.39842120277777776 0.743524078125 0.3983414074074074 0.74350594375 0.40347677407407406 0.7820572234375 0.40352807037037036 0.7820753578125 0.3861669990740741 0.7945698166666666 0.38618694814814813
3 0.8130747531250001 0.3862068962962963 0.8232178119791667 0.3862097462962963 0.8231734838541667 0.38116272407407403 0.8130425145833333 0.3812254203703704 0.8130747531250001 0.3862068962962963
3 0.8603808182291667 0.40979481296296294 0.8603626838541667 0.40466229722222224 0.8429840822916667 0.40471359351851854 0.8430022161458334 0.3811912222222222 0.8369292765625 0.38116272407407403 0.8369292765625 0.38624679351851854 0.8395748541666667 0.3861926472222222 0.8395567197916667 0.40966657129629624 0.8603808182291667 0.40979481296296294
3 0.8944831755208333 0.4025990314814815 0.8945013098958333 0.39764605277777776 0.8888837395833333 0.39762040462962966 0.8888656057291667 0.40468794537037034 0.8850977229166667 0.40466514722222224 0.8850896635416666 0.40982046203703704 0.8924763250000001 0.40982046203703704 0.8924199072916666 0.40259618148148146 0.8944831755208333 0.4025990314814815
3 0.9195164213541667 0.47251638611111113 0.9219584927083333 0.47244514074074073 0.9220108807291666 0.4395753777777778 0.946616965625 0.4396494731481482 0.9466290552083334 0.4902878314814815 0.9487044124999999 0.4903077796296297 0.9486641145833333 0.4364177824074074 0.9353777958333332 0.43645483055555556 0.9354039895833334 0.41743801666666663 0.9333548255208334 0.41751211203703703 0.9333810197916667 0.4364177824074074 0.9195688093750001 0.4363807351851852 0.9195164213541667 0.47251638611111113
3 0.9389562765625 0.5510686805555556 0.9390026192708334 0.5562011972222222 0.9499314932291667 0.5562553435185185 0.9499314932291667 0.5511199768518519 0.9389562765625 0.5510686805555556
3 0.8904352208333334 0.5510316333333333 0.89047551875 0.5561812481481482 0.9111464838541666 0.5561812481481482 0.9111323796874999 0.5511256768518519 0.8904352208333334 0.5510316333333333
3 0.8422808786458333 0.5510686805555556 0.8422929677083334 0.5562182953703704 0.8627946807291667 0.5562011972222222 0.8627040098958333 0.5510316333333333 0.8422808786458333 0.5510686805555556
3 0.7739109411458334 0.5511057277777778 0.7738726578125 0.5561442009259259 0.7823030427083334 0.5561641490740741 0.7823151317708333 0.5510686805555556 0.7739109411458334 0.5511057277777778
3 0.6425488614583333 0.5510515814814815 0.6365081604166666 0.5510515814814815 0.6364416682291666 0.5561812481481482 0.6425750552083334 0.5561641490740741 0.6425488614583333 0.5510515814814815
3 0.5809409630208333 0.5510316333333333 0.5733185572916667 0.5510316333333333 0.5733185572916667 0.5561641490740741 0.5809792463541666 0.5561641490740741 0.5809409630208333 0.5510316333333333
3 0.6005561151041667 0.4666913648148148 0.5756377192708333 0.46665716759259257 0.5756377192708333 0.46886007407407404 0.6005782791666667 0.46889142222222224 0.6005561151041667 0.4666913648148148
3 0.6853455572916667 0.46608435462962966 0.665013096875 0.4659247648148148 0.6649949625 0.42164434351851854 0.6633971390625 0.42164434351851854 0.6633588557291666 0.4662695925925926 0.6468789036458333 0.4663778851851852 0.6468970380208333 0.41292676018518515 0.6533991536458333 0.4127130240740741 0.6533991536458333 0.41050726666666665 0.6432581098958334 0.4104474212962963 0.6431110213541668 0.43219150740740736 0.6284807578125 0.432125962037037 0.628466653125 0.43321174166666665 0.643074753125 0.4333000851851852 0.64311908125 0.46577087500000003 0.6182953859375 0.465765175 0.6182953859375 0.4649159305555555 0.615796896875 0.4648874324074074 0.615833165625 0.46924764907407407 0.6853798104166666 0.46909945833333333 0.6853455572916667 0.46608435462962966
3 0.6992000807291666 0.4659076657407407 0.6992383640625001 0.4689142203703704 0.7067418901041667 0.46882302685185184 0.7067418901041667 0.46596181203703707 0.6992000807291666 0.4659076657407407
3 0.6191960505208333 0.4321943574074074 0.6183296395833333 0.4321943574074074 0.6182772515625 0.4131319462962963 0.6432258713541666 0.41305785092592595 0.6432802739583334 0.410569962962963 0.6158956276041666 0.4106070101851852 0.61586741875 0.4487289824074074 0.6183155348958334 0.4487033342592593 0.6182772515625 0.43322599074074075 0.6191960505208333 0.4331889425925926 0.6191960505208333 0.4321943574074074
4 0.5910094703125 0.3621345111111111 0.5909349182291667 0.36931034444444444 0.6154402578125 0.3693644916666667 0.6154221239583334 0.3621886574074074 0.5910094703125 0.3621345111111111
3 0.6423574453125 0.49169563981481484 0.6402518635416666 0.4916557425925926 0.6402458192708332 0.4955998861111111 0.6423151317708334 0.49551154166666667 0.6423574453125 0.49169563981481484
3 0.7844287729166666 0.4659903101851852 0.7723332661458334 0.4658734685185185 0.7722768484375 0.4059760611111111 0.7688132177083333 0.40601310925925926 0.7687870239583333 0.4663721861111111 0.7623735645833333 0.46633228796296294 0.7623473703125 0.4065118268518519 0.7603445494791666 0.4065118268518519 0.760263953125 0.46595041296296297 0.7254442875 0.4658706185185185 0.725462421875 0.4688971212962963 0.7844549666666667 0.46886007407407404 0.7844287729166666 0.4659903101851852
3 0.9018980453125 0.5475092620370371 0.9018758817708333 0.49542604722222217 0.90244005625 0.49542604722222217 0.9023937135416666 0.4903248787037037 0.8681180739583334 0.4903248787037037 0.8680959098958334 0.49542604722222217 0.8996433609375 0.4955229407407407 0.899665525 0.5475092620370371 0.9018980453125 0.5475092620370371
3 0.8949707838541666 0.4619920203703704 0.8949345156249999 0.4131917925925926 0.8927543822916667 0.4133257342592593 0.892792665625 0.4610601314814815 0.8671408421875 0.46110857777777775 0.8671972598958334 0.4640894842592592 0.9010981260416667 0.4640894842592592 0.9010598427083334 0.46185807962962966 0.8949707838541666 0.4619920203703704
3 0.6014728994791666 0.4310743805555556 0.5755994359375 0.4311256768518518 0.5756377192708333 0.4337190083333334 0.6014728994791666 0.4338301509259259 0.6014728994791666 0.4310743805555556
3 0.8527604270833333 0.4125021370370371 0.8493109005208334 0.41247078981481483 0.849198065625 0.46260758055555556 0.8369534557291666 0.46267312592592597 0.8369071125 0.4641065833333334 0.8527825911458333 0.46400968981481483 0.8527604270833333 0.4125021370370371
3 0.8501047755208333 0.5475092620370371 0.8535140036458333 0.5475491592592592 0.8534394520833334 0.49027073240740743 0.8501309692708333 0.4902935305555556 0.8501047755208333 0.5475092620370371
4 0.6483094901041666 0.3638842972222222 0.6347632479166666 0.36383870092592596 0.6347954864583334 0.369421487962963 0.6483719526041667 0.3694442861111111 0.6483094901041666 0.3638842972222222
4 0.6989865000000001 0.3823112 0.6837477333333334 0.38233399814814817 0.6838424338541667 0.3879167851851852 0.6989865000000001 0.38782844074074074 0.6989865000000001 0.3823112
2 0.1740479546875 0.4168082074074074 0.15878500885416666 0.4169279 0.1588232921875 0.4208948416666667 0.17411243177083333 0.4208948416666667 0.1740479546875 0.4168082074074074
3 0.30857545833333333 0.4015873472222222 0.30869030833333333 0.4524650898148148 0.32155752552083333 0.4523909944444444 0.32154543645833333 0.4489968648148148 0.3130425145833333 0.4489170703703704 0.31297400781249995 0.4016927898148148 0.30857545833333333 0.4015873472222222
3 0.1740479546875 0.4168082074074074 0.17412653645833334 0.42031632962962967 0.17500100729166668 0.42031632962962967 0.1750533953125 0.4277742944444444 0.1776103161458333 0.4277913935185185 0.17754583906250002 0.3860416074074074 0.1994317953125 0.38602165833333335 0.19944388489583334 0.40999715 0.190634696875 0.4099259046296296 0.19064880104166668 0.4113821601851852 0.19928672187500002 0.4112539185185185 0.19930082604166666 0.4107181537037037 0.2090489625 0.41075520092592593 0.20912754375 0.4500142490740741 0.1775982270833333 0.4500142490740741 0.1775982270833333 0.4483357083333333 0.17507958906249999 0.44837275555555556 0.17500100729166668 0.4530236537037037 0.21961918177083334 0.4530236537037037 0.21963328645833335 0.454611 0.22405601458333332 0.4546280990740741 0.22407011875 0.45237674537037037 0.23952045156250001 0.45243089166666667 0.23941567604166666 0.4489997148148148 0.22408220833333334 0.4489056712962963 0.224043925 0.3860416074074074 0.23912955885416667 0.38593046481481486 0.23912955885416667 0.3831062981481481 0.21964537552083332 0.3830493018518518 0.21963328645833335 0.4500512962962963 0.21143663124999998 0.4500142490740741 0.21141043697916664 0.40769165 0.201779165625 0.4075976064814815 0.201752971875 0.3830863490740741 0.17357848072916668 0.3829410092592592 0.17364497291666667 0.38591051574074076 0.1750533953125 0.38600455925925925 0.17497481354166666 0.4168082074074074 0.1740479546875 0.4168082074074074
3 0.15412049166666666 0.37601880833333334 0.14171871875 0.37601025925925924 0.14177110624999997 0.3795183814814815 0.15414668541666668 0.37959817592592593 0.15412049166666666 0.37601880833333334
3 0.15413862604166667 0.3830436018518519 0.1439069109375 0.3830265037037037 0.14395929895833334 0.38590481574074076 0.15417690937499998 0.3859789111111111 0.15413862604166667 0.3830436018518519
3 0.15878500885416666 0.4169279 0.14416884947916667 0.4167797092592593 0.14420914791666667 0.4202878314814815 0.15877090468750002 0.4202878314814815 0.15878500885416666 0.4169279
3 0.157797703125 0.45011114259259255 0.14417287916666668 0.4500370472222222 0.1442252671875 0.4535052722222222 0.15778359843749998 0.4535052722222222 0.157797703125 0.45011114259259255
3 0.17732621406250001 0.5904417212962962 0.18139834791666667 0.5904787685185185 0.1813701390625 0.5810287833333333 0.1773786015625 0.580971787037037 0.17732621406250001 0.5904417212962962
3 0.38312915572916667 0.3953035055555556 0.38401168645833333 0.3953035055555556 0.3840862380208333 0.39952978055555555 0.42961918177083336 0.3996608722222222 0.429621196875 0.4826503277777777 0.3917227484375 0.4828355657407407 0.3917973 0.48900256481481474 0.4296252265625 0.48890282129629625 0.4295849286458333 0.5904673694444444 0.4161273421875 0.5905129666666666 0.4161696552083333 0.5980906240740741 0.4350171265625 0.5979196351851852 0.4349183963541667 0.3920347675925926 0.38312915572916667 0.39214021111111114 0.38312915572916667 0.3953035055555556
3 0.354334071875 0.346340837962963 0.35950231718750003 0.34629809074074075 0.3595647791666667 0.39207181574074074 0.36019544635416667 0.39211456296296293 0.36022768489583334 0.3462097462962963 0.4161918192708333 0.346340837962963 0.4160648802083333 0.31772869722222224 0.4154986901041667 0.31772869722222224 0.4155289140625 0.34518381296296297 0.3543018333333333 0.34518381296296297 0.354334071875 0.346340837962963
3 0.14171670364583333 0.5559276148148149 0.14174088229166668 0.5616500425925925 0.1840781786458333 0.5616243944444445 0.1840660890625 0.5560131092592593 0.14171670364583333 0.5559276148148149
3 0.21960709270833334 0.5524166425925926 0.2239915375 0.5524707898148148 0.224043925 0.48181533240740737 0.21967156979166666 0.4818352805555556 0.21960709270833334 0.5524166425925926
3 0.23256498072916668 0.5617013398148147 0.23261736875 0.5559418638888889 0.21489421718750001 0.5559789111111111 0.214960709375 0.5616443435185184 0.23256498072916668 0.5617013398148147
3 0.31059036875 0.552487887962963 0.3150151119791667 0.5523767453703703 0.3149768286458333 0.484807637962963 0.31061051770833337 0.48477628981481485 0.31059036875 0.552487887962963
3 0.32349183958333333 0.5616984898148148 0.32347370520833335 0.5559333138888889 0.3021075963541667 0.5559846111111112 0.30208341718750004 0.5617184379629631 0.32349183958333333 0.5616984898148148
3 0.3330626635416667 0.4849358796296296 0.33297199270833333 0.4888857222222222 0.3668245015625 0.48890567129629636 0.366862784375 0.5520661157407407 0.3697481364583333 0.5520461666666667 0.36968164427083333 0.4891821027777778 0.37045134010416664 0.4891621546296296 0.37045134010416664 0.48497292685185184 0.3330626635416667 0.4849358796296296
3 0.381057828125 0.5617155888888888 0.3810437234375 0.5559390138888889 0.358273221875 0.5559019666666667 0.3583115052083333 0.5616243944444445 0.381057828125 0.5617155888888888
3 0.4296030625 0.5559817611111111 0.41593189583333334 0.5559817611111111 0.41593189583333334 0.5616528925925925 0.42958694322916663 0.5617184379629631 0.4296030625 0.5559817611111111
3 0.3917932703125 0.45244229166666666 0.391779165625 0.4604502703703704 0.3944005640625 0.4604873185185185 0.3942836994791667 0.4187232833333333 0.425956075 0.41868623518518516 0.42595809010416663 0.48263892870370373 0.42812411822916663 0.48262182962962963 0.4280012088541667 0.41592761481481483 0.39423332656250004 0.41570247962962964 0.39423735625 0.40189797685185186 0.39177715104166666 0.4019093759259259 0.3917811807291667 0.44895696759259257 0.3841204916666667 0.4489199203703704 0.3841204916666667 0.45237104629629626 0.3917932703125 0.45244229166666666
3 0.3387890390625 0.4523482472222222 0.36099536562499995 0.4524137935185185 0.36096514218750003 0.4490025648148148 0.3490630666666667 0.4490025648148148 0.3490932901041666 0.40240239351851853 0.3466048760416667 0.4023795953703703 0.3466189802083333 0.44897976666666667 0.338774934375 0.449048162037037 0.3387890390625 0.4523482472222222
4 0.23479750156249998 0.3214049583333333 0.21739069114583334 0.3213850101851852 0.2174491234375 0.3291222574074074 0.23482772500000001 0.3291564546296296 0.23479750156249998 0.3214049583333333
1 0 0 0 1 1 1 1 0 0 0
3 0.2583941166666667 0.321353662037037 0.23479750156249998 0.3214049583333333 0.23482772500000001 0.3291564546296296 0.25842031041666663 0.3291764037037037 0.2583941166666667 0.321353662037037
3 0.17334475104166666 0.3522485037037037 0.18764054010416667 0.35222570555555555 0.1876445697916667 0.32912795648148147 0.2174491234375 0.3291222574074074 0.21739069114583334 0.3213850101851852 0.18239975833333333 0.3213850101851852 0.18227080416666666 0.34449415833333336 0.17334475104166666 0.3444514111111111 0.17334475104166666 0.3522485037037037
3 0.151162603125 0.602507837037037 0.14172879322916668 0.6024536907407407 0.14173685260416666 0.3521915074074074 0.1542071328125 0.35222285555555555 0.15418698385416668 0.3445198064814815 0.136308684375 0.3445198064814815 0.1362421921875 0.6101595898148148 0.151162603125 0.6100826444444445 0.151162603125 0.602507837037037
3 0.18220431197916667 0.598062125925926 0.183929075 0.5980849240740741 0.18394116458333334 0.5904958675925926 0.1768144265625 0.5904958675925926 0.17680435208333334 0.6024280425925926 0.17039895208333336 0.6024935879629629 0.17035462447916666 0.6101054435185185 0.18217811822916669 0.6100883444444444 0.18220431197916667 0.598062125925926
3 0.21518234947916665 0.5981362212962963 0.23239572864583333 0.5980079796296296 0.2323816239583333 0.5904759194444444 0.21514406614583334 0.5904958675925926 0.21518234947916665 0.5981362212962963
3 0.3022587145833333 0.5980649759259259 0.32341124322916665 0.598076375 0.32333266145833334 0.5904531203703705 0.3022143864583333 0.5905300657407407 0.3022587145833333 0.5980649759259259
3 0.35850896614583333 0.5980649759259259 0.3808845458333333 0.5980450268518519 0.3808845458333333 0.5904787685185185 0.35846665312500003 0.5905357648148148 0.35850896614583333 0.5980649759259259
3 0.31713681250000003 0.3214277574074074 0.28971186770833335 0.3213166148148148 0.28968567395833333 0.32913650648148146 0.31160991354166667 0.32917355370370366 0.31172879322916663 0.36365061296296297 0.3212955875 0.3636705611111111 0.32129155729166664 0.3560986037037037 0.31711061875 0.3561214018518518 0.31713681250000003 0.3214277574074074
4 0.25842031041666663 0.3291764037037037 0.28968567395833333 0.32913650648148146 0.2897158973958333 0.3195297805555556 0.25841628072916667 0.3195297805555556 0.25842031041666663 0.3291764037037037
4 0.2895446302083334 0.3567113138888889 0.26629256510416666 0.3566001712962963 0.26633286302083337 0.3672100314814815 0.289453959375 0.3672100314814815 0.2895446302083334 0.3567113138888889
3 0.41641345937499996 0.3177486462962963 0.4164215192708333 0.31009689351851855 0.348837396875 0.30980051296296296 0.3488535161458334 0.355970362037037 0.33840016093749997 0.3561385009259259 0.33840016093749997 0.36374465648148147 0.3488535161458334 0.3636705611111111 0.3488676203125 0.39955257870370375 0.3611202901041667 0.39955257870370375 0.3611343942708333 0.39550869166666663 0.3618658067708333 0.39550869166666663 0.3618778963541667 0.3920404675925926 0.3543098932291667 0.3920404675925926 0.35433810208333333 0.31771444814814814 0.41641345937499996 0.3177486462962963
4 0.17334475104166666 0.3444514111111111 0.15418698385416668 0.3445198064814815 0.1542071328125 0.35222285555555555 0.17334475104166666 0.3522485037037037 0.17334475104166666 0.3444514111111111
4 0.17346564583333332 0.37602735833333334 0.15412049166666666 0.37601880833333334 0.15417690937499998 0.3859789111111111 0.17364497291666667 0.38591051574074076 0.17346564583333332 0.37602735833333334
4 0.4161273421875 0.5905129666666666 0.3808845458333333 0.5904787685185185 0.3809732015625 0.5999572527777778 0.416141446875 0.5998660583333333 0.4161273421875 0.5905129666666666
4 0.35846665312500003 0.5905357648148148 0.32333266145833334 0.5904531203703705 0.32341124322916665 0.5999173555555556 0.35847672760416666 0.5999715018518518 0.35846665312500003 0.5905357648148148
4 0.3022143864583333 0.5905300657407407 0.2323816239583333 0.5904759194444444 0.23240781770833333 0.5999458537037037 0.30220834166666666 0.5998518092592593 0.3022143864583333 0.5905300657407407
4 0.21514406614583334 0.5904958675925926 0.18394116458333334 0.5904958675925926 0.18392303020833334 0.5999401537037038 0.21516623020833334 0.6000341981481482 0.21514406614583334 0.5904958675925926
4 0.17039895208333336 0.6024935879629629 0.151162603125 0.602507837037037 0.151162603125 0.6100826444444445 0.17035462447916666 0.6101054435185185 0.17039895208333336 0.6024935879629629
4 0.1840781786458333 0.5616243944444445 0.214960709375 0.5616443435185184 0.21495667968749999 0.5515104018518519 0.18408019322916666 0.5515104018518519 0.1840781786458333 0.5616243944444445
4 0.23256498072916668 0.5617013398148147 0.30208341718750004 0.5617184379629631 0.30205117864583336 0.5514505555555556 0.2325327421875 0.5514505555555556 0.23256498072916668 0.5617013398148147
4 0.32349183958333333 0.5616984898148148 0.3583115052083333 0.5616243944444445 0.35828128125 0.551558849074074 0.32352206302083336 0.5516129953703703 0.32349183958333333 0.5616984898148148
4 0.381057828125 0.5617155888888888 0.41593189583333334 0.5616528925925925 0.4159137619791667 0.5515047018518519 0.3810376786458333 0.551558849074074 0.381057828125 0.5617155888888888
4 0.33840016093749997 0.3561385009259259 0.32129155729166664 0.3560986037037037 0.3212955875 0.3636705611111111 0.33840016093749997 0.36374465648148147 0.33840016093749997 0.3561385009259259
4 0.34492645572916664 0.3920946138888889 0.3159621197916667 0.3921345111111111 0.3159621197916667 0.4027899685185185 0.34492847083333333 0.40283556574074075 0.34492645572916664 0.3920946138888889
2 0.23931493072916668 0.3629096611111111 0.2566814427083333 0.3629495583333333 0.25661696562499997 0.3384781990740741 0.23950030208333334 0.33821316574074073 0.23931493072916668 0.3629096611111111
2 0.17785210572916668 0.4112909657407407 0.19064880104166668 0.4113821601851852 0.19057021979166666 0.40198917037037035 0.17776949427083333 0.40180108333333336 0.17785210572916668 0.4112909657407407
2 0.1750533953125 0.4277742944444444 0.17507958906249999 0.44837275555555556 0.19148901875 0.44826446296296296 0.19135401979166666 0.42793958425925926 0.1750533953125 0.4277742944444444
3 0.34886560572916664 0.39206611574074074 0.34492645572916664 0.3920946138888889 0.34495264947916665 0.39836990555555557 0.3488353817708333 0.39842405277777776 0.34886560572916664 0.39206611574074074
2 0.224043925 0.48181533240740737 0.22405601458333332 0.4546280990740741 0.20115655833333335 0.45447990925925924 0.2014849890625 0.48146480462962965 0.224043925 0.48181533240740737
2 0.17925448333333333 0.56231405 0.17936731822916666 0.5810031351851852 0.19413862604166668 0.580971787037037 0.19413862604166668 0.5623767453703704 0.17925448333333333 0.56231405
2 0.3330626635416667 0.4849358796296296 0.3149768286458333 0.484807637962963 0.3150533953125 0.5123995444444445 0.33266572656250004 0.5121316611111112 0.3330626635416667 0.4849358796296296
2 0.38771912135416664 0.48493872870370375 0.37045134010416664 0.48497292685185184 0.37050372760416667 0.5124365916666667 0.3877110619791667 0.5123339981481482 0.38771912135416664 0.48493872870370375
3 0.39170259947916664 0.48493872870370375 0.38771912135416664 0.48493872870370375 0.38771912135416664 0.48903106296296295 0.3917973 0.48900256481481474 0.39170259947916664 0.48493872870370375
3 0.3917489421875 0.48102308333333327 0.3917227484375 0.4828355657407407 0.39434616145833334 0.4828498148148148 0.39437235520833336 0.4810401824074074 0.3917489421875 0.48102308333333327
2 0.391779165625 0.4604502703703704 0.3917489421875 0.48100313518518517 0.408299415625 0.4810658305555556 0.40846060833333336 0.46051296666666663 0.391779165625 0.4604502703703704
2 0.338774934375 0.449048162037037 0.32154543645833333 0.4489968648148148 0.321577675 0.4529666574074074 0.3387890390625 0.4530550018518518 0.338774934375 0.449048162037037
2 0.3618658067708333 0.39550869166666663 0.38312915572916667 0.3953035055555556 0.3831331854166667 0.36387004814814816 0.36180938958333336 0.3636819611111111 0.3618658067708333 0.39550869166666663
3 0.23218013281250002 0.3760416074074074 0.17346564583333332 0.37602735833333334 0.17346564583333332 0.3795725277777778 0.23624017708333334 0.3796295240740741 0.23623614739583332 0.3629096611111111 0.23931493072916668 0.3629096611111111 0.23929276666666668 0.35667711574074074 0.23212976041666666 0.35671416388888894 0.23218013281250002 0.3760416074074074
3 0.1876788234375 0.34711598703703705 0.1876909125 0.3500142490740741 0.20890993333333335 0.3500313481481482 0.20890993333333335 0.3291194074074074 0.20687285937500002 0.3291336564814815 0.20684868020833333 0.3470219435185185 0.1876788234375 0.34711598703703705
3 0.26629256510416666 0.3566001712962963 0.25676606875 0.35663721851851854 0.2566814427083333 0.3629495583333333 0.26632480364583333 0.36293245925925927 0.26629256510416666 0.3566001712962963
3 0.5732701994791667 0.3860530064814815 0.5732379609374999 0.3908663435185185 0.5909107395833334 0.39091479074074076 0.5908583515625 0.3860587064814815 0.5732701994791667 0.3860530064814815
3 0.569647390625 0.5849672268518518 0.5810537979166667 0.5849216305555556 0.5810537979166667 0.5787261324074074 0.5733326614583334 0.5787261324074074 0.5732701994791667 0.4884297518518519 0.569647390625 0.48847534907407403 0.569647390625 0.5849672268518518
3 0.6426153536458333 0.5786434879629629 0.6363248036458333 0.5787546305555555 0.6363751765625001 0.5849757768518518 0.6461313723958334 0.5849757768518518 0.646282490625 0.5036278138888889 0.6736610921874999 0.5036278138888889 0.6735845255208334 0.4983328583333333 0.6424642354166666 0.4985465944444445 0.6426153536458333 0.5786434879629629
3 0.7427080395833333 0.5036050157407408 0.7702297 0.5037161583333334 0.7702297 0.5849073814814815 0.78244005625 0.5849073814814815 0.78246625 0.5787033342592592 0.773884746875 0.5787745796296296 0.7739069109375 0.49844400092592595 0.7427604270833333 0.4985180962962963 0.7427080395833333 0.5036050157407408
3 0.8628833364583334 0.5787289824074073 0.8422687890625 0.5787603305555555 0.842290953125 0.5849501287037037 0.8628390088541666 0.5850413222222222 0.8628833364583334 0.5787289824074073
3 0.9112008864583333 0.5786976342592592 0.8903888776041666 0.5787289824074073 0.8904110416666666 0.5849501287037037 0.9112653635416667 0.5850413222222222 0.9112008864583333 0.5786976342592592
3 0.9195164213541667 0.4038444 0.9351662302083333 0.40388144814814814 0.9351400364583333 0.4156568824074074 0.9497682854166667 0.41569392962962964 0.9497420916666666 0.4903077796296297 0.9162361473958334 0.49034482777777777 0.9162603265624999 0.4952493583333334 0.9500302234375 0.4953206037037037 0.9498730604166667 0.5789284694444444 0.9387910536458333 0.5787033342592592 0.9387648598958334 0.5849073814814815 0.9646584729166666 0.5849444287037038 0.9647612333333334 0.5789626675925926 0.9542313114583333 0.5787403814814815 0.9542051177083334 0.40952693055555556 0.9395526901041666 0.40941578796296296 0.9395526901041666 0.3977172981481481 0.9187809791666666 0.39766885185185186 0.9187547854166667 0.40042747222222225 0.9194982875 0.4004388712962963 0.9195164213541667 0.4038444
3 0.9736550473958334 0.34864063796296296 0.9624078177083334 0.3487346824074074 0.9631734838541667 0.35498717592592594 0.9736550473958334 0.3550185240740741 0.9736550473958334 0.34864063796296296
3 0.6838565385416667 0.38826446296296296 0.6837416885416666 0.38206041574074073 0.6768184567708333 0.3819606722222222 0.6767459197916667 0.3636078657407408 0.6483477734375 0.36344827592592593 0.6483477734375 0.369811912037037 0.6723594598958333 0.369811912037037 0.6724360265624999 0.38821031666666667 0.6838565385416667 0.38826446296296296
3 0.6154644369791666 0.3635024222222222 0.6154644369791666 0.36970646944444446 0.6347874270833334 0.369811912037037 0.6347874270833334 0.36355656851851853 0.6154644369791666 0.3635024222222222
3 0.8079689703124999 0.3535622685185185 0.7808079791666667 0.3534739240740741 0.7808382026041667 0.35975776574074075 0.807876284375 0.3598489601851852 0.8079689703124999 0.3535622685185185
3 0.8944710859375 0.40370190925925925 0.9012452145833334 0.4037931037037037 0.9012129760416666 0.40053861481481484 0.9019685671875001 0.4004958675925926 0.9019846864583333 0.39772299814814815 0.8988817250000001 0.39768595 0.8988817250000001 0.3550327731481482 0.9055309286458333 0.35494442870370374 0.9055611526041666 0.33386434907407403 0.9011827526041666 0.33381875185185184 0.9011202901041667 0.34870333425925926 0.8945013098958333 0.34874893148148145 0.8944710859375 0.38025933333333334 0.8849284708333334 0.38035622685185183 0.8849848880208333 0.38650042777777777 0.8945073541666667 0.38659447129629626 0.8944710859375 0.40370190925925925
3 0.8516643161458333 0.38660587037037036 0.8605097723958333 0.3865289259259259 0.8605279062500001 0.38039042500000003 0.8560588354166666 0.3803391277777778 0.8561132380208334 0.35353947037037037 0.8353435421875001 0.3534881731481481 0.8353254078125 0.35975776574074075 0.851700584375 0.35975776574074075 0.8516643161458333 0.38660587037037036
3 0.9474350192708333 0.3487945287037037 0.9355228692708334 0.3487945287037037 0.9355611526041667 0.33376460555555554 0.9311746927083333 0.33381875185185184 0.9311001411458334 0.3548389851851852 0.9466794276041667 0.3550527212962963 0.9474350192708333 0.3487945287037037
3 0.7067479348958333 0.46929039629629626 0.71120693125 0.46930179537037037 0.7112089463541668 0.3821687092592593 0.7087890390625 0.38206041574074073 0.7086016520833333 0.3750555712962963 0.7186580697916667 0.3752151611111111 0.7185835182291667 0.368851525 0.7043642958333333 0.368851525 0.7043280276041667 0.38200626944444444 0.6989965744791667 0.38200626944444444 0.6989965744791667 0.38831860925925926 0.7067096515625 0.38821031666666667 0.7067479348958333 0.46929039629629626
3 0.7672254682291667 0.35980336296296295 0.7671609911458332 0.3535195212962963 0.7407858151041666 0.3535622685185185 0.7407555911458333 0.368851525 0.7338545234375 0.36889427222222226 0.7339492244791667 0.37508976944444444 0.7451037677083333 0.37504417222222225 0.7451037677083333 0.35971216851851856 0.7672254682291667 0.35980336296296295
3 0.5688474713541667 0.39744086666666667 0.569665525 0.3973610712962963 0.569665525 0.4692191509259259 0.5732540802083333 0.46926474814814817 0.5733145276041667 0.36979196388888885 0.5909570822916667 0.3696380731481481 0.5910114848958333 0.3633998287037037 0.5688474713541667 0.3634767740740741 0.5688474713541667 0.39744086666666667
2 0.573806165625 0.4692846962962963 0.5588897843749999 0.4689142203703704 0.5586238161458333 0.488444000925926 0.5738666130208333 0.488444000925926 0.573806165625 0.4692846962962963
2 0.8681362078125 0.49029923055555563 0.8534414666666666 0.49027073240740743 0.8534596010416667 0.5137931037037038 0.8680032239583333 0.5138216018518519 0.8681362078125 0.49029923055555563
2 0.9162381624999999 0.4903106296296296 0.9024098328125 0.4902878314814815 0.9025347572916667 0.5139441435185185 0.9162623411458333 0.5137475064814815 0.9162381624999999 0.4903106296296296
2 0.9325488614583333 0.4724394416666667 0.919532540625 0.472496437962963 0.9195547046875 0.4903562268518519 0.9327705015625 0.4902878314814815 0.9325488614583333 0.4724394416666667
2 0.9020350593750001 0.3749928759259259 0.9019887166666667 0.4007324027777778 0.9187648598958333 0.40076375000000003 0.9188837395833332 0.37496722685185185 0.9020350593750001 0.3749928759259259
2 0.8528007255208333 0.4643830148148148 0.8671771104166666 0.46464804814814814 0.8669192020833333 0.44272442314814814 0.8527825911458333 0.442693075 0.8528007255208333 0.4643830148148148
3 0.761585734375 0.3597691648148148 0.7596876890625001 0.3597691648148148 0.7597239572916668 0.3750498712962963 0.7436006447916667 0.3750498712962963 0.7435825104166667 0.3773382731481481 0.7616240177083333 0.3773639212962963 0.761585734375 0.3597691648148148
2 0.8233064677083333 0.3661612990740741 0.8231513197916667 0.3872413796296296 0.8369071125 0.3871444851851852 0.8368909932291667 0.3661983472222222 0.8233064677083333 0.3661612990740741
2 0.6854140640625 0.39878027962962964 0.6853596614583334 0.4200598462962963 0.6991335885416666 0.4199458537037037 0.699083215625 0.39888572222222224 0.6854140640625 0.39878027962962964
2 0.7112311104166668 0.44736392129629626 0.7112008864583333 0.4692704472222222 0.7254664515625 0.46922484999999997 0.7253919 0.44731832407407407 0.7112311104166668 0.44736392129629626
2 0.6853636911458333 0.46589911666666667 0.6853636911458333 0.4695668277777778 0.6992343338541667 0.4695668277777778 0.6992141848958333 0.46595041296296297 0.6853636911458333 0.46589911666666667
2 0.6427342333333333 0.49171558888888883 0.6427322182291667 0.4692277 0.6255228692708333 0.4692106009259259 0.6256377192708332 0.4914505555555556 0.6427342333333333 0.49171558888888883
3 0.3116582713541666 0.35657737222222224 0.2895446302083334 0.3567113138888889 0.2894519442708334 0.3629125111111111 0.31173483802083335 0.3629581074074074 0.3116582713541666 0.35657737222222224
3 0.3160245817708333 0.39835565648148147 0.31592786614583335 0.36369905925925927 0.3118819260416667 0.363662012037037 0.31193834374999996 0.3983841546296296 0.3160245817708333 0.39835565648148147
4 0.8605117869791666 0.37897121666666667 0.8605117869791666 0.3862239953703704 0.8849667541666667 0.3862068962962963 0.8849284708333334 0.37902536296296296 0.8605117869791666 0.37897121666666667
4 0.9110759619791666 0.5475092620370371 0.9111444692708334 0.5561242518518519 0.9389703807291667 0.5560929037037037 0.9389260526041666 0.5474779138888889 0.9110759619791666 0.5475092620370371
4 0.9387688895833333 0.5790538611111111 0.9112109609375001 0.5789284694444444 0.9113016322916666 0.5862296953703704 0.9387447109375 0.5863921342592592 0.9387688895833333 0.5790538611111111
4 0.9734031833333333 0.5789313194444444 0.9647652630208333 0.5790709601851852 0.9646363088541666 0.584628099074074 0.973435421875 0.584628099074074 0.9734031833333333 0.5789313194444444
4 0.8903969375 0.5788971212962963 0.8628853515625 0.5789284694444444 0.862818859375 0.586166999074074 0.8904191015625 0.5861043027777778 0.8903969375 0.5788971212962963
4 0.7824622203125 0.5788059277777778 0.7824622203125 0.586352237037037 0.8422929677083334 0.5862296953703704 0.8422607291666666 0.5789113703703704 0.7824622203125 0.5788059277777778
4 0.8626375177083333 0.5474465657407408 0.8627946807291667 0.5561556 0.8904432802083334 0.5561242518518519 0.8904654442708334 0.5475092620370371 0.8626375177083333 0.5474465657407408
4 0.8422748338541666 0.5561242518518519 0.8423191619791666 0.5474779138888889 0.7823352812500001 0.5475434592592593 0.7823131171875001 0.5562182953703704 0.8422748338541666 0.5561242518518519
4 0.6735341526041666 0.49507552037037034 0.6736429578125 0.5033827305555556 0.7427281885416667 0.5033827305555556 0.7428007255208333 0.4950869194444445 0.6735341526041666 0.49507552037037034
4 0.5809147692708333 0.5474465657407408 0.58098730625 0.5561128527777778 0.6364598026041667 0.556138500925926 0.6365162197916666 0.5475520092592593 0.5809147692708333 0.5474465657407408
4 0.581047753125 0.5789142203703703 0.5810276041666668 0.5862809916666667 0.6363912958333333 0.5861869481481482 0.6363248036458333 0.5790139638888888 0.581047753125 0.5789142203703703
4 0.5908684265624999 0.38607865462962965 0.5909792463541667 0.39471644351851853 0.6156578682291667 0.3946708462962963 0.6156276447916667 0.3860330574074074 0.5908684265624999 0.38607865462962965
3 0.6724259520833333 0.38508121944444446 0.6572053192708334 0.38508121944444446 0.6571730807291666 0.369820462037037 0.6552166026041667 0.369820462037037 0.6552468265625 0.387871187962963 0.6724259520833333 0.387871187962963 0.6724259520833333 0.38508121944444446
2 0.615823090625 0.4648389851851852 0.6290812010416666 0.46487318333333333 0.6289643359375 0.44853804537037034 0.6158452546875 0.44873468240740744 0.615823090625 0.4648389851851852
3 0.9736087041666667 0.46850954722222227 0.9709470078125 0.46850954722222227 0.9709470078125 0.47482188703703704 0.9736026598958334 0.47482188703703704 0.9736087041666667 0.46850954722222227