1 0 0 0 1 1 1 1 0 0 0
3 0.5462865203124999 0.8477742944444444 0.5460910739583333 0.8696722712962962 0.8308785010416667 0.8696722712962962 0.8308785010416667 0.8606640064814814 0.8264678619791667 0.8606640064814814 0.8264678619791667 0.11578512407407407 0.7975579286458333 0.1156483324074074 0.7976566593750001 0.09679680833333333 0.7077896432291666 0.09679680833333333 0.7077896432291666 0.11550869166666666 0.6318396130208334 0.11550869166666666 0.6318396130208334 0.0987375324074074 0.5631271406249999 0.09874608148148148 0.5626516218750001 0.8231005981481482 0.5505984281249999 0.8232402398148149 0.5505984281249999 0.8477742944444444 0.5462865203124999 0.8477742944444444
4 0.6373362885416667 0.13773154722222222 0.6321579687500001 0.13767455092592593 0.632097521875 0.1513251638888889 0.6372758411458334 0.1513251638888889 0.6373362885416667 0.13773154722222222
4 0.6373524078125 0.15393274444444444 0.6321740880208334 0.15387574814814817 0.6321136411458333 0.1675263611111111 0.6372919604166667 0.1675263611111111 0.6373524078125 0.15393274444444444
4 0.6373524078125 0.1703476777777778 0.6321740880208334 0.1702906814814815 0.6321136411458333 0.1839412935185185 0.6372919604166667 0.1839412935185185 0.6373524078125 0.1703476777777778
4 0.6373524078125 0.18672271296296294 0.6321740880208334 0.18666571666666668 0.6321136411458333 0.2003163296296296 0.6372919604166667 0.2003163296296296 0.6373524078125 0.18672271296296294
4 0.6372657666666667 0.20276717037037037 0.632087446875 0.20271017407407407 0.632027 0.2163607861111111 0.6372053192708333 0.2163607861111111 0.6372657666666667 0.20276717037037037
4 0.6371791255208333 0.21914220555555555 0.6320008057291666 0.21908520925925926 0.6319403588541667 0.23273582222222222 0.637118678125 0.23273582222222222 0.6371791255208333 0.21914220555555555
4 0.6372657666666667 0.23535195185185184 0.632087446875 0.23529495555555555 0.632027 0.24894556851851854 0.6372053192708333 0.24894556851851854 0.6372657666666667 0.23535195185185184
4 0.6373241989583334 0.25180963240740745 0.6321458796874999 0.25175263611111115 0.6320854322916667 0.2654032490740741 0.6372637515625 0.2654032490740741 0.6373241989583334 0.25180963240740745
4 0.6373241989583334 0.26789398703703704 0.6321458796874999 0.26783699074074074 0.6320854322916667 0.28148760370370374 0.6372637515625 0.28148760370370374 0.6373241989583334 0.26789398703703704
4 0.6372939755208333 0.28410373333333333 0.6321156557291666 0.28404673703703703 0.6320552083333334 0.29769735 0.637233528125 0.29769735 0.6372939755208333 0.28410373333333333
4 0.637207334375 0.3004787685185185 0.6320290145833333 0.3004217722222222 0.6319685671874999 0.31407238518518515 0.6371468869791667 0.31407238518518515 0.637207334375 0.3004787685185185
4 0.6372939755208333 0.31672841296296295 0.6321176708333333 0.31667141666666665 0.6320552083333334 0.3303220287037037 0.637233528125 0.3303220287037037 0.6372939755208333 0.31672841296296295
4 0.6374108401041667 0.3330208037037037 0.6322325208333334 0.3329638074074074 0.6321720734375 0.3466144203703704 0.6373503927083333 0.3466144203703704 0.6374108401041667 0.3330208037037037
4 0.6373241989583334 0.34935309166666667 0.6321458796874999 0.3492960953703704 0.6320854322916667 0.3629467083333333 0.6372637515625 0.3629467083333333 0.6373241989583334 0.34935309166666667
4 0.6372939755208333 0.36564548333333335 0.6321156557291666 0.365588487037037 0.6320552083333334 0.3792390990740741 0.637233528125 0.3792390990740741 0.6372939755208333 0.36564548333333335
4 0.6373241989583334 0.38181533240740745 0.6321458796874999 0.38175833611111115 0.6320854322916667 0.3954089481481482 0.6372637515625 0.3954089481481482 0.6373241989583334 0.38181533240740745
4 0.6372939755208333 0.39810772314814813 0.6321156557291666 0.39804787685185183 0.6320552083333334 0.4117013398148148 0.637233528125 0.4117013398148148 0.6372939755208333 0.39810772314814813
4 0.6372355432291666 0.41447990925925926 0.6320572234374999 0.41442291296296296 0.6319967760416667 0.428073525 0.6371750958333333 0.428073525 0.6372355432291666 0.41447990925925926
4 0.6373524078125 0.4307295527777778 0.6321740880208334 0.43067255648148145 0.6321136411458333 0.44432316944444444 0.6372919604166667 0.44432316944444444 0.6373524078125 0.4307295527777778
4 0.6372657666666667 0.4469421490740741 0.632087446875 0.4468851527777778 0.632027 0.4605357648148148 0.6372053192708333 0.4605357648148148 0.6372657666666667 0.4469421490740741
4 0.6372657666666667 0.4631518953703704 0.632087446875 0.4630948990740741 0.632027 0.4767455111111111 0.6372053192708333 0.4767455111111111 0.6372657666666667 0.4631518953703704
4 0.6371791255208333 0.47940153888888887 0.6320008057291666 0.47934454259259257 0.6319403588541667 0.4929951555555555 0.637118678125 0.4929951555555555 0.6371791255208333 0.47940153888888887
4 0.6373020348958334 0.5159247648148149 0.6321237156249999 0.5158649185185185 0.6320632682291667 0.5295183814814816 0.6372415875 0.5295183814814816 0.6373020348958334 0.5159247648148149
4 0.6372718114583333 0.5321345111111111 0.6320934916666666 0.5320775148148148 0.6320330442708334 0.5457281277777778 0.6372113640625 0.5457281277777778 0.6372718114583333 0.5321345111111111
4 0.6373604677083333 0.5483414074074073 0.6321821479166666 0.548284411111111 0.6321217005208334 0.561935024074074 0.6373000203125 0.561935024074074 0.6373604677083333 0.5483414074074073
4 0.6373201692708333 0.5645682527777778 0.6321418494791666 0.5645112564814815 0.6320814026041667 0.5781618694444444 0.6372597218749999 0.5781618694444444 0.6373201692708333 0.5645682527777778
4 0.6372436026041667 0.5809974351851851 0.6320652833333333 0.5809404388888889 0.6320048359375 0.5945910518518518 0.6371831552083334 0.5945910518518518 0.6372436026041667 0.5809974351851851
4 0.6372436026041667 0.5972499287037037 0.6320652833333333 0.5971929324074073 0.6320048359375 0.6108435453703704 0.6371831552083334 0.6108435453703704 0.6372436026041667 0.5972499287037037
4 0.7934616161458333 0.5321373611111111 0.78777956875 0.5321658592592593 0.78777956875 0.5398603592592592 0.7934616161458333 0.5398318611111111 0.7934616161458333 0.5321373611111111
4 0.7934112432291667 0.5483043601851852 0.7877291958333333 0.5483328583333333 0.7877291958333333 0.5560273583333333 0.7934112432291667 0.5559988601851852 0.7934112432291667 0.5483043601851852
4 0.7934616161458333 0.5645454546296296 0.78777956875 0.5645739527777778 0.78777956875 0.5722684527777778 0.7934616161458333 0.5722399546296296 0.7934616161458333 0.5645454546296296
4 0.7933104979166666 0.5808549444444445 0.7876284505208333 0.5808834425925926 0.7876284505208333 0.5885779425925926 0.7933104979166666 0.5885494444444445 0.7933104979166666 0.5808549444444445
4 0.7933104979166666 0.5976090055555555 0.7876284505208333 0.5976375037037036 0.7876284505208333 0.6053320037037037 0.7933104979166666 0.6053035055555556 0.7933104979166666 0.5976090055555555
4 0.793409228125 0.6135508694444445 0.78772718125 0.6135793675925926 0.78772718125 0.6212738675925926 0.793409228125 0.6212453694444445 0.793409228125 0.6135508694444445
4 0.7933125125 0.6297663148148148 0.7876304656249999 0.629794812962963 0.7876304656249999 0.637489312962963 0.7933125125 0.6374608148148148 0.7933125125 0.6297663148148148
4 0.7933125125 0.6461242518518518 0.7876304656249999 0.6461527499999999 0.7876304656249999 0.65384725 0.7933125125 0.6538187518518518 0.7933125125 0.6461242518518518
4 0.7933125125 0.6623396981481481 0.7876304656249999 0.6623681962962963 0.7876304656249999 0.6700626962962963 0.7933125125 0.6700341981481481 0.7933125125 0.6623396981481481
4 0.7933125125 0.6785579935185185 0.7876304656249999 0.6785864916666667 0.7876304656249999 0.6862809916666667 0.7933125125 0.6862524935185185 0.7933125125 0.6785579935185185
4 0.79350594375 0.6949130805555556 0.787823896875 0.6949415787037038 0.787823896875 0.7026360787037037 0.79350594375 0.7026075805555556 0.79350594375 0.6949130805555556
4 0.79350594375 0.7109917351851852 0.787823896875 0.7110202333333333 0.787823896875 0.7187147333333334 0.79350594375 0.7186862351851853 0.79350594375 0.7109917351851852
4 0.7933104979166666 0.7274864629629629 0.7876284505208333 0.727514961111111 0.7876284505208333 0.7352094611111111 0.7933104979166666 0.735180962962963 0.7933104979166666 0.7274864629629629
4 0.7936046744791666 0.7435651185185186 0.7879226276041666 0.7435936166666667 0.7879226276041666 0.7512881166666666 0.7936046744791666 0.7512596185185184 0.7936046744791666 0.7435651185185186
4 0.7933104979166666 0.7601966370370371 0.7876284505208333 0.7602251351851852 0.7876284505208333 0.7679196351851851 0.7933104979166666 0.767891137037037 0.7933104979166666 0.7601966370370371
4 0.793409228125 0.7773867194444445 0.78772718125 0.7774152175925926 0.78772718125 0.7851097175925926 0.793409228125 0.7850812194444444 0.793409228125 0.7773867194444445
4 0.7933084828125 0.13767170092592593 0.7876264354166668 0.13770019907407408 0.7876264354166668 0.14539469907407407 0.7933084828125 0.14536620092592592 0.7933084828125 0.13767170092592593
4 0.8038484786458333 0.13767170092592593 0.7981664317708332 0.13770019907407408 0.7981664317708332 0.14539469907407407 0.8038484786458333 0.14536620092592592 0.8038484786458333 0.13767170092592593
4 0.7933084828125 0.15384725000000002 0.7876264354166668 0.15387574814814817 0.7876264354166668 0.16157024814814816 0.7933084828125 0.16154175 0.7933084828125 0.15384725000000002
4 0.8038484786458333 0.15384725000000002 0.7981664317708332 0.15387574814814817 0.7981664317708332 0.16157024814814816 0.8038484786458333 0.16154175 0.8038484786458333 0.15384725000000002
4 0.7934031833333334 0.17042462222222224 0.7877211364583334 0.17045312037037036 0.7877211364583334 0.17814762037037038 0.7934031833333334 0.17811912222222223 0.7934031833333334 0.17042462222222224
4 0.8038484786458333 0.1702906814814815 0.7981664317708332 0.17031917962962964 0.7981664317708332 0.17801367870370371 0.8038484786458333 0.17798518055555557 0.8038484786458333 0.1702906814814815
4 0.793356840625 0.18673696203703702 0.7876747932291667 0.18676546018518517 0.7876747932291667 0.1944599601851852 0.793356840625 0.194431462037037 0.793356840625 0.18673696203703702
4 0.7934031833333334 0.20297805648148146 0.7877211364583334 0.20300655462962963 0.7877211364583334 0.21070105462962962 0.7934031833333334 0.21067255648148148 0.7934031833333334 0.20297805648148146
4 0.7934515416666666 0.21901966388888888 0.7877694942708333 0.21904816203703703 0.7877694942708333 0.22674266203703702 0.7934515416666666 0.22671416388888888 0.7934515416666666 0.21901966388888888
4 0.7934031833333334 0.23533200370370372 0.7877211364583334 0.23536050185185187 0.7877211364583334 0.24305500185185183 0.7934031833333334 0.24302650370370368 0.7934031833333334 0.23533200370370372
4 0.7934515416666666 0.25150755185185186 0.7877694942708333 0.25153605 0.7877694942708333 0.25923055 0.7934515416666666 0.25920205185185186 0.7934515416666666 0.25150755185185186
4 0.7933084828125 0.2680165287037037 0.7876264354166668 0.26804502685185183 0.7876264354166668 0.2757395268518519 0.7933084828125 0.27571102870370373 0.7933084828125 0.2680165287037037
4 0.7933084828125 0.2842604731481481 0.7876264354166668 0.28428897129629627 0.7876264354166668 0.2919834712962963 0.7933084828125 0.29195497314814817 0.7933084828125 0.2842604731481481
4 0.7934031833333334 0.3005044175925926 0.7877211364583334 0.30053291574074076 0.7877211364583334 0.3082274148148148 0.7934031833333334 0.30819891666666666 0.7934031833333334 0.3005044175925926
4 0.7933104979166666 0.3167455111111111 0.7876284505208333 0.31677400925925925 0.7876284505208333 0.3244685092592593 0.7933104979166666 0.32444001111111115 0.7933104979166666 0.3167455111111111
4 0.7933084828125 0.36567683055555555 0.7876264354166668 0.3657053287037037 0.7876264354166668 0.3733998287037037 0.7933084828125 0.37337133055555555 0.7933084828125 0.36567683055555555
4 0.793356840625 0.3819863212962963 0.7876747932291667 0.38201481944444443 0.7876747932291667 0.3897093185185185 0.793356840625 0.38968082037037033 0.793356840625 0.3819863212962963
4 0.6975216604166667 0.14089484166666666 0.6905037276041667 0.14091764074074076 0.6904896234375 0.14522656018518518 0.6975619583333333 0.14519806203703703 0.6975216604166667 0.14089484166666666
4 0.6975740479166667 0.15713878611111112 0.6905581302083333 0.15716158425925925 0.6905097723958333 0.16181248240740742 0.6975821078125001 0.16172698796296295 0.6975740479166667 0.15713878611111112
4 0.6976485994791666 0.17335423240740738 0.6906306671875 0.17337703055555556 0.6905823088541666 0.1780279277777778 0.6976546442708333 0.17794243333333334 0.6976485994791666 0.17335423240740738
4 0.6975277052083333 0.18959817592592593 0.6905097723958333 0.189620975 0.6904614145833333 0.19427187222222222 0.69753375 0.19418637777777775 0.6975277052083333 0.18959817592592593
4 0.6975277052083333 0.2059276148148148 0.6905097723958333 0.20595041296296296 0.6904614145833333 0.21060131111111113 0.69753375 0.21051581666666666 0.6975277052083333 0.2059276148148148
4 0.6976083015625 0.22211456296296295 0.69059036875 0.22213736111111113 0.6905420109375 0.22678825833333333 0.6976143463541666 0.2267027638888889 0.6976083015625 0.22211456296296295
4 0.6974874067708333 0.2385579935185185 0.6904694739583334 0.2385807925925926 0.69042313125 0.2432316898148148 0.6974954666666666 0.24314619537037038 0.6974874067708333 0.2385579935185185
4 0.6976687489583333 0.2548304361111111 0.6906508161458333 0.25485323425925926 0.6906024583333333 0.2595041324074074 0.6976747932291667 0.25941863796296294 0.6976687489583333 0.2548304361111111
4 0.6974733026041666 0.27117697314814815 0.6904553697916668 0.27119977222222225 0.6904090265625 0.2758506694444444 0.6974813619791667 0.27576517500000003 0.6974733026041666 0.27117697314814815
4 0.6977050171875 0.28719863240740745 0.690687084375 0.2872185805555556 0.6906407416666667 0.2918694787037037 0.6977130765625 0.2917868342592592 0.6977050171875 0.28719863240740745
4 0.6975317348958333 0.30349672314814813 0.6905138020833334 0.3035195212962963 0.6905500703125 0.3080649759259259 0.6975377796875001 0.30808492407407406 0.6975317348958333 0.30349672314814813
4 0.6975458390625 0.3198261611111111 0.69052790625 0.31984896018518516 0.690564175 0.32439441481481485 0.6975538989583333 0.32441436296296294 0.6975458390625 0.3198261611111111
4 0.6975861375 0.33608435462962966 0.6905682046875 0.33610715277777775 0.6906044729166666 0.3406526074074074 0.697594196875 0.3406725564814815 0.6975861375 0.33608435462962966
4 0.6975035260416667 0.35227700185185185 0.6904855932291666 0.35229695092592594 0.6905218619791668 0.3568424055555555 0.6975115859375 0.3568652037037037 0.6975035260416667 0.35227700185185185
4 0.6975015109375 0.3685266453703704 0.6904855932291666 0.36854944444444443 0.6905218619791668 0.3730948990740741 0.6975095708333333 0.37311484722222227 0.6975015109375 0.3685266453703704
4 0.6975035260416667 0.3847762898148148 0.6904855932291666 0.38479908796296297 0.6905218619791668 0.38934454259259255 0.6975095708333333 0.38936449166666665 0.6975035260416667 0.3847762898148148
4 0.6975035260416667 0.40102878333333336 0.6904855932291666 0.4010515814814815 0.6905218619791668 0.40559703611111114 0.6975095708333333 0.4056169851851852 0.6975035260416667 0.40102878333333336
4 0.6975700182291666 0.4173838703703704 0.6905520854166666 0.41740381851851854 0.6905883536458333 0.4219492731481482 0.6975760630208333 0.4219720722222222 0.6975700182291666 0.4173838703703704
4 0.69749748125 0.43379880277777777 0.6904795484375 0.43381875185185187 0.6905158171875 0.43836420648148144 0.6975055411458333 0.43838700462962965 0.69749748125 0.43379880277777777
4 0.6975458390625 0.4499401537037037 0.69052790625 0.44996010277777776 0.690564175 0.4545055574074074 0.6975538989583333 0.45452835555555554 0.6975458390625 0.4499401537037037
4 0.6976143463541666 0.4662667425925926 0.6905984281249999 0.4662866916666667 0.690634696875 0.47083214629629627 0.6976224057291667 0.4708549444444445 0.6976143463541666 0.4662667425925926
4 0.6975901671875 0.48251068703703703 0.690572234375 0.48253063518518524 0.690608503125 0.48707608981481487 0.6975982270833333 0.48709888888888886 0.6975901671875 0.48251068703703703
4 0.6974289744791666 0.5352522083333334 0.6904110416666666 0.5352721574074074 0.6904473098958334 0.539817612037037 0.6974350192708333 0.5398404101851852 0.6974289744791666 0.5352522083333334
4 0.6975538989583333 0.5189997148148148 0.6905359661458333 0.5190225138888889 0.690572234375 0.5235679685185185 0.6975599437500001 0.5235879166666667 0.6975538989583333 0.5189997148148148
4 0.697594196875 0.5515018527777777 0.6905762645833333 0.551524650925926 0.6906125328125 0.5560701055555555 0.6976022567708333 0.5560900537037037 0.697594196875 0.5515018527777777
4 0.6975518838541667 0.5676346537037037 0.6905359661458333 0.5676574518518519 0.690572234375 0.5722029064814815 0.6975599437500001 0.5722228555555555 0.6975518838541667 0.5676346537037037
4 0.6974692723958333 0.5838871472222222 0.6904513401041666 0.5839070962962962 0.6904876083333333 0.588452550925926 0.6974773322916668 0.5884753490740741 0.6974692723958333 0.5838871472222222
4 0.6975518838541667 0.6002536333333333 0.6905359661458333 0.6002764324074074 0.690572234375 0.604821887037037 0.6975599437500001 0.6048418351851852 0.6975518838541667 0.6002536333333333
4 0.6974692723958333 0.6165061268518519 0.6904513401041666 0.6165260759259259 0.6904876083333333 0.6210715305555555 0.6974773322916668 0.6210943287037037 0.6974692723958333 0.6165061268518519
4 0.697594196875 0.6327557712962962 0.6905762645833333 0.6327785694444444 0.6906145473958334 0.6373240240740741 0.6976022567708333 0.6373439722222223 0.697594196875 0.6327557712962962
4 0.6974692723958333 0.6489484185185185 0.6904513401041666 0.6489712166666667 0.6904876083333333 0.6535138212962963 0.6974753171875 0.6535366203703704 0.6974692723958333 0.6489484185185185
4 0.697594196875 0.6654345962962963 0.6905762645833333 0.6654573953703704 0.6906145473958334 0.67000285 0.6976022567708333 0.6700227981481481 0.697594196875 0.6654345962962963
4 0.6975115859375 0.6815075518518519 0.690493653125 0.681530350925926 0.6905299213541666 0.6860758046296296 0.6975196453125 0.6860957537037038 0.6975115859375 0.6815075518518519
4 0.6974692723958333 0.6979965805555556 0.6904513401041666 0.6980165287037037 0.6904876083333333 0.7025619833333333 0.6974773322916668 0.7025847824074074 0.6974692723958333 0.6979965805555556
4 0.7257082411458333 0.21919350277777777 0.7221519244791667 0.21927044722222222 0.7222224463541667 0.2258050722222222 0.7257283901041667 0.22577657407407406 0.7257082411458333 0.21919350277777777
4 0.7257082411458333 0.23529780555555557 0.7221519244791667 0.23537190092592591 0.7222224463541667 0.24190937592592596 0.7257283901041667 0.2418808777777778 0.7257082411458333 0.23529780555555557
4 0.7256054807291666 0.2515987462962963 0.7220491640625001 0.25167284166666665 0.7221196854166667 0.25821031666666666 0.7256256296875 0.2581818185185185 0.7256054807291666 0.2515987462962963
4 0.7257787630208333 0.26779994259259254 0.7222224463541667 0.267874037962963 0.7222929677083333 0.27441151296296296 0.7257989119791667 0.2743830148148148 0.7257787630208333 0.26779994259259254
4 0.7257082411458333 0.2841493305555556 0.7221519244791667 0.2842234259259259 0.7222224463541667 0.29076090092592594 0.7257283901041667 0.2907324027777778 0.7257082411458333 0.2841493305555556
4 0.7256739875 0.3003505268518519 0.7221176708333333 0.3004246222222222 0.7221881927083333 0.30696209722222223 0.7256941364583334 0.3069335990740741 0.7256739875 0.3003505268518519
4 0.725744509375 0.31655172407407406 0.7221881927083333 0.31662581944444446 0.7222587145833333 0.32316329444444447 0.7257646583333333 0.3231347962962963 0.725744509375 0.31655172407407406
4 0.725744509375 0.3328013675925926 0.7221861776041667 0.33287831296296294 0.7222587145833333 0.33941293796296296 0.7257646583333333 0.3393844398148148 0.725744509375 0.3328013675925926
4 0.7256739875 0.3493986888888889 0.7221176708333333 0.34947278425925926 0.7221881927083333 0.3560102592592593 0.7256941364583334 0.35598176111111113 0.7256739875 0.3493986888888889
4 0.7257082411458333 0.3656483324074074 0.7221519244791667 0.3657224277777778 0.7222224463541667 0.3722599027777778 0.7257283901041667 0.3722314046296296 0.7257082411458333 0.3656483324074074
4 0.7257082411458333 0.3819492731481482 0.7221519244791667 0.38202336851851854 0.7222224463541667 0.38856084351851855 0.7257283901041667 0.3885323453703704 0.7257082411458333 0.3819492731481482
4 0.7258130161458334 0.39810202314814813 0.7222566994791666 0.39817611851851853 0.7223272213541667 0.40471359351851854 0.725833165625 0.4046850953703704 0.7258130161458334 0.39810202314814813
4 0.725744509375 0.41435166759259257 0.7221861776041667 0.414425762037037 0.7222587145833333 0.42096323703703703 0.7257646583333333 0.4209347388888889 0.725744509375 0.41435166759259257
4 0.725744509375 0.4305044175925926 0.7221861776041667 0.430578512037037 0.7222587145833333 0.437115987037037 0.7257646583333333 0.4370874888888889 0.725744509375 0.4305044175925926
4 0.7257082411458333 0.44695069814814814 0.7221519244791667 0.4470276435185185 0.7222224463541667 0.4535622685185185 0.7257283901041667 0.45353377037037035 0.7257082411458333 0.44695069814814814
4 0.7257082411458333 0.4629581074074074 0.7221519244791667 0.46303220277777773 0.7222224463541667 0.46956967777777775 0.7257283901041667 0.4695411796296296 0.7257082411458333 0.4629581074074074
4 0.725744509375 0.4793046453703703 0.7221861776041667 0.4793815898148148 0.7222587145833333 0.4859162157407408 0.7257646583333333 0.4858877175925926 0.725744509375 0.4793046453703703
4 0.7257082411458333 0.4995440296296297 0.7221519244791667 0.49962097499999997 0.7222224463541667 0.5061556 0.7257283901041667 0.5061271018518518 0.7257082411458333 0.4995440296296297
4 0.7256739875 0.5157965231481482 0.7221176708333333 0.5158706185185186 0.7221881927083333 0.5224080935185185 0.7256941364583334 0.5223795953703704 0.7256739875 0.5157965231481482
4 0.725744509375 0.5320974638888889 0.7221881927083333 0.5321715592592592 0.7222587145833333 0.5387090342592592 0.7257646583333333 0.5386805361111111 0.725744509375 0.5320974638888889
4 0.7256739875 0.5482986601851851 0.7221176708333333 0.5483727555555555 0.7221881927083333 0.5549102305555556 0.7256941364583334 0.5548817324074075 0.7256739875 0.5482986601851851
4 0.7257082411458333 0.564596750925926 0.7221519244791667 0.5646708462962963 0.7222224463541667 0.5712083212962963 0.7257283901041667 0.5711798231481481 0.7257082411458333 0.564596750925926
4 0.7257082411458333 0.5808492444444444 0.7221519244791667 0.5809233398148148 0.7222224463541667 0.5874608148148148 0.7257283901041667 0.5874323166666667 0.7257082411458333 0.5808492444444444
4 0.725744509375 0.5973439722222222 0.7221861776041667 0.5974209175925926 0.7222587145833333 0.6039555425925925 0.7257646583333333 0.6039270444444444 0.725744509375 0.5973439722222222
4 0.7257082411458333 0.6135480194444444 0.7221519244791667 0.6136221148148149 0.7222224463541667 0.6201595898148149 0.7257283901041667 0.6201310916666667 0.7257082411458333 0.6135480194444444
4 0.7257082411458333 0.6297976629629629 0.7221519244791667 0.6298717583333333 0.7222224463541667 0.6364092333333333 0.7257283901041667 0.6363807351851852 0.7257082411458333 0.6297976629629629
4 0.725744509375 0.64614705 0.7221861776041667 0.6462211453703705 0.7222587145833333 0.6527586203703705 0.7257646583333333 0.6527301222222223 0.725744509375 0.64614705
4 0.7257787630208333 0.6622513537037037 0.7222224463541667 0.662325449074074 0.7222929677083333 0.668862924074074 0.7257989119791667 0.6688344259259259 0.7257787630208333 0.6622513537037037
4 0.7256397338541666 0.6784525509259259 0.7220834171875 0.6785266453703703 0.7221539390624999 0.6850641203703703 0.7256598833333334 0.6850356222222223 0.7256397338541666 0.6784525509259259
4 0.725744509375 0.6948503851851852 0.7221861776041667 0.6949244796296296 0.7222587145833333 0.7014619546296296 0.7257646583333333 0.7014334564814815 0.725744509375 0.6948503851851852
4 0.7257082411458333 0.7111000287037037 0.7221519244791667 0.7111769731481482 0.7222224463541667 0.717711599074074 0.7257283901041667 0.7176831009259259 0.7257082411458333 0.7111000287037037
4 0.7256397338541666 0.7272527787037036 0.7220834171875 0.727326874074074 0.7221539390624999 0.733864349074074 0.7256598833333334 0.733835850925926 0.7256397338541666 0.7272527787037036
4 0.725744509375 0.7434539759259259 0.7221861776041667 0.7435309203703703 0.7222587145833333 0.7500655453703704 0.7257646583333333 0.7500370472222223 0.725744509375 0.7434539759259259
4 0.7137215395833334 0.4142832712962963 0.7085432197916667 0.414226275 0.7084827723958332 0.42787688796296297 0.7136610921875001 0.42787688796296297 0.7137215395833334 0.4142832712962963
4 0.7137819864583334 0.3980307777777778 0.7086036671875 0.3979737814814815 0.7085432197916667 0.41162439444444443 0.7137215395833334 0.41162439444444443 0.7137819864583334 0.3980307777777778
4 0.7135422125 0.3822029064814815 0.7083638927083334 0.3821459101851852 0.7083034453125 0.3957965231481481 0.7134817651041666 0.3957965231481481 0.7135422125 0.3822029064814815
4 0.7135422125 0.3654402962962963 0.7083638927083334 0.3653833 0.7083034453125 0.37903391296296296 0.7134817651041666 0.37903391296296296 0.7135422125 0.3654402962962963
4 0.7135422125 0.34952693055555556 0.7083638927083334 0.34946993425925926 0.7083034453125 0.3631205472222222 0.7134817651041666 0.3631205472222222 0.7135422125 0.34952693055555556
4 0.7136751963541667 0.31661157037037035 0.7084968770833334 0.31655457407407406 0.7084364296875 0.33020518703703705 0.7136147489583333 0.33020518703703705 0.7136751963541667 0.31661157037037035
4 0.7136026598958334 0.33305215185185183 0.7084243401041667 0.3329951555555556 0.7083638927083334 0.3466457675925926 0.7135422125 0.3466457675925926 0.7136026598958334 0.33305215185185183
4 0.7136751963541667 0.3004787685185185 0.7084968770833334 0.3004217722222222 0.7084364296875 0.31407238518518515 0.7136147489583333 0.31407238518518515 0.7136751963541667 0.3004787685185185
4 0.7135301229166667 0.2842405240740741 0.708351803125 0.2841835277777778 0.70829135625 0.2978341407407407 0.7134696755208334 0.2978341407407407 0.7135301229166667 0.2842405240740741
4 0.7135301229166667 0.2681077231481481 0.708351803125 0.26805072685185183 0.70829135625 0.28170133981481477 0.7134696755208334 0.28170133981481477 0.7135301229166667 0.2681077231481481
4 0.7136026598958334 0.2518723287037037 0.7084243401041667 0.2518153324074074 0.7083638927083334 0.26546594444444443 0.7135422125 0.26546594444444443 0.7136026598958334 0.2518723287037037
4 0.7136026598958334 0.2355343398148148 0.7084243401041667 0.2354773435185185 0.7083638927083334 0.2491279564814815 0.7135422125 0.2491279564814815 0.7136026598958334 0.2355343398148148
4 0.7135301229166667 0.21919635185185185 0.708351803125 0.21913935555555555 0.70829135625 0.23278996851851852 0.7134696755208334 0.23278996851851852 0.7135301229166667 0.21919635185185185
4 0.7136026598958334 0.20326588796296297 0.7084243401041667 0.20320889166666664 0.7083638927083334 0.21685950370370372 0.7135422125 0.21685950370370372 0.7136026598958334 0.20326588796296297
4 0.7137457182291667 0.1868253064814815 0.7085673989583333 0.1867683101851852 0.7085069515625 0.20041892314814816 0.7136852708333333 0.20041892314814816 0.7137457182291667 0.1868253064814815
4 0.7136026598958334 0.17058706203703702 0.7084243401041667 0.17053006574074075 0.7083638927083334 0.1841806787037037 0.7135422125 0.1841806787037037 0.7136026598958334 0.17058706203703702
4 0.7134575859375 0.1539441435185185 0.7082792666666666 0.15388714722222221 0.7082188192708333 0.16753776018518518 0.7133971390625 0.16753776018518518 0.7134575859375 0.1539441435185185
4 0.7136751963541667 0.13760615555555555 0.7084968770833334 0.13754915925925926 0.7084364296875 0.15119977222222222 0.7136147489583333 0.15119977222222222 0.7136751963541667 0.13760615555555555
4 0.80912754375 0.13778854351851852 0.80519846875 0.13781704166666667 0.8052387666666667 0.15138216018518516 0.8092081401041666 0.15143915648148149 0.80912754375 0.13778854351851852
4 0.8090670963541666 0.15381020277777777 0.8051380213541666 0.15383870092592591 0.8051783197916667 0.16740381851851852 0.8091476927083333 0.1674608148148148 0.8090670963541666 0.15381020277777777
4 0.8092121703125 0.17030493055555557 0.8052830947916667 0.17033342870370372 0.8053233932291667 0.18389854629629632 0.8092927666666667 0.18395554259259259 0.8092121703125 0.17030493055555557
4 0.8091255291666666 0.18659732129629628 0.8051964536458333 0.18662581944444442 0.8052367520833333 0.20019093796296294 0.8092061255208333 0.20024793425925924 0.8091255291666666 0.18659732129629628
4 0.8091839614583333 0.20292960925925924 0.8052548859375 0.2029581074074074 0.805295184375 0.21652322592592593 0.8092645578125001 0.21658022222222223 0.8091839614583333 0.20292960925925924
4 0.8090973203124999 0.21922200092592592 0.8051682447916666 0.21925049907407407 0.8052085432291667 0.23281561666666667 0.8091779166666666 0.23287261296296297 0.8090973203124999 0.21922200092592592
4 0.8090449322916666 0.23542034722222221 0.8051158572916666 0.23544884537037036 0.8051561557291667 0.2490139638888889 0.8091255291666666 0.2490709601851852 0.8090449322916666 0.23542034722222221
4 0.8092464234375 0.2515189509259259 0.8053173484375 0.25154744907407406 0.8053576463541667 0.2651125675925926 0.8093270197916667 0.2651695638888889 0.8092464234375 0.2515189509259259
4 0.809145678125 0.2681105731481481 0.8052166026041667 0.26813907129629627 0.8052569010416666 0.2817041888888889 0.8092262744791667 0.28176118518518517 0.809145678125 0.2681105731481481
4 0.8092464234375 0.2840666861111111 0.8053173484375 0.2840951842592592 0.8053576463541667 0.2976603018518518 0.8093270197916667 0.2977172981481481 0.8092464234375 0.2840666861111111
4 0.8091960505208333 0.31654602407407406 0.8052669755208334 0.3165745222222222 0.8053072739583332 0.33013964074074076 0.8092766473958334 0.33019663703703706 0.8091960505208333 0.31654602407407406
4 0.809145678125 0.3003049305555555 0.8052166026041667 0.30033342870370366 0.8052569010416666 0.31389854629629627 0.8092262744791667 0.31395554259259256 0.809145678125 0.3003049305555555
4 0.809145678125 0.3329239101851852 0.8052166026041667 0.33295240833333334 0.8052569010416666 0.34651752592592594 0.8092262744791667 0.3465745222222222 0.809145678125 0.3329239101851852
4 0.8090449322916666 0.34937589074074077 0.8051158572916666 0.3494043888888889 0.8051561557291667 0.3629695074074074 0.8091255291666666 0.3630265037037037 0.8090449322916666 0.34937589074074077
4 0.8090953052083333 0.36568823055555555 0.8051662302083333 0.3657167287037037 0.805206528125 0.3792818462962963 0.8091759015625001 0.3793388425925926 0.8090953052083333 0.36568823055555555
4 0.809145678125 0.38178398425925925 0.8052166026041667 0.3818124824074074 0.8052569010416666 0.3953776 0.8092262744791667 0.3954345962962963 0.809145678125 0.38178398425925925
4 0.8091960505208333 0.3980934740740741 0.8052669755208334 0.3981219722222222 0.8053072739583332 0.4116870907407407 0.8092766473958334 0.411744087037037 0.8091960505208333 0.3980934740740741
4 0.8090953052083333 0.4142633231481481 0.8051662302083333 0.41429182129629627 0.805206528125 0.42785693888888887 0.8091759015625001 0.42791393518518517 0.8090953052083333 0.4142633231481481
4 0.8092444088541666 0.43050156759259256 0.8053153333333333 0.4305300657407407 0.8053556317708334 0.44409518425925926 0.8093250052083333 0.44415218055555555 0.8092444088541666 0.43050156759259256
4 0.8091960505208333 0.44695354814814814 0.8052669755208334 0.4469820462962963 0.8053072739583332 0.46054716481481484 0.8092766473958334 0.46060416111111113 0.8091960505208333 0.44695354814814814
4 0.8090953052083333 0.4631917925925926 0.8051662302083333 0.4632202907407407 0.805206528125 0.4767854092592592 0.8091759015625001 0.4768424055555555 0.8090953052083333 0.4631917925925926
4 0.8090953052083333 0.47943003703703707 0.8051662302083333 0.47945853518518516 0.805206528125 0.4930236537037037 0.8091759015625001 0.49308065 0.8090953052083333 0.47943003703703707
4 0.8236751963541666 0.4968367055555556 0.8176022567708333 0.49685665462962963 0.8176103161458333 0.5113992592592592 0.8236348984375 0.5114277574074074 0.8236751963541666 0.4968367055555556
4 0.8092000807291666 0.5158278712962964 0.8052710052083333 0.5158563694444445 0.8053113036458334 0.529421487962963 0.8092806770833333 0.5294784842592593 0.8092000807291666 0.5158278712962964
4 0.7934515416666666 0.349432887037037 0.7877694942708333 0.34946138518518516 0.7877694942708333 0.3571558851851852 0.7934515416666666 0.35712738703703706 0.7934515416666666 0.349432887037037
4 0.7934031833333334 0.33272157314814815 0.7877211364583334 0.3327500712962963 0.7877211364583334 0.3404445712962963 0.7934031833333334 0.34041607314814815 0.7934031833333334 0.33272157314814815
4 0.7933145276041667 0.39807922500000004 0.7876324802083333 0.39810772314814813 0.7876324802083333 0.4058022231481481 0.7933145276041667 0.405773725 0.7933145276041667 0.39807922500000004
4 0.793471690625 0.4142889712962963 0.7877896432291667 0.4143174694444445 0.7877896432291667 0.4220119694444444 0.793471690625 0.42198347129629626 0.793471690625 0.4142889712962963
4 0.7933931088541667 0.43072100277777775 0.7877110619791666 0.4307495009259259 0.7877110619791666 0.43844400092592595 0.7933931088541667 0.4384155027777778 0.7933931088541667 0.43072100277777775
4 0.7933528109375001 0.4468766027777778 0.7876707635416668 0.44690510092592595 0.7876707635416668 0.45459960092592594 0.7933528109375001 0.4545711027777778 0.7933528109375001 0.4468766027777778
4 0.7933528109375001 0.4630293527777778 0.7876707635416668 0.46305785092592594 0.7876707635416668 0.47075235092592593 0.7933528109375001 0.4707238527777778 0.7933528109375001 0.4630293527777778
4 0.7933931088541667 0.47935024259259257 0.7877110619791666 0.47937874074074077 0.7877110619791666 0.48707323981481476 0.7933931088541667 0.48704474166666667 0.7933931088541667 0.47935024259259257
4 0.8038444489583333 0.18671986296296297 0.7981624015625 0.18674836111111112 0.7981624015625 0.19444286111111111 0.8038444489583333 0.19441436296296297 0.8038444489583333 0.18671986296296297
4 0.8039613135416667 0.20298375648148148 0.7982792666666667 0.20301225462962963 0.7982792666666667 0.2107067537037037 0.8039613135416667 0.21067825555555555 0.8039613135416667 0.20298375648148148
4 0.8038041505208333 0.21913935555555555 0.7981221036458332 0.2191678537037037 0.7981221036458332 0.22686235370370372 0.8038041505208333 0.22683385555555555 0.8038041505208333 0.21913935555555555
4 0.8038444489583333 0.23534910185185184 0.7981624015625 0.2353776 0.7981624015625 0.2430721 0.8038444489583333 0.24304360185185186 0.8038444489583333 0.23534910185185184
4 0.8038444489583333 0.2517811342592593 0.7981624015625 0.25180963240740745 0.7981624015625 0.2595041324074074 0.8038444489583333 0.25947563425925924 0.8038444489583333 0.2517811342592593
4 0.8038444489583333 0.2679908805555556 0.7981624015625 0.26801937870370374 0.7981624015625 0.2757138787037037 0.8038444489583333 0.2756853805555555 0.8038444489583333 0.2679908805555556
4 0.8037255692708333 0.2842576231481482 0.798043521875 0.2842861212962963 0.798043521875 0.29198062129629626 0.8037255692708333 0.29195212314814817 0.8037255692708333 0.2842576231481482
4 0.8038827322916667 0.30035622685185187 0.7982006848958334 0.300384725 0.7982006848958334 0.308079225 0.8038827322916667 0.30805072685185186 0.8038827322916667 0.30035622685185187
4 0.8038041505208333 0.31673126203703705 0.7981221036458332 0.3167597601851852 0.7981221036458332 0.3244542601851852 0.8038041505208333 0.32442576203703705 0.8038041505208333 0.31673126203703705
4 0.8038444489583333 0.33282986574074075 0.7981624015625 0.3328583638888889 0.7981624015625 0.3405528638888889 0.8038444489583333 0.34052436574074074 0.8038444489583333 0.33282986574074075
4 0.8039230302083333 0.34931889444444447 0.7982409833333333 0.3493473925925926 0.7982409833333333 0.3570418925925926 0.8039230302083333 0.3570133944444444 0.8039230302083333 0.34931889444444447
4 0.8037658671875001 0.36558278703703706 0.7980838203125 0.36561128518518515 0.7980838203125 0.3733057851851852 0.8037658671875001 0.37327728703703705 0.8037658671875001 0.36558278703703706
4 0.8039230302083333 0.38184952962962965 0.7982409833333333 0.3818780277777778 0.7982409833333333 0.3895725277777778 0.8039230302083333 0.38954402962962964 0.8039230302083333 0.38184952962962965
4 0.8037255692708333 0.39805927592592594 0.798043521875 0.3980877740740741 0.798043521875 0.4057822740740741 0.8037255692708333 0.4057537759259259 0.8037255692708333 0.39805927592592594
4 0.8038444489583333 0.41421202592592593 0.7981624015625 0.4142405240740741 0.7981624015625 0.42193502407407407 0.8038444489583333 0.4219065259259259 0.8038444489583333 0.41421202592592593
4 0.8037658671875001 0.4307010546296296 0.7980838203125 0.4307295527777778 0.7980838203125 0.4384240527777778 0.8037658671875001 0.43839555462962965 0.8037658671875001 0.4307010546296296
4 0.8038041505208333 0.4469677972222222 0.7981221036458332 0.44699629537037033 0.7981221036458332 0.4546907953703704 0.8038041505208333 0.45466229722222223 0.8038041505208333 0.4469677972222222
4 0.8038444489583333 0.46300940462962964 0.7981624015625 0.4630379027777778 0.7981624015625 0.4707324027777778 0.8038444489583333 0.47070390462962963 0.8038444489583333 0.46300940462962964
4 0.8039230302083333 0.47938443981481477 0.7982409833333333 0.47941293796296297 0.7982409833333333 0.487107437962963 0.8039230302083333 0.4870789398148148 0.8039230302083333 0.47938443981481477
4 0.8038081807291667 0.5158677685185186 0.7981261333333334 0.5158962666666667 0.7981261333333334 0.5235907666666667 0.8038081807291667 0.5235622685185186 0.8038081807291667 0.5158677685185186
4 0.8039512390625 0.532111712962963 0.7982691921874999 0.5321402111111111 0.7982691921874999 0.5398347111111111 0.8039512390625 0.539806212962963 0.8039512390625 0.532111712962963
4 0.8038081807291667 0.5484212027777777 0.7981261333333334 0.5484497009259259 0.7981261333333334 0.5561442009259259 0.8038081807291667 0.5561157027777778 0.8038081807291667 0.5484212027777777
4 0.8038565385416666 0.5645312055555556 0.7981744911458333 0.5645597037037037 0.7981744911458333 0.5722542037037037 0.8038565385416666 0.5722257055555556 0.8038565385416666 0.5645312055555556
4 0.8039512390625 0.5809090907407407 0.7982691921874999 0.5809375888888889 0.7982691921874999 0.588632088888889 0.8039512390625 0.5886035907407408 0.8039512390625 0.5809090907407407
4 0.80390288125 0.5972841268518518 0.798220834375 0.5973126249999999 0.798220834375 0.6050071240740741 0.80390288125 0.6049786268518519 0.80390288125 0.5972841268518518
4 0.6550090671875 0.30335993148148144 0.6479931494791666 0.30338273055555554 0.6480294177083333 0.3079281842592592 0.6550171265625 0.3079481333333333 0.6550090671875 0.30335993148148144
4 0.6550090671875 0.28712168703703705 0.647991134375 0.28714448518518515 0.6480274026041666 0.2916899398148148 0.6550171265625 0.2917098888888889 0.6550090671875 0.28712168703703705
4 0.6549083213541667 0.27102593333333336 0.6478903890625 0.27104873148148145 0.6479266572916667 0.27559418611111114 0.6549163812500001 0.2756141351851852 0.6549083213541667 0.27102593333333336
4 0.6549586942708333 0.2547164435185185 0.6479407614583333 0.25473639259259256 0.6479770302083333 0.25928184629629625 0.6549667541666667 0.25930464537037035 0.6549586942708333 0.2547164435185185
4 0.6551098125 0.23854944444444445 0.6480918796875 0.2385693925925926 0.6481281484375 0.2431148472222222 0.6551178723958333 0.2431376462962963 0.6551098125 0.23854944444444445
4 0.6549586942708333 0.22223710462962964 0.6479427765625 0.22225990277777777 0.6479790447916667 0.2268053574074074 0.6549667541666667 0.22682530648148147 0.6549586942708333 0.22223710462962964
4 0.6551098125 0.2059276148148148 0.6480918796875 0.20595041296296296 0.6481281484375 0.2104958675925926 0.6551178723958333 0.21051581666666666 0.6551098125 0.2059276148148148
4 0.6550594401041666 0.18954687962962963 0.6480415072916668 0.18956967777777778 0.6480777755208333 0.1941151324074074 0.6550674994791666 0.19413508148148148 0.6550594401041666 0.18954687962962963
4 0.6549586942708333 0.1733086351851852 0.6479407614583333 0.17333143333333334 0.6479770302083333 0.17787688796296294 0.6549667541666667 0.17789683703703701 0.6549586942708333 0.1733086351851852
4 0.6550594401041666 0.15707039074074075 0.6480415072916668 0.1570903388888889 0.6480777755208333 0.1616357935185185 0.6550674994791666 0.1616585925925926 0.6550594401041666 0.15707039074074075
4 0.6551098125 0.1407609009259259 0.6480918796875 0.14078084907407407 0.6481281484375 0.1453263037037037 0.6551178723958333 0.14534910185185188 0.6551098125 0.1407609009259259
4 0.6704815635416667 0.13773154722222222 0.6651702598958333 0.13770874907407407 0.6652226473958333 0.14534055277777777 0.6705420109375001 0.14534055277777777 0.6704815635416667 0.13773154722222222
4 0.6704392505208333 0.15403818796296295 0.665127946875 0.1540153888888889 0.665180334375 0.1616471925925926 0.6704996979166666 0.1616471925925926 0.6704392505208333 0.15403818796296295
4 0.6704191015625 0.17047876851851854 0.6651098125 0.17045597037037036 0.6651601854166667 0.17808777407407408 0.6704795484375 0.17808777407407408 0.6704191015625 0.17047876851851854
4 0.6704896234375001 0.18672841296296297 0.6651783197916666 0.1867056138888889 0.6652307072916667 0.19433741851851852 0.6705500703124999 0.19433741851851852 0.6704896234375001 0.18672841296296297
4 0.6705238765625 0.20292960925925924 0.6652125729166667 0.2029068111111111 0.6652649609375001 0.21053861481481484 0.6705843239583333 0.21053861481481484 0.6705238765625 0.20292960925925924
4 0.6704896234375001 0.21918210277777778 0.6651783197916666 0.21915930462962963 0.6652307072916667 0.22679110833333332 0.6705500703124999 0.22679110833333332 0.6704896234375001 0.21918210277777778
4 0.6705238765625 0.23553149074074073 0.6652125729166667 0.2355086916666667 0.6652649609375001 0.24314049629629633 0.6705843239583333 0.24314049629629633 0.6705238765625 0.23553149074074073
4 0.6704191015625 0.2516329435185185 0.6651098125 0.2516101453703704 0.6651601854166667 0.2592419490740741 0.6704795484375 0.2592419490740741 0.6704191015625 0.2516329435185185
4 0.6704896234375001 0.2679338842592593 0.6651783197916666 0.26791108611111114 0.6652307072916667 0.27554288981481484 0.6705500703124999 0.27554288981481484 0.6704896234375001 0.2679338842592593
4 0.6704896234375001 0.284234825 0.6651783197916666 0.2842120259259259 0.6652307072916667 0.2918438305555555 0.6705500703124999 0.2918438305555555 0.6704896234375001 0.284234825
4 0.6704191015625 0.3004360212962963 0.6651098125 0.30041322314814817 0.6651601854166667 0.30804502685185187 0.6704795484375 0.30804502685185187 0.6704191015625 0.3004360212962963
4 0.6704191015625 0.31658877129629626 0.6651098125 0.31656597314814816 0.6651601854166667 0.32419777685185186 0.6704795484375 0.32419777685185186 0.6704191015625 0.31658877129629626
4 0.6704191015625 0.3329866055555556 0.6651098125 0.3329638074074074 0.6651601854166667 0.3405956111111111 0.6704795484375 0.3405956111111111 0.6704191015625 0.3329866055555556
4 0.6705238765625 0.349432887037037 0.6652125729166667 0.34941008796296297 0.6652649609375001 0.3570418925925926 0.6705843239583333 0.3570418925925926 0.6705238765625 0.349432887037037
4 0.6704191015625 0.36573382685185185 0.6651098125 0.3657110287037037 0.6651601854166667 0.3733428324074074 0.6704795484375 0.3733428324074074 0.6704191015625 0.36573382685185185
4 0.6704896234375001 0.3820347675925926 0.6651783197916666 0.38201196944444443 0.6652307072916667 0.38964377314814813 0.6705500703124999 0.38964377314814813 0.6704896234375001 0.3820347675925926
4 0.6704896234375001 0.3980877740740741 0.6651783197916666 0.39806497592592593 0.6652307072916667 0.40569677962962963 0.6705500703124999 0.40569677962962963 0.6704896234375001 0.3980877740740741
4 0.6704191015625 0.4143887148148148 0.6651098125 0.41436591666666667 0.6651601854166667 0.42199772037037037 0.6704795484375 0.42199772037037037 0.6704191015625 0.4143887148148148
4 0.6704553697916666 0.43068680555555555 0.6651440661458333 0.43066400648148145 0.6651964536458334 0.4382958111111111 0.6705158171875 0.4382958111111111 0.6704553697916666 0.43068680555555555
4 0.6704533546874999 0.4470846398148148 0.6651440661458333 0.44706184074074073 0.6651944390625 0.4546936453703704 0.6705138020833333 0.4546936453703704 0.6704533546874999 0.4470846398148148
4 0.6706286520833333 0.4631404962962963 0.6653173484374999 0.4631176972222222 0.6653697359374999 0.47074950092592593 0.6706890994791667 0.47074950092592593 0.6706286520833333 0.4631404962962963
4 0.6704674593750001 0.47921345092592593 0.6651561557291666 0.4791906527777777 0.6652085432291667 0.4868224564814814 0.6705279062499999 0.4868224564814814 0.6704674593750001 0.47921345092592593
4 0.67053798125 0.5159361638888889 0.6652286921874999 0.5159133657407408 0.6652790651041667 0.5235451694444444 0.670598428125 0.5235451694444444 0.67053798125 0.5159361638888889
4 0.6704976828125001 0.53230265 0.6651863791666667 0.5322798518518519 0.6652387666666667 0.5399116555555555 0.6705581302083333 0.5399116555555555 0.6704976828125001 0.53230265
4 0.6373020348958334 0.6135907666666667 0.6321237156249999 0.6135309203703704 0.6320632682291667 0.6271843833333334 0.6372415875 0.6271843833333334 0.6373020348958334 0.6135907666666667
4 0.6371831552083334 0.6298432601851852 0.6320048359375 0.6297862638888889 0.6319443885416667 0.6434368768518519 0.6371227078125 0.6434368768518519 0.6371831552083334 0.6298432601851852
4 0.6373624822916667 0.6460957537037036 0.6321861776041667 0.6460387574074075 0.6321237156249999 0.6596893703703703 0.6373020348958334 0.6596893703703703 0.6373624822916667 0.6460957537037036
4 0.6373624822916667 0.6622627527777778 0.6321841630208334 0.6622057564814815 0.6321237156249999 0.6758563694444445 0.6373020348958334 0.6758563694444445 0.6373624822916667 0.6622627527777778
4 0.6372436026041667 0.6786862351851852 0.6320652833333333 0.6786292388888889 0.6320048359375 0.6922798518518518 0.6371831552083334 0.6922798518518518 0.6372436026041667 0.6786862351851852
4 0.6371831552083334 0.6948560842592593 0.6320048359375 0.694799087962963 0.6319443885416667 0.708449700925926 0.6371227078125 0.708449700925926 0.6371831552083334 0.6948560842592593
4 0.6373040499999999 0.7111085777777778 0.6321257302083333 0.7110515814814815 0.6320652833333333 0.7247021944444444 0.6372436026041667 0.7247021944444444 0.6373040499999999 0.7111085777777778
4 0.6372436026041667 0.7273610712962962 0.6320652833333333 0.7273040749999999 0.6320048359375 0.7409546879629629 0.6371831552083334 0.7409546879629629 0.6372436026041667 0.7273610712962962
4 0.6371831552083334 0.7435280703703704 0.6320048359375 0.7434710740740741 0.6319443885416667 0.757121687037037 0.6371227078125 0.757121687037037 0.6371831552083334 0.7435280703703704
4 0.6373624822916667 0.7602080361111111 0.6321861776041667 0.7601510398148148 0.6321237156249999 0.7738016527777778 0.6373020348958334 0.7738016527777778 0.6373624822916667 0.7602080361111111
4 0.6371831552083334 0.777312625 0.6320048359375 0.7772556287037037 0.6319443885416667 0.7909062407407407 0.6371227078125 0.7909062407407407 0.6371831552083334 0.777312625
4 0.7136610921875001 0.7771786833333333 0.7084847875 0.7771216870370371 0.708422325 0.7907723 0.7136006447916666 0.7907723 0.7136610921875001 0.7771786833333333
4 0.7135422125 0.7601082925925926 0.7083638927083334 0.7600512962962963 0.7083034453125 0.7737019092592593 0.7134817651041666 0.7737019092592593 0.7135422125 0.7601082925925926
4 0.7135422125 0.7436021657407407 0.7083638927083334 0.7435451694444444 0.7083034453125 0.7571957824074074 0.7134817651041666 0.7571957824074074 0.7135422125 0.7436021657407407
4 0.7134213177083333 0.7272641777777777 0.7082429984375 0.7272071814814814 0.7081825510416666 0.7408577944444444 0.7133608703125 0.7408577944444444 0.7134213177083333 0.7272641777777777
4 0.7137215395833334 0.7110943287037037 0.7085432197916667 0.7110373324074074 0.7084827723958332 0.7246879453703703 0.7136610921875001 0.7246879453703703 0.7137215395833334 0.7110943287037037
4 0.7138424338541667 0.6948418351851852 0.7086641145833333 0.6947848388888889 0.7086036671875 0.7084354518518519 0.7137819864583334 0.7084354518518519 0.7138424338541667 0.6948418351851852
4 0.7133608703125 0.6786748361111111 0.7081825510416666 0.6786149898148148 0.7081221036458333 0.6922684527777778 0.7133004229166667 0.6922684527777778 0.7133608703125 0.6786748361111111
4 0.7137215395833334 0.6623339981481482 0.7085432197916667 0.6622770018518518 0.7084827723958332 0.6759276148148149 0.7136610921875001 0.6759276148148149 0.7137215395833334 0.6623339981481482
4 0.7134817651041666 0.646166999074074 0.7083034453125 0.6461100027777777 0.7082429984375 0.6597606157407407 0.7134213177083333 0.6597606157407407 0.7134817651041666 0.646166999074074
4 0.7135422125 0.6297435166666667 0.7083638927083334 0.6296865203703704 0.7083034453125 0.6433371333333334 0.7134817651041666 0.6433371333333334 0.7135422125 0.6297435166666667
4 0.7136026598958334 0.613662012037037 0.7084243401041667 0.6136050157407407 0.7083638927083334 0.6272556287037037 0.7135422125 0.6272556287037037 0.7136026598958334 0.613662012037037
4 0.7134213177083333 0.5972385296296296 0.7082429984375 0.5971815333333333 0.7081825510416666 0.6108321462962962 0.7133608703125 0.6108321462962962 0.7134213177083333 0.5972385296296296
4 0.7137215395833334 0.5809831861111111 0.7085432197916667 0.5809261898148149 0.7084827723958332 0.5945768027777778 0.7136610921875001 0.5945768027777778 0.7137215395833334 0.5809831861111111
4 0.7136026598958334 0.5645625537037038 0.7084243401041667 0.5645055574074075 0.7083638927083334 0.5781561694444445 0.7135422125 0.5781561694444445 0.7136026598958334 0.5645625537037038
4 0.7134817651041666 0.5483927046296296 0.7083034453125 0.5483357083333333 0.7082429984375 0.5619863212962963 0.7134213177083333 0.5619863212962963 0.7134817651041666 0.5483927046296296
4 0.7136026598958334 0.5321402111111111 0.7084243401041667 0.5320832148148148 0.7083638927083334 0.5457338268518518 0.7135422125 0.5457338268518518 0.7136026598958334 0.5321402111111111
4 0.7137215395833334 0.5158022231481482 0.7085432197916667 0.5157452268518519 0.7084827723958332 0.529395838888889 0.7136610921875001 0.529395838888889 0.7137215395833334 0.5158022231481482
4 0.7133608703125 0.4796380731481482 0.7081825510416666 0.4795810768518518 0.7081221036458333 0.49323168981481486 0.7133004229166667 0.49323168981481486 0.7133608703125 0.4796380731481482
4 0.7136610921875001 0.463468225 0.7084827723958332 0.4634112287037037 0.708422325 0.4770618407407408 0.7136006447916666 0.4770618407407408 0.7136610921875001 0.463468225
4 0.7136006447916666 0.44679110833333335 0.708422325 0.44673411203703706 0.7083618781250001 0.460384725 0.7135401973958333 0.460384725 0.7136006447916666 0.44679110833333335
4 0.7137215395833334 0.4307067537037037 0.7085432197916667 0.4306497574074074 0.7084827723958332 0.4443003703703704 0.7136610921875001 0.4443003703703704 0.7137215395833334 0.4307067537037037
4 0.8091134395833334 0.532120262037037 0.8051843640624999 0.5321487601851851 0.8052246625 0.5457138787037037 0.8091940359375 0.545770875 0.8091134395833334 0.532120262037037
4 0.8091658270833334 0.5484041037037037 0.8052367520833333 0.5484326018518519 0.80527705 0.5619977203703703 0.8092464234375 0.5620547166666666 0.8091658270833334 0.5484041037037037
4 0.8092262744791667 0.5644856083333333 0.8052971994791667 0.5645141064814815 0.8053374973958333 0.578079225 0.8093068708333334 0.5781362212962963 0.8092262744791667 0.5644856083333333
4 0.8091053796875 0.5809090907407407 0.8051763046875 0.5809375888888889 0.8052166026041667 0.5945027074074074 0.8091859760416666 0.5945597037037037 0.8091053796875 0.5809090907407407
4 0.8092867218750001 0.5974180675925925 0.8053576463541667 0.5974465657407407 0.8053979447916666 0.6110116842592592 0.8093673182291667 0.6110686805555555 0.8092867218750001 0.5974180675925925
4 0.8090469473958334 0.6294984324074073 0.8051178723958333 0.6295269305555555 0.8051581703125 0.643092049074074 0.80912754375 0.6431490453703703 0.8090469473958334 0.6294984324074073
4 0.8090469473958334 0.6133314333333334 0.8051178723958333 0.6133599314814815 0.8051581703125 0.62692505 0.80912754375 0.6269820462962963 0.8090469473958334 0.6133314333333334
4 0.8090469473958334 0.6460074092592593 0.8051178723958333 0.6460359074074075 0.8051581703125 0.659601025925926 0.80912754375 0.6596580222222223 0.8090469473958334 0.6460074092592593
4 0.8091658270833334 0.6624308916666666 0.8052367520833333 0.6624593898148148 0.80527705 0.6760245083333333 0.8092464234375 0.6760815046296296 0.8091658270833334 0.6624308916666666
4 0.8091658270833334 0.6784297518518518 0.8052367520833333 0.67845825 0.80527705 0.6920233685185185 0.8092464234375 0.6920803648148147 0.8091658270833334 0.6784297518518518
4 0.8091053796875 0.6947677398148148 0.8051763046875 0.694796237962963 0.8052166026041667 0.7083613564814815 0.8091859760416666 0.7084183527777778 0.8091053796875 0.6947677398148148
4 0.8091658270833334 0.7111057277777778 0.8052367520833333 0.7111342259259259 0.80527705 0.7246993444444445 0.8092464234375 0.7247563407407408 0.8091658270833334 0.7111057277777778
4 0.8092262744791667 0.7272727268518518 0.8052971994791667 0.7273012249999999 0.8053374973958333 0.7408663435185185 0.8093068708333334 0.7409233398148148 0.8092262744791667 0.7272727268518518
4 0.8090469473958334 0.7436107157407407 0.8051178723958333 0.7436392138888889 0.8051581703125 0.7572043314814815 0.80912754375 0.7572613277777778 0.8090469473958334 0.7436107157407407
4 0.8091658270833334 0.7600341981481482 0.8052367520833333 0.7600626962962963 0.80527705 0.7736278138888889 0.8092464234375 0.7736848101851852 0.8091658270833334 0.7600341981481482
4 0.8091073947916667 0.7770532916666666 0.8051783197916667 0.7770817898148148 0.8052186177083333 0.7906469083333333 0.8091879911458334 0.7907039046296296 0.8091073947916667 0.7770532916666666
4 0.8236550473958334 0.7771729833333333 0.8174994963541666 0.7770789398148149 0.8175498692708333 0.7889712166666667 0.8237154947916667 0.7890567111111111 0.8236550473958334 0.7771729833333333
4 0.8236590770833333 0.7600142490740741 0.8174894218750001 0.7600740953703704 0.8175538989583334 0.7718124824074074 0.8237195244791666 0.7718979768518518 0.8236590770833333 0.7600142490740741
4 0.8236228088541666 0.7436563120370371 0.8174511385416667 0.7437161583333333 0.8175176302083333 0.7554545453703704 0.8236832562499999 0.7555400398148149 0.8236228088541666 0.7436563120370371
4 0.823727584375 0.7272071814814814 0.8175559135416666 0.7272670277777777 0.8176224057291667 0.7390054148148149 0.82378803125 0.7390909092592592 0.823727584375 0.7272071814814814
4 0.8236228088541666 0.7111057277777778 0.8174511385416667 0.711165574074074 0.8175176302083333 0.7229039611111111 0.8236832562499999 0.7229894555555556 0.8236228088541666 0.7111057277777778
4 0.8237618375 0.694804787962963 0.8175921822916667 0.6948646342592593 0.817656659375 0.7066030203703704 0.8238222848958333 0.7066885148148149 0.8237618375 0.694804787962963
4 0.823691315625 0.6786035907407407 0.8175216604166666 0.678663437037037 0.8175861375 0.690401824074074 0.8237517630208333 0.6904873185185185 0.823691315625 0.6786035907407407
4 0.8236570625 0.66230265 0.8174874067708333 0.6623624962962963 0.8175518838541667 0.6741008833333333 0.823717509375 0.6741863777777778 0.8236570625 0.66230265
4 0.823727584375 0.6461014537037038 0.8175559135416666 0.646161299074074 0.8176224057291667 0.657899686111111 0.82378803125 0.6579851805555555 0.823727584375 0.6461014537037038
4 0.8235825104166667 0.6296722712962963 0.8174128552083334 0.6297321175925926 0.8174773322916666 0.6414705046296296 0.8236429578125001 0.6415559990740741 0.8235825104166667 0.6296722712962963
4 0.8237557927083333 0.6134967231481482 0.8175861375 0.6135565685185185 0.8176506145833333 0.6252949555555555 0.8238162401041667 0.62538045 0.8237557927083333 0.6134967231481482
4 0.8236691515625 0.5972014814814816 0.8174994963541666 0.5972613277777777 0.8175639734375 0.6089997148148149 0.8237295989583333 0.6090852092592592 0.8236691515625 0.5972014814814816
4 0.8236691515625 0.5807808490740741 0.8174994963541666 0.5808406953703704 0.8175639734375 0.5925790824074074 0.8237295989583333 0.5926645768518519 0.8236691515625 0.5807808490740741
4 0.823409228125 0.5644827583333334 0.8172395729166666 0.5645426046296296 0.8173040500000001 0.5762809916666667 0.8234696755208333 0.5763664861111112 0.823409228125 0.5644827583333334
4 0.8236691515625 0.5481846675925927 0.8174994963541666 0.5482445138888888 0.8175639734375 0.5599829009259258 0.8237295989583333 0.5600683953703703 0.8236691515625 0.5481846675925927
4 0.8235825104166667 0.5320119694444445 0.8174128552083334 0.5320718157407407 0.8174773322916666 0.5438102027777778 0.8236429578125001 0.5438956972222222 0.8235825104166667 0.5320119694444445
4 0.8236691515625 0.5157138787037038 0.8174994963541666 0.515773725 0.8175639734375 0.5275121120370371 0.8237295989583333 0.5275976064814815 0.8236691515625 0.5157138787037038
4 0.7934313921875 0.5159019666666667 0.7877493453125 0.5159304648148147 0.7877493453125 0.5236249648148148 0.7934313921875 0.5235964666666667 0.7934313921875 0.5159019666666667
4 0.8038081807291667 0.613462525 0.7981261333333334 0.6134910231481481 0.7981261333333334 0.6211855231481481 0.8038081807291667 0.621157025 0.8038081807291667 0.613462525
4 0.8040459401041667 0.6300370472222222 0.7983638927083334 0.6300655453703703 0.7983638927083334 0.6377600453703703 0.8040459401041667 0.6377315472222223 0.8040459401041667 0.6300370472222222
4 0.8039069109375 0.6461812481481481 0.7982248640624999 0.6462097462962962 0.7982248640624999 0.6539042462962963 0.8039069109375 0.6538757481481481 0.8039069109375 0.6461812481481481
4 0.8038122104166666 0.6620889138888889 0.7981301630208333 0.6621174120370371 0.7981301630208333 0.669811912037037 0.8038122104166666 0.6697834138888888 0.8038122104166666 0.6620889138888889
4 0.8038605682291667 0.6785323453703703 0.7981785208333334 0.6785608435185185 0.7981785208333334 0.6862553435185185 0.8038605682291667 0.6862268453703704 0.8038605682291667 0.6785323453703703
4 0.8038122104166666 0.6949102305555556 0.7981301630208333 0.6949387287037037 0.7981301630208333 0.7026332287037037 0.8038122104166666 0.7026047305555556 0.8038122104166666 0.6949102305555556
4 0.80395526875 0.7110857796296296 0.798273221875 0.7111142777777778 0.798273221875 0.7188087777777779 0.80395526875 0.7187802796296296 0.80395526875 0.7110857796296296
4 0.80395526875 0.7273297231481481 0.798273221875 0.7273582212962962 0.798273221875 0.7350527212962963 0.80395526875 0.7350242231481481 0.80395526875 0.7273297231481481
4 0.8037658671875001 0.7434368768518519 0.7980838203125 0.743465375 0.7980838203125 0.751159875 0.8037658671875001 0.7511313768518519 0.8037658671875001 0.7434368768518519
4 0.8040479546875 0.7600170990740741 0.7983659078124999 0.7600455972222222 0.7983659078124999 0.7677400972222223 0.8040479546875 0.767711599074074 0.8040479546875 0.7600170990740741
4 0.8039069109375 0.7771273870370371 0.7982248640624999 0.7771558851851852 0.7982248640624999 0.7848503851851852 0.8039069109375 0.784821887037037 0.8039069109375 0.7771273870370371
4 0.8236207937500001 0.4792020518518519 0.8174511385416667 0.4792618981481481 0.817515615625 0.4910002851851852 0.8236812411458333 0.4910857796296297 0.8236207937500001 0.4792020518518519
4 0.8236207937500001 0.4629096611111111 0.8174511385416667 0.4629695074074074 0.817515615625 0.47470789444444444 0.8236812411458333 0.47479338888888895 0.8236207937500001 0.4629096611111111
4 0.8236872859375001 0.44685095462962965 0.8175176302083333 0.4469108009259259 0.8175821078125 0.45864918796296295 0.8237477333333333 0.4587346824074074 0.8236872859375001 0.44685095462962965
4 0.8235885552083333 0.4306497574074074 0.8174189 0.4307096037037037 0.8174833770833333 0.44244799074074076 0.8236490026041667 0.4425334851851852 0.8235885552083333 0.4306497574074074
4 0.8237195244791666 0.4141692787037037 0.8175498692708333 0.41422912500000003 0.8176143463541667 0.42596751203703703 0.823779971875 0.4260530064814815 0.8237195244791666 0.4141692787037037
4 0.8234575859375001 0.39806212592592594 0.8172879307291667 0.3981219722222222 0.8173524078125 0.40986035925925923 0.8235180333333333 0.4099458537037037 0.8234575859375001 0.39806212592592594
4 0.8236872859375001 0.3818609287037037 0.8175176302083333 0.38192077500000005 0.8175821078125 0.39365916203703705 0.8237477333333333 0.3937446564814815 0.8236872859375001 0.3818609287037037
4 0.8237195244791666 0.3656141351851852 0.8175498692708333 0.3656739814814815 0.8176143463541667 0.37741236851851856 0.823779971875 0.377497862962963 0.8237195244791666 0.3656141351851852
4 0.8237195244791666 0.3492761472222222 0.8175498692708333 0.3493359935185185 0.8176143463541667 0.3610743805555556 0.823779971875 0.36115987499999996 0.8237195244791666 0.3492761472222222
4 0.8236207937500001 0.33288971203703704 0.8174511385416667 0.33294955833333334 0.817515615625 0.3446879453703704 0.8236812411458333 0.34477343981481484 0.8236207937500001 0.33288971203703704
4 0.8236207937500001 0.31673696203703705 0.8174511385416667 0.31679680833333335 0.817515615625 0.3285351953703704 0.8236812411458333 0.32862068981481485 0.8236207937500001 0.31673696203703705
4 0.8237537781250001 0.3003505268518519 0.8175821078125 0.3004103731481481 0.8176485994791667 0.31214876018518517 0.8238142255208333 0.3122342546296296 0.8237537781250001 0.3003505268518519
4 0.8236530322916666 0.2841949277777778 0.8174833770833333 0.2842547731481482 0.8175478541666668 0.2959931601851852 0.8237134796875 0.2960786546296296 0.8236530322916666 0.2841949277777778
4 0.8236207937500001 0.2678084925925926 0.8174511385416667 0.2678683388888889 0.817515615625 0.2796067259259259 0.8236812411458333 0.27969222037037034 0.8236207937500001 0.2678084925925926
4 0.8237195244791666 0.2518409805555556 0.8175498692708333 0.25190082685185183 0.8176143463541667 0.2636392138888889 0.823779971875 0.26372470833333334 0.8237195244791666 0.2518409805555556
4 0.8236872859375001 0.23522371018518518 0.8175176302083333 0.2352835564814815 0.8175821078125 0.24702194351851853 0.8237477333333333 0.24710743796296297 0.8236872859375001 0.23522371018518518
4 0.8236550473958334 0.21920775185185185 0.8174853916666667 0.21926759722222222 0.8175498692708333 0.23100598425925925 0.8237154947916667 0.23109147870370372 0.8236550473958334 0.21920775185185185
4 0.8235885552083333 0.20300940462962963 0.8174189 0.20306925092592593 0.8174833770833333 0.21480763796296296 0.8236490026041667 0.21489313240740743 0.8235885552083333 0.20300940462962963
4 0.8237497479166667 0.18660872037037038 0.8175800927083333 0.18666856666666665 0.8176445697916667 0.1984069537037037 0.8238101953125 0.19849244814814815 0.8237497479166667 0.18660872037037038
4 0.8237497479166667 0.1704844685185185 0.8175800927083333 0.17054431481481483 0.8176445697916667 0.18228270185185186 0.8238101953125 0.1823681962962963 0.8237497479166667 0.1704844685185185
4 0.8236348984375 0.15377600462962962 0.8174652427083333 0.15383585092592592 0.8175297197916667 0.16557423796296297 0.8236953453125 0.1656597324074074 0.8236348984375 0.15377600462962962
4 0.8235804958333334 0.13772299814814815 0.8174108401041666 0.13778284444444444 0.8174753171875 0.1495212314814815 0.8236409432291667 0.14960672592592594 0.8235804958333334 0.13772299814814815
4 0.6975518838541667 0.7141863777777777 0.6905359661458333 0.7142091768518518 0.690572234375 0.7187546305555556 0.6975599437500001 0.7187745796296297 0.6975518838541667 0.7141863777777777
4 0.697594196875 0.7304958675925926 0.6905762645833333 0.7305186666666666 0.6906125328125 0.7350641203703704 0.6976022567708333 0.7350840694444445 0.697594196875 0.7304958675925926
4 0.6975115859375 0.7467483611111112 0.690493653125 0.7467683101851852 0.6905299213541666 0.7513137648148148 0.6975176302083334 0.7513365629629629 0.6975115859375 0.7467483611111112
4 0.6975518838541667 0.7631746935185185 0.6905359661458333 0.7631974925925926 0.690572234375 0.7677429462962962 0.6975599437500001 0.7677628953703705 0.6975518838541667 0.7631746935185185
4 0.6976365104166666 0.7799601027777777 0.6906185776041667 0.7799800509259259 0.6906548458333333 0.7845255055555556 0.6976445697916667 0.7845483046296297 0.6976365104166666 0.7799601027777777
4 0.6549969776041666 0.7800997435185185 0.6479810598958333 0.7801225416666666 0.648017328125 0.7846679962962962 0.6550050375 0.7846879453703703 0.6549969776041666 0.7800997435185185
4 0.6550816036458333 0.7632003416666666 0.6480636713541668 0.7632202907407407 0.6480999395833333 0.7677657453703703 0.6550896635416666 0.7677885435185186 0.6550816036458333 0.7632003416666666
4 0.6549969776041666 0.7465944712962963 0.6479810598958333 0.7466172694444444 0.648017328125 0.7511627240740741 0.6550050375 0.7511826731481481 0.6549969776041666 0.7465944712962963
4 0.6549969776041666 0.7302849814814815 0.6479790447916667 0.7303049305555556 0.648017328125 0.7348503851851852 0.6550050375 0.7348731833333334 0.6549969776041666 0.7302849814814815
4 0.6549989927083334 0.7140923342592593 0.6479810598958333 0.7141151324074073 0.648017328125 0.718660587037037 0.6550050375 0.7186805361111112 0.6549989927083334 0.7140923342592593
4 0.6549566796874999 0.6978426898148149 0.6479387468750001 0.6978654888888889 0.6479750151041667 0.7024080935185185 0.6549627239583333 0.7024308916666666 0.6549566796874999 0.6978426898148149
4 0.6549969776041666 0.6815901962962962 0.6479810598958333 0.6816129953703703 0.648017328125 0.68615845 0.6550050375 0.6861783981481482 0.6549969776041666 0.6815901962962962
4 0.6550816036458333 0.6654602453703703 0.6480636713541668 0.6654801935185185 0.6480999395833333 0.6700256481481481 0.6550876484375 0.6700484472222222 0.6550816036458333 0.6654602453703703
4 0.6549566796874999 0.6490310629629629 0.6479387468750001 0.6490538611111111 0.6479750151041667 0.6535993157407407 0.6549627239583333 0.6536192648148148 0.6549566796874999 0.6490310629629629
4 0.6549989927083334 0.6327814194444444 0.6479810598958333 0.6328013675925926 0.648017328125 0.6373468222222222 0.6550050375 0.6373696212962963 0.6549989927083334 0.6327814194444444
4 0.6549143661458333 0.6164120833333333 0.6478964338541666 0.6164320314814814 0.6479327020833333 0.620977486111111 0.6549224260416667 0.6210002851851851 0.6549143661458333 0.6164120833333333
4 0.6549546645833334 0.6002194361111111 0.6479387468750001 0.6002422342592593 0.6479750151041667 0.6047876888888889 0.6549627239583333 0.6048076379629629 0.6549546645833334 0.6002194361111111
4 0.6549546645833334 0.5838500999999999 0.6479387468750001 0.5838728981481481 0.6479750151041667 0.5884155027777778 0.6549627239583333 0.5884383018518519 0.6549546645833334 0.5838500999999999
4 0.6549566796874999 0.5676574518518519 0.6479387468750001 0.5676802509259259 0.6479750151041667 0.5722257055555556 0.6549647390625 0.5722456537037037 0.6549566796874999 0.5676574518518519
4 0.6548720531250001 0.551347962037037 0.6478541203125 0.551370761111111 0.6478924036458333 0.5559162157407407 0.6548801130208334 0.5559361638888889 0.6548720531250001 0.551347962037037
4 0.6549143661458333 0.5351581648148148 0.6478964338541666 0.5351781129629629 0.6479327020833333 0.5397235675925925 0.6549204109375 0.5397463666666666 0.6549143661458333 0.5351581648148148
4 0.6550816036458333 0.518845825 0.6480636713541668 0.5188686231481482 0.6480999395833333 0.5234140777777777 0.6550876484375 0.5234340268518519 0.6550816036458333 0.518845825
4 0.6549808583333333 0.4823909944444444 0.6479629255208333 0.4824137935185185 0.6479991942708333 0.4869592472222222 0.6549889182291667 0.4869791962962963 0.6549808583333333 0.4823909944444444
4 0.6565585333333334 0.4969222 0.6481422526041667 0.49687090370370374 0.6480757604166667 0.5114562555555555 0.65659883125 0.5113137648148148 0.6565585333333334 0.4969222
4 0.6550594401041666 0.46617839814814815 0.6480415072916668 0.4661983472222222 0.6480777755208333 0.47074380185185183 0.6550674994791666 0.47076660000000004 0.6550594401041666 0.46617839814814815
4 0.6549103364583334 0.45007979444444446 0.6478924036458333 0.4501025935185185 0.6479286723958333 0.4546480481481482 0.6549163812500001 0.4546679962962963 0.6549103364583334 0.45007979444444446
4 0.6550090671875 0.4336990592592593 0.647991134375 0.4337218583333333 0.6480274026041666 0.43826731296296295 0.6550171265625 0.4382872611111111 0.6550090671875 0.4336990592592593
4 0.6550594401041666 0.4172470787037037 0.6480415072916668 0.4172698777777778 0.6480777755208333 0.42181533240740743 0.6550674994791666 0.4218352805555556 0.6550594401041666 0.4172470787037037
4 0.6550594401041666 0.401151325 0.6480415072916668 0.40117127407407405 0.6480777755208333 0.4057167287037037 0.6550674994791666 0.40573952685185183 0.6550594401041666 0.401151325
4 0.6550090671875 0.3846993444444445 0.647991134375 0.3847192935185185 0.6480274026041666 0.38926474814814815 0.6550171265625 0.3892875462962963 0.6550090671875 0.3846993444444445
4 0.6550090671875 0.36838985462962964 0.647991134375 0.3684098037037037 0.6480274026041666 0.3729552583333333 0.6550171265625 0.37297805648148147 0.6550090671875 0.36838985462962964
4 0.6549607093750001 0.35222000555555555 0.6479427765625 0.35224280462962965 0.6479790447916667 0.35678825833333333 0.6549667541666667 0.35680820740740743 0.6549607093750001 0.35222000555555555
4 0.6550090671875 0.33612425185185185 0.647991134375 0.33614705 0.6480274026041666 0.34069250462962963 0.6550171265625 0.3407124537037037 0.6550090671875 0.33612425185185185
4 0.6550594401041666 0.31974351666666667 0.6480415072916668 0.3197634657407407 0.6480777755208333 0.32430892037037035 0.6550674994791666 0.3243317185185185 0.6550594401041666 0.31974351666666667
4 0.6704976828125001 0.5483186092592592 0.6651863791666667 0.5482958111111111 0.6652387666666667 0.5559276148148149 0.6705581302083333 0.5559276148148149 0.6704976828125001 0.5483186092592592
4 0.6705399958333333 0.5646879453703704 0.6652286921874999 0.5646651472222222 0.6652810802083333 0.5722969509259259 0.6706004432291667 0.5722969509259259 0.6705399958333333 0.5646879453703704
4 0.6704553697916666 0.5808777425925926 0.6651460812500001 0.5808549444444445 0.6651964536458334 0.5884867481481482 0.6705158171875 0.5884867481481482 0.6704553697916666 0.5808777425925926
4 0.6705399958333333 0.5973667712962963 0.6652286921874999 0.5973439722222222 0.6652810802083333 0.6049757768518518 0.6706004432291667 0.6049757768518518 0.6705399958333333 0.5973667712962963
4 0.6704553697916666 0.6137361074074075 0.6651440661458333 0.6137133083333334 0.6651964536458334 0.621345112962963 0.6705158171875 0.621345112962963 0.6704553697916666 0.6137361074074075
4 0.6705802942708333 0.6299857509259259 0.6652710052083334 0.6299629527777778 0.665321378125 0.6375947564814816 0.6706407416666667 0.6375947564814816 0.6705802942708333 0.6299857509259259
4 0.6704130567708333 0.6460587064814814 0.6651017531250001 0.6460359074074075 0.665154140625 0.6536677120370371 0.6704735041666667 0.6536677120370371 0.6704130567708333 0.6460587064814814
4 0.6704553697916666 0.6624280425925926 0.6651460812500001 0.6624052435185185 0.6651964536458334 0.6700370472222222 0.6705158171875 0.6700370472222222 0.6704553697916666 0.6624280425925926
4 0.6704553697916666 0.6785009972222222 0.6651440661458333 0.678478199074074 0.6651964536458334 0.6861100027777778 0.6705158171875 0.6861100027777778 0.6704553697916666 0.6785009972222222
4 0.6704976828125001 0.6949301796296297 0.6651863791666667 0.6949073814814815 0.6652387666666667 0.7025391851851851 0.6705581302083333 0.7025391851851851 0.6704976828125001 0.6949301796296297
4 0.6704553697916666 0.7111798231481481 0.6651440661458333 0.711157025 0.6651964536458334 0.7187888287037036 0.6705158171875 0.7187888287037036 0.6704553697916666 0.7111798231481481
4 0.6704130567708333 0.7273724703703703 0.6651037677083332 0.7273496722222222 0.665154140625 0.7349814759259259 0.6704735041666667 0.7349814759259259 0.6704130567708333 0.7273724703703703
4 0.6704976828125001 0.7436249648148148 0.6651863791666667 0.7436021657407407 0.6652387666666667 0.7512339694444444 0.6705581302083333 0.7512339694444444 0.6704976828125001 0.7436249648148148
4 0.6704130567708333 0.7601111425925926 0.6651037677083332 0.7600883444444444 0.665154140625 0.7677201481481482 0.6704735041666667 0.7677201481481482 0.6704130567708333 0.7601111425925926
4 0.6704553697916666 0.7771273870370371 0.6651440661458333 0.777104587962963 0.6651964536458334 0.7847363925925926 0.6705158171875 0.7847363925925926 0.6704553697916666 0.7771273870370371
4 0.6803727583333333 0.7771501851851852 0.6750614546875 0.7771273870370371 0.6751138421875 0.7847591907407407 0.6804332057291667 0.7847591907407407 0.6803727583333333 0.7771501851851852
4 0.6803727583333333 0.7600740953703704 0.6750614546875 0.7600512962962963 0.6751138421875 0.767683100925926 0.6804332057291667 0.767683100925926 0.6803727583333333 0.7600740953703704
4 0.6803727583333333 0.7435850666666667 0.6750614546875 0.7435622685185185 0.6751138421875 0.7511940722222222 0.6804332057291667 0.7511940722222222 0.6803727583333333 0.7435850666666667
4 0.6802881322916666 0.7272157305555556 0.6749788432291666 0.7271929324074075 0.6750292161458333 0.7348247361111111 0.6803485796875001 0.7348247361111111 0.6802881322916666 0.7272157305555556
4 0.6802881322916666 0.7110829296296296 0.6749788432291666 0.7110601314814815 0.6750292161458333 0.7186919351851851 0.6803485796875001 0.7186919351851851 0.6802881322916666 0.7110829296296296
4 0.680290146875 0.6947734398148149 0.6749788432291666 0.6947506416666667 0.67503123125 0.7023824453703703 0.6803505942708333 0.7023824453703703 0.680290146875 0.6947734398148149
4 0.6803304453125 0.67846395 0.6750211567708334 0.6784411509259259 0.6750715291666667 0.6860729555555556 0.6803908927083333 0.6860729555555556 0.6803304453125 0.67846395
4 0.6802881322916666 0.6623909944444445 0.6749788432291666 0.6623681962962963 0.6750292161458333 0.67 0.6803485796875001 0.67 0.6802881322916666 0.6623909944444445
4 0.6802458192708334 0.6461385009259258 0.6749365302083333 0.6461185518518519 0.674986903125 0.6537475064814815 0.6803062661458333 0.6537475064814815 0.6802458192708334 0.6461385009259258
4 0.6803727583333333 0.6297720148148148 0.6750614546875 0.6297492166666666 0.6751138421875 0.6373810203703704 0.6804332057291667 0.6373810203703704 0.6803727583333333 0.6297720148148148
4 0.6802458192708334 0.6137560555555556 0.6749365302083333 0.6137332574074074 0.674986903125 0.6213650611111111 0.6803062661458333 0.6213650611111111 0.6802458192708334 0.6137560555555556
4 0.6802881322916666 0.5973297231481481 0.6749788432291666 0.597306925 0.6750292161458333 0.6049387287037037 0.6803485796875001 0.6049387287037037 0.6802881322916666 0.5973297231481481
4 0.6803727583333333 0.5808406953703704 0.6750614546875 0.5808178972222222 0.6751138421875 0.5884497009259259 0.6804332057291667 0.5884497009259259 0.6803727583333333 0.5808406953703704
4 0.6803727583333333 0.5645910518518519 0.6750614546875 0.5645682527777778 0.6751138421875 0.5722000574074073 0.6804332057291667 0.5722000574074073 0.6803727583333333 0.5645910518518519
4 0.6803304453125 0.5483984037037036 0.6750191416666667 0.5483756055555555 0.6750715291666667 0.5560074092592593 0.6803908927083333 0.5560074092592593 0.6803304453125 0.5483984037037036
4 0.6802881322916666 0.5322656027777778 0.6749788432291666 0.5322428046296296 0.6750292161458333 0.5398746083333333 0.6803485796875001 0.5398746083333333 0.6802881322916666 0.5322656027777778
4 0.6802881322916666 0.5158962666666667 0.6749788432291666 0.5158734685185185 0.6750292161458333 0.5235052722222222 0.6803485796875001 0.5235052722222222 0.6802881322916666 0.5158962666666667
4 0.680334475 0.479432887037037 0.6750231713541667 0.4794100879629629 0.675075559375 0.48704189259259256 0.6803949223958334 0.48704189259259256 0.680334475 0.479432887037037
4 0.6803223854166667 0.46311199814814813 0.6750110817708334 0.46308919907407403 0.6750634697916666 0.4707210027777778 0.6803828328125 0.4707210027777778 0.6803223854166667 0.46311199814814813
4 0.6803505942708333 0.4469421490740741 0.675039290625 0.44691935 0.6750916786458333 0.45455115462962964 0.6804110416666667 0.45455115462962964 0.6803505942708333 0.4469421490740741
4 0.6803505942708333 0.4305300657407407 0.675039290625 0.43050726666666667 0.6750916786458333 0.4381390712962963 0.6804110416666667 0.4381390712962963 0.6803505942708333 0.4305300657407407
4 0.6804372354166667 0.4144428611111111 0.6751259317708332 0.41442006296296297 0.6751783197916666 0.42205186666666666 0.6804976828125 0.42205186666666666 0.6804372354166667 0.4144428611111111
4 0.6803203708333334 0.3981903675925926 0.6750110817708334 0.3981675694444445 0.6750614546875 0.4057993731481482 0.6803808182291667 0.4057993731481482 0.6803203708333334 0.3981903675925926
4 0.680378803125 0.3819407240740741 0.6750695145833333 0.381917925 0.6751198869791666 0.38954972962962964 0.6804392505208334 0.38954972962962964 0.680378803125 0.3819407240740741
4 0.6804090265625 0.36560843518518515 0.6750977229166666 0.36558563703703706 0.6751501109375 0.37321744074074076 0.6804694739583332 0.37321744074074076 0.6804090265625 0.36560843518518515
4 0.680378803125 0.34935594166666667 0.6750695145833333 0.3493331435185185 0.6751198869791666 0.3569649472222223 0.6804392505208334 0.3569649472222223 0.680378803125 0.34935594166666667
4 0.6804090265625 0.3328612138888889 0.6750977229166666 0.33283841574074075 0.6751501109375 0.34047021944444444 0.6804694739583332 0.34047021944444444 0.6804090265625 0.3328612138888889
4 0.6802921619791668 0.3166913648148148 0.6749828734375 0.31666856666666665 0.6750332458333334 0.32430037037037035 0.680352609375 0.32430037037037035 0.6802921619791668 0.3166913648148148
4 0.6803505942708333 0.30027643240740737 0.675039290625 0.3002536333333334 0.6750916786458333 0.307885437037037 0.6804110416666667 0.307885437037037 0.6803505942708333 0.30027643240740737
4 0.6802619385416667 0.2841493305555556 0.6749526494791667 0.2841265314814815 0.6750030223958333 0.29175833611111107 0.6803223854166667 0.29175833611111107 0.6802619385416667 0.2841493305555556
4 0.6803203708333334 0.26789683703703704 0.6750110817708334 0.267874037962963 0.6750614546875 0.2755058416666667 0.6803808182291667 0.2755058416666667 0.6803203708333334 0.26789683703703704
4 0.6804372354166667 0.25172983796296294 0.6751259317708332 0.25170703888888885 0.6751783197916666 0.2593388425925926 0.6804976828125 0.2593388425925926 0.6804372354166667 0.25172983796296294
4 0.680219625 0.2353462527777778 0.6749103364583333 0.2353234537037037 0.674960709375 0.24295525833333334 0.6802800723958333 0.24295525833333334 0.680219625 0.2353462527777778
4 0.6803203708333334 0.2191792537037037 0.6750090671875 0.21915645462962963 0.6750614546875 0.22678825833333333 0.6803808182291667 0.22678825833333333 0.6803203708333334 0.2191792537037037
4 0.6803707437500001 0.2028697638888889 0.6750594401041667 0.20284696481481482 0.6751118276041667 0.21047876851851852 0.680431190625 0.21047876851851852 0.6803707437500001 0.2028697638888889
4 0.6804211161458333 0.18662866944444445 0.6751098125 0.18660587037037035 0.6751622005208334 0.194237675 0.6804815635416667 0.194237675 0.6804211161458333 0.18662866944444445
4 0.6804211161458333 0.17053291574074073 0.6751098125 0.17051011666666666 0.6751622005208334 0.17814192037037035 0.6804815635416667 0.17814192037037035 0.6804211161458333 0.17053291574074073
4 0.6802699979166668 0.15393844444444446 0.674960709375 0.15391564537037036 0.6750110817708334 0.1615474490740741 0.6803304453125 0.1615474490740741 0.6802699979166668 0.15393844444444446
4 0.6803707437500001 0.13777144444444445 0.6750594401041667 0.1377486462962963 0.6751118276041667 0.14538045 0.680431190625 0.14538045 0.6803707437500001 0.13777144444444445
4 0.6549466046875001 0.12009119444444444 0.6480959098958333 0.11999145092592592 0.6480757604166667 0.1322599027777778 0.6550473505208333 0.13214591018518518 0.6549466046875001 0.12009119444444444
4 0.6704614145833333 0.12006269629629629 0.6651601854166667 0.12003134814814816 0.6651400364583334 0.13229980092592591 0.6705823088541667 0.13231689907407407 0.6704614145833333 0.12006269629629629
4 0.7257304052083333 0.13756055833333333 0.7221740880208334 0.1376346537037037 0.7222446098958333 0.1441721287037037 0.7257505541666667 0.14414363055555554 0.7257304052083333 0.13756055833333333
4 0.7257324197916667 0.15391849537037036 0.7221761031249999 0.15399259074074073 0.7221237156250001 0.16058706203703701 0.725770703125 0.16058706203703701 0.7257324197916667 0.15391849537037036
4 0.7257364494791666 0.1704445712962963 0.7221801328125 0.17051866666666665 0.7222506546874999 0.17705614166666667 0.7257565989583333 0.17702764351851852 0.7257364494791666 0.1704445712962963
4 0.7256498083333334 0.1866571675925926 0.7220934916666667 0.18673126203703702 0.7221640135416667 0.19326873796296296 0.7256699578125 0.1932402398148148 0.7256498083333334 0.1866571675925926
4 0.7257787630208333 0.20279566851851852 0.7222224463541667 0.2028697638888889 0.7222929677083333 0.2094072388888889 0.7257989119791667 0.20937874074074075 0.7257787630208333 0.20279566851851852
4 0.725744509375 0.7600997435185185 0.7221861776041667 0.7601738388888889 0.7222587145833333 0.7667113138888889 0.7257646583333333 0.7666828157407407 0.725744509375 0.7600997435185185
4 0.7257082411458333 0.7771872324074074 0.7221519244791667 0.7772613277777778 0.7222224463541667 0.7837988027777778 0.7257283901041667 0.7837703046296297 0.7257082411458333 0.7771872324074074
4 0.6986500098958334 0.8080364777777778 0.6757928671875 0.8081191222222222 0.6759016723958333 0.8237104592592592 0.6987104572916666 0.823681961111111 0.6986500098958334 0.8080364777777778
4 0.8212170057291667 0.8082929611111112 0.7980415072916667 0.8083300083333333 0.7980253880208333 0.8234254777777779 0.8211565583333333 0.8233969796296297 0.8212170057291667 0.8082929611111112
2 0.70468668125 0.83999715 0.6759278661458333 0.83999715 0.6758089864583333 0.8681647194444444 0.7048075760416667 0.8681647194444444 0.70468668125 0.83999715
2 0.821136409375 0.8402564833333334 0.8024340114583333 0.840185237962963 0.8023836390625 0.8608919916666666 0.8212351401041666 0.860749500925926 0.821136409375 0.8402564833333334