3 0.2845436229166667 0.509635224074074 0.2862804755208333 0.5096665712962962 0.28625629635416666 0.45760615555555556 0.31031835572916666 0.4575149611111111 0.31031835572916666 0.45530920462962965 0.27329437864583334 0.45538615 0.2732540802083333 0.4576232546296296 0.284563771875 0.4575320601851852 0.2845436229166667 0.509635224074074
3 0.31009067083333336 0.3661128527777778 0.308105984375 0.3661128527777778 0.3080979244791667 0.40827586203703703 0.2755813015625 0.4083357083333333 0.2756175697916667 0.3886976342592593 0.2733588557291667 0.3886805361111111 0.27321781197916667 0.4115446 0.3102619385416666 0.4113194638888889 0.31009067083333336 0.3661128527777778
3 0.34617368541666665 0.48527500740740737 0.36198065677083335 0.48526645740740737 0.37136207916666664 0.48527500740740737 0.371366109375 0.4823710462962963 0.3619947614583333 0.4823510972222222 0.3619302838541667 0.45027358240740745 0.3473241989583334 0.45019378703703705 0.34732621406249997 0.45318894259259257 0.36006850677083335 0.4530977490740741 0.35997179114583333 0.4819464231481481 0.34389683645833335 0.4820661157407407 0.343894821875 0.5193958388888888 0.34612734218749996 0.5193929898148149 0.34617368541666665 0.48527500740740737
3 0.32313318541666664 0.6204502703703704 0.3249727989583333 0.6204331722222222 0.3249063067708333 0.5358221712962963 0.29070320364583335 0.5358050722222223 0.29071126354166665 0.5406583074074074 0.32314325989583337 0.5405927611111111 0.32313318541666664 0.6204502703703704
3 0.27700584322916666 0.535571387962963 0.27332863177083333 0.535571387962963 0.27360668958333334 0.6207836990740742 0.2768043520833333 0.6207836990740742 0.27700584322916666 0.535571387962963
3 0.19734233333333334 0.6330379027777777 0.197348378125 0.6045283555555555 0.19062260729166666 0.6045027074074074 0.190608503125 0.609635224074074 0.1952548859375 0.609635224074074 0.195242796875 0.6330578509259259 0.19734233333333334 0.6330379027777777
3 0.19588353802083333 0.5099943 0.19960507760416668 0.5099943 0.19979649427083332 0.39406953518518517 0.19940560156249998 0.3940524370370371 0.19937940781250002 0.36579367314814815 0.19734233333333334 0.3658307212962963 0.197322184375 0.39405528611111107 0.19593391093749998 0.394032487962963 0.19589562760416665 0.45554003981481483 0.188942171875 0.45550299259259264 0.1889905296875 0.36590481574074074 0.186862784375 0.36590481574074074 0.1869071125 0.45831860925925927 0.1958915979166667 0.458278712037037 0.19588353802083333 0.5099943
3 0.140211565625 0.4420518666666667 0.13608301406249998 0.4420518666666667 0.136026596875 0.504038187962963 0.13752166041666666 0.5040666861111112 0.1374491234375 0.4647420916666667 0.15557928697916665 0.46471074351851854 0.15557928697916665 0.46356796851851856 0.13743300416666668 0.46355371944444446 0.13738263125 0.4444428611111111 0.14197058229166667 0.4444599601851852 0.14198065677083335 0.4282302648148148 0.16562764479166667 0.42820746666666665 0.1656699578125 0.4668652037037037 0.16752569010416665 0.4668851527777778 0.16748740677083335 0.4252807064814815 0.1436671369791667 0.42543174722222227 0.14365504739583335 0.36569962962962965 0.14157968958333333 0.3656625814814815 0.14150312291666667 0.42560843518518515 0.14021761041666667 0.42560843518518515 0.140211565625 0.4420518666666667
3 0.3139069109375 0.6243089203703704 0.3139069109375 0.6296067259259259 0.3289139635416667 0.6295696777777777 0.3289139635416667 0.6243260185185185 0.3139069109375 0.6243089203703704
3 0.33674390468750004 0.455574237962963 0.3367096515625 0.45791678518518514 0.3454785411458333 0.45782559166666664 0.3454221239583333 0.4502165861111111 0.3619302838541667 0.45027358240740745 0.3619947614583333 0.4823510972222222 0.371366109375 0.4823710462962963 0.3713137213541666 0.5354915925925926 0.3437316140625 0.5354744944444444 0.34370139010416667 0.5408463953703704 0.3709187989583333 0.5407409518518519 0.37087044114583334 0.6243687657407407 0.3518819260416667 0.6243260185185185 0.35186782187500004 0.6295497296296296 0.37294378385416666 0.6295696777777777 0.3728793067708333 0.4809119407407408 0.36367922604166664 0.4808948416666667 0.3635744510416667 0.4487033342592593 0.3453959296875 0.448649187962963 0.34505742500000003 0.387295525925926 0.3420552083333333 0.3873154740740741 0.3418738666666667 0.45272442314814815 0.3346645171875 0.45272442314814815 0.3346987708333333 0.45552864074074073 0.33674390468750004 0.455574237962963
3 0.31719524479166666 0.5076745509259258 0.3113358854166667 0.5076574518518518 0.31121700572916666 0.46029638055555555 0.30918799114583334 0.46028213148148145 0.30914366302083335 0.5096694212962963 0.31720733437500004 0.5096494731481481 0.31719524479166666 0.5076745509259258
3 0.3708563369791667 0.5037817046296297 0.35600644791666664 0.5037674555555556 0.3559963729166667 0.5050071240740741 0.3708563369791667 0.5050356222222223 0.3708563369791667 0.5037817046296297
3 0.19961112239583334 0.5314705046296296 0.19587547864583332 0.5314249074074074 0.1958936125 0.6014762037037037 0.19962724166666668 0.6014762037037037 0.19961112239583334 0.5314705046296296
3 0.16750957083333334 0.4831832435185185 0.16560548072916664 0.48320034166666664 0.16568406197916669 0.5040210888888889 0.16758009270833335 0.504023938888889 0.16750957083333334 0.4831832435185185
3 0.21148297395833332 0.3574351666666667 0.17654845833333335 0.35739526944444444 0.17657465260416666 0.3627187231481481 0.21145073541666667 0.3627472212962963 0.21148297395833332 0.3574351666666667
3 0.20584726979166668 0.6330350527777778 0.19037275833333334 0.6330322027777777 0.19033447499999998 0.6382074666666666 0.20585129947916667 0.6382445138888889 0.20584726979166668 0.6330350527777778
3 0.13980455364583333 0.6382616129629629 0.13981059843750002 0.6329723564814814 0.13610316354166668 0.6329723564814814 0.13606085052083333 0.6097093185185186 0.16283900885416666 0.6096893703703704 0.16283900885416666 0.60461385 0.13610316354166668 0.6048076379629629 0.13606488020833335 0.5092818462962964 0.16778964322916667 0.5092277 0.16778964322916667 0.504038187962963 0.136026596875 0.504038187962963 0.13603465625 0.3625819324074074 0.15345557135416668 0.36261612962962964 0.15341728802083335 0.3574266175925926 0.1323574453125 0.3575349101851852 0.13228893802083333 0.6382616129629629 0.13980455364583333 0.6382616129629629
3 0.2755369734375 0.36567968055555555 0.2730586338541666 0.36568253055555555 0.27304654427083336 0.3692989453703704 0.27556518229166665 0.36931319444444444 0.2755369734375 0.36567968055555555
3 0.8116260328125 0.4435166712962963 0.8116683458333332 0.4770247935185185 0.8138021359375001 0.4770247935185185 0.813858553125 0.4435309203703704 0.8116260328125 0.4435166712962963
3 0.7816804354166667 0.4275377601851852 0.7857404796874999 0.4275377601851852 0.78570018125 0.42532060370370367 0.7875921822916666 0.4252664574074074 0.7875700182291666 0.42215731018518515 0.7857666734375001 0.422125962037037 0.7856699578125 0.3218808777777778 0.7693733630208333 0.3218039324074074 0.7693431390625 0.3272413796296296 0.7815756598958333 0.32735822129629627 0.7816804354166667 0.4275377601851852
3 0.6309550677083333 0.5803733259259259 0.6287628453124999 0.5803362777777779 0.6287144869791667 0.588261612962963 0.6247874270833333 0.5882986601851853 0.6248156359375 0.5936135648148149 0.6320169250000001 0.593653462962963 0.6319746119791667 0.5882901111111112 0.63098730625 0.588261612962963 0.6309550677083333 0.5803733259259259
3 0.6664315937499999 0.5936107157407408 0.66992141875 0.593650612962963 0.6698952244791666 0.5882530638888889 0.6607475317708332 0.5882530638888889 0.6607213380208333 0.593650612962963 0.6625609510416666 0.593650612962963 0.6625609510416666 0.610988886111111 0.6699758208333333 0.610988886111111 0.6699758208333333 0.6057081787037037 0.6664577875000001 0.6056682814814816 0.6664315937499999 0.5936107157407408
3 0.6057767479166666 0.56538045 0.6323634895833333 0.5653548018518518 0.6322849083333334 0.5597064694444445 0.6057384645833334 0.5597064694444445 0.605796896875 0.46438586481481486 0.6374853916666667 0.4643459675925926 0.6374853916666667 0.4591621546296296 0.6057868223958334 0.4590396120370371 0.6057727182291667 0.3531376462962963 0.6336772114583333 0.3531974925925926 0.6336772114583333 0.3477942435185185 0.6024037880208333 0.34770874907407406 0.6023997583333334 0.5935651185185186 0.6095123916666666 0.5936734111111112 0.6094761234374999 0.588261612962963 0.6057827927083334 0.588281562037037 0.6057767479166666 0.56538045
3 0.6792847067708333 0.3272869759259259 0.71649405625 0.3273496722222222 0.7165162197916667 0.3217668851851852 0.675383840625 0.3217668851851852 0.6753153333333334 0.3477315472222222 0.6566209953125 0.34776289537037036 0.65659883125 0.35315189537037034 0.6792403786458333 0.3530891990740741 0.6792847067708333 0.3272869759259259
3 0.7458291354166667 0.5883243092592593 0.7423090875 0.5883157592592593 0.7422828932291666 0.5936363638888889 0.7458009270833333 0.5936363638888889 0.7458009270833333 0.6057281277777777 0.74233528125 0.6057281277777777 0.7423634895833333 0.6109347388888889 0.7495889583333334 0.6110487314814815 0.7495889583333334 0.5881618694444445 0.7600060447916667 0.5881248222222222 0.7599637317708333 0.5827614703703704 0.7458210760416667 0.582695925 0.7458291354166667 0.5883243092592593
2 0.6287688895833334 0.5654117981481481 0.6287628453124999 0.5803362777777779 0.6410618578125 0.5806241092592592 0.6408140239583333 0.5652522083333333 0.6287688895833334 0.5654117981481481
4 0.6247874270833333 0.5882986601851853 0.6094761234374999 0.588261612962963 0.6095123916666666 0.5936734111111112 0.6248156359375 0.5936135648148149 0.6247874270833333 0.5882986601851853
4 0.6323634895833333 0.5653548018518518 0.66052790625 0.5650299231481481 0.6604110416666666 0.555389 0.6322667739583333 0.555389 0.6323634895833333 0.5653548018518518
2 0.7680253880208333 0.4640837842592593 0.7582530729166667 0.46405528611111113 0.7581724765625 0.4710002851851852 0.7679871046875 0.47099173518518517 0.7680253880208333 0.4640837842592593
2 0.6376687489583334 0.44072955277777776 0.6376425546875001 0.4234910231481481 0.6240681041666666 0.42370760925925927 0.6239270604166667 0.4408406953703704 0.6376687489583334 0.44072955277777776
3 0.6372899458333333 0.45913365648148147 0.6372113640625 0.44072955277777776 0.6353334677083333 0.4407181537037037 0.6352931692708333 0.4591137074074074 0.6372899458333333 0.45913365648148147
2 0.6693632885416666 0.48730122499999995 0.6693411244791666 0.46461670000000005 0.6511968567708333 0.46470789444444444 0.6510336489583334 0.4872128814814815 0.6693632885416666 0.48730122499999995
2 0.7606125328125 0.49394414351851845 0.7467156963541667 0.49398119166666665 0.7467418901041667 0.5177543462962964 0.7605359661458333 0.5178284407407407 0.7606125328125 0.49394414351851845
2 0.8084424744791666 0.49396124259259266 0.794616159375 0.4939498435185185 0.7946705619791667 0.517677400925926 0.8085714286458334 0.5177543462962964 0.8084424744791666 0.49396124259259266
3 0.7700987307291667 0.4140951842592593 0.7429760223958334 0.414029637962963 0.7429437838541666 0.419412937962963 0.743241990625 0.4193901398148148 0.7431311708333334 0.46705329166666665 0.7450272010416668 0.46707608981481485 0.7450110817708333 0.4195668277777778 0.7681100140625 0.41958962685185186 0.7680475520833333 0.46701054444444445 0.7699254484375 0.46701054444444445 0.76997380625 0.4191678537037037 0.7805440260416667 0.4192134509259259 0.7805117869791667 0.4144514111111111 0.7700987307291667 0.4144514111111111 0.7700987307291667 0.4140951842592593
4 0.6607475317708332 0.5882530638888889 0.6319746119791667 0.5882901111111112 0.6320310296875 0.5936705611111112 0.6607273828125 0.5936135648148149 0.6607475317708332 0.5882530638888889
3 0.6690368729166667 0.35612710185185187 0.6656860770833333 0.3560387574074074 0.6656961515625 0.38442576203703704 0.6654765260416667 0.38444856111111114 0.6655369734375001 0.46463949814814814 0.6693411244791666 0.46461670000000005 0.669365303125 0.384411512962963 0.6690852307291667 0.38439156481481485 0.6690368729166667 0.35612710185185187
3 0.753999596875 0.3218466796296296 0.7349445901041667 0.3218466796296296 0.7349405598958333 0.32730977499999997 0.7539310901041667 0.3273639212962963 0.753999596875 0.3218466796296296
4 0.7423050572916666 0.5842547731481481 0.6699153739583333 0.5842918212962963 0.66992141875 0.593650612962963 0.7422828932291666 0.5936363638888889 0.7423050572916666 0.5842547731481481
3 0.6224783395833333 0.3560473064814815 0.6203505942708334 0.3561214018518518 0.6204130567708332 0.40019663703703706 0.6057908520833333 0.40024223425925926 0.6057868223958334 0.4590396120370371 0.6070582307291666 0.459048162037037 0.607092484375 0.4029125111111111 0.6352790651041667 0.4029581074074074 0.6353213781249999 0.42346822500000003 0.6372637515625 0.42344542592592593 0.6372375578124999 0.4000227981481482 0.6225307276041666 0.4000398972222222 0.6224783395833333 0.3560473064814815
2 0.7875921822916666 0.4252664574074074 0.8043320572916667 0.42520661111111113 0.8040076567708333 0.39964092314814814 0.7876083015625 0.39948988333333335 0.7875921822916666 0.4252664574074074
2 0.8116683458333332 0.4770247935185185 0.8116401369791666 0.4940894842592592 0.8250251864583333 0.4939270444444444 0.8250251864583333 0.4771957824074074 0.8116683458333332 0.4770247935185185
3 0.7946483979166667 0.5797520657407408 0.7946363088541666 0.49454260462962957 0.760660890625 0.4944799092592593 0.7606810395833333 0.49905101203703706 0.7927745317708333 0.4991393555555556 0.7927684869791667 0.579806212962963 0.7946483979166667 0.5797520657407408
3 0.7466995770833333 0.49420062685185184 0.74295184375 0.4941322314814815 0.7429115453125 0.5513764601851852 0.7432278864583334 0.5513764601851852 0.7431533348958334 0.5796779712962963 0.7464678619791666 0.5797150185185185 0.7464456979166666 0.5514477055555556 0.7467821880208334 0.5514477055555556 0.7466995770833333 0.49420062685185184
3 0.6649063067708333 0.588250213888889 0.6671166635416667 0.5882046166666667 0.6671368125 0.5598375601851852 0.6604956677083333 0.5598261611111112 0.66052790625 0.5650299231481481 0.664924440625 0.5651154175925927 0.6649063067708333 0.588250213888889
3 0.7840519848958334 0.5881219722222223 0.7982752369791667 0.5881134222222223 0.7982752369791667 0.5827614703703704 0.7840822083333333 0.5827386722222222 0.7840519848958334 0.5881219722222223
3 0.8116139432291667 0.42749501296296294 0.8116260328125 0.4435166712962963 0.8405319364583334 0.4434055287037037 0.8407152932291667 0.4938501 0.8116401369791666 0.4940894842592592 0.8116401369791666 0.4994984324074074 0.840519846875 0.4995354805555556 0.8405702197916667 0.5827614703703704 0.8219363286458333 0.5827614703703704 0.82205319375 0.5881305212962963 0.8444731010416666 0.5881875175925926 0.8445778760416667 0.4381818185185185 0.8151501109375 0.4381276712962963 0.8152407817708334 0.42216300925925926 0.8043320572916667 0.42216300925925926 0.8043320572916667 0.42520661111111113 0.8063147291666667 0.4252807064814815 0.8063147291666667 0.4274408666666667 0.8116139432291667 0.42749501296296294
4 0.7600060447916667 0.5881248222222222 0.7840519848958334 0.5881219722222223 0.7840580291666667 0.5787090342592592 0.7600282088541667 0.5786178398148148 0.7600060447916667 0.5881248222222222
4 0.7983014307291667 0.588076375 0.8219887166666666 0.5881504703703704 0.8219222244791666 0.5787090342592592 0.7983014307291667 0.5787175833333333 0.7983014307291667 0.588076375
4 0.7693733630208333 0.3218039324074074 0.753999596875 0.3218466796296296 0.7539290750000001 0.331154175 0.7693048557291667 0.33123396944444444 0.7693733630208333 0.3218039324074074
4 0.7349445901041667 0.3218466796296296 0.7165162197916667 0.3217668851851852 0.7164880114583333 0.3314847537037037 0.7349123515625 0.3314847537037037 0.7349445901041667 0.3218466796296296
4 0.6566209953125 0.34776289537037036 0.6336772114583333 0.3477942435185185 0.6336671369791667 0.3572014814814815 0.6566129359375 0.35731547407407405 0.6566209953125 0.34776289537037036
2 0.8138525083333333 0.46355371944444446 0.8238907916666667 0.4635195212962963 0.8238907916666667 0.4559361638888889 0.8138363890625 0.45613565092592595 0.8138525083333333 0.46355371944444446
2 0.7428269192708333 0.3534083787037037 0.7428490833333333 0.3735480194444445 0.758502921875 0.37349957222222224 0.7584082208333334 0.35338842962962963 0.7428269192708333 0.3534083787037037
3 0.7432037072916666 0.35338842962962963 0.7454241385416667 0.35337133055555553 0.745436228125 0.3301139925925926 0.7431916182291667 0.33007694537037036 0.7432037072916666 0.35338842962962963
3 0.7805440260416667 0.3764206324074074 0.78059036875 0.35358506666666667 0.7738726578125 0.3534311768518518 0.7736993755208333 0.3300626962962963 0.7717428973958333 0.3300626962962963 0.7717731213541666 0.35662011944444444 0.778555309375 0.35662011944444444 0.7785391901041667 0.3734083787037037 0.7431795286458333 0.37349672314814814 0.7432258713541666 0.376531775 0.7805440260416667 0.3764206324074074
3 0.7563993552083333 0.44480763796296297 0.756361071875 0.46703049259259255 0.7582067296874999 0.46698774537037036 0.7582127744791667 0.4441065833333333 0.7563993552083333 0.44480763796296297
3 0.8116401369791666 0.4945340555555555 0.8084545635416667 0.4945141064814815 0.8085069515625 0.4991678537037037 0.8116139432291667 0.49920490185185185 0.8116401369791666 0.4945340555555555
3 0.6655732421875 0.5569592472222222 0.6692947812500001 0.5569592472222222 0.6693632885416666 0.48730122499999995 0.6655732421875 0.4873325731481481 0.6655732421875 0.5569592472222222
3 0.3122768484375 0.45783414074074075 0.3157848078125 0.45783414074074075 0.3157848078125 0.45558278703703703 0.31792867239583333 0.45558278703703703 0.31792867239583333 0.4527358222222222 0.3160124921875 0.452690225 0.31604473125 0.3574351666666667 0.3023413260416667 0.3574351666666667 0.3023735645833333 0.3627187231481481 0.311920209375 0.3627187231481481 0.3122768484375 0.45783414074074075
3 0.16126334895833333 0.6329752064814814 0.16126536354166668 0.6246679962962963 0.15913560364583335 0.6247050444444445 0.15908926041666666 0.6330236537037036 0.15500906718750002 0.6330208037037037 0.1550352609375 0.6382986601851852 0.16309893229166667 0.6383556564814815 0.16308684270833332 0.6330008546296296 0.16126334895833333 0.6329752064814814
3 0.28890388854166665 0.3574323166666667 0.2730586338541666 0.3574323166666667 0.27307273802083337 0.36267312592592593 0.28890388854166665 0.362695925 0.28890388854166665 0.3574323166666667
2 0.31792867239583333 0.45558278703703703 0.3346987708333333 0.45552864074074073 0.3347209348958333 0.4303191796296296 0.317938746875 0.4302707324074074 0.31792867239583333 0.45558278703703703
2 0.34613943177083334 0.5050242231481481 0.3559963729166667 0.5050071240740741 0.35600644791666664 0.497506412037037 0.3461535359375 0.4974494157407407 0.34613943177083334 0.5050242231481481
2 0.343894821875 0.5193958388888888 0.34396332864583334 0.5354345962962963 0.3572113640625 0.5355229407407407 0.35721942395833334 0.519432887037037 0.343894821875 0.5193958388888888
2 0.29072133802083333 0.5355229407407407 0.27700584322916666 0.535571387962963 0.2770259921875 0.5591365064814815 0.29070320364583335 0.5591536046296296 0.29072133802083333 0.5355229407407407
2 0.33866209947916665 0.5358449703703704 0.3249063067708333 0.5358421203703704 0.3249284708333333 0.5590909092592592 0.3386218015625 0.5590994583333333 0.33866209947916665 0.5358449703703704
3 0.34373564375 0.5358221712962963 0.33866209947916665 0.5358449703703704 0.33867821875 0.5406526074074074 0.34371146458333335 0.5406412083333334 0.34373564375 0.5358221712962963
4 0.15500906718750002 0.6330208037037037 0.13981059843750002 0.6329723564814814 0.13983074739583332 0.640199487037037 0.1550614546875 0.6402564833333333 0.15500906718750002 0.6330208037037037
2 0.15932903489583333 0.6096893703703704 0.15936328854166665 0.6246822453703704 0.17098730625 0.6247933888888889 0.170969171875 0.6097264175925926 0.15932903489583333 0.6096893703703704
4 0.16285109791666666 0.6096722712962963 0.190608503125 0.6096523222222222 0.19059641354166665 0.6001396407407407 0.16281281458333333 0.6001396407407407 0.16285109791666666 0.6096722712962963
2 0.19961112239583334 0.5314705046296296 0.19960507760416668 0.5099943 0.18150312291666668 0.5099173555555555 0.18154342135416668 0.5314648046296296 0.19961112239583334 0.5314705046296296
2 0.16748337708333333 0.4831832435185185 0.16752569010416665 0.4668851527777778 0.15435825104166667 0.4668965518518518 0.1543300421875 0.4831461953703704 0.16748337708333333 0.4831832435185185
2 0.15557928697916665 0.46471074351851854 0.16542212395833333 0.4647363925925926 0.16542212395833333 0.45716158425925923 0.15556921197916665 0.45715873425925924 0.15557928697916665 0.46471074351851854
3 0.13980455364583333 0.6382616129629629 0.13228893802083333 0.6382616129629629 0.13227483385416666 0.6402365342592593 0.13983074739583332 0.640199487037037 0.13980455364583333 0.6382616129629629
2 0.32536369114583336 0.3865745222222222 0.34208744687500003 0.38624109444444443 0.34204916406249997 0.36116272407407407 0.32552689895833337 0.36121972037037037 0.32536369114583336 0.3865745222222222
3 0.35186782187500004 0.6295497296296296 0.35186782187500004 0.6313764601851852 0.37293169479166666 0.6313052148148148 0.37294378385416666 0.6295696777777777 0.35186782187500004 0.6295497296296296
3 0.32533749739583334 0.38395554259259257 0.31603264166666667 0.3840096898148148 0.31602055208333335 0.386540325 0.32536369114583336 0.3865745222222222 0.32533749739583334 0.38395554259259257
2 0.28887769479166664 0.36339127962962964 0.30240781770833336 0.3634710740740741 0.3024219223958333 0.34255343425925927 0.2888051583333333 0.3425306351851852 0.28887769479166664 0.36339127962962964
4 0.3289139635416667 0.6202308351851852 0.32892605260416663 0.6313764601851852 0.35186782187500004 0.6313764601851852 0.3518819260416667 0.6202650324074075 0.3289139635416667 0.6202308351851852
1 0 0 0 1 1 1 1 0 0 0
3 0.1550352609375 0.6382986601851852 0.1550614546875 0.6402564833333333 0.16311303645833333 0.6402564833333333 0.16309893229166667 0.6383556564814815 0.1550352609375 0.6382986601851852
3 0.19033447499999998 0.6382074666666666 0.19033447499999998 0.6403676259259259 0.20588152343750002 0.640199487037037 0.20585129947916667 0.6382445138888889 0.19033447499999998 0.6382074666666666
3 0.2909510375 0.6313764601851852 0.2909510375 0.6296067259259259 0.2798811203125 0.6296010259259259 0.27991940364583334 0.6381590194444444 0.26730405 0.6382616129629629 0.26731815416666665 0.6402935305555556 0.28116260312499997 0.640199487037037 0.28116260312499997 0.631359362037037 0.2909510375 0.6313764601851852
3 0.8238907916666667 0.4635195212962963 0.8385855328125 0.4634140777777778 0.8386338906249999 0.4938501 0.8407152932291667 0.4938501 0.8405742494791667 0.4602080361111111 0.833163409375 0.4602279851851852 0.833163409375 0.44345397592592595 0.8310699171875 0.44347962407407404 0.8310880515625 0.4621658592592593 0.823929075 0.46208606481481485 0.8238907916666667 0.4635195212962963
3 0.3139069109375 0.6296067259259259 0.3138928067708333 0.6314334564814814 0.32892605260416663 0.6313764601851852 0.3289139635416667 0.6295696777777777 0.3139069109375 0.6296067259259259
4 0.29089865 0.6202479342592592 0.2909510375 0.6313764601851852 0.3138928067708333 0.6314334564814814 0.3138928067708333 0.6202849814814815 0.29089865 0.6202479342592592
3 0.2909510375 0.6296067259259259 0.29092484375 0.6243830148148148 0.2761817447916667 0.6243231694444444 0.27620995364583334 0.6329723564814814 0.26733024375000003 0.63307495 0.26730405 0.6382616129629629 0.27991940364583334 0.6381590194444444 0.2798811203125 0.6296010259259259 0.2909510375 0.6296067259259259
4 0.26730405 0.6289427185185186 0.20578682239583335 0.6288857222222223 0.20588152343750002 0.640199487037037 0.26731815416666665 0.6402935305555556 0.26730405 0.6289427185185186
4 0.19037275833333334 0.6330322027777777 0.16308684270833332 0.6330008546296296 0.16311303645833333 0.6402564833333333 0.19033447499999998 0.6403305787037037 0.19037275833333334 0.6330322027777777
4 0.2730586338541666 0.3574323166666667 0.21148297395833332 0.3574351666666667 0.21145073541666667 0.3669934453703704 0.2730586338541666 0.3669734962962963 0.2730586338541666 0.3574323166666667
4 0.17654845833333335 0.35739526944444444 0.15341728802083335 0.3574266175925926 0.15348176510416664 0.36675121111111114 0.17658069739583335 0.36673411203703704 0.17654845833333335 0.35739526944444444