1 0 0 0 1 1 1 1 0 0 0
3 0.33721539375000004 0.4317844925925926 0.3372093489583333 0.4507810722222222 0.3404533546875 0.4507810722222222 0.34045939947916665 0.4318129990740741 0.33721539375000004 0.4317844925925926
3 0.32367519635416664 0.42684435555555555 0.3236348984375 0.4316619157407407 0.46753979427083336 0.43186145925925923 0.46753979427083336 0.42712941851851854 0.32367519635416664 0.42684435555555555
3 0.3139633286458333 0.4319042185185185 0.3142051177083333 0.4986773092592593 0.31746927239583334 0.49864310185185184 0.31754180937500004 0.43193842685185185 0.3139633286458333 0.4319042185185185
3 0.30296594791666664 0.48395381944444443 0.30290550052083337 0.4986915620370371 0.3064517427083333 0.49866305555555557 0.3064517427083333 0.4839253138888888 0.30296594791666664 0.48395381944444443
3 0.29498690312500003 0.47893671574074076 0.2949667541666667 0.4838397944444444 0.30643159375 0.4838112888888889 0.3064517427083333 0.47885119722222225 0.29498690312500003 0.47893671574074076
3 0.2949828734375 0.4989452675925926 0.2950030223958333 0.5039395666666666 0.34235341510416667 0.5036545037037037 0.34231311718749996 0.49869441296296296 0.2949828734375 0.4989452675925926
3 0.5856437640625 0.35650228055555555 0.5855692119791667 0.3971408212962963 0.5891960505208333 0.39711231481481485 0.5892363489583333 0.3565478907407408 0.5856437640625 0.35650228055555555
3 0.5855933911458333 0.2567274796296296 0.5854926458333334 0.2790763972222222 0.5891194843750001 0.2791334092592593 0.589260528125 0.25156784537037036 0.42544831770833336 0.2515963509259259 0.42532742291666664 0.34769099166666667 0.4288535161458333 0.3477194981481482 0.42883336666666666 0.2565564425925926 0.5855933911458333 0.2567274796296296
3 0.7007314124999999 0.518580387962963 0.7014446906249999 0.5268358037037036 0.70503123125 0.5265507407407407 0.7024360265625 0.5045296462962963 0.6972536770833333 0.4788169898148148 0.5893330645833333 0.4791733185185186 0.5893511989583333 0.4745724055555555 0.5855007052083334 0.47456100370370374 0.58548055625 0.4840820981481482 0.6946483979166668 0.4841106046296297 0.6981744911458333 0.5007069555555556 0.7007314124999999 0.518580387962963
3 0.673048559375 0.6821351194444444 0.6826234130208333 0.6639082101851851 0.6928249041666666 0.637160775 0.6898891796875 0.634714937037037 0.6796091072916667 0.6618015962962963 0.6714285713541667 0.6778221212962964 0.6592706026041667 0.6915735462962963 0.6452327223958334 0.7061117444444445 0.6298549265625 0.7184264537037037 0.6315877494791666 0.7232155074074075 0.6460648802083334 0.7112457240740742 0.6606528307291666 0.6965165333333333 0.673048559375 0.6821351194444444
3 0.5875720328124999 0.7446265675925926 0.5867257708333333 0.7398403648148149 0.5792706026041666 0.7415792472222222 0.5643360869791666 0.7423603194444445 0.5536006447916667 0.7409236027777778 0.5531976625 0.7458836944444445 0.5666774130208334 0.7469384268518519 0.5802982067708334 0.7459692129629629 0.5875720328124999 0.7446265675925926
3 0.5163812208333334 0.7257126564814815 0.5144872052083334 0.7304446981481482 0.5280475520833333 0.7379703537037037 0.5295385854166667 0.7331527935185186 0.5163812208333334 0.7257126564814815
3 0.4935905703125 0.7129903074074074 0.4957666734375 0.7088283925925926 0.4897017932291667 0.702385975 0.4877674791666667 0.6998774231481482 0.48917993125 0.6998574685185185 0.48919806562499996 0.6950427592592592 0.4492020953125 0.6949173314814815 0.44916179739583334 0.7003620296296296 0.48236751979166664 0.7001339796296295 0.4871428572916667 0.7060917898148148 0.4935905703125 0.7129903074074074
3 0.40470683072916663 0.7000627138888889 0.40470683072916663 0.6949315851851852 0.39551883958333334 0.6949600916666667 0.39553898854166664 0.716482325925926 0.38558533125 0.7163968074074074 0.3855651822916667 0.7216704675925926 0.3992464234375 0.721698974074074 0.399286721875 0.700119725925926 0.40470683072916663 0.7000627138888889
3 0.29131573645833336 0.426710375925926 0.29135603489583334 0.7218358037037037 0.33675196458333334 0.7216932722222222 0.3367116661458333 0.7163055870370371 0.2948418296875 0.71659065 0.2948418296875 0.43187001111111106 0.3234938546875 0.4317559861111111 0.3235946 0.39503990833333336 0.4291759015625 0.3950969212962963 0.42909530520833333 0.3795895092592592 0.4253677213541666 0.3795895092592592 0.4253677213541666 0.3900228046296296 0.31988716510416665 0.3899087796296296 0.31980656874999996 0.4267958953703704 0.29131573645833336 0.426710375925926
2 0.5388091880208333 0.684717787962963 0.5388091880208333 0.7161459518518518 0.5643663109375 0.7161459518518518 0.5642615354166666 0.6846693268518518 0.5388091880208333 0.684717787962963
2 0.4998267177083333 0.684660775 0.4998267177083333 0.7160860888888889 0.525383840625 0.7160860888888889 0.5252790651041667 0.684609463888889 0.4998267177083333 0.684660775
2 0.3740761635416667 0.5065592925925926 0.3740761635416667 0.5379846064814815 0.39963328645833335 0.5379846064814815 0.3995285109375 0.5065108324074075 0.3740761635416667 0.5065592925925926
2 0.5037618375 0.46343785648148145 0.5037618375 0.4948631694444445 0.5293189604166667 0.4948631694444445 0.5292141848958333 0.4633865453703704 0.5037618375 0.46343785648148145
2 0.4041366109375 0.34794754814814816 0.4041366109375 0.379372862037037 0.4296937338541667 0.379372862037037 0.4295889583333333 0.34789623703703704 0.4041366109375 0.34794754814814816
2 0.5038807171874999 0.34075256574074075 0.5038807171874999 0.3721778787037037 0.529435825 0.3721778787037037 0.52933105 0.34070125462962964 0.5038807171874999 0.34075256574074075
2 0.5037678822916667 0.29136259999999997 0.48093088854166666 0.29121151666666667 0.48110417083333334 0.3274173314814815 0.5040096713541666 0.3273090083333333 0.5037678822916667 0.29136259999999997
2 0.4657485390625 0.5487314712962963 0.4434998994791667 0.5485347777777777 0.44367318177083337 0.5847405925925926 0.465956075 0.5847405925925926 0.4657485390625 0.5487314712962963
4 0.7059177916666666 0.5615393388888889 0.7059601046875 0.5393244009259259 0.7050816036458334 0.5267331814814815 0.7014547651041667 0.5270381981481481 0.7026536369791666 0.5472833527777777 0.702035059375 0.571191562037037 0.6995264958333334 0.5931813 0.6951400364583333 0.6149344351851852 0.6898468666666666 0.6344754842592593 0.6927483375 0.6368985175925926 0.6996151520833334 0.6113397944444444 0.7045254885416666 0.5801111740740741 0.7059177916666666 0.5615393388888889
4 0.631462825 0.7232440138888888 0.6297300020833333 0.7185974916666666 0.6164718921875 0.7277194981481482 0.6019846864583334 0.7348745722222222 0.5867922624999999 0.7395781074074075 0.5876989723958334 0.7447662481481481 0.6039592989583333 0.7396066138888888 0.620300221875 0.7309122009259259 0.631462825 0.7232440138888888
4 0.5534354218749999 0.7408865453703704 0.5404392505208333 0.7379503990740741 0.5296594802083333 0.7331898518518519 0.5281885958333333 0.7381413907407408 0.5388273223958334 0.7429960092592592 0.5530525890625 0.745903649074074 0.5534354218749999 0.7408865453703704
4 0.5162301026041667 0.7255558722222222 0.5048458593749999 0.7171750287037038 0.4960165223958333 0.7086744583333333 0.4936711666666667 0.7132240592592592 0.5029498286458334 0.7223318129629629 0.5143139229166667 0.7304874574074074 0.5162301026041667 0.7255558722222222
4 0.6640116864583334 0.5180444694444445 0.6643763854166667 0.6600912203703704 0.6679226276041667 0.6600627138888889 0.6681805359375 0.5180530212962963 0.6640116864583334 0.5180444694444445
4 0.5850413057291667 0.3973517675925926 0.5851863791666666 0.47444127685185183 0.589401571875 0.4744013685185185 0.5892101552083333 0.39736031944444444 0.5850413057291667 0.3973517675925926
4 0.5850453354166666 0.2792873435185185 0.5851904088541667 0.35637685277777775 0.589339109375 0.35641676203703704 0.5892141848958333 0.27929589537037036 0.5850453354166666 0.2792873435185185
2 0.48985895625 0.6772748 0.48988716510416663 0.6828876851851852 0.5128954260416667 0.6829817555555556 0.5128349786458333 0.6772519953703703 0.48985895625 0.6772748
4 0.57098730625 0.6771322694444445 0.5710175296875001 0.6827451537037037 0.6400362682291667 0.683124287037037 0.6400161192708332 0.6771664768518518 0.57098730625 0.6771322694444445
4 0.3368406208333333 0.7160433296296296 0.3368708442708333 0.7216562148148149 0.38539794479166667 0.7216391101851851 0.38539794479166667 0.716251425 0.3368406208333333 0.7160433296296296
4 0.336854725 0.6654104907407408 0.3368849484375 0.671023375 0.3854120489583333 0.6710091222222222 0.3854120489583333 0.6656214370370371 0.336854725 0.6654104907407408
4 0.4047954864583333 0.6950114027777777 0.40481563593750003 0.7005986314814815 0.449030828125 0.700510262037037 0.4490509770833333 0.6949515388888888 0.4047954864583333 0.6950114027777777
3 0.6643159380208333 0.5027936148148149 0.6644791458333333 0.5179019388888889 0.6679447916666666 0.5179019388888889 0.667964940625 0.5027394527777778 0.6643159380208333 0.5027936148148149
4 0.4046564578125 0.6654332953703703 0.40468668125 0.6710461805555555 0.44918396145833334 0.6709521092592593 0.4492041104166667 0.6653933861111111 0.4046564578125 0.6654332953703703
2 0.3424037880208333 0.49792189259259256 0.34243401145833335 0.5035347777777778 0.36727785625000003 0.5036488027777778 0.3672677817708333 0.49788483425925933 0.3424037880208333 0.49792189259259256
2 0.48944791458333337 0.5490792472222222 0.48947813802083334 0.5546921324074074 0.5103969375 0.5546180157407407 0.5103969375 0.5490592925925926 0.48944791458333337 0.5490792472222222
3 0.5854986901041667 0.4841704675925926 0.5854926458333334 0.49786202962962967 0.5892041104166666 0.4978534777777777 0.5892262744791666 0.4841989740740741 0.5854986901041667 0.4841704675925926
3 0.5078903890625 0.49789623703703706 0.5079105380208333 0.5025712657407407 0.6983598630208333 0.5026254277777777 0.69753375 0.498121437037037 0.5078903890625 0.49789623703703706
3 0.5041910135416666 0.4950114027777777 0.5041829536458333 0.5026254277777777 0.5078097927083334 0.5026254277777777 0.5077694942708333 0.4949857472222222 0.5041910135416666 0.4950114027777777
3 0.5077574046875 0.3766277083333333 0.5077574046875 0.38181584907407407 0.5855127947916666 0.38175883703703706 0.5855127947916666 0.3766562148148148 0.5077574046875 0.3766277083333333
3 0.5041426557291666 0.3722776509259259 0.5041305661458334 0.4632839222222222 0.5075962119791667 0.4632582666666667 0.5076324802083333 0.3723204101851852 0.5041426557291666 0.3722776509259259
3 0.5041104171875 0.25681299907407407 0.5042071328125 0.34058437870370367 0.5075700182291667 0.34058437870370367 0.5075458390625001 0.2567987453703704 0.5041104171875 0.25681299907407407
3 0.44424138645833333 0.25753420740740746 0.4442071328125 0.2623432157407407 0.5039693734375 0.26257126574074074 0.5039693734375 0.25781071851851856 0.44424138645833333 0.25753420740740746
3 0.4406810395833333 0.2566704675925926 0.44072133802083335 0.3217787916666667 0.44393914947916663 0.3217474342592593 0.444140640625 0.25669612314814816 0.4406810395833333 0.2566704675925926
3 0.4676203911458333 0.3270410490740741 0.4676425546875 0.3406385407407408 0.4707656661458334 0.3406385407407408 0.4707435020833334 0.32709806111111106 0.4676203911458333 0.3270410490740741
3 0.4289824703125 0.3219042185185185 0.4289824703125 0.32697833518518515 0.4810074552083333 0.3269498287037037 0.4810074552083333 0.3219042185185185 0.4289824703125 0.3219042185185185
3 0.5639310901041666 0.5544526796296296 0.5639310901041666 0.5805359175925926 0.5673383036458334 0.5804732037037037 0.5672577072916667 0.5544469787037036 0.5639310901041666 0.5544526796296296
3 0.5107616359375 0.5546778787037037 0.5106407416666666 0.5799344351851852 0.5140660890625 0.5799629416666666 0.5140660890625 0.5547063851851852 0.5107616359375 0.5546778787037037
3 0.5104976828125 0.5493985175925926 0.51053798125 0.5545581527777779 0.5672980052083333 0.5543329537037037 0.5672980052083333 0.5494555305555555 0.5104976828125 0.5493985175925926
3 0.3994056015625 0.5491248574074074 0.39938545260416664 0.5544270240740741 0.4434414666666667 0.5543614592592593 0.44340116875 0.5492873435185185 0.3994056015625 0.5491248574074074
3 0.5604150713541666 0.6824258833333333 0.5604271609375 0.684549600925926 0.5638122104166666 0.6845781074074073 0.5638162401041666 0.6824144814814815 0.5604150713541666 0.6824258833333333
3 0.5216199880208333 0.6824686435185185 0.5216361072916667 0.6844811861111111 0.5250211567708333 0.6844526796296296 0.5250211567708333 0.6824572407407408 0.5216199880208333 0.6824686435185185
3 0.5129941567708334 0.6774515388888889 0.5130143057291667 0.6824116305555555 0.5709429781250001 0.6822690990740741 0.5709026796875 0.6771066138888888 0.5129941567708334 0.6774515388888889
3 0.6644045937499999 0.6601995435185185 0.6644247432291667 0.6771037629629629 0.6679306869791667 0.6771322694444445 0.6679306869791667 0.6601995435185185 0.6644045937499999 0.6601995435185185
3 0.6487991135416666 0.6824543898148149 0.6487588151041667 0.7022377425925925 0.6522647593750001 0.6985889398148147 0.6521640135416666 0.6824258833333333 0.6487991135416666 0.6824543898148149
3 0.6715675999999999 0.6773118583333333 0.6401773119791667 0.6771693268518519 0.6401571630208333 0.682442987037037 0.6674168848958334 0.6821864305555556 0.6712653635416667 0.6779104907407407 0.6715675999999999 0.6773118583333333
3 0.5604412651041667 0.7162685287037037 0.5606024583333333 0.7416961231481481 0.563806165625 0.7421522231481481 0.5637054203125 0.7162970351851853 0.5604412651041667 0.7162685287037037
3 0.5216401369791667 0.7161716074074074 0.5216401369791667 0.7285062712962963 0.524924440625 0.7304247435185186 0.5249647390625 0.7162001138888889 0.5216401369791667 0.7161716074074074
3 0.48581503125 0.6825741166666666 0.4858553296875 0.6948888259259259 0.48920008072916665 0.6948603194444445 0.48926052812500004 0.6825741166666666 0.48581503125 0.6825741166666666
3 0.4710417088541667 0.6776596351851851 0.4710417088541667 0.6824201824074073 0.48980052395833334 0.6824486888888889 0.48976022552083337 0.6775171037037038 0.4710417088541667 0.6776596351851851
3 0.45131573645833334 0.6710461805555555 0.4513963328125 0.6947605472222222 0.4548821276041667 0.6947320407407408 0.45474108385416667 0.6710718361111111 0.45131573645833334 0.6710461805555555
3 0.4493048557291666 0.665792474074074 0.44931090052083333 0.6709350055555556 0.46739875052083335 0.6708950972222222 0.46740278072916663 0.6657753703703704 0.4493048557291666 0.665792474074074
3 0.4674591979166667 0.5544184722222222 0.46751158593750003 0.6825 0.47089663489583333 0.6824714935185185 0.4706367114583333 0.5544441277777779 0.4674591979166667 0.5544184722222222
3 0.46588958281250004 0.5492417333333333 0.46590973177083334 0.554315849074074 0.4893612734375 0.5543044472222223 0.4893431390625 0.5492702398148148 0.46588958281250004 0.5492417333333333
3 0.3993149307291667 0.6657981759259259 0.39927463229166665 0.6708152796296296 0.40457384635416666 0.6708437851851852 0.40455369739583336 0.6658266814814815 0.3993149307291667 0.6657981759259259
3 0.38551279479166667 0.6658266814814815 0.38551279479166667 0.6708722916666666 0.3954866010416667 0.6708437851851852 0.3954664515625 0.6658266814814815 0.38551279479166667 0.6658266814814815
3 0.39563570416666666 0.5380815277777778 0.39553294375000003 0.6948147092592593 0.39913963333333335 0.6947576962962962 0.39925448333333335 0.538070125 0.39563570416666666 0.5380815277777778
3 0.29498690312500003 0.6658466361111112 0.29500705208333333 0.6707183583333333 0.33679629270833333 0.6708352333333334 0.3367559942708333 0.6658181296296296 0.29498690312500003 0.6658466361111112
3 0.4676203911458333 0.39159635092592593 0.4676808380208334 0.4345011398148148 0.4707435020833334 0.43452964629629626 0.4707979046875 0.3915649944444444 0.4676203911458333 0.39159635092592593
3 0.45821277447916664 0.3867160777777778 0.45821277447916664 0.39153363703703703 0.4708240984375 0.391419612037037 0.47080394947916665 0.38660205277777776 0.45821277447916664 0.3867160777777778
3 0.42924843854166667 0.3865735462962963 0.42924843854166667 0.3913911064814815 0.43937134791666665 0.391419612037037 0.43938343750000003 0.38651653333333336 0.42924843854166667 0.3865735462962963
3 0.4562361473958333 0.47907639722222223 0.456220028125 0.48415336388888885 0.46739875052083335 0.48412200648148146 0.46740278072916663 0.47910775370370373 0.4562361473958333 0.47907639722222223
3 0.45283497864583333 0.43194697870370374 0.4528067703125 0.498469212962963 0.45614950625 0.498469212962963 0.4559661494791667 0.431986887037037 0.45283497864583333 0.43194697870370374
3 0.39581906093749997 0.5037115166666666 0.39581906093749997 0.5063911064814814 0.3992041104166667 0.5063340935185185 0.39918396145833335 0.5037115166666666 0.39581906093749997 0.5037115166666666
2 0.4130364697916667 0.4702394527777778 0.41307676822916667 0.49828962407407407 0.42288938125000003 0.49817559907407405 0.42258110000000004 0.4701539342592593 0.4130364697916667 0.4702394527777778
2 0.3701027604166667 0.4669726342592593 0.3701027604166667 0.4983979472222222 0.39565786822916665 0.4983979472222222 0.39555309270833333 0.46692132314814816 0.3701027604166667 0.4669726342592593
3 0.3674047953125 0.49862314722222223 0.3674047953125 0.5035262259259259 0.4708502921875 0.5036117444444445 0.47080999375 0.49862314722222223 0.3674047953125 0.49862314722222223
3 0.46751158593750003 0.4764994296296296 0.46751964531249995 0.49846066111111115 0.47078380000000003 0.49843215462962964 0.4707555911458333 0.4765279361111111 0.46751158593750003 0.4764994296296296
3 0.4253677213541666 0.3953249712962963 0.4254080192708333 0.42685290740740744 0.4290550072916667 0.42682440092592594 0.42914164843749997 0.3952993157407408 0.4253677213541666 0.3953249712962963
3 0.37042111614583334 0.43187001111111106 0.37046141458333337 0.466875712962963 0.3737658671875 0.4668472064814815 0.3736449729166667 0.4318985175925926 0.37042111614583334 0.43187001111111106
3 0.3705077572916667 0.3952394527777778 0.3706830546875 0.4267673888888889 0.3737054203125 0.4267388824074074 0.37375176302083335 0.3952679592592592 0.3705077572916667 0.3952394527777778
3 0.33721539375000004 0.4779076398148148 0.3372395729166667 0.49857753703703706 0.34048357864583334 0.49857753703703706 0.34043925052083335 0.4779076398148148 0.33721539375000004 0.4779076398148148