1 0 0 0 0.2904417212962963 0.0000221640625 1 1 1 1 0 0 0
3 0.5544186984375 0.4882445138888889 0.5544428770833334 0.49179253333333334 0.5631029619791666 0.49183528055555553 0.5631231109375 0.4883300083333333 0.5544186984375 0.4882445138888889
3 0.5692665723958333 0.488267312962963 0.5692867218750001 0.49180108333333333 0.5828470682291667 0.49180108333333333 0.5828067703124999 0.4882958111111111 0.5692665723958333 0.488267312962963
3 0.28676203906250003 0.5326588768518518 0.2867418901041667 0.5368196064814815 0.3350191416666667 0.5367056138888889 0.33499899270833333 0.5327728694444444 0.28676203906250003 0.5326588768518518
3 0.7109590973958333 0.3595326305555555 0.7109187989583333 0.36774009722222223 0.6866189802083333 0.36768310092592593 0.6866794276041667 0.3424850388888889 0.6833366916666667 0.34246223981481483 0.6834152729166667 0.37247078981481485 0.7143239973958334 0.3724422916666667 0.7143239973958334 0.3595326305555555 0.7109590973958333 0.3595326305555555
3 0.4483739671875 0.6621145629629629 0.448414265625 0.6686976342592592 0.5709993953125 0.6686976342592592 0.5709792463541666 0.6621145629629629 0.4483739671875 0.6621145629629629
3 0.7178722546874999 0.6221430611111111 0.7178319562500001 0.6139070962962964 0.7103284302083334 0.6139384444444445 0.7103364901041667 0.6610857796296296 0.71347975 0.6610857796296296 0.7134273624999999 0.6220005703703704 0.7178722546874999 0.6221430611111111
3 0.7534193026041667 0.6493730407407408 0.7534394520833333 0.6608577944444444 0.7570461416666666 0.6608292962962963 0.7569453958333334 0.6493445425925926 0.7534193026041667 0.6493730407407408
3 0.8017328229166666 0.618666287037037 0.8017328229166666 0.6138244518518519 0.7537981057291667 0.61385295 0.7538182552083333 0.6212311203703704 0.7570219625 0.6212339694444444 0.7570622609375001 0.6186947851851852 0.8017328229166666 0.618666287037037
3 0.7048317552083333 0.48479623796296295 0.7048317552083333 0.49012539166666663 0.7634857947916667 0.49012539166666663 0.7634898244791667 0.48478198888888885 0.7048317552083333 0.48479623796296295
3 0.7227684869791666 0.4291536046296296 0.7228087848958332 0.4391849527777778 0.7047350390625 0.4391849527777778 0.7047350390625 0.44337418055555555 0.726334878125 0.4434026787037037 0.7263751765625001 0.4342832712962963 0.7597219421875 0.43419777685185185 0.7596614953124999 0.45864918796296295 0.7634092281249999 0.45870618425925924 0.7633890791666667 0.36041607314814816 0.7596614953124999 0.36041607314814816 0.7596211968750001 0.4123966944444445 0.7046745921875 0.41233969814814814 0.7046947411458333 0.4172128814814815 0.7603062661458334 0.4170703907407407 0.7603465645833333 0.42926759722222224 0.7227684869791666 0.4291536046296296
3 0.7837175093750001 0.43321744074074076 0.7837175093750001 0.43589626666666664 0.7992323192708334 0.43589626666666664 0.7992524682291666 0.43321744074074076 0.7837175093750001 0.43321744074074076
3 0.7850695145833334 0.4873183240740741 0.7851098125 0.489797662962963 0.7991940359375 0.4897406666666667 0.7991738869791667 0.4873468222222222 0.7850695145833334 0.4873183240740741
3 0.6830949020833333 0.40042747222222225 0.6831029619791666 0.40394414351851854 0.6993995567708333 0.40394414351851854 0.6993753776041667 0.4004217722222222 0.6830949020833333 0.40042747222222225
3 0.6831875880208333 0.48564548333333335 0.6831875880208333 0.4897777148148148 0.6993471692708333 0.4897777148148148 0.6993471692708333 0.4856739814814815 0.6831875880208333 0.48564548333333335
3 0.4170219625 0.5368224564814814 0.4170058432291667 0.5327158731481481 0.35793673177083335 0.5327272731481482 0.35785613541666667 0.6572755768518519 0.3607777552083334 0.6572755768518519 0.36074551666666665 0.536739812037037 0.4170219625 0.5368224564814814
2 0.15075559114583334 0.4424850388888889 0.1507797703125 0.47104018240740736 0.15935925833333334 0.47113137685185186 0.1590973203125 0.4425192361111111 0.15075559114583334 0.4424850388888889
2 0.16234132604166665 0.3952123111111111 0.16233729583333334 0.42579652314814814 0.18105178333333333 0.425762325 0.1811807375 0.3952123111111111 0.16234132604166665 0.3952123111111111
2 0.18087850104166667 0.4921345111111111 0.1809389484375 0.5245084074074073 0.20728994583333332 0.5244713592592593 0.207233528125 0.4919692222222223 0.18087850104166667 0.4921345111111111
2 0.30082611302083334 0.4581077231481482 0.3008523072916667 0.49240524351851844 0.322405803125 0.49250498703703705 0.3225065484375 0.45793673425925924 0.30082611302083334 0.4581077231481482
2 0.3013540197916667 0.39113707592592595 0.30138021354166666 0.42543459629629626 0.3220834171875 0.4258193212962963 0.322264759375 0.3913080648148148 0.3013540197916667 0.39113707592592595
2 0.335039290625 0.5315218009259259 0.33524078177083333 0.5657167287037037 0.35772718124999997 0.5660872046296297 0.3578279265625 0.5314334564814814 0.335039290625 0.5315218009259259
2 0.41710255885416664 0.5315161018518518 0.41730405000000004 0.5657110287037037 0.43951239166666667 0.5660872046296297 0.4396534354166667 0.5315189509259259 0.41710255885416664 0.5315161018518518
2 0.4379004635416667 0.4624679398148148 0.43788635885416666 0.49313479629629636 0.45655853333333335 0.4929324592592593 0.4564577875 0.46249643796296297 0.4379004635416667 0.4624679398148148
2 0.5264154744791667 0.36315189537037035 0.5264094296875 0.4090738101851852 0.5524682651041667 0.40891992037037034 0.5524279671875 0.3629809064814815 0.5264154744791667 0.36315189537037035
2 0.7634696755208333 0.43208891388888887 0.7634898244791667 0.4429467083333333 0.7836993755208332 0.4430322027777778 0.7835986296875 0.43208891388888887 0.7634696755208333 0.43208891388888887
2 0.6868023375 0.40031917962962965 0.6868748739583334 0.37258478240740744 0.679621196875 0.37248218888888884 0.6798105984375 0.40039897407407404 0.6868023375 0.40031917962962965
2 0.7073947208333333 0.4902621833333333 0.7074551682291667 0.5226360787037037 0.7338101953125 0.5229980055555555 0.7338907916666667 0.4902821314814814 0.7073947208333333 0.4902621833333333
2 0.7423735645833334 0.45876318055555554 0.7423937135416666 0.48455400370370366 0.76407011875 0.4845796527777778 0.7640942979166667 0.4588201768518519 0.7423735645833334 0.45876318055555554
2 0.735462421875 0.6211741240740741 0.7354019744791667 0.6493017953703704 0.7571831552083333 0.6492447990740741 0.7571831552083333 0.6213166148148148 0.735462421875 0.6211741240740741
4 0.12550876510416667 0.6567968083333333 0.12558936145833333 0.6686805361111111 0.18190610520833334 0.6686805361111111 0.18196655260416666 0.6567968083333333 0.12550876510416667 0.6567968083333333
4 0.22385653854166668 0.575577087037037 0.2239572838541667 0.5877457962962963 0.2658472697916667 0.5878027925925926 0.265726375 0.5756055851851852 0.22385653854166668 0.575577087037037
4 0.11689300833333333 0.34974066666666664 0.116872859375 0.3619093759259259 0.135039290625 0.36201196944444447 0.13496675416666667 0.3497691648148148 0.11689300833333333 0.34974066666666664
4 0.2447713078125 0.41333713333333333 0.24467056197916665 0.4254773435185185 0.2797703 0.4255343398148148 0.2796695546875 0.4133941296296296 0.2447713078125 0.41333713333333333
4 0.304088253125 0.6567882583333333 0.3041285510416667 0.6686719861111111 0.339391496875 0.6687204333333333 0.339391496875 0.6568367055555555 0.304088253125 0.6567882583333333
4 0.3828349786458333 0.6567711601851852 0.3829115453125 0.6686748361111111 0.41771106197916663 0.668663437037037 0.41771106197916663 0.6568937018518518 0.3828349786458333 0.6567711601851852
4 0.4612613338541667 0.5319806212962963 0.46127342343750005 0.5438301509259259 0.5581221036458334 0.5439327444444444 0.5581624015625 0.5320490166666667 0.4612613338541667 0.5319806212962963
4 0.5717408822916668 0.5551610148148148 0.5717449125 0.6348418351851852 0.5800866411458333 0.6349273296296296 0.5801188796875 0.5550641203703703 0.5717408822916668 0.5551610148148148
4 0.5943401166666666 0.6567654601851852 0.5944408625000001 0.6709005416666667 0.6935925848958333 0.6708748935185186 0.6935462421874999 0.6568880018518518 0.5943401166666666 0.6567654601851852
4 0.7183155348958333 0.6605015675925926 0.7183719526041668 0.6709090907407408 0.7532903484375001 0.6709090907407408 0.7532701994791666 0.6606212592592593 0.7183155348958333 0.6605015675925926
3 0.10324400572916666 0.6612425194444445 0.10324400572916666 0.35756625833333333 0.116784203125 0.35756625833333333 0.11680435208333333 0.3487888287037037 0.09734031822916665 0.3487888287037037 0.09734031822916665 0.6695639787037037 0.12550876510416667 0.6696494731481482 0.125488615625 0.6612425194444445 0.10324400572916666 0.6612425194444445
3 0.20985291145833335 0.6629524083333334 0.20989320989583332 0.5884012537037037 0.22385653854166668 0.5884297518518519 0.22381624010416665 0.5799088055555556 0.2039693734375 0.5799943 0.20394922447916666 0.6612140212962963 0.18202700000000002 0.6612425194444445 0.1819867015625 0.6696494731481482 0.2202297 0.6695924768518519 0.22020955052083335 0.6629239101851852 0.20985291145833335 0.6629524083333334
3 0.20665323385416665 0.5666571675925925 0.20691517239583332 0.5663721861111111 0.20691114270833333 0.5245939018518518 0.20090670989583334 0.5246223999999999 0.20087044114583333 0.5661726990740741 0.20109208125 0.5663721861111111 0.20107193229166667 0.5774009685185185 0.2067539796875 0.5774579648148148 0.20665323385416665 0.5666571675925925
3 0.30406004427083333 0.6696922203703704 0.303999596875 0.6612852666666666 0.28338706406249997 0.6611712740740741 0.2834475114583333 0.5800484472222222 0.26588353802083337 0.5800541462962963 0.26588756822916665 0.5884867481481482 0.2774692723958333 0.5884326018518519 0.27744307864583334 0.6697207185185184 0.30406004427083333 0.6696922203703704
3 0.28652025 0.5775719574074074 0.2864598026041667 0.5664576805555556 0.28670159166666664 0.5663436879629629 0.28668144270833334 0.5314619546296296 0.28067700989583333 0.5314334564814814 0.28067700989583333 0.5664576805555556 0.28089865 0.5666286694444445 0.2809187989583333 0.577486462962963 0.28652025 0.5775719574074074
3 0.33951239166666664 0.6612140212962963 0.33949224270833334 0.6696779712962962 0.38277856145833333 0.6696722712962963 0.3827483375 0.6611769731481482 0.33951239166666664 0.6612140212962963
3 0.4611928270833333 0.5448560842592592 0.46113237968750004 0.5363921342592592 0.4423534151041667 0.5364206324074074 0.4422929677083333 0.6612425194444445 0.417771509375 0.6611855231481482 0.4177916583333333 0.6696494731481482 0.44829740052083333 0.6696494731481482 0.4482772515625 0.5448275861111112 0.4611928270833333 0.5448560842592592
3 0.5770904692708334 0.5550014249999999 0.5770199473958333 0.5363721861111111 0.5582409833333333 0.5364291824074074 0.5581603869791666 0.5448076379629629 0.5710558130208334 0.5448361361111111 0.5710457385416666 0.5550584212962962 0.5770904692708334 0.5550014249999999
3 0.5770481562499999 0.661148475 0.5770058432291666 0.6349358796296296 0.5710457385416666 0.634995725 0.5710417088541667 0.6697264175925925 0.5943703406249999 0.6696865203703704 0.5942252671875 0.6612738675925927 0.5770481562499999 0.661148475
3 0.6936530322916667 0.6611855231481482 0.6936731817708334 0.6696779712962962 0.7182691921875001 0.6696466231481482 0.71822889375 0.6611855231481482 0.6936530322916667 0.6611855231481482
3 0.7870441265625 0.348845825 0.7871045739583333 0.35728127685185185 0.802035059375 0.35728127685185185 0.8017731213541667 0.6609005416666667 0.7896433609375 0.660957537962963 0.7896030625 0.6696779712962962 0.8079991942708333 0.6697064694444445 0.8080193432291666 0.34887432314814815 0.7870441265625 0.348845825
3 0.5632198265625 0.4252237101851852 0.5631775135416667 0.49269877500000003 0.5691980656250001 0.4927272731481481 0.5692121703125 0.425178112962963 0.5632198265625 0.4252237101851852
3 0.5667700989583333 0.40459105185185185 0.5666915171875 0.3390909092592593 0.6431210963541666 0.339025362962963 0.64311908125 0.3305500138888889 0.5607918598958332 0.3306611574074074 0.5608281281249999 0.3961071527777778 0.5525246828125 0.39612710185185185 0.5525690109375 0.4014534055555556 0.5547451140625 0.40148190370370374 0.5547209348958333 0.4046167 0.5667700989583333 0.40459105185185185
4 0.7663912958333333 0.6613850101851851 0.7664920411458334 0.6686520379629629 0.7895627645833333 0.6687660305555555 0.7895829135416667 0.6613850101851851 0.7663912958333333 0.6613850101851851
4 0.7178924036458334 0.610572812962963 0.7179528510416666 0.6198347111111111 0.7537376588541667 0.619806212962963 0.7537578078125 0.6107153037037037 0.7178924036458334 0.610572812962963
4 0.7689300828125 0.34975776574074074 0.7689300828125 0.36201196944444447 0.787084425 0.3619578231481481 0.78694338125 0.34975776574074074 0.7689300828125 0.34975776574074074
4 0.6432339312500001 0.3314876037037037 0.6432339312500001 0.3436848101851852 0.6782530729166666 0.3436848101851852 0.6781926255208333 0.33157309814814817 0.6432339312500001 0.3314876037037037
3 0.7533548255208333 0.6609290398148148 0.753374975 0.6697634657407407 0.7663711463541667 0.6697349675925925 0.7663106989583334 0.660957537962963 0.7533548255208333 0.6609290398148148
3 0.5244811604166667 0.40464519814814814 0.5244610114583333 0.40148190370370374 0.5262744307291667 0.40148190370370374 0.5262744307291667 0.39612425185185185 0.34193028385416663 0.39612425185185185 0.3418698369791667 0.33134796203703704 0.3359862984375 0.33134796203703704 0.3359057020833333 0.39615275 0.3283094901041667 0.39615275 0.3282490427083333 0.41242519259259264 0.3222446098958333 0.4123681962962963 0.3222043119791667 0.42091764074074073 0.3342333265625 0.4208891425925926 0.3342131776041667 0.4045027074074074 0.5244811604166667 0.40464519814814814
3 0.279709853125 0.41233969814814814 0.27983074739583336 0.42077515 0.3012895427083333 0.42086064444444443 0.3012895427083333 0.4123112 0.279709853125 0.41233969814814814
3 0.236308684375 0.33898546574074073 0.23624823697916666 0.4209461388888889 0.24469071145833335 0.42091764074074073 0.24471086041666668 0.4123112 0.24235341510416666 0.4123681962962963 0.24235341510416666 0.33057851203703703 0.185956075 0.33057851203703703 0.185956075 0.34876033055555555 0.135039290625 0.34881732685185185 0.13509973802083333 0.35756625833333333 0.19194035885416666 0.35756625833333333 0.191920209375 0.3390709601851852 0.236308684375 0.33898546574074073
3 0.7688293369791667 0.3572527787037037 0.7688293369791667 0.34887432314814815 0.7201289541666667 0.3489598175925926 0.7201289541666667 0.33052151574074073 0.678299415625 0.33052151574074073 0.6783397140624999 0.3392134509259259 0.7142252671875 0.33898546574074073 0.71418496875 0.357309775 0.7688293369791667 0.3572527787037037
3 0.699435825 0.39960102592592595 0.6994197057291667 0.4906383583333333 0.7047551885416666 0.4906811055555556 0.7045436229166667 0.39957252777777774 0.699435825 0.39960102592592595
3 0.7136953453125 0.6131661444444444 0.7136147489583333 0.6050441722222223 0.7139169859375 0.6047876888888889 0.7138222848958333 0.5229410092592592 0.707876284375 0.5228640638888888 0.7078319562500001 0.6049016814814815 0.7080737458333334 0.6051296666666667 0.708053596875 0.6131946425925926 0.7136953453125 0.6131661444444444
3 0.15424541614583334 0.4424080935185185 0.15424541614583334 0.42479908796296295 0.16222446093749998 0.4249130805555556 0.1622063265625 0.4193587916666667 0.14020350572916668 0.41927329722222223 0.14019947604166666 0.365579937037037 0.23031835572916667 0.3657851240740741 0.23032440052083333 0.4189797666666667 0.1811928270833333 0.4193559416666667 0.18116864791666665 0.42489598148148144 0.18276445677083333 0.42486178425925925 0.18278460624999998 0.445186662962963 0.19705017135416666 0.44521516111111115 0.19709651406249998 0.4887517814814815 0.1830525890625 0.4887517814814815 0.1830525890625 0.4914876037037037 0.1971368125 0.4914306074074074 0.1971771104166667 0.49180108333333333 0.20670159166666666 0.4918324305555556 0.20668950208333334 0.4255913361111111 0.203304453125 0.4254773435185185 0.20332057239583332 0.48679395833333333 0.20027402760416668 0.4868367055555555 0.20019141666666668 0.44033057870370373 0.18592786614583331 0.44027358240740744 0.18596816458333335 0.42428612129629634 0.20331654218749998 0.4242576231481482 0.20331654218749998 0.4253690509259259 0.20668950208333334 0.42550584166666666 0.206669353125 0.42487888333333335 0.2343743703125 0.4249073814814815 0.23389079166666665 0.360569962962963 0.13646181770833332 0.3605443148148148 0.13639129583333334 0.42494157870370375 0.151366109375 0.4248817324074074 0.15142454166666666 0.44238529537037036 0.15424541614583334 0.4424080935185185
3 0.15136006458333334 0.47113137685185186 0.15138021354166667 0.4877457962962963 0.10554100364583333 0.4877172981481482 0.1054402578125 0.49176403518518513 0.15420108802083332 0.49173553703703704 0.154281684375 0.47113137685185186 0.15136006458333334 0.47113137685185186
3 0.2166028609375 0.5885437444444445 0.21662301041666668 0.6628384157407408 0.22000805989583333 0.6628384157407408 0.21996776145833333 0.5885722425925926 0.2166028609375 0.5885437444444445
3 0.220290146875 0.6620689657407408 0.220290146875 0.6686520379629629 0.277400765625 0.6686919351851851 0.2773806166666667 0.662108862962963 0.220290146875 0.6620689657407408
3 0.24245416093750002 0.33146195462962963 0.24245416093750002 0.3383300083333333 0.33586540416666666 0.33841550277777777 0.33586540416666666 0.3315189509259259 0.24245416093750002 0.33146195462962963
3 0.28732621406250003 0.485950412962963 0.2868829338541667 0.4239099462962963 0.28275236770833334 0.4239099462962963 0.28277251666666664 0.4920775148148148 0.3007858151041667 0.4920775148148148 0.3007656661458334 0.4860074092592593 0.28732621406250003 0.485950412962963
3 0.3225307276041667 0.48634083796296296 0.3224904291666667 0.4920689657407407 0.4377654645833333 0.4920860648148148 0.4377050171875 0.4868139074074074 0.4134253473958333 0.4867854092592593 0.4133931088541667 0.4362382444444444 0.4630163208333334 0.4362581935185185 0.46305661875 0.4565203759259259 0.4918496875 0.4565203759259259 0.49186983697916664 0.48675976018518524 0.45664920416666666 0.48675976018518524 0.4566895020833333 0.4922029064814815 0.511233125 0.4921459101851851 0.511233125 0.4918039324074074 0.5203203708333334 0.4918324305555556 0.5203203708333334 0.48827016203703705 0.511162603125 0.4883442574074074 0.5110699171875 0.4556910796296296 0.507938746875 0.45574237685185187 0.5080677010416667 0.48735252222222225 0.495172275 0.48723852962962966 0.49521257291666665 0.4556625814814815 0.5110497682291667 0.4556027361111111 0.5110497682291667 0.45455115462962964 0.5205782791666667 0.4546793962962963 0.52053798125 0.43803647777777777 0.5181200885416667 0.4380649759259259 0.518079790625 0.45160159629629626 0.5111082005208334 0.4515730981481481 0.51112835 0.4511741240740741 0.4672637515625 0.45114562592592594 0.46721539375 0.40733542314814813 0.46389079166666664 0.40739241944444443 0.46384847864583334 0.4312396694444444 0.4099093291666666 0.4311427759259259 0.40982067291666663 0.48738102037037034 0.34762442083333334 0.4872898259259259 0.34755389895833333 0.42316044444444445 0.3221640135416666 0.42333998333333334 0.32218416302083336 0.42849814722222224 0.3437598229166667 0.428481049074074 0.3438081807291667 0.48622684537037036 0.3225307276041667 0.48634083796296296
3 0.5571146484375 0.4255571388888889 0.5571146484375 0.40799942962962965 0.553717509375 0.40806497592592594 0.5537698973958334 0.4302849814814815 0.5631996776041667 0.4302593333333333 0.5631795286458333 0.4255571388888889 0.5571146484375 0.4255571388888889
3 0.5692927666666667 0.42550584166666666 0.5692927666666667 0.4302935305555556 0.5833165421875001 0.4302935305555556 0.5832963932291667 0.400968937037037 0.568325609375 0.40099743518518516 0.5683457588541666 0.4054431462962963 0.5801128348958334 0.4054431462962963 0.5801128348958334 0.42550584166666666 0.5692927666666667 0.42550584166666666
3 0.5795688093750001 0.34234824722222224 0.5795486598958333 0.36306640092592596 0.5682248640625001 0.36306640092592596 0.5682248640625001 0.3677970935185185 0.5827322182291667 0.3678540898148148 0.5826717713541666 0.34229125092592594 0.5795688093750001 0.34234824722222224