3 0.5375136005208333 0.9537133083333335 0.5374571833333334 0.11637218611111111 0.4498347776041667 0.11637218611111111 0.4497783598958333 0.07008834444444445 0.3783759822916667 0.07024793425925925 0.3782631473958334 0.11637218611111111 0.29438444479166664 0.11645198055555556 0.2943280276041667 0.07008834444444445 0.26665121927083335 0.07024793425925925 0.26665121927083335 0.11637218611111111 0.18436228072916666 0.11612995185185186 0.18447511562500002 0.8769478481481481 0.17438041510416669 0.8770276435185185 0.17426758020833333 0.9537133083333335 0.5375136005208333 0.9537133083333335
4 0.26997985104166666 0.14618979722222222 0.26379206145833334 0.14619549722222222 0.2637437036458333 0.15903106296296296 0.2699516421875 0.15903106296296296 0.26997985104166666 0.14618979722222222
4 0.26995365729166665 0.17937589074074076 0.2637658671875 0.1793815898148148 0.263717509375 0.19222000555555557 0.2699254484375 0.19222000555555557 0.26995365729166665 0.17937589074074076
4 0.269929478125 0.21262467962962964 0.2637416885416667 0.2126303787037037 0.2636933307291667 0.22546594444444445 0.269903284375 0.22546594444444445 0.269929478125 0.21262467962962964
4 0.26996776145833334 0.2460473064814815 0.26378198645833334 0.2460530064814815 0.26373362864583333 0.2588885722222222 0.26994156770833333 0.2588885722222222 0.26996776145833334 0.2460473064814815
4 0.2699879104166667 0.279612425 0.2638001208333333 0.279618125 0.26375176302083336 0.29245369074074073 0.2699617166666667 0.29245369074074073 0.2699879104166667 0.279612425
4 0.2699476125 0.31297805648148147 0.2637618375 0.31298375648148147 0.2637134796875 0.3258221712962963 0.26992141875000003 0.3258221712962963 0.2699476125 0.31297805648148147
4 0.269981865625 0.34615845 0.26379407604166666 0.34616414907407406 0.26374571822916665 0.35900256481481485 0.26995567187499997 0.35900256481481485 0.269981865625 0.34615845
4 0.26997380625 0.3793388425925926 0.2637860166666667 0.3793445425925926 0.26373765885416667 0.39218295833333333 0.2699476125 0.39218295833333333 0.26997380625 0.3793388425925926
4 0.2698952244791667 0.41270732407407407 0.26370743489583337 0.4127130240740741 0.26365907708333336 0.42554858888888886 0.26986701614583336 0.42554858888888886 0.2698952244791667 0.41270732407407407
4 0.2698952244791667 0.44596181203703705 0.26370743489583337 0.445967512037037 0.26365907708333336 0.45880307777777773 0.2698690307291667 0.45880307777777773 0.2698952244791667 0.44596181203703705
4 0.2699254484375 0.4794186379629629 0.26373765885416667 0.479424337037037 0.26368930104166666 0.4922627527777778 0.26989723958333334 0.4922627527777778 0.2699254484375 0.4794186379629629
4 0.2700040296875 0.5131205472222222 0.26381624010416665 0.5131262472222222 0.26376788229166664 0.5259618120370371 0.2699758208333333 0.5259618120370371 0.2700040296875 0.5131205472222222
4 0.26993149322916665 0.5463151898148148 0.2637437036458333 0.5463208888888889 0.2636953453125 0.5591593046296297 0.2699052989583333 0.5591593046296297 0.26993149322916665 0.5463151898148148
4 0.27002619375 0.5796722712962963 0.26384041927083335 0.5796779712962963 0.26379206145833334 0.592513537037037 0.26999999999999996 0.592513537037037 0.27002619375 0.5796722712962963
4 0.26997985104166666 0.612892562037037 0.26379206145833334 0.612898262037037 0.2637437036458333 0.6257338268518519 0.2699516421875 0.6257338268518519 0.26997985104166666 0.612892562037037
4 0.26993149322916665 0.6461812481481481 0.2637437036458333 0.6461869481481481 0.2636953453125 0.659025362962963 0.2699052989583333 0.659025362962963 0.26993149322916665 0.6461812481481481
4 0.2699476125 0.6795440296296297 0.2637618375 0.6795497296296297 0.2637134796875 0.6923881444444444 0.26992141875000003 0.6923881444444444 0.2699476125 0.6795440296296297
4 0.26996776145833334 0.7127586203703704 0.26377997187499996 0.7127671703703704 0.2637316140625 0.725602736111111 0.2699395526041667 0.725602736111111 0.26996776145833334 0.7127586203703704
4 0.2700080598958333 0.7460786546296296 0.2638202697916667 0.7460872046296296 0.26377191197916666 0.7589227703703704 0.26997985104166666 0.7589227703703704 0.2700080598958333 0.7460786546296296
4 0.2701672375 0.7795582787037038 0.26397944791666667 0.7795639787037036 0.26393109010416665 0.7923995444444445 0.27014104375 0.7923995444444445 0.2701672375 0.7795582787037038
4 0.2699717911458333 0.8128241666666667 0.2637840015625 0.8128298657407408 0.26373564374999997 0.8256682814814814 0.26994559739583335 0.8256682814814814 0.2699717911458333 0.8128241666666667
4 0.26987507552083334 0.8460900537037037 0.2636872859375 0.8460957537037037 0.263638928125 0.8589313194444443 0.2698468666666667 0.8589313194444443 0.26987507552083334 0.8460900537037037
4 0.270018134375 0.8795953259259259 0.25929881145833333 0.8794813333333333 0.2592967963541667 0.8923710462962963 0.2699979848958333 0.8923055 0.270018134375 0.8795953259259259
4 0.2697783598958334 0.9126645768518519 0.25905903697916666 0.9125505842592593 0.259057021875 0.9254431462962963 0.26975821093749996 0.9253747509259259 0.2697783598958334 0.9126645768518519
4 0.4194841828125 0.8461100027777778 0.4062683859375 0.8461157027777778 0.406220028125 0.8589541175925925 0.41952448124999997 0.8589626675925925 0.4194841828125 0.8461100027777778
4 0.4194600041666667 0.8128298657407408 0.40624420729166666 0.8128384157407408 0.40619584947916665 0.8256739814814814 0.41950030208333333 0.8256825305555555 0.4194600041666667 0.8128298657407408
4 0.41953858541666667 0.7795183814814816 0.4063227885416667 0.7795269305555556 0.4062744307291667 0.7923624962962963 0.41957888385416664 0.7923710462962963 0.41953858541666667 0.7795183814814816
4 0.41953858541666667 0.7460986037037036 0.4063227885416667 0.7461043027777777 0.4062744307291667 0.7589398685185186 0.41957888385416664 0.7589512685185186 0.41953858541666667 0.7460986037037036
4 0.4194197057291667 0.7127871185185185 0.4062039088541667 0.7127928185185185 0.4061555510416667 0.7256312342592592 0.4194600041666667 0.7256397833333333 0.4194197057291667 0.7127871185185185
4 0.4194197057291667 0.6795326305555556 0.4062059239583334 0.6795383296296296 0.40615756614583337 0.6923738953703704 0.4194600041666667 0.6923852953703704 0.4194197057291667 0.6795326305555556
4 0.41942172083333334 0.6460530064814815 0.4062059239583334 0.6460615555555556 0.40615756614583337 0.6588971212962963 0.41946201875 0.6589056712962963 0.41942172083333334 0.6460530064814815
4 0.41953858541666667 0.6127985185185185 0.4063227885416667 0.6128070675925926 0.4062744307291667 0.6256426333333333 0.41957888385416664 0.6256511824074074 0.41953858541666667 0.6127985185185185
4 0.4193814223958333 0.5796010259259259 0.4061656255208333 0.579606725925926 0.4061172677083333 0.5924422916666666 0.41942172083333334 0.5924536907407407 0.4193814223958333 0.5796010259259259
4 0.41949627239583337 0.5462952407407408 0.4062804755208333 0.5463009407407406 0.40623211770833334 0.5591393555555555 0.41953657083333334 0.5591479055555555 0.41949627239583337 0.5462952407407408
4 0.4195547046875 0.5129267601851852 0.4063389078125 0.5129324592592592 0.40629055 0.525770875 0.419595003125 0.5257794240740741 0.4195547046875 0.5129267601851852
4 0.41949627239583337 0.47939868888888887 0.4062804755208333 0.4794043888888889 0.40623211770833334 0.4922399546296296 0.41953657083333334 0.49225135370370376 0.41949627239583337 0.47939868888888887
4 0.4195547046875 0.4461100027777778 0.4063389078125 0.4461157027777778 0.40629055 0.45895126851851853 0.419595003125 0.45896266759259263 0.4195547046875 0.4461100027777778
4 0.4194398546875 0.4126617268518519 0.4062240578125 0.4126674268518518 0.40617570000000003 0.42550299259259255 0.419480153125 0.42551439166666666 0.4194398546875 0.4126617268518519
4 0.4194398546875 0.3792932462962963 0.4062240578125 0.37929894537037034 0.40617570000000003 0.3921345111111111 0.419480153125 0.3921459101851852 0.4194398546875 0.3792932462962963
4 0.41944589947916666 0.3461014537037037 0.4062301026041667 0.3461100027777778 0.4061817447916667 0.3589455685185185 0.4194861979166667 0.3589541175925926 0.41944589947916666 0.3461014537037037
4 0.4195023171875 0.312892562037037 0.4062865203125 0.312898262037037 0.4062381625 0.32573667685185187 0.4195426151041667 0.32574522685185187 0.4195023171875 0.312892562037037
4 0.41938948229166667 0.2794442861111111 0.40617368541666665 0.2794499861111111 0.40612532760416664 0.2922884009259259 0.4194297802083333 0.2922969509259259 0.41938948229166667 0.2794442861111111
4 0.41944589947916666 0.24599601018518516 0.4062301026041667 0.24600171018518519 0.4061817447916667 0.258840125 0.4194861979166667 0.25884867500000003 0.41944589947916666 0.24599601018518516
4 0.41944589947916666 0.21262752962962964 0.4062301026041667 0.2126332287037037 0.4061817447916667 0.22546879444444443 0.4194861979166667 0.22548019351851853 0.41944589947916666 0.21262752962962964
4 0.41938948229166667 0.17933884259259258 0.40617368541666665 0.1793473925925926 0.40612532760416664 0.19218295833333332 0.4194297802083333 0.1921915074074074 0.41938948229166667 0.17933884259259258
4 0.41944589947916666 0.1463721861111111 0.4062301026041667 0.14637788518518519 0.4061817447916667 0.15921345092592593 0.4194861979166667 0.15922485 0.41944589947916666 0.1463721861111111
4 0.41938948229166667 0.11284411481481482 0.40617368541666665 0.1128498148148148 0.40612532760416664 0.12568538055555553 0.4194297802083333 0.12569677962962963 0.41938948229166667 0.11284411481481482
4 0.41821478958333336 0.07700199444444444 0.4075377796875 0.07697919629629629 0.407515615625 0.09598176111111112 0.41829538593750004 0.09595326296296297 0.41821478958333336 0.07700199444444444
4 0.44142655677083337 0.08079224814814814 0.43076768072916666 0.08074095185185184 0.4307273828125 0.1061556 0.44138625833333334 0.10618409814814815 0.44142655677083337 0.08079224814814814
4 0.44131170677083337 0.10638073518518519 0.43065283072916666 0.10632943888888889 0.43070723333333333 0.13924194907407408 0.44128551302083335 0.13921345092592594 0.44131170677083337 0.10638073518518519
4 0.4413137213541667 0.13946993425925927 0.43065484583333336 0.13941863796296294 0.43070723333333333 0.1727557712962963 0.4413258109375 0.1727557712962963 0.4413137213541667 0.13946993425925927
4 0.4412976020833333 0.1729096611111111 0.4306387265625 0.1728583638888889 0.4306911140625 0.20619549722222222 0.44130969166666667 0.20619549722222222 0.4412976020833333 0.1729096611111111
4 0.4413842432291667 0.2063151898148148 0.4307273828125 0.2062638925925926 0.43077775520833334 0.23960102592592594 0.4413963328125 0.23960102592592594 0.4413842432291667 0.2063151898148148
4 0.4413963328125 0.23966657129629632 0.4307374572916667 0.239615275 0.43078984479166665 0.27295240833333334 0.44140842239583333 0.27295240833333334 0.4413963328125 0.23966657129629632
4 0.4414104369791667 0.2731119981481481 0.4307515614583333 0.27306355092592594 0.43080394947916667 0.30640068425925926 0.4414225265625 0.30640068425925926 0.4414104369791667 0.2731119981481481
4 0.4414064072916667 0.306540325 0.4307475317708333 0.30648902777777776 0.43079991927083333 0.3398261611111111 0.441418496875 0.3398261611111111 0.4414064072916667 0.306540325
4 0.44135603489583336 0.34022228518518516 0.43069715885416665 0.34017383888888886 0.430749546875 0.3735109722222222 0.4413681239583333 0.3735109722222222 0.44135603489583336 0.34022228518518516
4 0.44135603489583336 0.37355086944444443 0.43069715885416665 0.3735024222222222 0.43068708437500003 0.40598461111111106 0.441366109375 0.4059561129629629 0.44135603489583336 0.37355086944444443
4 0.44144267604166665 0.4062610425925926 0.43078380000000005 0.4062097462962963 0.4308361880208333 0.4395468796296296 0.4414547651041667 0.4395468796296296 0.44144267604166665 0.4062610425925926
4 0.4413237958333333 0.43978911388888886 0.43066492031250003 0.43973781666666667 0.43070723333333333 0.47298375648148144 0.44133387083333336 0.47307495 0.4413237958333333 0.43978911388888886
4 0.44132178125 0.4731433453703704 0.4306629057291667 0.4730948990740741 0.43071529322916663 0.5064320314814815 0.44133387083333336 0.5064320314814815 0.44132178125 0.4731433453703704
4 0.4414023776041667 0.5066201194444444 0.43074350208333334 0.5065688231481482 0.4307958895833333 0.5399059564814814 0.4414144671875 0.5399059564814814 0.4414023776041667 0.5066201194444444
4 0.4413600645833334 0.5400484472222222 0.43070118854166667 0.54 0.4307535765625 0.5733371333333334 0.44137215416666664 0.5733371333333334 0.4413600645833334 0.5400484472222222
4 0.441418496875 0.5734910231481481 0.4307596213541667 0.5734397268518518 0.43068708437500003 0.6057566259259259 0.441366109375 0.605785124074074 0.441418496875 0.5734910231481481
4 0.4415152125 0.6062439444444445 0.43085633697916664 0.6061926472222222 0.43090872447916667 0.6395297805555556 0.44152730208333335 0.6395297805555556 0.4415152125 0.6062439444444445
4 0.44143663125 0.6396865203703703 0.43077775520833334 0.6396352240740741 0.4308301432291667 0.6729723564814815 0.4414487203125 0.6729723564814815 0.44143663125 0.6396865203703703
4 0.44143663125 0.673086349074074 0.43077775520833334 0.6730350527777778 0.4308301432291667 0.7063721861111112 0.4414487203125 0.7063721861111112 0.44143663125 0.673086349074074
4 0.4414386458333333 0.7065688231481482 0.43077977031250003 0.706517525925926 0.4307273828125 0.7392704472222222 0.441366109375 0.7393274435185185 0.4414386458333333 0.7065688231481482
4 0.44138625833333334 0.7394129379629629 0.43076768072916666 0.7394129379629629 0.43081603854166667 0.7728355657407407 0.44143461614583335 0.7728355657407407 0.44138625833333334 0.7394129379629629
4 0.4413419302083333 0.77308065 0.43072335260416666 0.77308065 0.4307273828125 0.805756625925926 0.44130566197916665 0.8058136222222223 0.4413419302083333 0.77308065
4 0.4413419302083333 0.8059219148148148 0.43072335260416666 0.8059219148148148 0.4307273828125 0.8385978907407408 0.44130566197916665 0.8386548870370371 0.4413419302083333 0.8059219148148148
4 0.4413842432291667 0.8388800231481481 0.43076566614583334 0.8388800231481481 0.43068708437500003 0.8722428046296297 0.44130566197916665 0.8722713027777778 0.4413842432291667 0.8388800231481481
4 0.44128349791666666 0.8725306351851851 0.43066492031250003 0.8725306351851851 0.4307273828125 0.9227700203703704 0.4413459598958333 0.9227415222222222 0.44128349791666666 0.8725306351851851
4 0.308220834375 0.1456540324074074 0.300070521875 0.1456540324074074 0.3000805963541667 0.15833570833333332 0.308220834375 0.15836420648148147 0.308220834375 0.1456540324074074
4 0.3081341932291667 0.17908520925925925 0.2999838807291667 0.17908520925925925 0.29999395520833333 0.1917668851851852 0.3081341932291667 0.19179538333333335 0.3081341932291667 0.17908520925925925
4 0.30826516197916665 0.21245938981481483 0.30011485 0.21245938981481483 0.30012492447916667 0.22514106574074075 0.30826516197916665 0.2251695638888889 0.30826516197916665 0.21245938981481483
4 0.30826516197916665 0.24567113148148145 0.30011485 0.24567113148148145 0.30012492447916667 0.2583528074074074 0.30826516197916665 0.25838130555555555 0.30826516197916665 0.24567113148148145
4 0.3081805359375 0.27893986851851854 0.30003223854166666 0.27893986851851854 0.30004029843749996 0.2916215444444445 0.3081805359375 0.29165004259259264 0.3081805359375 0.27893986851851854
4 0.30826516197916665 0.3123282990740741 0.30011485 0.3123282990740741 0.30012492447916667 0.32500997407407406 0.30826516197916665 0.3250384722222222 0.30826516197916665 0.3123282990740741
4 0.3081805359375 0.3455970361111111 0.30003223854166666 0.3455970361111111 0.30004029843749996 0.35827871203703704 0.3081805359375 0.3583072101851852 0.3081805359375 0.3455970361111111
4 0.3081382229166667 0.37898546574074077 0.2999899255208333 0.37898546574074077 0.29999798489583335 0.39166714166666666 0.3081382229166667 0.3916956398148148 0.3081382229166667 0.37898546574074077
4 0.3081805359375 0.4123738953703704 0.30003223854166666 0.4123738953703704 0.30004029843749996 0.4250555712962963 0.3081805359375 0.42508406944444443 0.3081805359375 0.4123738953703704
4 0.30817449114583334 0.44548019351851853 0.3000241791666667 0.44548019351851853 0.30003425364583336 0.4581618694444444 0.30817449114583334 0.4581903675925926 0.30817449114583334 0.44548019351851853
4 0.30817449114583334 0.47917640370370373 0.3000241791666667 0.47917640370370373 0.30003425364583336 0.49185807962962963 0.30817449114583334 0.4918865777777777 0.30817449114583334 0.47917640370370373
4 0.30824904270833337 0.5125705333333334 0.30009873072916665 0.5125705333333334 0.30010880520833333 0.5252522083333333 0.30824904270833337 0.5252807064814815 0.30824904270833337 0.5125705333333334
4 0.3083195645833333 0.5457566259259259 0.30016925260416666 0.5457566259259259 0.30017932708333334 0.5584383018518518 0.3083195645833333 0.5584667999999999 0.3083195645833333 0.5457566259259259
4 0.308247028125 0.579045312037037 0.30009873072916665 0.579045312037037 0.30010679010416663 0.591726987962963 0.308247028125 0.5917554861111111 0.308247028125 0.579045312037037
4 0.30817650625 0.6123339981481482 0.30002619375 0.6123339981481482 0.3000362682291666 0.6250156740740741 0.30817650625 0.6250441722222222 0.30817650625 0.6123339981481482
4 0.30817449114583334 0.6457252777777778 0.30002619375 0.6457252777777778 0.30003425364583336 0.6584069537037037 0.30817449114583334 0.6584354518518518 0.30817449114583334 0.6457252777777778
4 0.30810396927083333 0.679219150925926 0.2999536572916667 0.679219150925926 0.29996373177083335 0.6919008268518518 0.30810396927083333 0.691929325 0.30810396927083333 0.679219150925926
4 0.308247028125 0.71230265 0.30009873072916665 0.71230265 0.30010679010416663 0.7249843259259259 0.308247028125 0.7250128240740741 0.308247028125 0.71230265
4 0.30817650625 0.7456967796296297 0.30002619375 0.7456967796296297 0.3000362682291666 0.7583784555555555 0.30817650625 0.7584069537037037 0.30817650625 0.7456967796296297
4 0.30817650625 0.7789854657407408 0.30002619375 0.7789854657407408 0.3000362682291666 0.7916671416666666 0.30817650625 0.7916956398148148 0.30817650625 0.7789854657407408
4 0.30817449114583334 0.8122741518518518 0.30002619375 0.8122741518518518 0.30003425364583336 0.8249558277777779 0.30817449114583334 0.824984325925926 0.30817449114583334 0.8122741518518518
4 0.30817650625 0.8455628379629629 0.30002619375 0.8455628379629629 0.3000362682291666 0.8582445138888889 0.30817650625 0.858273012037037 0.30817650625 0.8455628379629629
4 0.3083195645833333 0.8789541175925926 0.30016925260416666 0.8789541175925926 0.30017932708333334 0.8916357935185185 0.3083195645833333 0.8916642916666666 0.3083195645833333 0.8789541175925926
4 0.30810396927083333 0.9123453972222222 0.2999536572916667 0.9123453972222222 0.29996373177083335 0.9250270731481481 0.30810396927083333 0.9250555712962963 0.30810396927083333 0.9123453972222222
4 0.3717106588541667 0.9143915648148149 0.36425750572916665 0.9143488175925926 0.3642957890625 0.9251353657407407 0.37179125520833334 0.9250498712962962 0.3717106588541667 0.9143915648148149
4 0.3716703604166666 0.8810202333333333 0.3642957890625 0.8811057277777778 0.3642534755208333 0.8917241379629629 0.3717489421875 0.8916386435185185 0.3716703604166666 0.8810202333333333
4 0.3717489421875 0.8477771444444445 0.36437437031250003 0.8478626388888889 0.3643320572916667 0.8584810490740741 0.37182752343750003 0.8583955546296296 0.3717489421875 0.8477771444444445
4 0.3717066291666667 0.8144400111111111 0.3643320572916667 0.8145255055555556 0.3642897442708334 0.8251439157407408 0.3717852104166666 0.8250584212962963 0.3717066291666667 0.8144400111111111
4 0.3717549869791667 0.7814648046296296 0.3643804151041667 0.7815502990740741 0.3643381020833333 0.7921687092592592 0.37183356822916663 0.7920832148148148 0.3717549869791667 0.7814648046296296
4 0.37160588333333333 0.7480649759259259 0.3642313114583333 0.7481504703703704 0.3641889984375 0.7587688796296296 0.3716844651041667 0.7586833851851852 0.37160588333333333 0.7480649759259259
4 0.3717549869791667 0.7147363925925926 0.3643804151041667 0.7148218870370371 0.3643381020833333 0.7254402962962962 0.37183356822916663 0.7253548018518519 0.3717549869791667 0.7147363925925926
4 0.3717428973958333 0.6814306074074075 0.3643683255208333 0.6815161018518519 0.3643260125 0.6921345111111111 0.3718214791666667 0.6920490166666667 0.3717428973958333 0.6814306074074075
4 0.37161595833333333 0.6480108296296295 0.36424138645833337 0.648096324074074 0.36419907291666664 0.6587147333333334 0.3716945395833333 0.6586292388888889 0.37161595833333333 0.6480108296296295
4 0.3716582713541667 0.6146822453703703 0.36428369947916667 0.6147677398148148 0.3643562359375 0.6252208601851852 0.3717368526041666 0.6253006555555556 0.3716582713541667 0.6146822453703703
4 0.3716703604166666 0.581333712962963 0.3642192223958334 0.5814220574074075 0.3642937739583333 0.5918751777777778 0.3716703604166666 0.591906525925926 0.3716703604166666 0.581333712962963
4 0.37178319583333336 0.5480307777777778 0.3643320572916667 0.5481219722222223 0.3644066088541667 0.5585722425925925 0.37178319583333336 0.5586035907407407 0.37178319583333336 0.5480307777777778
4 0.37168245 0.5149159305555555 0.3642313114583333 0.515004275 0.36430586354166666 0.5254573953703703 0.37168245 0.5254887435185185 0.37168245 0.5149159305555555
4 0.3717328229166667 0.48144485648148155 0.364281684375 0.48153319999999994 0.3643562359375 0.4919863212962963 0.3717328229166667 0.4920176685185186 0.3717328229166667 0.48144485648148155
4 0.37178319583333336 0.4479025361111111 0.3643320572916667 0.4479908805555556 0.3644066088541667 0.45844400092592597 0.37178319583333336 0.45847534907407406 0.37178319583333336 0.4479025361111111
4 0.3717328229166667 0.4145027074074074 0.364281684375 0.41459105185185186 0.3643562359375 0.42504417222222224 0.3717328229166667 0.4250755203703704 0.3717328229166667 0.4145027074074074
4 0.37178319583333336 0.3811741240740741 0.3643320572916667 0.3812624675925926 0.3644066088541667 0.3917155888888889 0.37178319583333336 0.3917469361111111 0.37178319583333336 0.3811741240740741
4 0.37168245 0.3479167851851852 0.3642313114583333 0.34800512962962965 0.36430586354166666 0.35845825 0.37168245 0.3584895981481481 0.37168245 0.3479167851851852
4 0.3716502114583333 0.31467654629629627 0.3642534755208333 0.31474209166666667 0.36432802760416666 0.32519521203703705 0.3717046140625 0.3252237101851852 0.3716502114583333 0.31467654629629627
4 0.3716502114583333 0.2812596185185185 0.3642534755208333 0.2813251638888889 0.36432802760416666 0.2917754342592593 0.3717046140625 0.2918067824074074 0.3716502114583333 0.2812596185185185
4 0.3717287932291667 0.24786263888888888 0.364334071875 0.24792818425925922 0.3644066088541667 0.25837845555555555 0.37178319583333336 0.2584098037037037 0.3717287932291667 0.24786263888888888
4 0.3716300625 0.21460245092592592 0.3642333265625 0.2146679962962963 0.36430586354166666 0.22512111666666668 0.3716844651041667 0.2251524648148148 0.3716300625 0.21460245092592592
4 0.3716784203125 0.18134511296296296 0.36428369947916667 0.18141065833333334 0.3643562359375 0.19186377870370372 0.3717328229166667 0.19189512685185184 0.3716784203125 0.18134511296296296
4 0.371779165625 0.14801652870370371 0.3643844447916667 0.148082075 0.3644569817708333 0.15853519537037036 0.37183356822916663 0.1585665435185185 0.371779165625 0.14801652870370371
4 0.4638303447916667 0.14794528333333332 0.4564336088541667 0.14801082962962964 0.4565081604166667 0.15846395 0.46388474687500003 0.15849529814814817 0.4638303447916667 0.14794528333333332
4 0.4638968364583333 0.18124536944444444 0.456502115625 0.18131091481481482 0.4565746526041667 0.19176403518518517 0.4639512390625 0.19179253333333332 0.4638968364583333 0.18124536944444444
4 0.46373161406249996 0.2146337990740741 0.456334878125 0.21469934444444444 0.45640741510416666 0.22514961481481482 0.4637860166666667 0.22518096296296294 0.46373161406249996 0.2146337990740741
4 0.46381422552083335 0.2478455398148148 0.45641748958333334 0.24790823611111112 0.4564920411458333 0.25836135648148145 0.46386862760416664 0.25839270462962965 0.46381422552083335 0.2478455398148148
4 0.4637719119791667 0.28129096574074075 0.4563771911458333 0.28135651203703704 0.456449728125 0.2918096324074074 0.46382631458333334 0.2918381305555556 0.4637719119791667 0.28129096574074075
4 0.4638565385416667 0.31461954999999997 0.4564598026041667 0.31468509537037037 0.4565343541666667 0.32513821574074075 0.46391094114583337 0.3251695638888889 0.4638565385416667 0.31461954999999997
4 0.46368930104166667 0.34806782592592594 0.45629256510416666 0.3481333712962963 0.4563671166666667 0.3585836416666667 0.46374370364583334 0.3586149898148148 0.46368930104166667 0.34806782592592594
4 0.46381422552083335 0.3812197203703704 0.45641748958333334 0.3812824166666667 0.4564920411458333 0.39173553703703706 0.46386862760416664 0.39176688518518515 0.46381422552083335 0.3812197203703704
4 0.4637719119791667 0.41466514722222225 0.4563771911458333 0.4147306925925926 0.456449728125 0.4251838129629629 0.46382631458333334 0.42521516111111113 0.4637719119791667 0.41466514722222225
4 0.4638565385416667 0.4479937305555556 0.4564598026041667 0.4480592759259259 0.4565343541666667 0.4585123962962963 0.46391094114583337 0.45854374444444446 0.4638565385416667 0.4479937305555556
4 0.4637719119791667 0.4813821601851852 0.4563771911458333 0.48144770555555555 0.456449728125 0.4919008268518518 0.46382631458333334 0.4919321740740741 0.4637719119791667 0.4813821601851852
4 0.46381422552083335 0.5148304361111111 0.45641748958333334 0.5148959814814815 0.4564920411458333 0.5253462527777778 0.46386862760416664 0.5253776 0.46381422552083335 0.5148304361111111
4 0.46381422552083335 0.5480991731481482 0.45641748958333334 0.5481647194444444 0.4564920411458333 0.5586178398148148 0.46386862760416664 0.558649187962963 0.46381422552083335 0.5480991731481482
4 0.46381422552083335 0.5813679111111111 0.45641748958333334 0.5814334564814815 0.4564920411458333 0.5918865777777778 0.46386862760416664 0.591917925 0.46381422552083335 0.5813679111111111
4 0.46381422552083335 0.6147563407407408 0.45641748958333334 0.6148218870370371 0.4564920411458333 0.6252750074074074 0.46386862760416664 0.6253063546296297 0.46381422552083335 0.6147563407407408
4 0.46381422552083335 0.6480849240740741 0.45641748958333334 0.6481504703703704 0.4564920411458333 0.6586035907407407 0.46386862760416664 0.6586349388888889 0.46381422552083335 0.6480849240740741
4 0.4637719119791667 0.6814733546296297 0.4563771911458333 0.6815389 0.456449728125 0.6919920203703703 0.46382631458333334 0.6920233685185185 0.4637719119791667 0.6814733546296297
4 0.46381422552083335 0.714801937962963 0.45641748958333334 0.7148674833333333 0.4564920411458333 0.7253206037037038 0.46386862760416664 0.7253519518518518 0.46381422552083335 0.714801937962963
4 0.4638565385416667 0.7480136787037037 0.4564598026041667 0.748079225 0.4565343541666667 0.7585323453703704 0.46391094114583337 0.7585608435185185 0.4638565385416667 0.7480136787037037
4 0.4637719119791667 0.7813422629629629 0.4563771911458333 0.7814078083333333 0.456449728125 0.7918609287037037 0.46382631458333334 0.7918922768518518 0.4637719119791667 0.7813422629629629
4 0.46373161406249996 0.8145540037037038 0.456334878125 0.8146195500000001 0.45640741510416666 0.8250698203703705 0.4637860166666667 0.8251011685185184 0.46373161406249996 0.8145540037037038
4 0.463779971875 0.8478426898148148 0.45638525104166666 0.8479082361111111 0.4564577875 0.8583585064814815 0.4638343744791667 0.8583898546296297 0.463779971875 0.8478426898148148
4 0.463779971875 0.8811313768518518 0.45638525104166666 0.8811969222222222 0.4564577875 0.8916500425925926 0.4638343744791667 0.8916813907407407 0.463779971875 0.8811313768518518
4 0.463779971875 0.9145226564814816 0.45638525104166666 0.9145882018518519 0.4564577875 0.9250413222222222 0.4638343744791667 0.9250726703703703 0.463779971875 0.9145226564814816
4 0.5281079989583334 0.9122257055555555 0.519762240625 0.9121573101851852 0.5198267177083333 0.9250783694444444 0.5281079989583334 0.9249928759259259 0.5281079989583334 0.9122257055555555
4 0.5282127744791667 0.878851525 0.5198670161458333 0.8787802796296297 0.5199314932291667 0.8917041888888889 0.5282087447916667 0.8916785407407407 0.5282127744791667 0.878851525
4 0.52806165625 0.8455941861111111 0.51980656875 0.8456540324074074 0.5197803750000001 0.858446850925926 0.5280576265625 0.8584212027777778 0.52806165625 0.8455941861111111
4 0.52806165625 0.8120946138888889 0.51980656875 0.8121544601851851 0.5197803750000001 0.8249472787037037 0.5280576265625 0.8249216305555556 0.52806165625 0.8120946138888889
4 0.5281019546875 0.7788258759259259 0.5198468666666667 0.7788857222222223 0.5198206729166667 0.7916785407407407 0.5280999395833333 0.7916528925925926 0.5281019546875 0.7788258759259259
4 0.5281442677083333 0.7455542888888889 0.5198891796875 0.7456169851851852 0.5198629859375 0.7584069537037037 0.5281422526041667 0.7583841546296296 0.5281442677083333 0.7455542888888889
4 0.5281200885416667 0.7123055 0.5198650010416667 0.7123653462962962 0.5198388072916666 0.7251581648148149 0.5281160588541667 0.7251325166666667 0.5281200885416667 0.7123055
4 0.5280999395833333 0.6792732972222222 0.5198448520833333 0.6793331435185185 0.5198186578125 0.692125962037037 0.5280979244791667 0.6921003138888889 0.5280999395833333 0.6792732972222222
4 0.5281603869791667 0.6458307212962963 0.5199052989583334 0.6458905666666667 0.5198791052083334 0.6586833851851852 0.528158371875 0.6586577370370371 0.5281603869791667 0.6458307212962963
4 0.5279790447916667 0.6126417787037037 0.5197239572916666 0.612704474074074 0.5196977635416666 0.6254944425925926 0.5279770302083333 0.6254716444444445 0.5279790447916667 0.6126417787037037
4 0.5280999395833333 0.5789455685185185 0.5198448520833333 0.5790054148148148 0.5198186578125 0.5917982333333334 0.5280979244791667 0.5917725851851852 0.5280999395833333 0.5789455685185185
4 0.5281603869791667 0.545759475925926 0.5199052989583334 0.5458193212962963 0.5198791052083334 0.5586121398148148 0.528158371875 0.5585864916666666 0.5281603869791667 0.545759475925926
4 0.5281603869791667 0.51231405 0.5199052989583334 0.5123767453703704 0.5198791052083334 0.5251667138888889 0.528158371875 0.5251439157407408 0.5281603869791667 0.51231405
4 0.5281603869791667 0.4788743231481481 0.5199052989583334 0.4789341694444445 0.5198791052083334 0.491726987962963 0.528158371875 0.49170133981481484 0.5281603869791667 0.4788743231481481
4 0.528220834375 0.44543174722222223 0.5199657463541667 0.4454915925925926 0.5199395526041667 0.4582844111111111 0.5282168041666666 0.458258762962963 0.528220834375 0.44543174722222223
4 0.5280999395833333 0.4122456537037037 0.5198448520833333 0.4123055 0.5198186578125 0.4250983185185185 0.5280979244791667 0.4250726703703704 0.5280999395833333 0.4122456537037037
4 0.5281603869791667 0.37897121666666667 0.5199052989583334 0.37903391296296296 0.5198791052083334 0.39182388148148145 0.528158371875 0.39180108333333336 0.5281603869791667 0.37897121666666667
4 0.528220834375 0.34569962962962963 0.5199657463541667 0.34576232500000004 0.5199395526041667 0.3585522944444444 0.5282168041666666 0.3585266453703704 0.528220834375 0.34569962962962963
4 0.528220834375 0.31234254814814816 0.5199657463541667 0.3124023935185185 0.5199395526041667 0.32519521203703705 0.5282168041666666 0.3251695638888889 0.528220834375 0.31234254814814816
4 0.5280999395833333 0.2788999712962963 0.5198448520833333 0.2789626675925926 0.5198186578125 0.29175263611111113 0.5280979244791667 0.291726987962963 0.5280999395833333 0.2788999712962963
4 0.528220834375 0.2457138787037037 0.5199657463541667 0.24577372500000003 0.5199395526041667 0.25856654351851854 0.5282168041666666 0.25854089444444445 0.528220834375 0.2457138787037037
4 0.5280979244791667 0.21254773425925927 0.5198428369791667 0.21261043055555556 0.5198166432291667 0.22540039907407408 0.5280938947916667 0.22537759999999998 0.5280979244791667 0.21254773425925927
4 0.5280999395833333 0.17899116574074075 0.5198448520833333 0.17905386111111113 0.5198186578125 0.19184383055555557 0.5280979244791667 0.1918210314814815 0.5280999395833333 0.17899116574074075
4 0.5280999395833333 0.1455913361111111 0.5198448520833333 0.1456540324074074 0.5198186578125 0.15844400092592592 0.5280979244791667 0.15842120277777777 0.5280999395833333 0.1455913361111111
4 0.4801732822916666 0.15391849537037036 0.46927664739583336 0.15402393888888888 0.4692121703125 0.1614990027777778 0.48019343125 0.16152750092592594 0.4801732822916666 0.15391849537037036
4 0.48023171458333336 0.18727557685185184 0.4693350796875 0.18738102037037035 0.46927060260416664 0.19485608425925927 0.48025186354166666 0.19488458240740741 0.48023171458333336 0.18727557685185184
4 0.48006447708333333 0.2206041611111111 0.46925246822916666 0.22057566296296294 0.46923231927083336 0.22815616944444445 0.48008462604166663 0.22821316574074071 0.48006447708333333 0.2206041611111111
4 0.4800080598958333 0.2536791111111111 0.469198065625 0.25365061296296293 0.46917791666666664 0.2612311203703704 0.4800282088541667 0.2612881166666667 0.4800080598958333 0.2536791111111111
4 0.4800080598958333 0.2872442287037037 0.469198065625 0.28721573055555555 0.46917791666666664 0.29479623796296295 0.4800282088541667 0.29485323425925924 0.4800080598958333 0.2872442287037037
4 0.4800503729166667 0.32068965555555556 0.4692383640625 0.3206611574074074 0.4692182145833333 0.32824166388888887 0.480070521875 0.32829866018518516 0.4800503729166667 0.32068965555555556
4 0.4800926859375 0.3540182388888889 0.4692806770833334 0.35398974074074074 0.469260528125 0.36157024814814814 0.48011283489583334 0.3616272444444445 0.4800926859375 0.3540182388888889
4 0.4800503729166667 0.3871701342592593 0.4692383640625 0.38714163611111113 0.4692182145833333 0.39472214351851853 0.480070521875 0.39477913981481483 0.4800503729166667 0.3871701342592593
4 0.4800765666666667 0.42055001388888885 0.4692645578125 0.4205215157407407 0.46924440885416663 0.42810202314814816 0.480096715625 0.42815901944444446 0.4800765666666667 0.42055001388888885
4 0.4800382833333333 0.4538016527777778 0.46922828958333335 0.45377315462962964 0.46920612552083335 0.46135366203703704 0.48005843229166667 0.46141065833333333 0.4800382833333333 0.4538016527777778
4 0.48004231302083333 0.48756625833333334 0.46923030416666667 0.48753776018518524 0.46921015520833337 0.49511826759259253 0.48006246197916663 0.49517526388888883 0.48004231302083333 0.48756625833333334
4 0.4799919401041667 0.5208235962962963 0.46917993125 0.5207950981481482 0.46915978229166666 0.5283756055555556 0.4800120895833333 0.5284326018518519 0.4799919401041667 0.5208235962962963
4 0.48004231302083333 0.5540096898148148 0.46923030416666667 0.5539811916666666 0.46921015520833337 0.5615616981481482 0.48006246197916663 0.5616186944444445 0.48004231302083333 0.5540096898148148
4 0.4800926859375 0.5871986324074074 0.4692806770833334 0.5871701342592592 0.469260528125 0.5947477916666667 0.48011283489583334 0.594807637962963 0.4800926859375 0.5871986324074074
4 0.4800926859375 0.6206668564814815 0.4692806770833334 0.6206383583333334 0.469260528125 0.6282188657407407 0.48011283489583334 0.628275862037037 0.4800926859375 0.6206668564814815
4 0.4799919401041667 0.6541379314814815 0.46917993125 0.6541094333333333 0.46915978229166666 0.6616899398148148 0.4800120895833333 0.6617469361111111 0.4799919401041667 0.6541379314814815
4 0.48004231302083333 0.6872556287037037 0.46923030416666667 0.6872271305555555 0.46921015520833337 0.694807637962963 0.48006246197916663 0.6948646342592593 0.48004231302083333 0.6872556287037037
4 0.4800926859375 0.720584212037037 0.4692806770833334 0.7205557138888888 0.469260528125 0.7281362212962963 0.48011283489583334 0.7281932175925926 0.4800926859375 0.720584212037037
4 0.4800926859375 0.7539840407407408 0.4692806770833334 0.7539555425925926 0.469260528125 0.76153605 0.48011283489583334 0.7615930462962963 0.4800926859375 0.7539840407407408
4 0.48014104375 0.787312625 0.46933105 0.7872841268518518 0.4693109005208333 0.7948646342592592 0.48016119270833335 0.7949216305555555 0.48014104375 0.787312625
4 0.48014104375 0.8204987175925925 0.46933105 0.8204702194444444 0.4693109005208333 0.8280507268518519 0.48016119270833335 0.8281077231481482 0.48014104375 0.8204987175925925
4 0.4799919401041667 0.8536876601851852 0.46917993125 0.853656312037037 0.46915978229166666 0.8612368194444444 0.4800120895833333 0.8612966657407407 0.4799919401041667 0.8536876601851852
4 0.48014104375 0.8871558851851853 0.46933105 0.8871273870370371 0.4693109005208333 0.8947078944444444 0.48016119270833335 0.8947648907407407 0.48014104375 0.8871558851851853
4 0.4799919401041667 0.9204873185185185 0.46917993125 0.9204559703703704 0.46915978229166666 0.9280364777777778 0.4800120895833333 0.928096324074074 0.4799919401041667 0.9204873185185185
4 0.3589985895833333 0.9205443148148148 0.34818859583333334 0.9205158166666666 0.34816844635416666 0.928096324074074 0.35901873854166666 0.9281533203703703 0.3589985895833333 0.9205443148148148
4 0.35886157552083336 0.8870361925925926 0.3480495666666667 0.8870076944444444 0.34802941770833334 0.8945882018518518 0.358881725 0.8946451981481481 0.35886157552083336 0.8870361925925926
4 0.35886157552083336 0.8538444000000001 0.3480495666666667 0.8538159018518519 0.34802941770833334 0.8613964092592593 0.358881725 0.8614534055555556 0.35886157552083336 0.8538444000000001
4 0.35879306875 0.8206041611111111 0.34798105989583333 0.820575662962963 0.34796091093750003 0.8281561694444445 0.35881321770833335 0.8282131657407408 0.35879306875 0.8206041611111111
4 0.35886157552083336 0.7872641777777778 0.3480495666666667 0.7872356796296296 0.34802941770833334 0.794816187037037 0.358881725 0.7948731833333333 0.35886157552083336 0.7872641777777778
4 0.35882933697916664 0.754032487962963 0.34801934322916667 0.7540039898148148 0.3479991942708333 0.7615844972222222 0.3588494859375 0.7616414935185185 0.35882933697916664 0.754032487962963
4 0.3590106791666667 0.7205044175925925 0.34819867031249996 0.7204759194444444 0.34817852083333334 0.7280564259259259 0.35903082812500003 0.7281134222222222 0.3590106791666667 0.7205044175925925
4 0.3590711265625 0.6872328296296296 0.34825911770833334 0.6872043314814814 0.34823896822916667 0.6947848388888889 0.3590912755208333 0.6948418351851852 0.3590711265625 0.6872328296296296
4 0.358889784375 0.654043887037037 0.34807979062500005 0.6540153888888889 0.3480596411458333 0.6615958962962962 0.3589099333333333 0.6616528925925925 0.358889784375 0.654043887037037
4 0.358889784375 0.6207722999999999 0.34807979062500005 0.6207438018518519 0.3480596411458333 0.6283243092592592 0.3589099333333333 0.6283813055555555 0.358889784375 0.6207722999999999
4 0.35895023177083335 0.5872442287037036 0.3481382229166667 0.5872157305555555 0.34811807395833333 0.594796237962963 0.35897038072916665 0.5948532342592593 0.35895023177083335 0.5872442287037036
4 0.35882933697916664 0.5540581361111111 0.34801934322916667 0.5540296379629629 0.3479991942708333 0.5616101453703704 0.3588494859375 0.5616671416666666 0.35882933697916664 0.5540581361111111
4 0.358889784375 0.5208720435185185 0.34807979062500005 0.5208435453703704 0.3480596411458333 0.5284240527777778 0.3589099333333333 0.5284810490740741 0.358889784375 0.5208720435185185
4 0.358889784375 0.48751496111111114 0.34807979062500005 0.48748646296296294 0.3480596411458333 0.49506697037037034 0.3589099333333333 0.49512396666666664 0.358889784375 0.48751496111111114
4 0.35882933697916664 0.45381590185185183 0.34801934322916667 0.4537874037037037 0.3479991942708333 0.46136791111111114 0.3588494859375 0.46142490740740744 0.35882933697916664 0.45381590185185183
4 0.3590106791666667 0.42045882037037036 0.34819867031249996 0.4204303222222222 0.34817852083333334 0.4280108296296296 0.35903082812500003 0.4280678259259259 0.3590106791666667 0.42045882037037036
4 0.358889784375 0.38718723240740743 0.34807979062500005 0.3871587342592593 0.3480596411458333 0.39473924166666663 0.3589099333333333 0.3947962379629629 0.358889784375 0.38718723240740743
4 0.358889784375 0.3539156453703704 0.34807979062500005 0.35388714722222225 0.3480596411458333 0.3614676546296296 0.3589099333333333 0.3615246509259259 0.358889784375 0.3539156453703704
4 0.35882933697916664 0.3205585638888889 0.34801934322916667 0.3205300657407407 0.3479991942708333 0.3281105731481482 0.3588494859375 0.3281675694444444 0.35882933697916664 0.3205585638888889
4 0.358889784375 0.2873696212962963 0.34807979062500005 0.28734112314814814 0.3480596411458333 0.29492163055555554 0.3589099333333333 0.29497862685185183 0.358889784375 0.2873696212962963
4 0.358889784375 0.2540125388888889 0.34807979062500005 0.25398404074074077 0.3480596411458333 0.26156454814814817 0.3589099333333333 0.26162154444444446 0.358889784375 0.2540125388888889
4 0.35882933697916664 0.22048731851851852 0.34801934322916667 0.22045597037037037 0.3479991942708333 0.22803647777777777 0.3588494859375 0.22809632407407407 0.35882933697916664 0.22048731851851852
4 0.358889784375 0.18721288148148146 0.34807979062500005 0.18718438333333332 0.3480596411458333 0.19476489074074074 0.3589099333333333 0.19482188703703704 0.358889784375 0.18721288148148146
4 0.3588958291666666 0.1540068398148148 0.34808382031249996 0.15397834166666666 0.34806367135416666 0.16155884907407406 0.35891597812500003 0.16161584537037035 0.3588958291666666 0.1540068398148148
2 0.40621801354166664 0.903282987037037 0.3842131776041667 0.903282987037037 0.38429981874999997 0.9404103731481481 0.4063046546875 0.9406554574074074 0.40621801354166664 0.903282987037037
1 0 0 0 1 1 1 1 0 0 0
3 0.6847189197916667 0.9319150759259259 0.9106488010416667 0.931758336111111 0.9105399958333333 0.04017383888888889 0.8175861375 0.04032772870370371 0.8174773322916666 0.0161556 0.7512069312499999 0.015998860185185187 0.7512069312499999 0.04032772870370371 0.6965162197916667 0.04064120833333333 0.6962965947916667 0.8550299231481482 0.6844972796875 0.8550299231481482 0.6847189197916667 0.9319150759259259
4 0.7218658067708333 0.8552750074074074 0.7219101348958333 0.8811912222222222 0.7450654843750001 0.8813166148148148 0.7451077979166667 0.8552750074074074 0.7218658067708333 0.8552750074074074
4 0.7217227484375001 0.8225819324074075 0.7217670765625 0.8484981472222223 0.7449204109374999 0.8486235398148148 0.7449647390624999 0.8225819324074075 0.7217227484375001 0.8225819324074075
4 0.7218617770833333 0.7887147333333333 0.7219403588541666 0.8151353657407407 0.7450957083333333 0.8152579083333333 0.7449526494791667 0.7887147333333333 0.7218617770833333 0.7887147333333333
4 0.721815434375 0.7557993731481482 0.721894015625 0.7822200055555555 0.7450493651041667 0.7823425481481481 0.7449063067708334 0.7557993731481482 0.721815434375 0.7557993731481482
4 0.7218597625 0.7223112 0.7219363286458333 0.7487318324074074 0.7450916786458334 0.7488543740740741 0.7449506348958334 0.7223112 0.7218597625 0.7223112
4 0.721815434375 0.6892561981481482 0.721894015625 0.7156768305555555 0.7450493651041667 0.7157993731481481 0.7449063067708334 0.6892561981481482 0.721815434375 0.6892561981481482
4 0.7218597625 0.655768025 0.7219363286458333 0.6821886574074074 0.7450916786458334 0.6823111999999999 0.7449506348958334 0.655768025 0.7218597625 0.655768025
4 0.7218819260416667 0.6223995444444445 0.7218496875 0.6490681101851852 0.7450050375 0.6491935027777778 0.744872053125 0.6223995444444445 0.7218819260416667 0.6223995444444445
4 0.7218275234375 0.589036762962963 0.7217973 0.6157053287037038 0.7449506348958334 0.6158307212962962 0.7448176505208333 0.589036762962963 0.7218275234375 0.589036762962963
4 0.7218637921875001 0.5556910796296296 0.7218335682291667 0.5823624962962963 0.7449869031249999 0.5824850388888889 0.7449325005208334 0.5556853805555556 0.7218637921875001 0.5556910796296296
4 0.8412190208333333 0.8220661157407407 0.8412230505208333 0.8485665435185185 0.8694781380208333 0.8487175833333334 0.8693169453125 0.8219008268518518 0.8412190208333333 0.8220661157407407
4 0.8412915572916667 0.788666287037037 0.8412976020833334 0.8151667138888888 0.8695506749999999 0.8153177546296296 0.8693935119791667 0.7887147333333333 0.8412915572916667 0.788666287037037
4 0.8413056619791667 0.7557395268518518 0.8413096916666666 0.7822399546296297 0.8695647791666666 0.7823909944444444 0.8694076161458334 0.755787974074074 0.8413056619791667 0.7557395268518518
4 0.8410457385416666 0.7222855518518518 0.8410497682291667 0.7487859787037037 0.8693048557291667 0.7489370194444445 0.8691476927083334 0.7223339981481481 0.8410457385416666 0.7222855518518518
4 0.8410457385416666 0.6891992018518519 0.8410497682291667 0.7156996296296296 0.8693048557291667 0.7158506694444445 0.8691476927083334 0.6892476490740741 0.8410457385416666 0.6891992018518519
4 0.8411767078125 0.655562837962963 0.8411807375 0.6820632657407407 0.869435825 0.6822143064814815 0.8692766473958333 0.6556112851851852 0.8411767078125 0.655562837962963
4 0.8413056619791667 0.6228441148148148 0.8413096916666666 0.6493416925925927 0.8695647791666666 0.6494927333333332 0.8694056015625 0.622892562037037 0.8413056619791667 0.6228441148148148
4 0.8411767078125 0.5892049018518518 0.8411807375 0.6157053287037038 0.869435825 0.6158563694444444 0.8692786619791666 0.5892533481481481 0.8411767078125 0.5892049018518518
4 0.8411767078125 0.5559361638888889 0.8411807375 0.5824365916666666 0.869435825 0.5825876314814815 0.8692786619791666 0.5559846111111112 0.8411767078125 0.5559361638888889
4 0.8410457385416666 0.5224821888888889 0.8410497682291667 0.5489826157407407 0.8693048557291667 0.5491336564814815 0.8691476927083334 0.5225306351851852 0.8410457385416666 0.5224821888888889
4 0.8413056619791667 0.489213450925926 0.8413096916666666 0.5157110287037037 0.8695647791666666 0.5158620685185186 0.8694076161458334 0.4892618981481481 0.8413056619791667 0.489213450925926
4 0.8411767078125 0.45612425185185185 0.8411807375 0.4826246796296296 0.869435825 0.4827757194444445 0.8692766473958333 0.4561726990740741 0.8411767078125 0.45612425185185185
4 0.8411746927083333 0.42230265 0.8411807375 0.4488030777777778 0.8694338104166667 0.4489541175925926 0.8692766473958333 0.4223510972222222 0.8411746927083333 0.42230265
4 0.8411767078125 0.38903391296296297 0.8411807375 0.4155314907407407 0.869435825 0.4156825305555556 0.8692766473958333 0.38908235925925927 0.8411767078125 0.38903391296296297
4 0.8413056619791667 0.3559475629629629 0.8413117067708333 0.38244514074074076 0.8695667942708333 0.38259618148148145 0.8694076161458334 0.3559960101851852 0.8413056619791667 0.3559475629629629
4 0.8411767078125 0.3226759759259259 0.8411807375 0.34917640370370373 0.869435825 0.3493274435185185 0.8692786619791666 0.32272442314814814 0.8411767078125 0.3226759759259259
4 0.8411767078125 0.2894072388888889 0.8411807375 0.31590766574074075 0.869435825 0.3160587064814815 0.8692786619791666 0.2894556851851852 0.8411767078125 0.2894072388888889
4 0.84143663125 0.2228669138888889 0.8414406609375 0.24936734074074074 0.8696957484375001 0.24951838148148148 0.8695365708333332 0.2229153601851852 0.84143663125 0.2228669138888889
4 0.8411767078125 0.2563208888888889 0.8411807375 0.28281846666666666 0.869435825 0.28296950740740745 0.8692786619791666 0.25636933611111107 0.8411767078125 0.2563208888888889
4 0.8411767078125 0.18941293796296296 0.8411807375 0.21591336574074074 0.869435825 0.21606440555555556 0.8692786619791666 0.18946138518518518 0.8411767078125 0.18941293796296296
4 0.8413056619791667 0.15614420092592593 0.8413096916666666 0.1826446277777778 0.8695647791666666 0.1827956685185185 0.8694056015625 0.15619264722222223 0.8413056619791667 0.15614420092592593
4 0.8413056619791667 0.12287546296296296 0.8413096916666666 0.14937304074074073 0.8695647791666666 0.14952408055555555 0.8694076161458334 0.12292391018518518 0.8413056619791667 0.12287546296296296
4 0.8409167843750001 0.0897862638888889 0.8409208140625 0.11628669166666666 0.8691759015625 0.11643773148148148 0.8690167239583333 0.08983471111111112 0.8409167843750001 0.0897862638888889
4 0.7884948619791667 0.88845825 0.7883699375000001 0.9065403249999999 0.8042716098958334 0.9067825592592592 0.8043119083333334 0.8884297518518519 0.7884948619791667 0.88845825
4 0.7885271005208333 0.8554659444444445 0.7884021760416666 0.8735480194444445 0.8043038484375 0.8737902537037038 0.804344146875 0.8554374462962963 0.7885271005208333 0.8554659444444445
4 0.7884646385416667 0.8221373611111111 0.7883397140625 0.8402194361111112 0.8042413864583333 0.8404616703703705 0.804281684375 0.8221088629629629 0.7884646385416667 0.8221373611111111
4 0.7884646385416667 0.7888059277777778 0.7883397140625 0.8068880018518518 0.8042413864583333 0.8071302361111111 0.804281684375 0.7887774296296297 0.7884646385416667 0.7888059277777778
4 0.7882752369791667 0.7554773435185185 0.788273221875 0.7736392138888889 0.8040519848958334 0.7738016527777778 0.8040922828125 0.7554488453703704 0.7882752369791667 0.7554773435185185
4 0.7883397140625 0.7222342546296296 0.7883376989583333 0.7403989740740741 0.8041164619791666 0.740558563888889 0.8041567598958334 0.7222057564814814 0.7883397140625 0.7222342546296296
4 0.7883397140625 0.6889056712962963 0.7883376989583333 0.7070675407407407 0.8041164619791666 0.7072299796296296 0.8041567598958334 0.6888771731481481 0.7883397140625 0.6889056712962963
4 0.7883397140625 0.6554858935185185 0.7883376989583333 0.6736477629629629 0.8041164619791666 0.6738102027777778 0.8041567598958334 0.6554573953703704 0.7883397140625 0.6554858935185185
4 0.7884021760416666 0.6224223425925927 0.7884001609375001 0.6405842120370371 0.8041789239583333 0.6407466518518519 0.8042192223958333 0.6223938444444445 0.7884021760416666 0.6224223425925927
4 0.7884807578125 0.5892989453703704 0.7884767276041666 0.6074636648148147 0.8042575057291667 0.6076232546296296 0.8042978036458333 0.5892704472222222 0.7884807578125 0.5892989453703704
4 0.7883558333333334 0.5557024796296296 0.788351803125 0.573867199074074 0.80413258125 0.574026787962963 0.8041728791666666 0.5556739814814814 0.7883558333333334 0.5557024796296296
4 0.7884807578125 0.5225505842592593 0.7884787427083333 0.5407124537037038 0.8042575057291667 0.5408748935185186 0.8042978036458333 0.5225220861111111 0.7884807578125 0.5225505842592593
4 0.7219363286458333 0.5224508407407407 0.7219061052083333 0.5491194074074074 0.7450594401041666 0.5492447990740741 0.7449264557291666 0.5224508407407407 0.7219363286458333 0.5224508407407407
4 0.7219524479166667 0.4893331435185185 0.721920209375 0.5160017101851851 0.745075559375 0.5161271018518518 0.7449425749999999 0.4893331435185185 0.7219524479166667 0.4893331435185185
4 0.7220390890625 0.45584497037037036 0.7220068505208334 0.482513537037037 0.7451622005208333 0.48263892870370373 0.7450292161458333 0.45584497037037036 0.7220390890625 0.45584497037037036
4 0.7220028208333333 0.42234254814814814 0.7220068505208334 0.448842975 0.7449929479166666 0.44901681388888887 0.7449929479166666 0.4224850388888889 0.7220028208333333 0.42234254814814814
4 0.7218718515625 0.38923625 0.7218758817708333 0.41573667685185184 0.7448619786458334 0.4159105157407407 0.7448619786458334 0.38937874074074075 0.7218718515625 0.38923625
4 0.7219584927083333 0.35599316018518523 0.7219625229166666 0.38249358796296296 0.7449486197916666 0.38266742685185184 0.7449526494791667 0.3560273583333333 0.7219584927083333 0.35599316018518523
4 0.7219584927083333 0.3228156166666667 0.7219625229166666 0.3493131944444444 0.7449486197916666 0.3494898833333333 0.7449486197916666 0.32295810740740744 0.7219584927083333 0.3228156166666667
4 0.7218718515625 0.2893872898148148 0.7218758817708333 0.3158877175925926 0.7448619786458334 0.31606155555555554 0.7448619786458334 0.28952978055555556 0.7218718515625 0.2893872898148148
4 0.7220028208333333 0.25596181203703705 0.7220068505208334 0.2824622398148148 0.7449929479166666 0.2826360787037037 0.7449929479166666 0.2561043027777778 0.7220028208333333 0.25596181203703705
4 0.7219584927083333 0.22278141944444446 0.7219625229166666 0.24928184629629632 0.7449486197916666 0.2494556851851852 0.7449486197916666 0.22292391018518518 0.7219584927083333 0.22278141944444446
4 0.7219141645833334 0.18935594166666667 0.721920209375 0.21585636944444445 0.7449042916666666 0.21603020833333333 0.7449042916666666 0.1894984324074074 0.7219141645833334 0.18935594166666667
4 0.7219141645833334 0.15611285277777778 0.721920209375 0.18261328055555556 0.7449042916666666 0.18278711851851853 0.7449042916666666 0.15625534351851852 0.7219141645833334 0.15611285277777778
4 0.7219584927083333 0.12299515555555555 0.7219625229166666 0.1494955824074074 0.7449486197916666 0.1496694212962963 0.7449486197916666 0.12313764629629628 0.7219584927083333 0.12299515555555555
4 0.7220451338541667 0.08963237407407408 0.7220491640625001 0.11612995185185186 0.7450352609375 0.11630663981481482 0.7450352609375 0.08977486481481482 0.7220451338541667 0.08963237407407408
4 0.7214587953125 0.05465944722222223 0.7215192421875 0.08398404074074074 0.7453757807291667 0.0838985462962963 0.7452548859375 0.05451695648148148 0.7214587953125 0.05465944722222223
4 0.7523896838541667 0.05473069259259259 0.7524501307291668 0.08405528611111111 0.7790650817708333 0.0839555425925926 0.7790650817708333 0.05431746944444444 0.7523896838541667 0.05473069259259259
4 0.7883659078124999 0.05481903703703704 0.7884263552083334 0.08414363055555554 0.8310296192708333 0.08387004814814815 0.8309087244791667 0.05440296388888889 0.7883659078124999 0.05481903703703704
4 0.8405702197916667 0.05465374722222222 0.8406306671875 0.08397834166666666 0.8698166432291666 0.08398404074074074 0.8697561958333334 0.05451695648148148 0.8405702197916667 0.05465374722222222
4 0.8773906911458333 0.05465089814814815 0.8774511385416666 0.08397549166666667 0.9048156359374999 0.08398404074074074 0.9047551885416667 0.05443146203703703 0.8773906911458333 0.05465089814814815
4 0.752687890625 0.08957822777777777 0.7526919203125 0.11607865462962963 0.7658069713541666 0.1162154462962963 0.7657062260416667 0.08951268148148149 0.752687890625 0.08957822777777777
4 0.7526556520833334 0.12320889166666668 0.7526616963541667 0.14970646944444443 0.7657767479166666 0.14984611018518518 0.7656760026041667 0.12314334537037036 0.7526556520833334 0.12320889166666668
4 0.75283699375 0.1562695925925926 0.7528410234374999 0.18276717037037038 0.765956075 0.18290681111111112 0.7658553296875 0.15620404629629628 0.75283699375 0.1562695925925926
4 0.7527463229166667 0.18945853518518518 0.7527503526041667 0.21595611296296296 0.76586741875 0.2160929037037037 0.7657666734375 0.1893901398148148 0.7527463229166667 0.18945853518518518
4 0.7525669958333334 0.22264462777777777 0.7525710255208333 0.24914505555555555 0.7656860770833334 0.24928184629629632 0.76558533125 0.22257908240740742 0.7525669958333334 0.22264462777777777
4 0.7527463229166667 0.2560900537037037 0.7527503526041667 0.28258763148148147 0.76586741875 0.28272727314814816 0.7657666734375 0.2560245083333333 0.7527463229166667 0.2560900537037037
4 0.7527463229166667 0.28940438888888886 0.7527503526041667 0.31590481574074075 0.76586741875 0.3160416074074074 0.7657666734375 0.28933884259259257 0.7527463229166667 0.28940438888888886
4 0.7526556520833334 0.3227215731481482 0.7526616963541667 0.3492220009259259 0.7657767479166666 0.34935879166666667 0.7656760026041667 0.32265602777777774 0.7526556520833334 0.3227215731481482
4 0.7526556520833334 0.35591051574074073 0.7526616963541667 0.3824080935185185 0.7657767479166666 0.38254773425925925 0.7656760026041667 0.3558449703703704 0.7526556520833334 0.35591051574074073
4 0.7525669958333334 0.3890966083333333 0.7525710255208333 0.41559703611111115 0.7656860770833334 0.41573382685185184 0.76558533125 0.38903106296296297 0.7525669958333334 0.3890966083333333
4 0.7526556520833334 0.4225420351851852 0.7526616963541667 0.44904246203703707 0.7657767479166666 0.4491792537037037 0.7656760026041667 0.4224764888888889 0.7526556520833334 0.4225420351851852
4 0.7525669958333334 0.45573097777777777 0.7525710255208333 0.48222855555555555 0.7656860770833334 0.48236819629629635 0.76558533125 0.4556654314814815 0.7525669958333334 0.45573097777777777
4 0.7529276645833334 0.48937019074074073 0.7529316947916667 0.5158677685185186 0.7660487609375 0.5160045592592593 0.7659480151041667 0.48930179537037033 0.7529276645833334 0.48937019074074073
4 0.7527120692708333 0.5226075805555556 0.7527160989583332 0.5491080083333334 0.7658311505208334 0.5492447990740741 0.7657304052083334 0.5225420351851853 0.7527120692708333 0.5226075805555556
4 0.7529276645833334 0.5558478194444445 0.7529316947916667 0.5823482472222222 0.7660487609375 0.5824850388888889 0.7659480151041667 0.5557822740740741 0.7529276645833334 0.5558478194444445
4 0.7529276645833334 0.5893929898148148 0.7529316947916667 0.6158934166666666 0.7660487609375 0.6160302083333333 0.7659480151041667 0.5893274435185185 0.7529276645833334 0.5893929898148148
4 0.7885432197916666 0.489222000925926 0.7885412046875 0.5073838703703704 0.8043199677083332 0.5075463092592594 0.8043602661458333 0.4891935027777778 0.7885432197916666 0.489222000925926
4 0.7883558333333334 0.45589056666666666 0.7883538182291667 0.47405243703703703 0.80413258125 0.4742148759259259 0.8041728791666666 0.4558620685185185 0.7883558333333334 0.45589056666666666
4 0.7884807578125 0.42247078981481484 0.7884787427083333 0.4406355083333333 0.8042575057291667 0.4407950981481481 0.8042978036458333 0.4224422916666667 0.7884807578125 0.42247078981481484
4 0.7883558333333334 0.38923055 0.7883538182291667 0.40739241944444443 0.80413258125 0.4075548592592593 0.8041728791666666 0.38920205185185186 0.7883558333333334 0.38923055
4 0.7884182953125 0.35581077222222224 0.7884162807291666 0.37397549166666666 0.8041950432291666 0.37413508148148145 0.8042353416666667 0.3557822740740741 0.7884182953125 0.35581077222222224
4 0.7886056822916667 0.3227472212962963 0.7886036671875 0.34090909074074077 0.8043824302083333 0.34107153055555556 0.8044227281249999 0.32271872314814815 0.7886056822916667 0.3227472212962963
4 0.7885432197916666 0.2893274435185185 0.7885412046875 0.307492162962963 0.8043199677083332 0.3076517527777778 0.8043602661458333 0.2892989453703704 0.7885432197916666 0.2893274435185185
4 0.7884807578125 0.25608720462962964 0.7884767276041666 0.2742490740740741 0.8042575057291667 0.27441151296296296 0.8042978036458333 0.2560587064814815 0.7884807578125 0.25608720462962964
4 0.7884807578125 0.22257908240740742 0.7884787427083333 0.24074095185185185 0.8042575057291667 0.24090339166666666 0.8042978036458333 0.22255058425925928 0.7884807578125 0.22257908240740742
4 0.7884807578125 0.18924764907407407 0.7884787427083333 0.20741236851851852 0.8042575057291667 0.20757195740740741 0.8042978036458333 0.18921915092592592 0.7884807578125 0.18924764907407407
4 0.7884807578125 0.1560957537037037 0.7884787427083333 0.17425762314814813 0.8042575057291667 0.17442006296296297 0.8042978036458333 0.15606725555555556 0.7884807578125 0.1560957537037037
4 0.7883558333333334 0.12320889166666668 0.7883538182291667 0.1413707611111111 0.80413258125 0.1415332 0.8041728791666666 0.12318039351851853 0.7883558333333334 0.12320889166666668
4 0.7883558333333334 0.089612425 0.7883538182291667 0.10777429444444445 0.80413258125 0.10793673425925926 0.8041728791666666 0.08958392685185185 0.7883558333333334 0.089612425
4 0.8147068307291666 0.08954687962962962 0.814704815625 0.10771159907407407 0.8304835786458333 0.10787118796296297 0.8305238765625 0.08951838148148147 0.8147068307291666 0.08954687962962962
4 0.8146443682291667 0.12305500185185186 0.8146423536458334 0.1412168712962963 0.8304211161458334 0.14137931018518518 0.8304614145833333 0.12302650370370372 0.8146443682291667 0.12305500185185186
4 0.81451944375 0.1562097462962963 0.8145174291666667 0.17437161574074075 0.8302961916666667 0.17453405555555557 0.8303364901041667 0.15618124814814816 0.81451944375 0.1562097462962963
4 0.8146443682291667 0.18927329722222222 0.8146423536458334 0.20743516666666667 0.8304211161458334 0.20759760648148148 0.8304614145833333 0.1892447990740741 0.8146443682291667 0.18927329722222222
4 0.81458190625 0.22269022500000002 0.8145798911458333 0.24085494444444444 0.8303586541666667 0.24101453425925928 0.8303989520833334 0.22266172685185184 0.81458190625 0.22269022500000002
4 0.8146443682291667 0.2559333138888889 0.8146423536458334 0.2740951842592593 0.8304211161458334 0.27425762314814817 0.8304614145833333 0.25590481574074075 0.8146443682291667 0.2559333138888889
4 0.8144569817708334 0.2894414361111111 0.8144549666666666 0.30760330555555554 0.8302337296875 0.3077657453703704 0.8302740276041667 0.28941293796296297 0.8144569817708334 0.2894414361111111
4 0.81458190625 0.32277002037037034 0.8145798911458333 0.3409318898148148 0.8303586541666667 0.3410943287037037 0.8303989520833334 0.3227415222222222 0.81458190625 0.32277002037037034
4 0.8147068307291666 0.35574522685185184 0.814704815625 0.37390709629629626 0.8304835786458333 0.37406953518518515 0.8305238765625 0.3557167287037037 0.8147068307291666 0.35574522685185184
4 0.8146443682291667 0.3893416925925926 0.8146423536458334 0.407506412037037 0.8304211161458334 0.40766600185185187 0.8304614145833333 0.38931319444444445 0.8146443682291667 0.3893416925925926
4 0.8146443682291667 0.4224052435185185 0.8146423536458334 0.44056996296296297 0.8304211161458334 0.44072955277777776 0.8304614145833333 0.42237674537037034 0.8146443682291667 0.4224052435185185
4 0.81451944375 0.4558250212962963 0.8145174291666667 0.47398689074074074 0.8302961916666667 0.4741493305555556 0.8303364901041667 0.45579652314814817 0.81451944375 0.4558250212962963
4 0.81458190625 0.48950983148148147 0.8145798911458333 0.507671700925926 0.8303586541666667 0.5078341407407407 0.8303989520833334 0.4894813333333334 0.81458190625 0.48950983148148147
4 0.8146443682291667 0.5228412657407407 0.8146423536458334 0.5410031351851852 0.8304211161458334 0.5411655740740741 0.8304614145833333 0.5228127675925925 0.8146443682291667 0.5228412657407407
4 0.81458190625 0.5557281277777778 0.8145798911458333 0.5738899972222222 0.8303586541666667 0.574052437037037 0.8303989520833334 0.5556996296296297 0.81458190625 0.5557281277777778
4 0.8147068307291666 0.5891450555555555 0.814704815625 0.6073097749999999 0.8304835786458333 0.6074693648148148 0.8305238765625 0.5891165574074074 0.8147068307291666 0.5891450555555555
4 0.81458190625 0.6223881444444445 0.8145798911458333 0.6405500138888889 0.8303586541666667 0.6407124537037038 0.8303989520833334 0.6223596462962963 0.81458190625 0.6223881444444445
4 0.8147068307291666 0.6557195777777778 0.814704815625 0.6738814481481482 0.8304835786458333 0.674043887037037 0.8305238765625 0.6556910796296296 0.8147068307291666 0.6557195777777778
4 0.8146443682291667 0.6891365064814815 0.8146423536458334 0.7072983759259259 0.8304211161458334 0.7074608148148148 0.8304614145833333 0.6891080083333334 0.8146443682291667 0.6891365064814815
4 0.8147068307291666 0.7222000574074073 0.814704815625 0.740364775925926 0.8304835786458333 0.7405243657407407 0.8305238765625 0.7221715592592592 0.8147068307291666 0.7222000574074073
4 0.8147068307291666 0.7553548018518519 0.814704815625 0.7735166712962963 0.8304835786458333 0.7736791111111111 0.8305238765625 0.7553263037037037 0.8147068307291666 0.7553548018518519
4 0.81458190625 0.7887717296296296 0.8145798911458333 0.806936449074074 0.8303586541666667 0.8070960388888889 0.8303989520833334 0.7887432314814814 0.81458190625 0.7887717296296296
4 0.8148317552083333 0.8221915074074074 0.8148297401041666 0.8403533768518519 0.8306085031249999 0.8405158166666666 0.8306488010416667 0.8221630092592592 0.8148317552083333 0.8221915074074074
4 0.8147692927083334 0.8555229407407408 0.8147672776041667 0.8736848101851852 0.830546040625 0.8738472500000001 0.8305863390624999 0.8554944425925926 0.8147692927083334 0.8555229407407408
4 0.8147068307291666 0.8884981472222222 0.814704815625 0.9066600166666666 0.8304835786458333 0.9068224564814814 0.8305238765625 0.8884696490740741 0.8147068307291666 0.8884981472222222
4 0.7697158973958333 0.8559133657407407 0.7697582109375 0.8846651472222222 0.7787426958333333 0.8845825018518518 0.7788837395833333 0.8557708749999999 0.7697158973958333 0.8559133657407407
4 0.7696534354166666 0.822493587962963 0.7696977635416666 0.8512453694444445 0.7786802338541666 0.8511627240740741 0.7788212776041666 0.8223510972222222 0.7696534354166666 0.822493587962963
4 0.7696534354166666 0.7894015388888889 0.7696957484375001 0.8181533203703704 0.7786802338541666 0.8180706750000001 0.7788212776041666 0.7892590481481482 0.7696534354166666 0.7894015388888889
4 0.7696010479166666 0.7560843546296296 0.7696433609375001 0.7848361361111111 0.7786278458333334 0.7847534907407407 0.7787688895833333 0.7559418638888888 0.7696010479166666 0.7560843546296296
4 0.7697058229166667 0.722695925 0.7697501510416667 0.7514477055555556 0.7787326213541667 0.751365061111111 0.7788736651041667 0.7225534342592592 0.7697058229166667 0.722695925
4 0.7696534354166666 0.6893074953703704 0.7696977635416666 0.7180592759259259 0.7786802338541666 0.7179766314814815 0.7788212776041666 0.6891650046296297 0.7696534354166666 0.6893074953703704
4 0.7697058229166667 0.6562125962962964 0.7697501510416667 0.6849643777777777 0.7787326213541667 0.6848817324074075 0.7788736651041667 0.6560701055555556 0.7697058229166667 0.6562125962962964
4 0.7696534354166666 0.6228241666666666 0.7696957484375001 0.6515759472222222 0.7786802338541666 0.6514933027777777 0.7788212776041666 0.6226816759259259 0.7696534354166666 0.6228241666666666
4 0.7696010479166666 0.5895069824074074 0.7696433609375001 0.618258762962963 0.7786278458333334 0.6181761185185185 0.7787688895833333 0.5893644916666666 0.7696010479166666 0.5895069824074074
4 0.7696534354166666 0.5562667425925927 0.7696957484375001 0.5850185240740741 0.7786802338541666 0.5849358796296296 0.7788212776041666 0.5561242518518519 0.7696534354166666 0.5562667425925927
4 0.7695486598958333 0.5232459388888888 0.7695929880208333 0.5519977203703704 0.7785754583333334 0.5519150759259259 0.7787165020833334 0.5231034481481481 0.7695486598958333 0.5232459388888888
4 0.7697058229166667 0.48985750925925925 0.7697501510416667 0.5186092907407407 0.7787326213541667 0.5185266453703704 0.7788736651041667 0.48971501851851845 0.7697058229166667 0.48985750925925925
4 0.7696010479166666 0.45661442037037037 0.7696433609375001 0.485366200925926 0.7786278458333334 0.4852835564814814 0.7787688895833333 0.4564719296296296 0.7696010479166666 0.45661442037037037
4 0.7696534354166666 0.42322599074074074 0.7696957484375001 0.4519777712962963 0.7786802338541666 0.45189512685185185 0.7788212776041666 0.4230835 0.7696534354166666 0.42322599074074074
4 0.7696534354166666 0.3897634657407408 0.7696957484375001 0.4185152462962963 0.7786802338541666 0.4184326018518519 0.7788212776041666 0.38962097500000004 0.7696534354166666 0.3897634657407408
4 0.7697058229166667 0.35652037592592595 0.7697481364583333 0.3852721574074074 0.7787326213541667 0.385189512962963 0.7788232921875 0.3563693361111111 0.7697058229166667 0.35652037592592595
4 0.7697058229166667 0.3231319462962963 0.7697481364583333 0.35188372777777777 0.7787326213541667 0.3518010833333334 0.7788232921875 0.3229980055555556 0.7697058229166667 0.3231319462962963
4 0.7696776145833333 0.2900341981481482 0.7697219421875 0.31878597870370373 0.7787044125 0.31870333425925923 0.7787970984375 0.2899002564814815 0.7696776145833333 0.2900341981481482
4 0.7695748541666667 0.25679110833333335 0.7696171671875 0.28554288981481485 0.7786016520833333 0.28546024537037035 0.7786923234375001 0.2566571675925926 0.7695748541666667 0.25679110833333335
4 0.7696776145833333 0.22332858333333333 0.7697219421875 0.25208036481481483 0.7787044125 0.2519977203703704 0.7787970984375 0.2231946425925926 0.7696776145833333 0.22332858333333333
4 0.7696252265625 0.19001424907407408 0.7696695546875 0.21876603055555555 0.778652025 0.21868338518518518 0.7787447109375001 0.1898803074074074 0.7696252265625 0.19001424907407408
4 0.7695748541666667 0.15669706481481482 0.7696171671875 0.18544884537037037 0.7786016520833333 0.18536620092592593 0.7786923234375001 0.15656312314814816 0.7695748541666667 0.15669706481481482
4 0.7696252265625 0.12338273055555554 0.7696695546875 0.15213451111111112 0.778652025 0.15205186666666667 0.7787447109375001 0.12324878888888888 0.7696252265625 0.12338273055555554
4 0.7696776145833333 0.09028783148148148 0.7697219421875 0.11904246203703703 0.7787044125 0.11895696759259258 0.7787970984375 0.09015388981481481 0.7696776145833333 0.09028783148148148
4 0.8951944390625 0.8891992018518519 0.8952367520833333 0.9179509833333334 0.9042212369791667 0.917868338888889 0.9043119083333334 0.8890652611111111 0.8951944390625 0.8891992018518519
4 0.8951561557291666 0.8557965231481482 0.89519846875 0.8845483046296296 0.9041829536458333 0.8844656601851851 0.904273625 0.8556625814814814 0.8951561557291666 0.8557965231481482
4 0.8952609307291667 0.8224793388888889 0.89530324375 0.8512339694444444 0.9042877291666667 0.851148475 0.9043784 0.8223453972222222 0.8952609307291667 0.8224793388888889
4 0.8951561557291666 0.7893872898148148 0.89519846875 0.8181390712962963 0.9041829536458333 0.818056425925926 0.904273625 0.7892533481481481 0.8951561557291666 0.7893872898148148
4 0.8951561557291666 0.7560701055555555 0.89519846875 0.7848247361111111 0.9041829536458333 0.7847392416666666 0.904273625 0.755936163888889 0.8951561557291666 0.7560701055555555
4 0.8950513802083333 0.7227557712962963 0.8950936932291668 0.7515075518518518 0.9040781786458333 0.7514249074074074 0.9041688494791666 0.7226218296296296 0.8950513802083333 0.7227557712962963
4 0.8951037677083333 0.6895867768518519 0.89514608125 0.7183414074074074 0.9041305661458333 0.718255912962963 0.9042212369791667 0.6894528351851852 0.8951037677083333 0.6895867768518519
4 0.8951561557291666 0.6562724425925925 0.89519846875 0.6850242231481481 0.9041829536458333 0.6849415787037036 0.904273625 0.656138500925926 0.8951561557291666 0.6562724425925925
4 0.8952085432291667 0.622884012962963 0.89525085625 0.6516357935185185 0.9042353416666666 0.6515531490740741 0.9043260125 0.6227500712962962 0.8952085432291667 0.622884012962963
4 0.8951561557291666 0.5896409231481481 0.89519846875 0.6183927046296296 0.9041829536458333 0.6183100601851852 0.904273625 0.5895069824074074 0.8951561557291666 0.5896409231481481
4 0.8952085432291667 0.5561783981481482 0.89525085625 0.5849301796296297 0.9042353416666666 0.5848475351851852 0.9043260125 0.5560444574074074 0.8952085432291667 0.5561783981481482
4 0.8951561557291666 0.5232316898148148 0.89519846875 0.5519834712962963 0.9041829536458333 0.5519008268518519 0.904273625 0.523097749074074 0.8951561557291666 0.5232316898148148
4 0.8952085432291667 0.4899173555555555 0.89525085625 0.5186691361111112 0.9042353416666666 0.5185864916666666 0.9043260125 0.4897834138888889 0.8952085432291667 0.4899173555555555
4 0.8951037677083333 0.4564519805555556 0.89514608125 0.48520661111111113 0.9041305661458333 0.48512111666666663 0.9042212369791667 0.4563180388888889 0.8951037677083333 0.4564519805555556
4 0.8952085432291667 0.4233599314814815 0.89525085625 0.45211171296296293 0.9042353416666666 0.45202906851851854 0.9043260125 0.42322599074074074 0.8952085432291667 0.4233599314814815
4 0.8952085432291667 0.3898233111111111 0.89525085625 0.4185750925925926 0.9042353416666666 0.4184924481481481 0.9043260125 0.3896893703703704 0.8952085432291667 0.3898233111111111
4 0.8951037677083333 0.35650612685185185 0.89514608125 0.3852579083333333 0.9041305661458333 0.3851752638888889 0.9042212369791667 0.3563721861111111 0.8951037677083333 0.35650612685185185
4 0.8952085432291667 0.29017098888888887 0.89525085625 0.31892277037037037 0.9042353416666666 0.318840125 0.9043260125 0.2900370472222222 0.8952085432291667 0.29017098888888887
4 0.8951561557291666 0.3230436018518518 0.89519846875 0.3517953833333333 0.9041829536458333 0.3517127388888889 0.904273625 0.32290966111111113 0.8951561557291666 0.3230436018518518
4 0.8951561557291666 0.2567084638888889 0.89519846875 0.28546024537037035 0.9041829536458333 0.2853776 0.904273625 0.2565745222222222 0.8951561557291666 0.2567084638888889
4 0.8952609307291667 0.22353947037037036 0.89530324375 0.25229125092592597 0.9042877291666667 0.25220860648148147 0.9043784 0.2234055287037037 0.8952609307291667 0.22353947037037036
4 0.8952609307291667 0.19015103981481482 0.89530324375 0.2189028212962963 0.9042877291666667 0.21882017685185187 0.9043784 0.19001709907407408 0.8952609307291667 0.19015103981481482
4 0.8951561557291666 0.15661442037037038 0.89519846875 0.18536620092592593 0.9041829536458333 0.18528355648148148 0.904273625 0.1564804787037037 0.8951561557291666 0.15661442037037038
4 0.8952085432291667 0.12337418055555555 0.89525085625 0.15212596203703704 0.9042353416666666 0.1520433175925926 0.9043260125 0.12324023981481481 0.8952085432291667 0.12337418055555555
4 0.8951561557291666 0.09020518703703703 0.89519846875 0.11895696759259258 0.9041829536458333 0.11887432314814814 0.904273625 0.09007124537037037 0.8951561557291666 0.09020518703703703
4 0.7993552286458333 0.023168994444444445 0.7993995567708333 0.04179253333333333 0.8101148499999999 0.041863778703703704 0.8098932098958334 0.023254488888888886 0.7993552286458333 0.023168994444444445
2 0.7225669958333333 0.8950926185185185 0.7226677411458333 0.9162439444444445 0.7442272817708333 0.9161584500000001 0.7442675802083334 0.8948703333333333 0.7225669958333333 0.8950926185185185
2 0.7536772114583333 0.8918780277777777 0.7536671369791667 0.9288800231481481 0.7659077171875001 0.9289256194444445 0.7657062260416667 0.8917925333333333 0.7536772114583333 0.8918780277777777
4 0.7529276645833334 0.622479338888889 0.7529316947916667 0.6489797666666667 0.7660487609375 0.6491165574074074 0.7659480151041667 0.6224137935185186 0.7529276645833334 0.622479338888889
4 0.7528188593749999 0.6557195777777778 0.7528228895833333 0.6822171555555556 0.7659399557291666 0.6823567972222222 0.7658392098958333 0.6556540324074074 0.7528188593749999 0.6557195777777778
4 0.7527120692708333 0.6891108574074074 0.7527160989583332 0.7156112851851851 0.7658311505208334 0.7157480759259259 0.7657304052083334 0.6890453120370371 0.7527120692708333 0.6891108574074074
4 0.7529276645833334 0.7220433175925925 0.7529316947916667 0.7485437444444444 0.7660487609375 0.7486805361111111 0.7659480151041667 0.7219777712962963 0.7529276645833334 0.7220433175925925
4 0.7526032640625 0.7555913361111111 0.75260729375 0.7820889138888889 0.7657223453125 0.7822285555555555 0.7656216 0.7555257907407408 0.7526032640625 0.7555913361111111
4 0.75269595 0.7883699055555555 0.7526999796875 0.8148674833333333 0.76581503125 0.815007124074074 0.7657142859375 0.7883043601851851 0.75269595 0.7883699055555555
4 0.75283699375 0.8220262185185185 0.7528410234374999 0.8485266453703704 0.7659580901041667 0.8486634370370371 0.7658573442708333 0.8219606722222222 0.75283699375 0.8220262185185185
4 0.7527624421875 0.8554288972222223 0.752766471875 0.881926475 0.7658835380208333 0.8820661157407407 0.7657827927083333 0.855363350925926 0.7527624421875 0.8554288972222223
4 0.8782490427083334 0.8884668 0.8782530729166667 0.914967226851852 0.8913701390625001 0.9151040185185185 0.8912693937499999 0.8884012537037037 0.8782490427083334 0.8884668
4 0.8780677010416666 0.8554060981481482 0.8780737458333333 0.881906525925926 0.891188796875 0.8820433175925926 0.8910880515625 0.8553405527777778 0.8780677010416666 0.8554060981481482
4 0.8780677010416666 0.8218352805555555 0.8780737458333333 0.8483357083333334 0.891188796875 0.8484724990740741 0.8910880515625 0.8217697351851851 0.8780677010416666 0.8218352805555555
4 0.8781583718749999 0.7885180962962963 0.8781624015625 0.815018524074074 0.8912794682291667 0.8151553148148148 0.8911787223958334 0.7884525509259259 0.8781583718749999 0.7885180962962963
4 0.8780677010416666 0.7554573953703704 0.8780737458333333 0.7819578231481482 0.891188796875 0.7820946138888889 0.8910880515625 0.7553918490740741 0.8780677010416666 0.7554573953703704
4 0.8779790447916667 0.7222713027777777 0.877983075 0.7487688796296297 0.8910981260416667 0.7489056712962963 0.8909973807291667 0.7222029064814816 0.8779790447916667 0.7222713027777777
4 0.8780677010416666 0.6890823592592592 0.8780737458333333 0.715582787037037 0.891188796875 0.7157195777777777 0.8910880515625 0.6890168138888889 0.8780677010416666 0.6890823592592592
4 0.8780677010416666 0.6553833 0.8780737458333333 0.6818837277777778 0.891188796875 0.6820205185185185 0.8910880515625 0.6553177546296296 0.8780677010416666 0.6553833
4 0.8780677010416666 0.6223225990740742 0.8780737458333333 0.6488230268518519 0.891188796875 0.6489598175925926 0.8910880515625 0.6222570537037037 0.8780677010416666 0.6223225990740742
4 0.8781583718749999 0.5892618981481481 0.8781624015625 0.615762325 0.8912794682291667 0.6158991166666667 0.8911787223958334 0.5891963518518518 0.8781583718749999 0.5892618981481481
4 0.8778883739583333 0.5558164722222222 0.8778924036458334 0.582316899074074 0.8910074552083334 0.5824536907407407 0.8909067098958333 0.5557509259259259 0.8778883739583333 0.5558164722222222
4 0.8780677010416666 0.5226303787037037 0.8780737458333333 0.5491279564814815 0.891188796875 0.5492675972222223 0.8910880515625 0.5225648333333333 0.8780677010416666 0.5226303787037037
4 0.8780677010416666 0.4895696777777777 0.8780737458333333 0.5160672555555555 0.891188796875 0.5162068962962963 0.8910880515625 0.48950413240740737 0.8780677010416666 0.4895696777777777
4 0.8780677010416666 0.45599601018518515 0.8780737458333333 0.48249643796296293 0.891188796875 0.4826332287037037 0.8910880515625 0.4559304648148148 0.8780677010416666 0.45599601018518515
4 0.8781583718749999 0.4226816759259259 0.8781624015625 0.4491792537037037 0.8912794682291667 0.44931889444444445 0.8911787223958334 0.42261612962962963 0.8781583718749999 0.4226816759259259
4 0.8778883739583333 0.3889826157407407 0.8778924036458334 0.4154830435185185 0.8910074552083334 0.41561983425925925 0.8909067098958333 0.3889170703703704 0.8778883739583333 0.3889826157407407
4 0.8780677010416666 0.3560501564814815 0.8780737458333333 0.38254773425925925 0.891188796875 0.382687375 0.8910880515625 0.35598461111111107 0.8780677010416666 0.3560501564814815
4 0.8779790447916667 0.3229894555555556 0.877983075 0.3494870333333333 0.8910981260416667 0.3496266740740741 0.8909973807291667 0.3229239101851852 0.8779790447916667 0.3229894555555556
4 0.8781583718749999 0.2896722712962963 0.8781624015625 0.3161726990740741 0.8912794682291667 0.31630948981481477 0.8911787223958334 0.2896067259259259 0.8781583718749999 0.2896722712962963
4 0.8781583718749999 0.2564833287037037 0.8781624015625 0.2829837564814815 0.8912794682291667 0.28312054722222224 0.8911787223958334 0.25641778240740737 0.8781583718749999 0.2564833287037037
4 0.8781583718749999 0.2226560277777778 0.8781624015625 0.24915645462962965 0.8912794682291667 0.24929324629629632 0.8911787223958334 0.22259048148148147 0.8781583718749999 0.2226560277777778
4 0.8779790447916667 0.18959532592592593 0.877983075 0.21609575370370368 0.8910981260416667 0.21623254444444445 0.8909973807291667 0.18952978055555555 0.8779790447916667 0.18959532592592593
4 0.8781583718749999 0.15615275 0.8781624015625 0.1826531777777778 0.8912794682291667 0.1827899685185185 0.8911787223958334 0.15608720462962963 0.8781583718749999 0.15615275
4 0.8782490427083334 0.12283841574074075 0.8782530729166667 0.1493359935185185 0.8913701390625001 0.14947278425925928 0.8912693937499999 0.12277002037037037 0.8782490427083334 0.12283841574074075
4 0.8780677010416666 0.08952123148148149 0.8780737458333333 0.11602165833333333 0.891188796875 0.11615845 0.8910880515625 0.08945568518518518 0.8780677010416666 0.08952123148148149
4 0.8411142453125 0.8883670564814815 0.8411182749999999 0.9148674833333333 0.8693733630208332 0.9150185240740741 0.8692121703125 0.8882017666666667 0.8411142453125 0.8883670564814815
4 0.8410679026041666 0.855574237962963 0.8410719322916667 0.8820746648148148 0.8693270197916667 0.8822257055555556 0.8691658270833333 0.8554089481481482 0.8410679026041666 0.855574237962963