3 0.7379226276041667 0.5689911657407407 0.7379508359375 0.5944485611111111 0.7409973807291668 0.5944998574074074 0.7409993953124999 0.5689997148148148 0.7379226276041667 0.5689911657407407
3 0.7836369130208334 0.5944428611111111 0.7836490026041666 0.5186976342592593 0.7553999598958333 0.5186263888888889 0.7554120489583334 0.5212567685185185 0.7815756598958333 0.5212026222222222 0.7815373765625 0.5944770592592592 0.7836369130208334 0.5944428611111111
3 0.797912553125 0.5186092907407407 0.797912553125 0.5212368194444444 0.8284767276041667 0.5212197203703703 0.8284767276041667 0.5186434879629629 0.797912553125 0.5186092907407407
3 0.8035784807291667 0.49321174166666665 0.8035905703124999 0.5016357935185185 0.8053354828125 0.5016528925925926 0.8053878703125 0.49351667129629634 0.8057021963541667 0.49351667129629634 0.8055772718750001 0.4434739240740741 0.828440459375 0.44343687685185185 0.828440459375 0.44014534074074074 0.8034394520833333 0.4401282416666667 0.80340116875 0.490188087962963 0.7980898651041667 0.49024223425925934 0.7980656859375 0.4583528074074074 0.7958774932291667 0.4584069537037037 0.7959661494791667 0.49083214629629623 0.7901994760416666 0.49085209444444444 0.7902256697916666 0.49299800555555556 0.7959278661458333 0.49299800555555556 0.7959399557291668 0.49321174166666665 0.8035784807291667 0.49321174166666665
3 0.8170683052083334 0.4896010259259259 0.8170965140625001 0.49314049629629625 0.8284525489583333 0.4931946425925926 0.8284646385416666 0.48965232222222227 0.8170683052083334 0.4896010259259259
3 0.7368224864583334 0.462693075 0.7368023375 0.45345397592592596 0.7576264354166666 0.45345397592592596 0.7575821078125 0.45048446851851853 0.7368668145833334 0.450578512037037 0.7368224864583334 0.43753776018518514 0.7649022770833334 0.43753776018518514 0.7648962322916667 0.43444001111111114 0.7348579489583333 0.4345369055555555 0.7348579489583333 0.45351382129629625 0.7350332458333334 0.45351382129629625 0.7350533953125 0.462693075 0.7368224864583334 0.462693075
3 0.7368083817708333 0.49044172129629626 0.7367983072916666 0.48097748611111113 0.7350332458333334 0.48100028518518523 0.7350171265625 0.4929752064814815 0.7555933911458333 0.4929552583333333 0.7555792869791667 0.49039897407407407 0.7368083817708333 0.49044172129629626
2 0.6311726776041666 0.4670817898148148 0.6311585734374999 0.48342832685185183 0.6447209348958334 0.4833399833333333 0.6446766067708333 0.46729837592592594 0.6311726776041666 0.4670817898148148
2 0.6189683661458333 0.4567626101851852 0.6189804552083333 0.46361071574074075 0.6316764052083333 0.4635565685185185 0.6316764052083333 0.45672556296296296 0.6189683661458333 0.4567626101851852
3 0.7704855932291667 0.4785095472222222 0.7704231312500001 0.4904217722222223 0.7593451541666667 0.49038472499999997 0.7593451541666667 0.49299800555555556 0.7718134192708334 0.4929609574074074 0.7718375984375 0.4784924481481481 0.7704855932291667 0.4785095472222222
3 0.7349143661458334 0.39842120277777776 0.7348881723958333 0.41503562222222223 0.7373665119791667 0.41503562222222223 0.73730405 0.3984383018518518 0.7349143661458334 0.39842120277777776
3 0.6765343541666666 0.44790538611111114 0.6765041307291667 0.4113964092592593 0.6766713682291667 0.4113964092592593 0.6766572635416667 0.39847819907407406 0.6745617567708333 0.39847819907407406 0.6745617567708333 0.40847819907407407 0.6684928468750001 0.40847819907407407 0.6685371750000001 0.41146195462962964 0.6747148901041666 0.4114391564814815 0.6747148901041666 0.44790538611111114 0.6765343541666666 0.44790538611111114
2 0.6396312713541668 0.5630550018518519 0.6396312713541668 0.5797036194444445 0.6531956479166666 0.5797463666666667 0.6531231109375 0.5631433453703704 0.6396312713541668 0.5630550018518519
2 0.6545073541666666 0.48679680833333333 0.654563771875 0.5072328296296297 0.6711202901041666 0.5071815333333333 0.6711202901041666 0.48679680833333333 0.6545073541666666 0.48679680833333333
2 0.7346101151041666 0.4150897694444444 0.7345980255208333 0.4344941583333333 0.7498730604166667 0.4344229129629629 0.7496594802083333 0.4150698203703703 0.7346101151041666 0.4150897694444444
2 0.7328269192708333 0.48094328888888893 0.7372919604166667 0.48094328888888893 0.7372536770833332 0.46275292129629625 0.7327765463541667 0.4627358222222222 0.7328269192708333 0.48094328888888893
2 0.741329840625 0.5180421768518518 0.7413157364583333 0.5397207185185185 0.7555007052083333 0.5396950694444445 0.7553052588541667 0.5180421768518518 0.741329840625 0.5180421768518518
2 0.7837638526041667 0.5180364777777777 0.7837376588541667 0.5397862638888888 0.7979004635416668 0.5397492166666668 0.7978380010416667 0.518073525 0.7837638526041667 0.5180364777777777
2 0.8030122911458334 0.5017070388888889 0.8030122911458334 0.5185494444444445 0.8160870442708333 0.5185494444444445 0.8160467458333333 0.5017611851851852 0.8030122911458334 0.5017070388888889
2 0.8057324197916667 0.4743374185185185 0.8057948822916666 0.4936078657407407 0.8170602458333334 0.4936506129629629 0.8168446505208333 0.47428897129629627 0.8057324197916667 0.4743374185185185
3 0.7698529114583333 0.45930179537037036 0.7698529114583333 0.46078654907407407 0.7724964739583334 0.46078654907407407 0.7724964739583334 0.4592846962962963 0.7698529114583333 0.45930179537037036
2 0.7697985088541667 0.4608150472222222 0.7697561958333333 0.4784895981481482 0.7742655651041667 0.4784041037037037 0.7741748942708334 0.46084354537037037 0.7697985088541667 0.4608150472222222
2 0.7723997583333334 0.42915075555555554 0.7725347572916667 0.45306070092592593 0.7884545635416667 0.45298660555555553 0.7883316541666667 0.4290738101851852 0.7723997583333334 0.42915075555555554
4 0.6420451338541666 0.5561214018518519 0.6420592385416667 0.5619093759259259 0.6641507151041667 0.5619065259259259 0.664176909375 0.55615845 0.6420451338541666 0.5561214018518519
4 0.6797823895833334 0.594041037037037 0.6797924640624999 0.6000769453703704 0.7285412046875 0.6000057 0.7285653838541666 0.594049587037037 0.6797823895833334 0.594041037037037
4 0.6798045536458334 0.6001111425925926 0.6798186578125001 0.6041179824074073 0.7285653838541666 0.6041179824074073 0.7285532942708334 0.6000398972222223 0.6798045536458334 0.6001111425925926
4 0.6421458796875 0.5864120833333334 0.6421720734375 0.5939241953703703 0.6640620593750001 0.5939070962962963 0.6640358656249999 0.5863949842592593 0.6421458796875 0.5864120833333334
4 0.6159077171875 0.4031775435185185 0.6159016723958334 0.4116300944444444 0.6272254682291667 0.41168993981481483 0.6272496473958333 0.4032117416666667 0.6159077171875 0.4031775435185185
4 0.6395547046875 0.4031775435185185 0.6395164213541666 0.41168993981481483 0.661444690625 0.41168993981481483 0.6613560348958334 0.4032487888888889 0.6395547046875 0.4031775435185185
4 0.685964134375 0.39113992592592595 0.6858875682291666 0.39968937037037033 0.7078017328125 0.39968937037037033 0.7077392708333333 0.391157025 0.685964134375 0.39113992592592595
4 0.7399335078125 0.39117697314814814 0.7398831354166667 0.3997064694444445 0.751339915625 0.399618125 0.7512512593749999 0.3912111712962963 0.7399335078125 0.39117697314814814
4 0.6193733630208332 0.5865716731481481 0.6194479145833333 0.5925819324074074 0.6338001208333334 0.5926531777777778 0.6338182552083332 0.5865089768518519 0.6193733630208332 0.5865716731481481
4 0.7502155953125 0.5940666861111111 0.7503284302083333 0.6027956685185185 0.7722566994791666 0.6028469648148148 0.7723312510416667 0.594041037037037 0.7502155953125 0.5940666861111111
4 0.7951440661458334 0.5940296379629629 0.7952206328125 0.6028298657407407 0.8170340520833334 0.6027956685185185 0.8170582307291667 0.5940296379629629 0.7951440661458334 0.5940296379629629
1 0 0 0 1 1 1 1 0 0 0
2 0.6311283499999999 0.4283471074074074 0.6311283499999999 0.44826731296296296 0.6465706223958333 0.44821316574074077 0.6463812208333334 0.4283471074074074 0.6311283499999999 0.4283471074074074
4 0.36896030625 0.38459675092592593 0.3689824703125 0.3920347675925926 0.39078178541666664 0.39207181574074074 0.3907072333333333 0.3845939018518519 0.36896030625 0.38459675092592593
4 0.12025387864583334 0.4584810490740741 0.12025790833333333 0.4660786546296296 0.151188796875 0.4661157027777778 0.15108805156250002 0.45847819907407406 0.12025387864583334 0.4584810490740741
4 0.3239149708333333 0.39995725277777777 0.3239008666666667 0.40761185555555557 0.3352931692708333 0.4076318037037037 0.335180334375 0.3999943 0.3239149708333333 0.39995725277777777
4 0.4292847067708333 0.37078369907407405 0.42927060260416666 0.37844115092592595 0.4407314125 0.3784069537037037 0.4406810395833333 0.37084069537037034 0.4292847067708333 0.37078369907407405
4 0.35565383854166666 0.5335252212962962 0.3557042109375 0.5834967231481482 0.36106588749999996 0.5835850666666667 0.36109006666666665 0.5335252212962962 0.35565383854166666 0.5335252212962962
3 0.1980394921875 0.6000569962962963 0.198053596875 0.6053519518518519 0.22536772135416666 0.6053519518518519 0.22532943802083333 0.6000569962962963 0.1980394921875 0.6000569962962963
3 0.10902881302083332 0.49442861203703703 0.10901470885416667 0.47186662870370366 0.10885150104166666 0.4718124824074074 0.10886359062499999 0.4644628101851852 0.10533951250000001 0.4644485611111111 0.10536369114583333 0.47194357407407406 0.1052246625 0.4720689657407407 0.10528510989583334 0.4944827583333333 0.10902881302083332 0.49442861203703703
3 0.05504533541666667 0.37549159259259257 0.05508361875 0.38933314351851855 0.09869836770833333 0.38937019074074075 0.098660084375 0.46311199814814813 0.12020753593750001 0.4631461953703704 0.1202337296875 0.4579253351851852 0.10244005625000001 0.457888287037037 0.10241587760416666 0.3839697916666666 0.05877694947916667 0.38398689074074077 0.05877694947916667 0.370179537962963 0.03392706041666667 0.37019663703703704 0.033902881249999996 0.436534625 0.032321176562500005 0.43655172407407405 0.0323473703125 0.44184383055555554 0.03765867395833333 0.44184383055555554 0.037771509375 0.37549159259259257 0.05504533541666667 0.37549159259259257
3 0.108915978125 0.5472784268518518 0.10887769479166667 0.5408235962962963 0.10900463437499999 0.5407495009259259 0.10901672395833333 0.5152094611111111 0.10519846875000001 0.5152465092592593 0.105172275 0.540589912037037 0.10534958697916667 0.5406782555555555 0.1053616765625 0.5473154740740741 0.108915978125 0.5472784268518518
3 0.1761898046875 0.605389 0.17612532760416666 0.6001310916666667 0.16296191822916667 0.600182387962963 0.1630002015625 0.5493188944444445 0.151188796875 0.5493188944444445 0.15116461822916666 0.5545568537037037 0.15935724375000002 0.5545568537037037 0.15912955885416666 0.6054231972222222 0.1761898046875 0.605389
3 0.12028410260416668 0.5546309490740741 0.120219625 0.5492989453703703 0.107207334375 0.5493188944444445 0.10719524479166667 0.6001481907407407 0.0933608703125 0.6000569962962963 0.09334878072916666 0.6054231972222222 0.11103969375 0.605389 0.11105178333333333 0.5545939018518519 0.12028410260416668 0.5546309490740741
3 0.0579246421875 0.6053918490740742 0.057876284375 0.6001339416666667 0.0439774328125 0.6001168425925926 0.04398146302083333 0.5209860361111112 0.032303042708333334 0.5209746370370371 0.032290953125 0.5263037898148148 0.0402297 0.5262866916666666 0.04028007239583333 0.6053946990740741 0.0579246421875 0.6053918490740742
3 0.27684666510416667 0.5270162435185185 0.27682248645833335 0.5217925333333333 0.26271005416666665 0.521738387037037 0.26273423333333334 0.6000769453703704 0.24726979635416668 0.6000940435185186 0.24726979635416668 0.6054060981481482 0.26647793697916666 0.6054402962962964 0.2664275640625 0.5270162435185185 0.27684666510416667 0.5270162435185185
3 0.35912351406250004 0.5334796240740741 0.35913358854166666 0.5217013398148148 0.34501309687500004 0.521741237037037 0.3450251864583333 0.5269991453703704 0.35535764635416667 0.5270190935185185 0.35538182552083336 0.5334967231481481 0.35912351406250004 0.5334796240740741
3 0.3590932901041667 0.6000997435185185 0.35914769270833335 0.5835879166666667 0.35536167656249995 0.5835679685185186 0.35537981041666666 0.6053747509259259 0.37002417916666663 0.605389 0.370018134375 0.6001111425925926 0.3590932901041667 0.6000997435185185
3 0.43231714687499995 0.6000626962962963 0.4323090875 0.605369050925926 0.4498367921875 0.6054060981481482 0.44978641927083335 0.6001196925925926 0.43231714687499995 0.6000626962962963
3 0.47187789635416666 0.6053348527777779 0.4798992546875 0.6054003990740741 0.4798811203125 0.6002023370370371 0.47186580677083334 0.6002194361111111 0.47187789635416666 0.6053348527777779
3 0.49039089270833336 0.4278227416666667 0.5003929072916666 0.4278227416666667 0.5001914166666667 0.5997349675925926 0.49433608697916664 0.5997720148148148 0.4943481765625 0.6054231972222222 0.504819665625 0.605389 0.5048559338541667 0.42256483333333333 0.490378803125 0.42260188055555553 0.49039089270833336 0.4278227416666667
3 0.21178521041666667 0.43467369629629626 0.21177312135416668 0.4206526074074074 0.26594600052083334 0.4206526074074074 0.26598428385416667 0.43901966388888886 0.2744186984375 0.4390538611111111 0.2744066088541667 0.4370532916666667 0.27578480781250003 0.4370333425925926 0.27574652447916664 0.43369051018518523 0.26972798697916667 0.43369051018518523 0.26979044947916664 0.4154459962962963 0.20799314947916667 0.4154288972222222 0.20802941770833333 0.4293787407407407 0.16606085052083333 0.4293787407407407 0.16608502916666668 0.45783414074074075 0.15113842447916664 0.45783414074074075 0.1511767078125 0.4632174407407407 0.169955671875 0.46318324351851853 0.16992947812499998 0.43467369629629626 0.21178521041666667 0.43467369629629626
3 0.31069917395833335 0.4390082648148148 0.31069917395833335 0.40465659722222225 0.32387467239583334 0.4047164435185185 0.3238887770833333 0.39936734074074076 0.30689300833333333 0.3993359935185185 0.3069373364583334 0.43375320648148147 0.291982671875 0.43369051018518523 0.29197058229166667 0.4367654601851852 0.29311908125 0.4367654601851852 0.29311908125 0.4389427185185185 0.31069917395833335 0.4390082648148148
3 0.3689300828125 0.38929894537037035 0.3688938140625 0.3839498435185185 0.3433366916666667 0.3839498435185185 0.3433608703125 0.3993844398148148 0.33524279687499997 0.3993502425925926 0.33528108020833336 0.40464519814814814 0.3470803947916667 0.40466229722222224 0.34710457395833333 0.38931604444444445 0.3689300828125 0.38929894537037035
3 0.42920008072916666 0.37549159259259257 0.4292121703125 0.3702137361111111 0.4202579083333333 0.37019663703703704 0.4202579083333333 0.3839697916666666 0.3907696958333334 0.3839156453703704 0.39079588958333333 0.38926189814814816 0.42415273020833333 0.38933314351851855 0.4241164619791667 0.37550869166666667 0.42920008072916666 0.37549159259259257
3 0.4773786015625 0.42791678518518517 0.47734233333333337 0.42262182962962963 0.4744710859375 0.4226389287037037 0.4744710859375 0.37015388981481484 0.44071932291666666 0.37017383888888894 0.44074350208333335 0.3755200907407407 0.4707213380208334 0.3754773435185185 0.4707535765625 0.4278996861111111 0.4773786015625 0.42791678518518517
3 0.31219423749999997 0.49432316944444443 0.3122607291666667 0.44480478796296297 0.3120854322916667 0.4446622972222222 0.31211565572916666 0.44091479074074075 0.3085714286458333 0.440957537962963 0.3085976223958333 0.4444428611111111 0.3084324 0.44447990925925923 0.3084626234375 0.49430607037037033 0.31219423749999997 0.49432316944444443
3 0.43204513385416665 0.4481761185185185 0.431982671875 0.49185807962962963 0.43590167239583333 0.4918409805555556 0.43581301614583334 0.4481818185185185 0.43204513385416665 0.4481761185185185
3 0.44487608281249996 0.5690823592592593 0.4448257104166667 0.5639270444444444 0.4450151119791667 0.5638216018518518 0.4450050375 0.5123311481481482 0.441251259375 0.5123681962962964 0.44124722968749996 0.5640182388888888 0.4413358854166667 0.5641236824074074 0.44137416875 0.5690823592592593 0.44487608281249996 0.5690823592592593
3 0 0.38138170833333335 0.008144267708333333 0.381356512037037 0.008168446354166668 0.3749358796296296 0.03389079166666666 0.3749016814814815 0.033902881249999996 0.3707865490740741 0.005095708333333333 0.3708235962962963 0.0051219020833333335 0.3770817898148148 0 0.37705656574074076 0 0.38138170833333335
3 0 0.6047652601851852 0.040237759374999994 0.6047791398148148 0.040237759374999994 0.6006497574074073 0 0.6006335648148148 0 0.6047652601851852
3 0.11105178333333333 0.6006041611111111 0.11107193229166666 0.6047477916666667 0.15907918593749998 0.6047791398148148 0.15911746927083334 0.6006298092592592 0.11105178333333333 0.6006041611111111
3 0.06355631666666667 0.49439156481481483 0.06355631666666667 0.4911826731481482 0.04379810572916667 0.49115702499999997 0.04381422552083333 0.5186833851851852 0.04559742083333333 0.5186634370370371 0.045625629687499995 0.49442861203703703 0.06355631666666667 0.49439156481481483
3 0.07734636302083334 0.49119692222222217 0.07736046770833332 0.494417212962963 0.10523675208333333 0.49449700740740743 0.10523675208333333 0.4911684240740741 0.07734636302083334 0.49119692222222217
3 0.04576465833333333 0.4497691648148148 0.045776747916666666 0.4413793101851852 0.0392645578125 0.4413793101851852 0.039276647395833336 0.44442006296296294 0.04362683854166667 0.4443858648148148 0.043638928125000004 0.4528099175925926 0.0613439453125 0.45278996851851855 0.06135603489583333 0.4657566259259259 0.065629659375 0.46568538055555553 0.06561756979166666 0.46212596203703704 0.06374571822916666 0.4621630092592593 0.06374571822916666 0.44928469629629625 0.054728994791666666 0.4492675972222222 0.054767277604166664 0.4170190935185185 0.06373362864583333 0.4170019944444444 0.06373362864583333 0.4133171842592593 0.04136409427083333 0.41335423240740743 0.041376183854166665 0.3945027074074074 0.09498085833333333 0.3944485611111111 0.09490429166666667 0.4492675972222222 0.07716300625 0.44921345092592596 0.07720128958333333 0.4657395268518519 0.07951440677083334 0.4657566259259259 0.07952649583333334 0.4527557712962963 0.09723151302083334 0.4528099175925926 0.09721740885416666 0.3913194638888889 0.0391759015625 0.3912653175925926 0.039252468229166664 0.4165004277777778 0.05247833958333334 0.4164833287037037 0.0525287125 0.4497691648148148 0.04576465833333333 0.4497691648148148
3 0.162687890625 0.519444286111111 0.162677815625 0.5469706472222222 0.16452347395833333 0.5470048444444444 0.16444690729166667 0.519435737037037 0.162687890625 0.519444286111111
3 0.21164618177083333 0.5976603018518518 0.21168446510416666 0.5193958388888888 0.17890791874999998 0.5194499861111112 0.17893209739583332 0.5220433175925926 0.2095849286458333 0.5219720722222222 0.20961112239583332 0.5976090055555555 0.21164618177083333 0.5976603018518518
3 0.22603667135416666 0.5193958388888888 0.22603667135416666 0.5219891703703703 0.26112835 0.5219521231481482 0.26113036458333333 0.519415787962963 0.22603667135416666 0.5193958388888888
3 0.23520451354166666 0.4939412935185185 0.23518839427083332 0.49052721574074076 0.21981664322916666 0.490381875 0.21977835989583333 0.4588885722222222 0.26456578697916666 0.45889712129629634 0.2646040703125 0.4905956111111111 0.24696353020833334 0.4906497574074074 0.246977634375 0.49398119166666665 0.26697964947916664 0.49397264166666666 0.26697964947916664 0.49368766018518523 0.27273221822916666 0.4936506129629629 0.2726939348958333 0.49121972037037037 0.26697964947916664 0.49124251944444447 0.26697360468750003 0.44010259351851855 0.2649627239583333 0.4401168425925926 0.264934515625 0.4556540324074074 0.21755994375 0.4557053287037037 0.2175639734375 0.4911199768518519 0.16448720520833332 0.4911741240740741 0.16451138437499999 0.46520376203703706 0.16266169635416666 0.4652522083333333 0.16270199479166667 0.4937076092592592 0.21772919583333333 0.49376745555555557 0.21773524062500002 0.4939640925925926 0.23520451354166666 0.4939412935185185
3 0.2939693734375 0.4408976916666667 0.29398146302083333 0.4517013398148148 0.2958774932291667 0.451735537037037 0.29589159791666664 0.4408976916666667 0.2939693734375 0.4408976916666667
3 0.29589159791666664 0.4911912222222223 0.29589159791666664 0.4720005703703704 0.2939693734375 0.4720347675925926 0.29389280677083335 0.4937133083333333 0.3084102359375 0.4937133083333333 0.3084102359375 0.4911741240740741 0.29589159791666664 0.4911912222222223
3 0.31225468489583336 0.47056996296296294 0.3122667739583333 0.47328868611111113 0.3480656859375 0.4733399833333333 0.34805359687500004 0.4915474490740741 0.3364577875 0.49156739814814815 0.3364577875 0.49374750648148147 0.36034454947916666 0.4937133083333333 0.3603566390625 0.4915474490740741 0.34986097135416666 0.49153035092592595 0.3498488817708333 0.4364263324074074 0.3603324604166666 0.43640923333333337 0.3603828328125 0.42587346851851854 0.3587890390625 0.42587346851851854 0.35883941145833337 0.43397549166666666 0.3119000604166667 0.4338871472222222 0.3119000604166667 0.4364605296296296 0.3481039692708333 0.4364263324074074 0.3480918796875 0.4706583074074074 0.31225468489583336 0.47056996296296294
3 0.3122164015625 0.4915132518518518 0.3122164015625 0.4936933601851852 0.3235966151041667 0.4937845537037037 0.3235583317708333 0.49153035092592595 0.3122164015625 0.4915132518518518
3 0.3583941166666667 0.39122827037037033 0.3584384442708333 0.404231975 0.3481624015625 0.40417782870370367 0.34817650624999996 0.4072698777777778 0.3605057427083333 0.4072356796296296 0.3605339510416667 0.3912111712962963 0.3583941166666667 0.39122827037037033
3 0.4231412453125 0.39077515 0.42316542395833334 0.4075263611111111 0.4258069713541667 0.407506412037037 0.42574652447916667 0.39072955277777777 0.4231412453125 0.39077515
3 0.4719665526041667 0.5915987462962963 0.4719766270833333 0.6001424907407408 0.4743602661458333 0.6001624398148148 0.47436832552083336 0.5915446 0.4719665526041667 0.5915987462962963
3 0.44973604687499996 0.5745882018518519 0.4496977635416667 0.570011399074074 0.4429719927083333 0.5700085490740741 0.4430143057291666 0.6000142490740741 0.44475720312499994 0.6000484472222222 0.4447451140625 0.574611 0.44973604687499996 0.5745882018518519
3 0.5043884744791667 0.42250498703703704 0.5044307880208333 0.37705899074074073 0.474511384375 0.3770133944444444 0.474511384375 0.38136506111111107 0.5013640942708333 0.38136506111111107 0.5013540197916667 0.42250498703703704 0.5043884744791667 0.42250498703703704
3 0.4876969572916667 0.4623225990740741 0.4876969572916667 0.46418352777777777 0.4985593390625 0.4642205759259259 0.49857142864583337 0.4623966944444445 0.4876969572916667 0.4623225990740741
3 0.48970783802083334 0.4899031064814815 0.48971992760416666 0.4915844972222222 0.49857142864583337 0.4916186944444444 0.4985855328125 0.48995725277777774 0.48970783802083334 0.4899031064814815
3 0.4359097317708333 0.4883670564814815 0.4359218213541666 0.49180108333333333 0.47423534166666664 0.49179538333333334 0.47423534166666664 0.4884497009259259 0.4359097317708333 0.4883670564814815
3 0.5001773119791666 0.5727130240740741 0.5002014911458333 0.5697007694444445 0.47199073125 0.5697235675925926 0.4719867015625 0.5745739527777778 0.4743501916666667 0.5745568537037037 0.47436429583333334 0.5726417787037037 0.5001773119791666 0.5727130240740741
3 0.42528712447916667 0.4483129092592592 0.42529719947916667 0.43009404351851854 0.45741084010416666 0.4300598462962963 0.4574612130208333 0.45363921388888884 0.44719322968749997 0.45360501574074075 0.44719322968749997 0.4599886009259259 0.43584928489583336 0.4599886009259259 0.4358754786458333 0.4631547453703704 0.4494559739583333 0.46310059814814813 0.44944388489583337 0.4567512111111111 0.4717207333333333 0.45673411203703707 0.4716985692708333 0.4722513537037037 0.47426153541666666 0.4722513537037037 0.4742212369791667 0.4533570814814815 0.4595526901041667 0.45337703055555556 0.4595728390625 0.4304730694444444 0.46934716927083336 0.4304730694444444 0.469320975 0.42746936481481485 0.45940761614583336 0.42745226574074074 0.4594600041666667 0.3775833574074074 0.4569756197916667 0.3775947564814815 0.45696957499999996 0.42674551111111114 0.4231352005208333 0.4272584777777778 0.4231795286458333 0.4514021092592593 0.43198065677083336 0.4513821601851852 0.43198065677083336 0.44835565648148146 0.42528712447916667 0.4483129092592592
3 0.16605883541666666 0.4041265314814815 0.16607293958333333 0.42932459351851854 0.166969575 0.42932459351851854 0.16694136614583333 0.3998404101851852 0.13535361666666665 0.39996010277777777 0.1354321984375 0.3845027074074074 0.10241990729166667 0.3845910518518519 0.10246423541666667 0.3886719861111111 0.1324360265625 0.3886947851851852 0.1324622203125 0.4040866342592593 0.16605883541666666 0.4041265314814815
3 0.2665162197916667 0.6006298092592592 0.2665162197916667 0.6047620407407408 0.3553374973958333 0.6047620407407408 0.3553374973958333 0.6005956111111111 0.2665162197916667 0.6006298092592592
2 0.06564174895833333 0.44710458796296293 0.06567600260416667 0.4662866916666667 0.0771368125 0.46624109444444445 0.07715091666666667 0.44708178981481483 0.06564174895833333 0.44710458796296293
2 0.16452750364583332 0.518660587037037 0.16457989114583332 0.5403932740740741 0.17894620208333334 0.5403761759259259 0.17883135208333334 0.5186263888888889 0.16452750364583332 0.518660587037037
2 0.2117227484375 0.5186434879629629 0.21176103177083333 0.5403761759259259 0.22602458177083334 0.5404645194444444 0.22599234322916667 0.5186235398148148 0.2117227484375 0.5186434879629629
2 0.4773282286458333 0.40448275833333336 0.47740278072916664 0.42573097777777774 0.490326415625 0.4256597324074074 0.490378803125 0.4046252490740741 0.4773282286458333 0.40448275833333336
2 0.27583518020833336 0.41306925092592595 0.275823090625 0.4366571675925926 0.291920209375 0.43664006851851855 0.2919584927083333 0.4128526648148148 0.27583518020833336 0.41306925092592595
2 0.4608120088541667 0.5745711027777778 0.4608120088541667 0.5916528925925927 0.47436832552083336 0.5914904527777778 0.474370340625 0.5746337990740741 0.4608120088541667 0.5745711027777778
2 0.44098730625000004 0.4919093759259259 0.44098529114583335 0.51231405 0.45777755364583333 0.5120974638888889 0.45754986927083335 0.49190652592592593 0.44098730625000004 0.4919093759259259
2 0.09265363697916666 0.49458820185185187 0.09271609895833333 0.5152636074074074 0.10930687083333333 0.5151382157407408 0.10934515416666667 0.4945340555555555 0.09265363697916666 0.49458820185185187
2 0.46116663333333335 0.47244799074074073 0.4610658875 0.4883642064814815 0.47459601041666666 0.4884012537037037 0.4746463833333333 0.47228555185185184 0.46116663333333335 0.47244799074074073
2 0.42302841041666667 0.4075776574074074 0.4230465442708333 0.4271929324074074 0.43826516197916665 0.42698204629629627 0.4382027 0.40764890277777777 0.42302841041666667 0.4075776574074074
2 0.23520451354166666 0.4753092046296296 0.23525690104166666 0.4945312055555556 0.2469534557291667 0.4945340555555555 0.24673786041666668 0.47534340277777776 0.23520451354166666 0.4753092046296296
2 0.06358855520833333 0.4903334287037037 0.06358855520833333 0.495186662962963 0.07731412447916666 0.4952693074074074 0.07728994583333333 0.4903334287037037 0.06358855520833333 0.4903334287037037
2 0.32362079375 0.4906782555555555 0.32362280885416667 0.49705614166666673 0.33641950416666666 0.4970760898148148 0.33640741510416666 0.49072670277777775 0.32362079375 0.4906782555555555
2 0.47427362500000003 0.4617041888888889 0.47430586354166665 0.46851239629629626 0.4876848682291667 0.46870903425925925 0.4876465848958333 0.46171558888888886 0.47427362500000003 0.4617041888888889
3 0.04381624010416666 0.4528612138888889 0.043828329687499994 0.4711940722222222 0.046131372395833335 0.4712140212962963 0.046155551041666666 0.4528612138888889 0.04381624010416666 0.4528612138888889
2 0.04327221458333333 0.4712653175925926 0.043248035416666664 0.4911000287037037 0.0466874875 0.4911199768518519 0.046661293750000006 0.4712653175925926 0.04327221458333333 0.4712653175925926
2 0.35815434218750003 0.407304075 0.3581704614583333 0.4258193212962963 0.36277251666666666 0.4257851240740741 0.36263348802083334 0.40727272685185184 0.35815434218750003 0.407304075
4 0.0103828328125 0.4371587342592593 0.010457384895833333 0.4445825018518519 0.03234132604166667 0.4446708462962963 0.032258714583333334 0.4371416361111111 0.0103828328125 0.4371587342592593
4 0.0103566390625 0.5182872611111111 0.0104533546875 0.5259019666666667 0.032232520833333334 0.525958962962963 0.032258714583333334 0.518270162037037 0.0103566390625 0.5182872611111111
4 0.17613943177083333 0.5973582212962963 0.17622204322916665 0.6047335425925926 0.1980032239583333 0.6047905388888889 0.19802740260416665 0.5973382731481481 0.17613943177083333 0.5973582212962963
4 0.22533145260416668 0.5973810203703704 0.22541607916666667 0.6047563407407407 0.24719524479166666 0.604813337037037 0.24722143854166667 0.5973639212962963 0.22533145260416668 0.5973810203703704
4 0.4498247026041666 0.6000683953703704 0.44988716510416665 0.6061755481481481 0.4718396130208333 0.60615845 0.4718275234375 0.5999857509259259 0.4498247026041666 0.6000683953703704
4 0.4496977635416667 0.5674522657407407 0.4497844046875 0.5744314620370371 0.4719403588541667 0.5743744657407408 0.4719282692708333 0.5674522657407407 0.4496977635416667 0.5674522657407407
4 0.12024581927083333 0.546528925925926 0.12035663906249999 0.554217725925926 0.15113842447916664 0.5541464805555556 0.15113842447916664 0.546528925925926 0.12024581927083333 0.546528925925926
4 0.0578903890625 0.5973382731481481 0.05797904479166667 0.6047791398148148 0.09328631875 0.6047449416666667 0.09331049791666667 0.5973582212962963 0.0578903890625 0.5973382731481481
4 0.27682853124999995 0.5189883157407408 0.2769171869791667 0.5264291824074073 0.34496876875000004 0.5264063833333333 0.3449929479166667 0.5189854657407408 0.27682853124999995 0.5189883157407408
4 0.37005641770833336 0.5973040749999999 0.3700685067708333 0.60615845 0.4322587145833333 0.6061385009259259 0.43227281874999995 0.5973382731481481 0.37005641770833336 0.5973040749999999
4 0.47993350781250005 0.6000940435185186 0.4799576869791667 0.6048161870370371 0.4943239973958333 0.6048332861111112 0.49430989322916663 0.6000569962962963 0.47993350781250005 0.6000940435185186
3 0.6193854526041667 0.5931547453703704 0.6193350796875 0.5866258194444445 0.6117590166666667 0.5866628666666667 0.6117469270833333 0.5587061842592593 0.6076244208333333 0.5587261324074074 0.6077009875 0.4088999712962963 0.6158452546875 0.40881162685185185 0.6158190609375 0.40253348518518517 0.6032117671874999 0.40253348518518517 0.6032359458333333 0.5653063546296296 0.6072456177083333 0.5653063546296296 0.6072959901041667 0.5931718435185185 0.6193854526041667 0.5931547453703704
3 0.7556135401041666 0.4535052722222222 0.7556014505208334 0.4933713305555556 0.7593068708333334 0.4933713305555556 0.7593572437499999 0.4574579648148148 0.7707636510416667 0.45754915925925926 0.770801934375 0.4532202907407407 0.7724964739583334 0.45320319166666667 0.772484384375 0.4501082925925926 0.7709147692708334 0.45009119444444445 0.7708785010416667 0.3905500138888889 0.7513016322916666 0.3905500138888889 0.7513781984375 0.39695354814814815 0.7656417489583334 0.39689940185185185 0.7656679427083334 0.4534169277777778 0.7556135401041666 0.4535052722222222
3 0.6797924640624999 0.6033485324074074 0.6797300020833333 0.5970703907407408 0.6689925447916667 0.5970703907407408 0.6689925447916667 0.5868053574074074 0.6640741489583333 0.5867882583333334 0.6640862380208333 0.5931718435185185 0.6650856338541666 0.5931718435185185 0.6650856338541666 0.6034026787037037 0.6797924640624999 0.6033485324074074
3 0.6707112635416668 0.5575149611111111 0.6706810395833334 0.5525762324074074 0.6708684265625 0.552487887962963 0.6708643963541667 0.5072328296296297 0.667092484375 0.5072698777777778 0.667092484375 0.5525306351851852 0.6672194239583333 0.5526645768518519 0.6672194239583333 0.5575149611111111 0.6707112635416668 0.5575149611111111
3 0.7078017328125 0.3905671129629629 0.7078279265624999 0.39688230277777775 0.73985895625 0.3969165 0.73985895625 0.3905671129629629 0.7078017328125 0.3905671129629629
3 0.6338384041666667 0.586734112037037 0.6338645979166666 0.5931319462962963 0.6421337901041666 0.5931376462962963 0.6420955067708333 0.5867512111111112 0.6338384041666667 0.586734112037037
3 0.68586741875 0.39688800185185186 0.6858815234375 0.3905158166666667 0.6629236348958333 0.3906212592592593 0.6629236348958333 0.40255628425925927 0.6614205119791666 0.40253348518518517 0.6614668546875 0.40895126851851854 0.6674007656250001 0.40895126851851854 0.6674148697916666 0.3968452546296296 0.68586741875 0.39688800185185186
3 0.6272839010416666 0.40255058425925927 0.6272839010416666 0.40888572222222225 0.6394922427083334 0.40882872592592595 0.6395204515625 0.4025192361111111 0.6272839010416666 0.40255058425925927
3 0.7996453755208334 0.45754915925925926 0.7996332864583333 0.43914505555555555 0.8284646385416666 0.43903676296296296 0.8285412046875 0.5970532916666667 0.8170965140625001 0.597107437962963 0.8170844249999999 0.6033485324074074 0.8328148296875 0.6033314333333333 0.8328027401041667 0.43168709074074074 0.7944872052083334 0.43175833611111114 0.7944106385416667 0.45014534074074075 0.788492846875 0.4501624398148148 0.7884807578125 0.4532373898148148 0.7900604473958333 0.4532373898148148 0.7901108203124999 0.45760330555555556 0.7996453755208334 0.45754915925925926
3 0.7375196453124999 0.5180592759259259 0.7375317348958333 0.5689683666666666 0.7412855130208332 0.5689683666666666 0.7412573041666667 0.5180393277777778 0.7375196453124999 0.5180592759259259
3 0.7285915776041667 0.5970361925925926 0.7285915776041667 0.6033314333333333 0.7502659682291667 0.6033485324074074 0.7502276848958334 0.5969279000000001 0.7285915776041667 0.5970361925925926
3 0.7723453557291666 0.5969449981481482 0.7723191619791667 0.6033143342592593 0.7951702598958333 0.6033314333333333 0.7951178723958333 0.5969649472222222 0.7723453557291666 0.5969449981481482
3 0.6318073744791667 0.41139070925925925 0.6318275234375 0.4282331148148148 0.633665121875 0.4282331148148148 0.6336490026041666 0.41138786018518514 0.6318073744791667 0.41139070925925925
3 0.6091295588541666 0.4572983759259259 0.6091174692708333 0.4591593046296296 0.6189300828125001 0.4591222574074074 0.6189300828125001 0.4573325731481481 0.6091295588541666 0.4572983759259259
3 0.6091416484375001 0.48482473611111115 0.6091416484375001 0.4865061268518518 0.6180576265625 0.4865061268518518 0.6180697161458333 0.48482473611111115 0.6091416484375001 0.48482473611111115
3 0.6549526494791666 0.45170988888888886 0.6549526494791666 0.4643573666666667 0.6730404994791667 0.46436306666666666 0.6730404994791667 0.4611969222222222 0.6570723354166667 0.46123681944444445 0.6570259921874999 0.45113422592592595 0.6730525890625 0.45114562592592594 0.6730525890625 0.44831860925925926 0.6317106588541667 0.44839555462962966 0.6316643161458334 0.46704474166666665 0.6340660890625001 0.4670817898148148 0.6340318354166666 0.4516956398148148 0.6549526494791666 0.45170988888888886
3 0.6730908723958334 0.44796238240740743 0.6731029619791666 0.48714733518518516 0.6768325609375 0.48714733518518516 0.6768083817708334 0.44796238240740743 0.6730908723958334 0.44796238240740743
3 0.6317025994791667 0.48346537500000003 0.6316844651041666 0.48672556296296293 0.6730767682291667 0.48675121111111114 0.6730646786458333 0.48340552870370374 0.6317025994791667 0.48346537500000003
3 0.6420068505208333 0.5630350527777778 0.641982671875 0.5582416638888889 0.6117852104166667 0.5582245657407408 0.6117932703125 0.561148475 0.6396554505208333 0.561148475 0.6396554505208333 0.5630179537037037 0.6420068505208333 0.5630350527777778
3 0.63962925625 0.5797634657407408 0.6396514203125 0.5866885148148149 0.6419887166666667 0.5866885148148149 0.6419464031250001 0.5797634657407408 0.63962925625 0.5797634657407408
3 0.6693088859375 0.5867512111111112 0.6692806770833334 0.5581704185185186 0.6641950432291667 0.5581675694444445 0.6641950432291667 0.5632459388888889 0.6673443479166666 0.5632658879629631 0.6673745718749999 0.5867512111111112 0.6693088859375 0.5867512111111112