1 0 0 0 1 1 1 1 0 0 0
3 0.4146522880208333 0.23358893981481482 0.45307800833333334 0.23368301018518517 0.4532150776041667 0.46264538240740744 0.46065914114583334 0.46240307870370373 0.46038701875 0.22527936111111113 0.4146865552083333 0.22532782222222222 0.4146522880208333 0.23358893981481482
3 0.33888328958333336 0.26336944166666665 0.3610219713541667 0.2633209805555556 0.3610622859375 0.2338169898148148 0.36630921197916666 0.23375712685185185 0.3661036083333334 0.22523660185185185 0.3539004234375 0.225342075 0.35413626302083334 0.2556670462962963 0.3388893369791666 0.25578392222222224 0.33888328958333336 0.26336944166666665
3 0.28441241666666667 0.6991391101851852 0.26726264843749997 0.6991391101851852 0.26727877447916665 0.2634179018518518 0.2874783307291667 0.26333238333333336 0.2874501109375 0.2556670462962963 0.26039709739583333 0.2557269101851852 0.2604595848958333 0.7066163055555555 0.2844607942708333 0.7065507407407408 0.28441241666666667 0.6991391101851852
3 0.3638379359375 0.6990592925925926 0.3445898005208334 0.6991134546296297 0.34463817760416665 0.7066733185185186 0.356901834375 0.7065706953703704 0.3569985890625 0.7219298749999999 0.3638177786458333 0.7218072972222223 0.3638379359375 0.6990592925925926
3 0.41161459375000004 0.7219555305555555 0.4216569239583333 0.7217930444444444 0.4215117921875 0.7143215509259259 0.41149768177083335 0.7144042185185185 0.41161459375000004 0.7219555305555555
3 0.4573473088541667 0.5398375138888889 0.4603084057291667 0.5398375138888889 0.46037895572916665 0.5019583805555555 0.453551703125 0.5021550740740741 0.45369078802083335 0.5299372861111111 0.450068534375 0.5301824398148148 0.449997984375 0.650966362962963 0.4462709130208333 0.650966362962963 0.44606329375 0.7144127703703703 0.4432755494791667 0.7144127703703703 0.44334609947916664 0.7220952111111112 0.45407377552083333 0.7218985175925926 0.4541080427083333 0.6605729759259259 0.45801048177083337 0.6605729759259259 0.4573473088541667 0.5398375138888889
3 0.41707317083333334 0.4369469787037037 0.4171316265625 0.44401368333333335 0.45107841145833333 0.44375712685185187 0.4511993552083334 0.4371180157407407 0.41707317083333334 0.4369469787037037
3 0.4530376942708333 0.2717417333333333 0.41928038697916664 0.2718842648148148 0.4191312234375 0.3005387685185185 0.4139750052083333 0.3005530212962963 0.41399919375 0.3095838083333333 0.45306188281250004 0.30914481203703703 0.45313848020833336 0.30039908796296294 0.42319290468750004 0.30061003425925925 0.42324329791666665 0.2772035351851852 0.45308808697916664 0.2774144814814815 0.4530376942708333 0.2717417333333333
3 0.3659705703125 0.3094840361111111 0.365803265625 0.3006185861111111 0.3609957671875 0.3005587231481482 0.3610219713541667 0.2633209805555556 0.3545595645833333 0.26337799351851854 0.354642209375 0.309660775 0.3659705703125 0.3094840361111111
3 0.358836928125 0.3122576962962963 0.3555976619791667 0.3124543898148148 0.3555795203125 0.41450399074074074 0.3589236041666667 0.41445553055555556 0.358836928125 0.3122576962962963
3 0.3158919572916667 0.41907639722222223 0.32011288020833334 0.41907639722222223 0.32011288020833334 0.4143472064814815 0.32918363229166664 0.41452394537037035 0.3291413020833333 0.40973489166666666 0.26949606927083336 0.4099144814814815 0.26949606927083336 0.4162371722222222 0.3158919572916667 0.41600057037037036 0.3158919572916667 0.41907639722222223
3 0.2871618625 0.4722690990740741 0.26947994375 0.47232611203703706 0.2695202578125 0.47764538240740745 0.28335819375 0.47770239444444446 0.2835698447916667 0.5090336370370371 0.26969159427083333 0.509210375925926 0.26965128020833334 0.5144099203703704 0.33180205625 0.5144099203703704 0.33171538020833335 0.5097405925925926 0.320124975 0.5094783351851851 0.32022576093750005 0.4497548462962963 0.31566014895833333 0.4496835805555556 0.31583551718749997 0.5083238314814815 0.2874118119791667 0.5082668185185185 0.2871618625 0.4722690990740741
3 0.3619088895833333 0.5094498287037037 0.3583934692708333 0.5095011398148148 0.35859907291666665 0.6485433296296296 0.36187462187499997 0.6485433296296296 0.3619088895833333 0.5094498287037037
3 0.3638379359375 0.6990592925925926 0.3638520458333333 0.6599714935185186 0.3672445072916667 0.6599201824074074 0.3672041927083333 0.6508095777777777 0.3570671234375 0.6510062712962963 0.35714372083333334 0.699033637037037 0.3638379359375 0.6990592925925926
3 0.4141906875 0.7143129990740741 0.419359 0.7143129990740741 0.41918363229166666 0.6877137972222223 0.414134246875 0.687673887962963 0.4141906875 0.7143129990740741
3 0.41550090729166667 0.6599201824074074 0.4462709130208333 0.6600655648148148 0.4462709130208333 0.650966362962963 0.415357790625 0.6510347777777779 0.41550090729166667 0.6599201824074074
4 0.36630921197916666 0.23375712685185185 0.4146522880208333 0.23358893981481482 0.41469461822916664 0.223748575 0.3660854666666667 0.22385119722222224 0.36630921197916666 0.23375712685185185
4 0.33886313229166665 0.25430729722222223 0.2874521265625 0.25416476666666665 0.28770207604166664 0.26771094629629627 0.33871396875 0.26778221203703706 0.33886313229166665 0.25430729722222223
4 0.4139750052083333 0.3005530212962963 0.365803265625 0.3006185861111111 0.3660572463541667 0.31420752592592593 0.4139870994791667 0.3137172175925926 0.4139750052083333 0.3005530212962963
4 0.3672445072916667 0.6599201824074074 0.41550090729166667 0.6599201824074074 0.4152731302083333 0.6468272518518519 0.36716992552083333 0.6470296462962963 0.3672445072916667 0.6599201824074074
4 0.41149768177083335 0.7144042185185185 0.3638984078125 0.7143956666666667 0.36389034479166665 0.724210375925926 0.4116468453125 0.724210375925926 0.41149768177083335 0.7144042185185185
4 0.34446684114583337 0.6955159638888889 0.28451925 0.6956100342592593 0.28451723437500004 0.7077708092592593 0.34458576875 0.7077708092592593 0.34446684114583337 0.6955159638888889
4 0.4432755494791667 0.7144127703703703 0.4215117921875 0.7143215509259259 0.4216569239583333 0.7217930444444444 0.44334609947916664 0.7220952111111112 0.4432755494791667 0.7144127703703703
2 0.4532150776041667 0.46264538240740744 0.453551703125 0.5021550740740741 0.48699455729166663 0.5018671611111111 0.48657327135416667 0.4627137972222222 0.4532150776041667 0.46264538240740744
2 0.32918363229166664 0.41452394537037035 0.3555795203125 0.41450399074074074 0.35547067135416666 0.37630273703703704 0.328836928125 0.3760205240740741 0.32918363229166664 0.41452394537037035
2 0.32022576093750005 0.4497548462962963 0.32011288020833334 0.41907639722222223 0.29671840364583335 0.4197405925925926 0.2971517838541667 0.44940421851851853 0.32022576093750005 0.4497548462962963
2 0.3583934692708333 0.5095011398148148 0.33171538020833335 0.5097405925925926 0.3316488609375 0.5477080953703704 0.35834307604166665 0.5483181296296297 0.3583934692708333 0.5095011398148148
2 0.41918363229166666 0.6877137972222223 0.4191735536458333 0.6603078675925925 0.39663777447916665 0.6596949833333333 0.3971437208333333 0.6878876851851852 0.41918363229166666 0.6877137972222223