1 0 0 0 1 1 1 1 0 0 0
3 0.16882933697916666 0.36558722962962964 0.14422728177083333 0.3654503990740741 0.14419705833333335 0.3733779935185185 0.16907515625 0.3733779935185185 0.16882933697916666 0.36558722962962964
3 0.1498992546875 0.373523375 0.14419705833333335 0.373523375 0.1441809390625 0.4900940703703704 0.1498992546875 0.48997434444444443 0.1498992546875 0.373523375
3 0.14998992552083334 0.4820125425925926 0.149955671875 0.4899372861111111 0.16258311510416668 0.4901083240740741 0.1625891598958333 0.4822063851851852 0.14998992552083334 0.4820125425925926
3 0.16257102552083333 0.4902137972222222 0.15694942552083332 0.49015678425925924 0.15705621614583334 0.5288226907407407 0.16259721927083334 0.5287001138888889 0.16257102552083333 0.4902137972222222
3 0.16255692135416666 0.558523375 0.156951440625 0.558571836111111 0.15687084427083334 0.6197662481481481 0.16258311510416668 0.6197263398148148 0.16255692135416666 0.558523375
3 0.16266371145833333 0.6119441277777778 0.1626435625 0.6197833527777779 0.18712069322916666 0.6198033064814814 0.18716905104166667 0.6120381981481482 0.16266371145833333 0.6119441277777778
3 0.22956477916666668 0.6120182444444444 0.22949828749999998 0.6197263398148148 0.25445093697916665 0.6198061574074074 0.2544831755208333 0.6120581527777778 0.22956477916666668 0.6120182444444444
3 0.2966512192708333 0.6120153935185185 0.29663106979166665 0.6196835805555556 0.31273020364583337 0.6197405925925926 0.31275035260416667 0.611986887037037 0.2966512192708333 0.6120153935185185
3 0.30704815625 0.6119298750000001 0.31273020364583337 0.6119298750000001 0.3126616963541667 0.49879988611111115 0.3070521859375 0.4988340935185185 0.30704815625 0.6119298750000001
3 0.3126999796875 0.49870866574074074 0.312740278125 0.5068329537037037 0.3377009875 0.5068329537037037 0.3377009875 0.49879418425925925 0.3126999796875 0.49870866574074074
3 0.42493653020833333 0.4988626 0.42505742500000004 0.506764537962963 0.4558371953125 0.5068671611111111 0.4558371953125 0.4987599768518518 0.42493653020833333 0.4988626
3 0.45570219635416664 0.5069384268518519 0.4500805963541667 0.5069697833333333 0.4501813421875 0.5238968074074074 0.4558130161458333 0.5237742305555555 0.45570219635416664 0.5069384268518519
3 0.4557364494791667 0.5938454962962962 0.4501511182291667 0.5938797037037037 0.450122909375 0.6234606611111112 0.4557122708333334 0.6234606611111112 0.4557364494791667 0.5938454962962962
3 0.45577271822916665 0.6157639685185186 0.45575256927083335 0.6234891675925925 0.4684263552083333 0.6234891675925925 0.46843441458333335 0.6157126564814814 0.45577271822916665 0.6157639685185186
3 0.5510719322916666 0.6156328388888889 0.5511444692708333 0.6234321546296296 0.5794479145833333 0.6234606611111112 0.57940963125 0.6156328388888889 0.5510719322916666 0.6156328388888889
3 0.62170864375 0.6156984037037038 0.6216220026041667 0.6233722916666666 0.667523675 0.6234977194444444 0.6675518838541666 0.6156984037037038 0.62170864375 0.6156984037037038
3 0.7240378802083334 0.6156499425925925 0.7240378802083334 0.623406499074074 0.7473100947916667 0.6234606611111112 0.7473080796875 0.6157297601851852 0.7240378802083334 0.6156499425925925
3 0.7418819260416666 0.6156128851851851 0.7472818859375 0.6156128851851851 0.74733024375 0.483124287037037 0.7418577473958333 0.4831556444444444 0.7418819260416666 0.6156128851851851
3 0.7474189 0.4830986314814815 0.7473786015625 0.4911088935185185 0.7690993348958333 0.4911088935185185 0.769119484375 0.4831556444444444 0.7474189 0.4830986314814815
3 0.7634777354166666 0.483013112962963 0.769119484375 0.483013112962963 0.7690590369791667 0.36533922500000005 0.7634575859375 0.36533922500000005 0.7634777354166666 0.483013112962963
3 0.763383034375 0.373523375 0.7633427364583334 0.36539908796296294 0.6930022161458333 0.36548460648148146 0.6929619182291666 0.3733808435185185 0.763383034375 0.373523375
3 0.6250896635416667 0.36532212129629626 0.6250896635416667 0.37346351203703704 0.6719524479166666 0.37348916759259254 0.6719242395833334 0.3653905361111111 0.6250896635416667 0.36532212129629626
3 0.5059318958333333 0.340507412037037 0.4991416484375 0.3404275944444445 0.499171871875 0.3735518814814815 0.5058452546875 0.3735518814814815 0.5059318958333333 0.340507412037037
3 0.5059601046875 0.3637827824074074 0.5059318958333333 0.3735119722222222 0.5673181541666668 0.37348916759259254 0.5673584526041666 0.3636259981481481 0.5059601046875 0.3637827824074074
3 0.5607475317708333 0.3635376287037037 0.5674370338541667 0.36356613425925927 0.5673987505208333 0.2684891675925926 0.5607898447916667 0.2684891675925926 0.5607475317708333 0.3635376287037037
3 0.4924199072916667 0.2684920185185185 0.49227886354166667 0.27804161944444444 0.560749546875 0.2779361462962963 0.56075760625 0.2685034203703704 0.4924199072916667 0.2684920185185185
3 0.5060044328125 0.27810718333333334 0.49907515625 0.27810433333333334 0.49902276822916664 0.30129133425925925 0.5060104776041666 0.30122291944444446 0.5060044328125 0.27810718333333334
3 0.44835784791666666 0.2684720638888889 0.44833769895833336 0.2776510833333334 0.4641970583333333 0.2779190425925926 0.46426959479166663 0.26851197222222223 0.44835784791666666 0.2684720638888889
3 0.4573241989583333 0.2778876851851852 0.451118275 0.27783067314814813 0.45101752968750003 0.3240022805555555 0.4573846463541667 0.32398802777777774 0.4573241989583333 0.2778876851851852
3 0.4202800723958333 0.268463512037037 0.33829337083333333 0.26853762870370373 0.33834777343750005 0.27784207499999997 0.4203284302083333 0.2778021666666667 0.4202800723958333 0.268463512037037
3 0.34497682864583334 0.2779561 0.33832762447916664 0.2779561 0.33826314739583335 0.3734036490740741 0.3449365302083333 0.3734122009259259 0.34497682864583334 0.2779561
3 0.34499697760416664 0.3637200685185185 0.34497682864583334 0.3734692129629629 0.4510457385416667 0.37354332962962966 0.4509772317708334 0.3638825537037037 0.34499697760416664 0.3637200685185185
3 0.45106588750000004 0.3613996583333333 0.4511061859375 0.3734578111111111 0.4573725567708333 0.37342930462962964 0.4573725567708333 0.3613996583333333 0.45106588750000004 0.3613996583333333
3 0.4173403182291667 0.3904846064814815 0.420564175 0.39045610000000003 0.4205440260416667 0.37358038796296295 0.41365303229166667 0.37360889351851856 0.41373362864583335 0.3871208666666667 0.41727987083333334 0.38703534814814816 0.4173403182291667 0.3904846064814815
3 0.3636893010416667 0.373577537037037 0.3582691921875 0.373577537037037 0.3582792666666667 0.4569070694444444 0.363691315625 0.4569840361111111 0.3636893010416667 0.373577537037037
3 0.2789240380208333 0.36543899629629634 0.2788938140625 0.3735661342592592 0.3018456578125 0.37348346666666665 0.3017287932291667 0.36543899629629634 0.2789240380208333 0.36543899629629634
3 0.32282288958333333 0.36547890555555557 0.3229679630208333 0.3735661342592592 0.33817046145833335 0.37340079814814814 0.3382006848958333 0.365396237037037 0.32282288958333333 0.36547890555555557
3 0.1922506546875 0.3654418472222222 0.19222244635416666 0.37332383148148146 0.2223393109375 0.3734464083333333 0.22242595208333332 0.3654418472222222 0.1922506546875 0.3654418472222222
3 0.30145879531249997 0.4099258833333333 0.2958774932291667 0.4099543898148148 0.29591174687500005 0.4532041046296297 0.301392303125 0.45334663611111115 0.30145879531249997 0.4099258833333333
3 0.4204513401041667 0.4233466361111111 0.4173886760416667 0.4234036490740741 0.41732822864583335 0.42659635092592596 0.4136812411458333 0.42668187037037036 0.41359057031249996 0.454660775 0.42052992135416667 0.45462656759259257 0.4204513401041667 0.4233466361111111
3 0.4206024583333334 0.44491448148148144 0.4206266369791667 0.4546294185185185 0.48736651197916664 0.4547605472222222 0.4873262140625 0.44495438981481483 0.4206024583333334 0.44491448148148144
3 0.487348378125 0.43505416203703706 0.4874491234375 0.45475199537037037 0.4941184765625 0.45472348888888886 0.49401773125 0.43494013703703704 0.487348378125 0.43505416203703706
3 0.4941184765625 0.43491163055555554 0.4941386260416667 0.4443472064814815 0.5536913156250001 0.44434150555555557 0.5536711666666666 0.4349344351851852 0.4941184765625 0.43491163055555554
3 0.5470360666666667 0.4347690990740741 0.5536651218749999 0.4348546175925926 0.5536872859374999 0.37362029629629634 0.5470783802083333 0.3735917898148148 0.5470360666666667 0.4347690990740741
3 0.5674309890625 0.36541619166666667 0.5673786015625001 0.37343215462962964 0.5898851500000001 0.3735746861111111 0.5899173885416666 0.36541619166666667 0.5674309890625 0.36541619166666667
3 0.6536087041666666 0.49071265648148144 0.6478984484375 0.4908124287037037 0.6482107593750001 0.568070125 0.6536167640625 0.568072975925926 0.6536087041666666 0.49071265648148144