1 0 0 0 1 1 1 1 0 0 0
3 0.5040842234375 0.546332287962963 0.5041386260416666 0.5227956685185186 0.4563933104166667 0.5226389287037038 0.4563933104166667 0.5462553435185186 0.4198871651041667 0.546332287962963 0.4198871651041667 0.47571672870370363 0.38180132968749997 0.47563978333333334 0.38180132968749997 0.45202336851851854 0.3341648197916667 0.45194642314814815 0.33405601458333334 0.47563978333333334 0.25951843645833333 0.47563978333333334 0.25951843645833333 0.45202336851851854 0.21242796718749998 0.45202336851851854 0.21237154947916667 0.47563978333333334 0.18421720729166668 0.47563978333333334 0.18427160989583333 0.8417640351851852 0.5415716302083333 0.8417640351851852 0.5415716302083333 0.546332287962963 0.5040842234375 0.546332287962963
2 0.2062945796875 0.8120461666666666 0.19846060833333334 0.8119635222222222 0.1984324 0.8385978907407408 0.2062945796875 0.8385579935185186 0.2062945796875 0.8120461666666666
2 0.27177110625 0.8122257055555555 0.2642151921875 0.8122257055555555 0.2641204916666667 0.8386919351851851 0.2718315536458333 0.8387004842592592 0.27177110625 0.8122257055555555
2 0.2828531130208333 0.8122542037037037 0.27629054999999997 0.8122599027777777 0.27619584947916664 0.8387261324074073 0.28291356041666665 0.8387859787037037 0.2828531130208333 0.8122542037037037
2 0.292202296875 0.8122257055555555 0.28615958072916664 0.8122342546296296 0.28611726770833334 0.8387859787037037 0.2921821479166667 0.8387574805555555 0.292202296875 0.8122257055555555
2 0.30424743072916666 0.8121345111111111 0.29820471510416663 0.8121430611111111 0.2981624015625 0.8386947851851851 0.30422728177083336 0.838666287037037 0.30424743072916666 0.8121345111111111
2 0.3140842234375 0.8121687092592592 0.3076929276041667 0.8121430611111111 0.3076485994791666 0.8386947851851851 0.3140237760416667 0.8387004842592592 0.3140842234375 0.8121687092592592
2 0.3264154744791667 0.8121402111111111 0.3185734432291667 0.8122257055555555 0.318529115625 0.8387774296296296 0.32639532552083333 0.8386719861111112 0.3264154744791667 0.8121402111111111
2 0.39411646197916667 0.8122827018518518 0.3864980859375 0.8122798518518519 0.38645577291666666 0.8388315759259258 0.39409631250000005 0.8388999712962963 0.39411646197916667 0.8122827018518518
2 0.40519846875 0.8121972074074074 0.3985694135416667 0.8121972074074074 0.39854926458333334 0.8387289824074075 0.40525891614583337 0.8387004842592592 0.40519846875 0.8121972074074074
2 0.4144267578125 0.8122257055555555 0.40846060833333336 0.8121430611111111 0.4084162807291667 0.8386919351851851 0.41446705625 0.838643487962963 0.4144267578125 0.8122257055555555
2 0.4265162197916667 0.8121972074074074 0.42053193645833337 0.8121972074074074 0.42051178697916664 0.8387004842592592 0.4265363692708333 0.8387289824074075 0.4265162197916667 0.8121972074074074
2 0.4366109208333333 0.8121972074074074 0.4299899255208333 0.8121829583333333 0.4299455973958333 0.8387346824074073 0.43663106979166666 0.8386719861111112 0.4366109208333333 0.8121972074074074
2 0.44868023385416667 0.8122257055555555 0.44089865 0.8122257055555555 0.44085633697916665 0.8387745796296296 0.44870038281249996 0.8387289824074075 0.44868023385416667 0.8122257055555555
2 0.5166230104166667 0.8121972074074074 0.50333870625 0.8121516101851852 0.5032963932291666 0.8387004842592592 0.5166028609375 0.8387289824074075 0.5166230104166667 0.8121972074074074
2 0.5268587546875 0.8121972074074074 0.5208523072916666 0.8122000574074074 0.5208079791666667 0.8387517814814816 0.5268789036458333 0.8388144768518518 0.5268587546875 0.8121972074074074
2 0.5397541807291667 0.8121972074074074 0.5287205317708333 0.8122000574074074 0.52867821875 0.8387517814814816 0.5397944791666667 0.8387289824074075 0.5397541807291667 0.8121972074074074
4 0.24219826718749998 0.45974351666666663 0.23429377395833334 0.4597036194444445 0.2343300421875 0.46589911666666667 0.24219826718749998 0.46589911666666667 0.24219826718749998 0.45974351666666663
4 0.24221640156250002 0.4830835 0.23431190833333335 0.4830407527777778 0.2343743703125 0.4895696777777777 0.24221237135416668 0.4895411796296296 0.24221640156250002 0.4830835
4 0.24220834166666666 0.5067740092592592 0.2343038484375 0.506734112037037 0.23431392291666667 0.5132516388888889 0.24220431197916667 0.5132316898148148 0.24220834166666666 0.5067740092592592
4 0.24215192447916667 0.5301282416666666 0.23424541614583333 0.5300883444444444 0.23425549062499998 0.5366058703703704 0.2421458796875 0.5365859222222222 0.24215192447916667 0.5301282416666666
4 0.242238565625 0.5536848101851852 0.23433407187500002 0.553642062962963 0.23434213177083332 0.5601624398148147 0.24223252083333333 0.5601424907407407 0.242238565625 0.5536848101851852
4 0.2421801328125 0.5774038185185185 0.23427563958333333 0.5773639212962963 0.2342857140625 0.5838814481481481 0.24217408802083332 0.5838614990740741 0.2421801328125 0.5774038185185185
4 0.24220834166666666 0.6007124537037037 0.2343038484375 0.6006725564814814 0.23431392291666667 0.6071900824074075 0.24220431197916667 0.6071701342592593 0.24220834166666666 0.6007124537037037
4 0.2421801328125 0.6243915648148148 0.23427563958333333 0.6243516675925926 0.2342857140625 0.6308691935185184 0.24217408802083332 0.6308492444444445 0.2421801328125 0.6243915648148148
4 0.242238565625 0.6481105731481481 0.23433407187500002 0.648070675 0.23434213177083332 0.6545882018518518 0.24223252083333333 0.6545682527777777 0.242238565625 0.6481105731481481
4 0.242238565625 0.6716671416666667 0.23433407187500002 0.6716243944444444 0.23433407187500002 0.6779709314814815 0.24225266979166668 0.6779709314814815 0.242238565625 0.6716671416666667
4 0.242238565625 0.6950983185185186 0.23433407187500002 0.6950584212962962 0.23434213177083332 0.7015759472222223 0.24223252083333333 0.7015588490740741 0.242238565625 0.6950983185185186
4 0.24220834166666666 0.7187375324074075 0.2343038484375 0.7186947851851853 0.23431392291666667 0.7252151611111112 0.24220431197916667 0.7251952120370371 0.24220834166666666 0.7187375324074075
4 0.242238565625 0.7423738953703705 0.23433407187500002 0.7423339981481482 0.23433407187500002 0.748646337962963 0.24223252083333333 0.7486178398148148 0.242238565625 0.7423738953703705
4 0.24220834166666666 0.7660929037037038 0.2343038484375 0.7660530064814816 0.23431392291666667 0.7725705333333334 0.24220431197916667 0.7725505842592593 0.24220834166666666 0.7660929037037038
4 0.24220834166666666 0.7894043888888889 0.2343038484375 0.7893616416666667 0.23431392291666667 0.7958820175925926 0.24220431197916667 0.7958620685185185 0.24220834166666666 0.7894043888888889
4 0.36004432812500003 0.45976061574074073 0.35205117864583335 0.45970646944444443 0.35204513385416664 0.46594471388888886 0.36004432812500003 0.46594471388888886 0.36004432812500003 0.45976061574074073
4 0.3600846260416667 0.48307209999999995 0.35200282083333334 0.4830977490740741 0.3520128953125 0.48961812499999996 0.36004432812500003 0.4895696777777777 0.3600846260416667 0.48307209999999995
4 0.36009268593750005 0.5066828157407407 0.3520108807291667 0.5067084638888889 0.3520209552083333 0.5132259907407408 0.36005238749999996 0.5131803935185185 0.36009268593750005 0.5066828157407407
4 0.36009268593750005 0.5300057 0.3520108807291667 0.5300313481481481 0.3520209552083333 0.5365488740740741 0.36005238749999996 0.5365032768518518 0.36009268593750005 0.5300057
4 0.36006850677083335 0.5536705611111111 0.3519867015625 0.5536962101851851 0.3519967760416666 0.5602137361111111 0.36002820885416664 0.5601681388888888 0.36006850677083335 0.5536705611111111
4 0.36009268593750005 0.5773696212962963 0.3520108807291667 0.5773952694444445 0.3520209552083333 0.5839127953703703 0.36005238749999996 0.5838671990740741 0.36009268593750005 0.5773696212962963
4 0.36006850677083335 0.6007609009259259 0.3519867015625 0.600786549074074 0.3519967760416666 0.607304075 0.36002820885416664 0.6072584777777777 0.36006850677083335 0.6007609009259259
4 0.36006850677083335 0.6243573666666667 0.3519867015625 0.6243830148148148 0.3519967760416666 0.6309005416666666 0.36002820885416664 0.6308549444444445 0.36006850677083335 0.6243573666666667
4 0.36006850677083335 0.6480222287037037 0.3519867015625 0.6480478768518518 0.3519967760416666 0.6545654037037038 0.36002820885416664 0.6545198064814814 0.36006850677083335 0.6480222287037037
4 0.3600846260416667 0.6717013398148148 0.3519645375 0.6717583361111111 0.3520048359375 0.6779994296296296 0.3600241791666667 0.6779994296296296 0.3600846260416667 0.6717013398148148
4 0.36006850677083335 0.6950783694444443 0.3519867015625 0.6951040185185186 0.3519967760416666 0.7016215444444445 0.36002820885416664 0.7015759472222223 0.36006850677083335 0.6950783694444443
4 0.36004432812500003 0.718674836111111 0.3519625229166667 0.7187004842592593 0.3519725973958333 0.7252180111111112 0.36000402968749995 0.7251724138888889 0.36004432812500003 0.718674836111111
4 0.36009268593750005 0.7423738953703705 0.3520108807291667 0.7423995444444444 0.3520048359375 0.748646337962963 0.36004432812500003 0.7485893416666667 0.36009268593750005 0.7423738953703705
4 0.36011686458333336 0.7660045592592593 0.352035059375 0.7660302083333334 0.35204513385416664 0.7725477342592593 0.36007656666666665 0.7725021370370371 0.36011686458333336 0.7660045592592593
4 0.36009268593750005 0.7893616416666667 0.3520108807291667 0.7893872898148148 0.3520209552083333 0.7959048157407407 0.36005238749999996 0.7958592194444445 0.36009268593750005 0.7893616416666667
4 0.4823997583333333 0.5303248787037037 0.47431996770833335 0.5303505268518518 0.47433004218749997 0.5365916212962963 0.48234938541666667 0.5366201194444444 0.4823997583333333 0.5303248787037037
4 0.4823997583333333 0.5536933601851852 0.47431996770833335 0.5537190083333333 0.4743280276041667 0.5602365342592593 0.48235945989583334 0.5601909379629629 0.4823997583333333 0.5536933601851852
4 0.4823796088541667 0.5773753203703703 0.47429981875 0.5774009685185185 0.47430787812499997 0.5839184953703703 0.48233931093750004 0.5838728981481481 0.4823796088541667 0.5773753203703703
4 0.4823997583333333 0.6007153037037036 0.47431996770833335 0.6007409518518518 0.4743280276041667 0.6072584777777777 0.48235945989583334 0.6072128814814814 0.4823997583333333 0.6007153037037036
4 0.4823796088541667 0.6243687657407407 0.47429981875 0.6243944148148148 0.47430787812499997 0.6309119407407408 0.48233931093750004 0.6308663435185186 0.4823796088541667 0.6243687657407407
4 0.48241990729166667 0.6480507268518518 0.4743381020833333 0.648076375 0.4743481765625 0.6545939018518518 0.4823796088541667 0.6545483046296295 0.48241990729166667 0.6480507268518518
4 0.48236953437499996 0.6717298379629629 0.4743381020833333 0.6717583361111111 0.47430989322916667 0.6779709314814815 0.48236953437499996 0.6779709314814815 0.48236953437499996 0.6717298379629629
4 0.4823796088541667 0.6951011685185184 0.47429981875 0.6951268166666666 0.47430787812499997 0.7016443435185186 0.48233931093750004 0.7015987462962963 0.4823796088541667 0.6951011685185184
4 0.4823997583333333 0.7187261324074075 0.47431996770833335 0.7187517814814816 0.4743280276041667 0.7252693074074074 0.48235945989583334 0.7252237101851853 0.4823997583333333 0.7187261324074075
4 0.48235945989583334 0.7423795953703703 0.4742796697916667 0.7424052435185184 0.47433004218749997 0.7486178398148148 0.48234938541666667 0.748646337962963 0.48235945989583334 0.7423795953703703
4 0.48235945989583334 0.7660045592592593 0.4742796697916667 0.7660302083333334 0.4742897442708333 0.7725477342592593 0.48231916197916663 0.7725021370370371 0.48235945989583334 0.7660045592592593
4 0.5274833770833334 0.7870988888888888 0.5208865604166667 0.7871330861111111 0.520880515625 0.8082331148148147 0.527489421875 0.8082046166666667 0.5274833770833334 0.7870988888888888
4 0.42659681666666666 0.5514648046296297 0.4205238765625 0.5514534055555556 0.4205440260416667 0.5708121972222222 0.42659681666666666 0.5708435453703704 0.42659681666666666 0.5514648046296297
4 0.43663106979166666 0.5514106583333334 0.429981865625 0.5514135083333332 0.4300040296875 0.5707723 0.43663106979166666 0.5707609009259259 0.43663106979166666 0.5514106583333334
4 0.44870038281249996 0.5514961527777779 0.44086238177083337 0.5514534055555556 0.44088454583333336 0.5708121972222222 0.44870038281249996 0.5708463953703703 0.44870038281249996 0.5514961527777779
4 0.5166230104166667 0.5514391564814816 0.5087991135416667 0.5514790537037038 0.5088192625 0.5708378453703703 0.5165827119791666 0.570789399074074 0.5166230104166667 0.5514391564814816
4 0.527463228125 0.5514391564814816 0.5208120088541667 0.5514363064814815 0.5208321578125 0.5707979481481481 0.527523675 0.5708178972222222 0.527463228125 0.5514391564814816
4 0.5368083817708332 0.5514505555555556 0.5307334276041666 0.5514363064814815 0.5307555911458334 0.5707979481481481 0.5368083817708332 0.5708292962962963 0.5368083817708332 0.5514505555555556
4 0.20631069895833332 0.5041749787037036 0.19852508541666666 0.5041407805555556 0.19850090677083332 0.5154602453703703 0.20631069895833332 0.5155286407407408 0.20631069895833332 0.5041749787037036
4 0.2063389078125 0.5278483898148149 0.19846866822916667 0.5278426898148149 0.19846866822916667 0.5388999712962963 0.20636711666666668 0.5388999712962963 0.2063389078125 0.5278483898148149
4 0.20633487812499998 0.551157025 0.19846463854166665 0.551148475 0.19846866822916667 0.562496437962963 0.20636711666666668 0.5625249361111111 0.20633487812499998 0.551157025
4 0.20635301250000002 0.574793388888889 0.19848277239583334 0.5747848388888889 0.19848680208333333 0.5861328009259259 0.20638525104166666 0.5861612990740741 0.20635301250000002 0.574793388888889
4 0.20635301250000002 0.5984468509259259 0.19848277239583334 0.5984383018518519 0.19850896614583335 0.6095468796296296 0.20636711666666668 0.6095753777777778 0.20635301250000002 0.5984468509259259
4 0.2063328630208333 0.6218153324074074 0.19846262343749999 0.6218067824074074 0.198466653125 0.6331547453703704 0.20636510156250001 0.6331832435185185 0.2063328630208333 0.6218153324074074
4 0.20631271406249999 0.6454972925925926 0.19844247447916666 0.6454887435185185 0.19844650416666668 0.6568367055555555 0.20634495260416666 0.6568652037037036 0.20631271406249999 0.6454972925925926
4 0.20632681822916668 0.6691365064814815 0.198502921875 0.6691137074074074 0.19850896614583335 0.6802507833333333 0.20634696770833333 0.6802507833333333 0.20632681822916668 0.6691365064814815
4 0.2063328630208333 0.6925420351851851 0.19846262343749999 0.6925363351851852 0.198466653125 0.7038814481481481 0.20636510156250001 0.7039127953703703 0.2063328630208333 0.6925420351851851
4 0.2063328630208333 0.7161812481481481 0.19846262343749999 0.716172699074074 0.198466653125 0.7275206611111111 0.20636510156250001 0.7275491592592593 0.2063328630208333 0.7161812481481481
4 0.2063046546875 0.739817612037037 0.19843441458333333 0.739811912037037 0.19842836979166664 0.7509261898148147 0.20632681822916668 0.7509546879629629 0.2063046546875 0.739817612037037
4 0.2063328630208333 0.7634539759259259 0.19846262343749999 0.7634482759259259 0.198466653125 0.7747962379629629 0.20636510156250001 0.774824736111111 0.2063328630208333 0.7634539759259259
4 0.2063328630208333 0.7871330861111111 0.19846262343749999 0.787127387037037 0.19846866822916667 0.7981476203703703 0.20636711666666668 0.7982901111111111 0.2063328630208333 0.7871330861111111
4 0.27177916562500004 0.5116158453703704 0.26416280468750003 0.5116158453703704 0.26416280468750003 0.517486462962963 0.27179931510416666 0.517486462962963 0.27177916562500004 0.5116158453703704
4 0.2717872255208333 0.5352123111111111 0.26417086458333333 0.5352123111111111 0.26417086458333333 0.5410829296296296 0.27180737447916664 0.5410829296296296 0.2717872255208333 0.5352123111111111
4 0.2717872255208333 0.5585636935185185 0.26417086458333333 0.5585636935185185 0.26417086458333333 0.5644343120370371 0.27180737447916664 0.5644343120370371 0.2717872255208333 0.5585636935185185
4 0.2717872255208333 0.5822428046296296 0.26417086458333333 0.5822428046296296 0.26417086458333333 0.5881134222222223 0.27180737447916664 0.5881134222222223 0.2717872255208333 0.5822428046296296
4 0.2718174489583333 0.6058791675925926 0.26420108802083336 0.6058791675925926 0.26420108802083336 0.6117497861111111 0.2718375984375 0.6117497861111111 0.2718174489583333 0.6058791675925926
4 0.2717872255208333 0.6292704472222223 0.26417086458333333 0.6292704472222223 0.26417086458333333 0.6351410657407408 0.27180737447916664 0.6351410657407408 0.2717872255208333 0.6292704472222223
4 0.2717872255208333 0.6529495583333333 0.26417086458333333 0.6529495583333333 0.26417086458333333 0.6588201768518519 0.27180737447916664 0.6588201768518519 0.2717872255208333 0.6529495583333333
4 0.2717872255208333 0.676546024074074 0.26417086458333333 0.676546024074074 0.26417086458333333 0.6824166425925926 0.27180737447916664 0.6824166425925926 0.2717872255208333 0.676546024074074
4 0.2717872255208333 0.6998974064814815 0.26417086458333333 0.6998974064814815 0.26417489427083335 0.7060416074074074 0.27181140416666666 0.7060986037037037 0.2717872255208333 0.6998974064814815
4 0.2717872255208333 0.7236164148148148 0.26417086458333333 0.7236164148148148 0.26417086458333333 0.7294870333333333 0.27180737447916664 0.7294870333333333 0.2717872255208333 0.7236164148148148
4 0.2717872255208333 0.7472527787037038 0.26417086458333333 0.7472527787037038 0.26417086458333333 0.7531233972222223 0.27180737447916664 0.7531233972222223 0.2717872255208333 0.7472527787037038
4 0.2717590166666667 0.7708919916666667 0.2641426557291667 0.7708919916666667 0.2641426557291667 0.7767626101851852 0.27177916562500004 0.7767626101851852 0.2717590166666667 0.7708919916666667
4 0.2717872255208333 0.7945711027777778 0.26417086458333333 0.7945711027777778 0.26417086458333333 0.8004417212962963 0.27180737447916664 0.8004417212962963 0.2717872255208333 0.7945711027777778
4 0.32639532552083333 0.5115987462962963 0.3185714286458333 0.511547449074074 0.3185714286458333 0.5174180675925926 0.3263550270833333 0.5174408666666667 0.32639532552083333 0.5115987462962963
4 0.3263973401041667 0.5352322601851852 0.3185734432291667 0.5351838129629629 0.3185734432291667 0.5410544314814815 0.3263570421875 0.5410743805555556 0.3263973401041667 0.5352322601851852
4 0.3263973401041667 0.5586235398148147 0.3185734432291667 0.5585750925925926 0.3185734432291667 0.5644457111111111 0.3263570421875 0.5644656601851852 0.3263973401041667 0.5586235398148147
4 0.4823796088541667 0.7893730407407408 0.47429981875 0.7893986888888889 0.47430787812499997 0.7959162157407408 0.48233931093750004 0.7958706185185185 0.4823796088541667 0.7893730407407408
4 0.20632681822916668 0.4804787685185185 0.19844851927083335 0.4805072666666667 0.19850896614583335 0.5001709888888889 0.20634696770833333 0.5 0.20632681822916668 0.4804787685185185
4 0.2718517026041667 0.48073525185185184 0.26413258125 0.4808121972222222 0.2641547453125 0.5001709888888889 0.27181140416666666 0.5001709888888889 0.2718517026041667 0.48073525185185184
4 0.28289341145833335 0.48082074629629634 0.276246221875 0.48080934722222224 0.27626637135416665 0.5001681388888889 0.2828531130208333 0.5001994870370371 0.28289341145833335 0.48082074629629634
4 0.29214184947916666 0.48079224814814814 0.28610920833333336 0.4807552009259259 0.28613137239583336 0.5001139925925926 0.2921217005208333 0.5001139925925926 0.29214184947916666 0.48079224814814814
4 0.30425146093750005 0.48079224814814814 0.29819867031249997 0.4807552009259259 0.298220834375 0.5001139925925926 0.3042313114583333 0.5001139925925926 0.30425146093750005 0.48079224814814814
4 0.31410437239583333 0.48073525185185184 0.3076888979166667 0.4807267027777778 0.3077110619791667 0.5000883444444445 0.3141245213541667 0.5001139925925926 0.31410437239583333 0.48073525185185184
4 0.32639532552083333 0.48073525185185184 0.3185694135416667 0.4807552009259259 0.3185915776041667 0.5001139925925926 0.3264154744791667 0.5000284981481482 0.32639532552083333 0.48073525185185184
4 0.394176909375 0.48070675370370364 0.38646383229166664 0.48075235092592594 0.38648398125 0.5001111425925926 0.3941366109375 0.5001139925925926 0.394176909375 0.48070675370370364
4 0.4052004833333333 0.48072955277777774 0.3985532942708333 0.48071815370370374 0.3985734432291667 0.5000769453703704 0.40516018541666665 0.5001082925925926 0.4052004833333333 0.48072955277777774
4 0.41446705625 0.48076374999999993 0.4083941166666667 0.48075235092592594 0.408414265625 0.5001111425925926 0.41446705625 0.5001424907407408 0.41446705625 0.48076374999999993
4 0.28288938125 0.5041721287037036 0.2762401770833333 0.5041607296296297 0.27626435624999995 0.5256483324074074 0.2828732619791667 0.5255343398148148 0.28288938125 0.5041721287037036
4 0.28289139635416666 0.5278198916666667 0.27624219218749996 0.5278084925925927 0.27626435624999995 0.5489313194444444 0.28289341145833335 0.5489028212962963 0.28289139635416666 0.5278198916666667
4 0.28288132187500004 0.5514505555555556 0.27623413281250003 0.5514391564814816 0.2762039088541667 0.5725562842592592 0.28291356041666665 0.5725277861111111 0.28288132187500004 0.5514505555555556
4 0.2829055005208333 0.5748902824074074 0.2762562963541667 0.5748788833333334 0.2762240578125 0.5961242518518519 0.28289341145833335 0.5960672555555556 0.2829055005208333 0.5748902824074074
4 0.28288132187500004 0.5985209462962963 0.27623211770833334 0.5985095472222223 0.2762039088541667 0.6196266740740741 0.28291356041666665 0.6195981759259259 0.28288132187500004 0.5985209462962963
4 0.28288132187500004 0.6221516101851852 0.27623211770833334 0.6221402111111111 0.2762039088541667 0.643257337962963 0.28291356041666665 0.6432288398148148 0.28288132187500004 0.6221516101851852
4 0.28285714270833334 0.6455428898148148 0.2762079385416667 0.6455314907407407 0.2761837598958333 0.6667141638888888 0.28291356041666665 0.6667141638888888 0.28285714270833334 0.6455428898148148
4 0.28285714270833334 0.6691393555555556 0.2762079385416667 0.6691279564814815 0.27617771510416667 0.6902450842592592 0.28288736666666664 0.690216586111111 0.28285714270833334 0.6691393555555556
4 0.28288132187500004 0.6927700203703704 0.27623211770833334 0.6927586203703704 0.2762039088541667 0.7138757481481481 0.28291356041666665 0.7138472499999999 0.28288132187500004 0.6927700203703704
4 0.28288132187500004 0.7162296953703703 0.27623211770833334 0.7162182953703704 0.2762039088541667 0.737503562037037 0.28291356041666665 0.7374180675925927 0.28288132187500004 0.7162296953703703
4 0.28288132187500004 0.7398261611111111 0.27623211770833334 0.7398147620370371 0.2762039088541667 0.7611570249999999 0.28291356041666665 0.7611285268518518 0.28288132187500004 0.7398261611111111
4 0.28290348593750003 0.7633884296296297 0.2762562963541667 0.7633770305555555 0.2762260729166667 0.7844941583333334 0.28293572447916665 0.7844656601851852 0.28290348593750003 0.7633884296296297
4 0.28290348593750003 0.787121687037037 0.2762562963541667 0.787110287962963 0.2762260729166667 0.8082274148148149 0.28293572447916665 0.8081989166666667 0.28290348593750003 0.787121687037037
4 0.31410437239583333 0.5040752351851852 0.307682853125 0.5041635796296297 0.307656659375 0.5254773435185185 0.31410437239583333 0.5255058416666666 0.31410437239583333 0.5040752351851852
4 0.314158775 0.5277771444444445 0.307735240625 0.527865488888889 0.3077171067708333 0.5489313194444444 0.3141245213541667 0.5489313194444444 0.314158775 0.5277771444444445
4 0.3141245213541667 0.5514676546296297 0.3077070322916667 0.5515047018518519 0.307656659375 0.5725847824074074 0.31410437239583333 0.5725847824074074 0.3141245213541667 0.5514676546296297
4 0.3141970583333333 0.5748418351851852 0.30777956875 0.5748760333333334 0.30769695729166663 0.5961242518518519 0.31414467031250004 0.5961242518518519 0.3141970583333333 0.5748418351851852
4 0.31416079010416664 0.5984240527777778 0.3077433005208333 0.5984611 0.3076929276041667 0.6195411796296296 0.314140640625 0.6195411796296296 0.31416079010416664 0.5984240527777778
4 0.3141265364583333 0.6221117129629629 0.3077070322916667 0.6221487601851852 0.30765867395833335 0.6432288398148148 0.3141063875 0.6432288398148148 0.3141265364583333 0.6221117129629629
4 0.31410235729166663 0.6456169851851852 0.3076848682291667 0.6456540324074075 0.3076344953125 0.666734112037037 0.31408220833333333 0.666734112037037 0.31410235729166663 0.6456169851851852
4 0.31410235729166663 0.6690909092592593 0.3076848682291667 0.6691279564814815 0.3076344953125 0.690208036111111 0.31408220833333333 0.690208036111111 0.31410235729166663 0.6690909092592593
4 0.3141305661458333 0.6927700203703704 0.3077130765625 0.6928070675925926 0.3076627041666667 0.7138871472222222 0.3141104171875 0.7138871472222222 0.3141305661458333 0.6927700203703704
4 0.31410235729166663 0.7163265888888889 0.3076848682291667 0.7163607861111112 0.3076344953125 0.7374437157407407 0.31408220833333333 0.7374437157407407 0.31410235729166663 0.7163265888888889
4 0.31410235729166663 0.7399629527777778 0.3076848682291667 0.74 0.3076344953125 0.7610800796296296 0.31408220833333333 0.7610800796296296 0.31410235729166663 0.7399629527777778
4 0.3141305661458333 0.7633941296296296 0.3077130765625 0.7634311768518519 0.3076627041666667 0.7845112564814815 0.3141104171875 0.7845112564814815 0.3141305661458333 0.7633941296296296
4 0.31410235729166663 0.7870732398148148 0.3076848682291667 0.787110287962963 0.3076344953125 0.8081903675925926 0.31408220833333333 0.8081903675925926 0.31410235729166663 0.7870732398148148
4 0.40517831979166663 0.5041037333333334 0.398581503125 0.5041379314814814 0.39854926458333334 0.5255628379629629 0.40517831979166663 0.5254488453703703 0.40517831979166663 0.5041037333333334
4 0.405154140625 0.5277942435185186 0.398555309375 0.5278312907407406 0.39854926458333334 0.5489313194444444 0.4051581703125 0.5489028212962963 0.405154140625 0.5277942435185186
4 0.4051964536458333 0.5514306074074075 0.3985996375 0.5514648046296297 0.3985915776041667 0.5725676833333334 0.4052004833333333 0.5725391851851852 0.4051964536458333 0.5514306074074075
4 0.40516623020833337 0.5749444287037037 0.3985694135416667 0.5749786268518519 0.39856336875 0.5960815046296296 0.40517227499999997 0.5960530064814815 0.40516623020833337 0.5749444287037037
4 0.4051964536458333 0.5985009972222223 0.3985996375 0.5985351953703704 0.3985915776041667 0.6196352240740741 0.4052004833333333 0.6196067259259259 0.4051964536458333 0.5985009972222223
4 0.40516623020833337 0.6220547166666667 0.3985694135416667 0.6220917638888889 0.39856336875 0.6431917925925926 0.40517227499999997 0.6431632944444444 0.40516623020833337 0.6220547166666667
4 0.40516623020833337 0.6455713879629629 0.3985694135416667 0.6456055851851852 0.39856336875 0.6667056138888888 0.40517227499999997 0.6666771157407407 0.40516623020833337 0.6455713879629629
4 0.40516623020833337 0.6690852092592593 0.3985694135416667 0.6691194074074074 0.39856336875 0.6902194361111111 0.40517227499999997 0.6901909379629629 0.40516623020833337 0.6690852092592593
4 0.4051964536458333 0.6928042175925926 0.3985996375 0.6928384157407408 0.3985915776041667 0.7139412935185185 0.4052004833333333 0.7139127953703703 0.4051964536458333 0.6928042175925926
4 0.4051098125 0.7162353944444444 0.39851299635416665 0.7162724425925926 0.3985049364583333 0.7373724703703703 0.4051138421875 0.7373439722222223 0.4051098125 0.7162353944444444
4 0.40514608125 0.7399287546296297 0.39854926458333334 0.7399658018518518 0.3985412046875 0.7610658305555555 0.4051501109375 0.7610373324074073 0.40514608125 0.7399287546296297
4 0.40518637916666667 0.7634425759259259 0.3985895630208333 0.7634796240740741 0.39858351822916666 0.7845796527777779 0.4051924239583334 0.7845511546296297 0.40518637916666667 0.7634425759259259
4 0.40518637916666667 0.7870817898148148 0.3985895630208333 0.7871159870370371 0.39858351822916666 0.8082188657407408 0.4051924239583334 0.8081903675925926 0.40518637916666667 0.7870817898148148
4 0.4365927864583333 0.5747648907407408 0.42999395520833333 0.574799087962963 0.43004231302083334 0.5961812481481482 0.43657062239583333 0.59615275 0.4365927864583333 0.5747648907407408
4 0.4365927864583333 0.5984012537037038 0.42999395520833333 0.5984354518518519 0.4299879104166667 0.6195354805555555 0.43659681666666666 0.6195069824074074 0.4365927864583333 0.5984012537037038
4 0.4365927864583333 0.6220803648148149 0.42999395520833333 0.622114562962963 0.4299879104166667 0.6432145907407407 0.43659681666666666 0.6431860925925926 0.4365927864583333 0.6220803648148149
4 0.43662099531250004 0.6456340833333333 0.4300241791666667 0.6456682814814815 0.43001611927083333 0.6667711601851851 0.436625025 0.666742662037037 0.43662099531250004 0.6456340833333333
4 0.4365927864583333 0.6691080083333334 0.42999395520833333 0.6691422055555556 0.4299879104166667 0.6902450842592592 0.43659681666666666 0.690216586111111 0.4365927864583333 0.6691080083333334
4 0.43662099531250004 0.6927871185185186 0.4300241791666667 0.6928213166666667 0.43001611927083333 0.7139241953703704 0.436625025 0.7138956972222222 0.43662099531250004 0.6927871185185186
4 0.43662099531250004 0.7162610425925926 0.4300241791666667 0.7162952407407407 0.43001611927083333 0.7373952694444444 0.436625025 0.7373667712962964 0.43662099531250004 0.7162610425925926
4 0.4365927864583333 0.7399373037037037 0.42999395520833333 0.7399743518518518 0.4299879104166667 0.7610743805555555 0.43659681666666666 0.7610458824074074 0.4365927864583333 0.7399373037037037
4 0.4365927864583333 0.7634938731481482 0.42999395520833333 0.7635280703703704 0.4299879104166667 0.784630949074074 0.43659681666666666 0.7846024509259258 0.4365927864583333 0.7634938731481482
4 0.4365927864583333 0.7870903388888888 0.42999395520833333 0.7871245370370371 0.4299879104166667 0.8082274148148149 0.43659681666666666 0.8081989166666667 0.4365927864583333 0.7870903388888888
4 0.5274591979166667 0.5748332861111111 0.5208623817708333 0.5748674833333334 0.5208744708333334 0.5960957537037037 0.527463228125 0.5960672555555556 0.5274591979166667 0.5748332861111111
4 0.5274591979166667 0.59846395 0.5208623817708333 0.5984981472222223 0.5208563369791667 0.6195981759259259 0.5274652427083333 0.6195696777777778 0.5274591979166667 0.59846395
4 0.5275075557291667 0.6220262185185186 0.5209107395833333 0.6220604157407408 0.5209046947916667 0.6431604444444444 0.5275136005208333 0.6431319462962962 0.5275075557291667 0.6220262185185186
4 0.5275075557291667 0.645588487037037 0.5209107395833333 0.6456226842592593 0.5209046947916667 0.6667227129629629 0.5275136005208333 0.6666942148148148 0.5275075557291667 0.645588487037037
4 0.5274833770833334 0.6691165574074074 0.5208865604166667 0.6691507555555556 0.520880515625 0.6902507833333333 0.527489421875 0.6902222851851851 0.5274833770833334 0.6691165574074074
4 0.5274833770833334 0.6927472212962963 0.5208865604166667 0.6927814194444445 0.520880515625 0.7138814481481482 0.527489421875 0.71385295 0.5274833770833334 0.6927472212962963
4 0.5274591979166667 0.7162752916666667 0.5208623817708333 0.7163094898148148 0.5208563369791667 0.7374095185185185 0.5274652427083333 0.7373810203703703 0.5274591979166667 0.7162752916666667
4 0.5274591979166667 0.7398375601851852 0.5208623817708333 0.7398717583333334 0.520854321875 0.7611000287037036 0.527463228125 0.7610715305555555 0.5274591979166667 0.7398375601851852
4 0.5275075557291667 0.763468225 0.5209107395833333 0.7635024222222222 0.5209046947916667 0.7846024509259258 0.5275136005208333 0.7845739527777778 0.5275075557291667 0.763468225
4 0.32646584739583334 0.5823111999999999 0.31864195052083333 0.5822599027777777 0.31864195052083333 0.5881305212962963 0.3264255489583333 0.5881533203703704 0.32646584739583334 0.5823111999999999
4 0.32643159374999997 0.605950412962963 0.31860769687499996 0.6058991166666666 0.31860769687499996 0.6117697351851852 0.3263912958333333 0.6117925333333334 0.32643159374999997 0.605950412962963
4 0.32643159374999997 0.6292903962962964 0.31860769687499996 0.629239099074074 0.31860769687499996 0.6351125675925926 0.3263912958333333 0.6351325166666667 0.32643159374999997 0.6292903962962964
4 0.3263973401041667 0.6529780564814816 0.3185734432291667 0.6529267601851851 0.3185734432291667 0.6587973777777778 0.3263570421875 0.6588201768518519 0.3263973401041667 0.6529780564814816
4 0.3263973401041667 0.6766657166666668 0.3185734432291667 0.6766144203703703 0.3185734432291667 0.6824850388888889 0.3263570421875 0.6825078370370371 0.3263973401041667 0.6766657166666668
4 0.32643159374999997 0.7000057000000001 0.31860769687499996 0.6999572527777778 0.3186177713541667 0.7062125962962963 0.32639532552083333 0.7061556 0.32643159374999997 0.7000057000000001
4 0.32643159374999997 0.7236933601851853 0.31860769687499996 0.723642062962963 0.31860769687499996 0.7295126814814815 0.3263912958333333 0.7295354805555556 0.32643159374999997 0.7236933601851853
4 0.32643159374999997 0.7473297231481482 0.31860769687499996 0.7472812768518519 0.31860769687499996 0.7531518953703704 0.3263912958333333 0.7531718435185185 0.32643159374999997 0.7473297231481482
4 0.32643159374999997 0.770968937037037 0.31860769687499996 0.7709176407407408 0.31860769687499996 0.7767882583333333 0.3263912958333333 0.7768110574074074 0.32643159374999997 0.770968937037037
4 0.3263973401041667 0.7946565972222221 0.3185734432291667 0.794605300925926 0.3185734432291667 0.8004759194444445 0.3263570421875 0.8004987175925926 0.3263973401041667 0.7946565972222221
4 0.3941366109375 0.5116272444444444 0.3864033848958333 0.51154175 0.3864033848958333 0.5174123685185185 0.3941366109375 0.5174693648148148 0.3941366109375 0.5116272444444444
4 0.394176909375 0.535195212037037 0.3864477130208333 0.5352208601851852 0.3864477130208333 0.5410914787037037 0.3941809390625 0.541148475 0.394176909375 0.535195212037037
4 0.3941567598958333 0.5585893416666666 0.3864275640625 0.5586149898148147 0.3864275640625 0.5644856083333333 0.39416280468750003 0.5645454546296296 0.3941567598958333 0.5585893416666666
4 0.39409631250000005 0.5822171555555555 0.3864880114583333 0.5822399546296296 0.3864880114583333 0.5881105731481481 0.39411646197916667 0.5881732685185185 0.39409631250000005 0.5822171555555555
4 0.3941084020833333 0.6059390138888888 0.38650211562500003 0.605964662037037 0.38650211562500003 0.6118352805555556 0.39412855104166666 0.6118951268518518 0.3941084020833333 0.6059390138888888
4 0.39407414895833337 0.6292334 0.3864658473958333 0.6292561981481481 0.3864658473958333 0.6351268166666667 0.39409429791666667 0.635189512962963 0.39407414895833337 0.6292334
4 0.39407414895833337 0.6529182101851851 0.3864658473958333 0.6529438583333332 0.3864658473958333 0.6588144768518518 0.39409429791666667 0.6588743231481481 0.39407414895833337 0.6529182101851851
4 0.39407414895833337 0.6765089768518519 0.3864658473958333 0.676531775 0.3864658473958333 0.6824023935185185 0.39409429791666667 0.6824650898148148 0.39407414895833337 0.6765089768518519
4 0.3941084020833333 0.6999487037037038 0.38650211562500003 0.6999715018518518 0.38650010052083333 0.7061271018518518 0.3941366109375 0.7061556 0.3941084020833333 0.6999487037037038
4 0.3941084020833333 0.7235366203703704 0.38650211562500003 0.7235594185185185 0.38650211562500003 0.729430037037037 0.39412855104166666 0.7294927333333334 0.3941084020833333 0.7235366203703704
4 0.39407414895833337 0.7472242805555556 0.3864658473958333 0.7472470787037037 0.3864658473958333 0.7531176972222222 0.39409429791666667 0.7531803935185185 0.39407414895833337 0.7472242805555556
4 0.39407414895833337 0.7708606444444445 0.3864658473958333 0.7708834425925926 0.38650010052083333 0.7768025074074073 0.39409429791666667 0.7768167564814814 0.39407414895833337 0.7708606444444445
4 0.3941084020833333 0.7944970074074075 0.38650211562500003 0.7945226564814815 0.38650211562500003 0.8003932740740741 0.39412855104166666 0.8004531203703704 0.3941084020833333 0.7944970074074075
4 0.44868023385416667 0.5821886574074073 0.44090066510416664 0.5822257055555555 0.44090066510416664 0.5880963240740741 0.44870038281249996 0.5881447703703704 0.44868023385416667 0.5821886574074073
4 0.4487144869791667 0.6059019666666667 0.4409349182291667 0.6059390138888888 0.4409349182291667 0.6118096324074074 0.44873463645833334 0.6118580796296297 0.4487144869791667 0.6059019666666667
4 0.44868023385416667 0.6292305499999999 0.44090066510416664 0.6292675972222223 0.44090066510416664 0.6351382157407407 0.44870038281249996 0.6351866629629629 0.44868023385416667 0.6292305499999999
4 0.44868023385416667 0.6528669138888888 0.44090066510416664 0.652903961111111 0.44090066510416664 0.6587745796296296 0.44870038281249996 0.6588230268518518 0.44868023385416667 0.6528669138888888
4 0.44870038281249996 0.6765745222222221 0.4409208140625 0.6766115703703703 0.4409208140625 0.6824821888888889 0.4487205317708333 0.6825306351851852 0.44870038281249996 0.6765745222222221
4 0.44870038281249996 0.6999145055555555 0.4409208140625 0.6999515527777778 0.44092282916666664 0.7061271018518518 0.4487205317708333 0.7061271018518518 0.44870038281249996 0.6999145055555555
4 0.44870038281249996 0.7235537194444444 0.4409208140625 0.7235907666666667 0.4409208140625 0.7294613851851852 0.4487205317708333 0.7295098314814815 0.44870038281249996 0.7235537194444444
4 0.44870038281249996 0.7472413796296296 0.4409208140625 0.7472784268518519 0.4409208140625 0.7531490453703704 0.4487205317708333 0.7531974925925926 0.44870038281249996 0.7472413796296296
4 0.44870038281249996 0.7708777425925926 0.4409208140625 0.7709147907407408 0.4409208140625 0.7767854092592592 0.4487205317708333 0.7768338555555555 0.44870038281249996 0.7708777425925926
4 0.44870038281249996 0.7945141064814815 0.4409208140625 0.7945511546296296 0.4409208140625 0.8004246222222222 0.4487205317708333 0.8004702194444444 0.44870038281249996 0.7945141064814815
4 0.5165665927083334 0.5822200055555555 0.5087870239583333 0.5822570537037037 0.5087870239583333 0.5881276712962963 0.5165867416666666 0.5881761185185185 0.5165665927083334 0.5822200055555555
4 0.5165665927083334 0.6057993731481481 0.5087870239583333 0.6058364203703703 0.5087870239583333 0.6117070388888889 0.5165867416666666 0.6117554861111111 0.5165665927083334 0.6057993731481481
4 0.5166089057291666 0.6293160444444444 0.5088293369791667 0.6293530916666666 0.5088293369791667 0.6352237101851852 0.5166290552083334 0.6352721574074074 0.5166089057291666 0.6293160444444444
4 0.5165665927083334 0.652895412037037 0.5087870239583333 0.6529324592592592 0.5087870239583333 0.6588030777777778 0.5165867416666666 0.658851525 0.5165665927083334 0.652895412037037
4 0.5165665927083334 0.6764747787037036 0.5087870239583333 0.6765118268518518 0.5087870239583333 0.6823824453703703 0.5165867416666666 0.6824308916666666 0.5165665927083334 0.6764747787037036
4 0.5165665927083334 0.6999943 0.5087870239583333 0.7000313481481482 0.5087850088541667 0.7061271018518518 0.5165827119791666 0.7061271018518518 0.5165665927083334 0.6999943
4 0.5166089057291666 0.7235708175925927 0.5088293369791667 0.7236078657407408 0.5088293369791667 0.7294784842592593 0.5166290552083334 0.7295269305555556 0.5166089057291666 0.7235708175925927
4 0.5165948015625 0.7472385296296297 0.5088152328125 0.7472755768518519 0.5088152328125 0.7531461953703703 0.5166149505208334 0.7531946425925925 0.5165948015625 0.7472385296296297
4 0.5165948015625 0.7708777425925926 0.5088152328125 0.7709147907407408 0.5088152328125 0.7767854092592592 0.5166149505208334 0.7768338555555555 0.5165948015625 0.7708777425925926
4 0.5165948015625 0.7945141064814815 0.5088152328125 0.7945511546296296 0.5088152328125 0.8004217722222222 0.5166149505208334 0.8004702194444444 0.5165948015625 0.7945141064814815
4 0.292202296875 0.5041037333333334 0.2861777151041667 0.5041607296296297 0.2861777151041667 0.5152294101851852 0.29217408802083333 0.5152636074074074 0.292202296875 0.5041037333333334
4 0.2921700583333333 0.5277771444444445 0.2861454765625 0.5278341407407408 0.2861434614583333 0.5389028212962963 0.29213983489583334 0.5389370194444444 0.2921700583333333 0.5277771444444445
4 0.2921700583333333 0.5514733546296297 0.2861454765625 0.551530350925926 0.28613741666666664 0.5621829583333333 0.29214184947916666 0.5622114564814814 0.2921700583333333 0.5514733546296297
4 0.29221035677083335 0.574816187037037 0.28618577447916665 0.5748731833333333 0.28618577447916665 0.5859418638888889 0.2921821479166667 0.5859760611111111 0.29221035677083335 0.574816187037037
4 0.292176103125 0.5984326018518519 0.28615152135416666 0.5984895981481482 0.28615152135416666 0.6095582787037037 0.2921478942708333 0.6095924768518518 0.292176103125 0.5984326018518519
4 0.29210558125 0.6221202620370371 0.2860809994791667 0.6221772583333334 0.2860809994791667 0.6332459388888889 0.2920773723958333 0.633280137037037 0.29210558125 0.6221202620370371
4 0.29214184947916666 0.6454630944444445 0.28611726770833334 0.6455200907407408 0.28611525312499997 0.6565887712962962 0.2921116260416667 0.6566229694444445 0.29214184947916666 0.6454630944444445
4 0.29214184947916666 0.6691365064814815 0.28611726770833334 0.6691564546296297 0.28611525312499997 0.6802251351851852 0.2921116260416667 0.6802593333333333 0.29214184947916666 0.6691365064814815
4 0.292176103125 0.6927557712962963 0.28615152135416666 0.6927757194444444 0.28614950625 0.7038444 0.2921458796875 0.7038785981481481 0.292176103125 0.6927557712962963
4 0.29214184947916666 0.7160986037037037 0.28611726770833334 0.7161157027777777 0.28611525312499997 0.7271872324074075 0.2921116260416667 0.7272214305555555 0.29214184947916666 0.7160986037037037
4 0.292176103125 0.7397834138888889 0.28615152135416666 0.7398033629629629 0.28614950625 0.7508748935185185 0.2921458796875 0.7509090907407407 0.292176103125 0.7397834138888889
4 0.292176103125 0.7634710740740741 0.28615152135416666 0.7634910231481481 0.28614950625 0.7745597037037038 0.2921458796875 0.7745939018518518 0.292176103125 0.7634710740740741
4 0.29214184947916666 0.787107437962963 0.28611726770833334 0.787127387037037 0.28611525312499997 0.7981989166666666 0.2921116260416667 0.7982331148148148 0.29214184947916666 0.787107437962963
4 0.30423735625 0.5041151324074075 0.29821277447916666 0.5041350814814815 0.298210759375 0.5152037620370371 0.30420713281249995 0.5152379592592593 0.30423735625 0.5041151324074075
4 0.3042655651041667 0.5278027925925926 0.2982409833333334 0.5278227416666667 0.2982409833333334 0.5388942722222222 0.30423735625 0.5389284694444444 0.3042655651041667 0.5278027925925926
4 0.3042655651041667 0.5514420064814815 0.2982409833333334 0.5514619546296295 0.298247028125 0.5622969509259259 0.3042313114583333 0.5622684527777777 0.3042655651041667 0.5514420064814815
4 0.3042313114583333 0.5747848388888889 0.2982067296875 0.574801937962963 0.29820471510416663 0.5858734685185185 0.30420108802083334 0.5859076657407407 0.3042313114583333 0.5747848388888889
4 0.3042313114583333 0.5984696490740741 0.2982067296875 0.5984895981481482 0.29820471510416663 0.6095582787037037 0.30420108802083334 0.6095924768518518 0.3042313114583333 0.5984696490740741
4 0.3042313114583333 0.6220575666666667 0.2982067296875 0.6220775148148148 0.29820471510416663 0.6331461953703704 0.30420108802083334 0.6331803935185185 0.3042313114583333 0.6220575666666667
4 0.3042655651041667 0.6454488453703704 0.2982409833333334 0.6454687944444445 0.2982409833333334 0.656537475 0.30423735625 0.6565716731481481 0.3042655651041667 0.6454488453703704
4 0.3042655651041667 0.6691365064814815 0.2982409833333334 0.6691564546296297 0.2982409833333334 0.6802251351851852 0.30423735625 0.6802593333333333 0.3042655651041667 0.6691365064814815
4 0.3042655651041667 0.6927757194444444 0.2982409833333334 0.6927928185185185 0.2982409833333334 0.703864349074074 0.30423735625 0.7038985462962962 0.3042655651041667 0.6927757194444444
4 0.3042655651041667 0.7161157027777777 0.2982409833333334 0.7161356509259259 0.2982409833333334 0.7272043314814814 0.30423735625 0.7272385296296296 0.3042655651041667 0.7161157027777777
4 0.3041970583333333 0.7398033629629629 0.29817046145833337 0.7398233111111111 0.29817046145833337 0.7508919916666666 0.304166834375 0.7509261898148147 0.3041970583333333 0.7398033629629629
4 0.3042313114583333 0.7634881731481481 0.2982067296875 0.7635081222222222 0.29820471510416663 0.7745796527777777 0.30420108802083334 0.7746138499999999 0.3042313114583333 0.7634881731481481
4 0.3042313114583333 0.787127387037037 0.2982067296875 0.7871473351851851 0.29820471510416663 0.7982160157407407 0.30420108802083334 0.7982502138888888 0.3042313114583333 0.787127387037037
4 0.4144872052083333 0.5041151324074075 0.4084626234375 0.5041350814814815 0.40846060833333336 0.5152037620370371 0.4144569817708333 0.5152379592592593 0.4144872052083333 0.5041151324074075
4 0.41449123489583334 0.5277600453703704 0.408466653125 0.5277799944444445 0.408466653125 0.538848675 0.4144630265625 0.5388828722222223 0.41449123489583334 0.5277600453703704
4 0.4144569817708333 0.5513964092592593 0.4084324 0.5514163583333334 0.40842232500000003 0.5622969509259259 0.4143864598958333 0.5622684527777777 0.4144569817708333 0.5513964092592593
4 0.41442272812500003 0.5748361361111112 0.40839613125 0.5748560842592593 0.40839613125 0.5859276148148148 0.4143925046875 0.585961812037037 0.41442272812500003 0.5748361361111112
4 0.4144569817708333 0.5984269018518519 0.4084324 0.598444000925926 0.40843038489583333 0.6095155314814815 0.4144267578125 0.6095497296296296 0.4144569817708333 0.5984269018518519
4 0.4144569817708333 0.6221117129629629 0.4084324 0.6221316611111111 0.40843038489583333 0.6332003416666666 0.4144267578125 0.6332345398148148 0.4144569817708333 0.6221117129629629
4 0.41442272812500003 0.6454545453703704 0.40839613125 0.6454744944444444 0.40839613125 0.656543175 0.4143925046875 0.6565773722222222 0.41442272812500003 0.6454545453703704
4 0.41449123489583334 0.6691422055555556 0.408466653125 0.6691621546296296 0.408466653125 0.6802308351851852 0.4144630265625 0.6802650324074074 0.41449123489583334 0.6691422055555556
4 0.41449123489583334 0.6927785694444445 0.408466653125 0.6927985185185185 0.408466653125 0.703867199074074 0.4144630265625 0.7039013962962963 0.41449123489583334 0.6927785694444445
4 0.41449123489583334 0.7161214018518518 0.408466653125 0.7161385009259259 0.408466653125 0.7272100314814816 0.4144630265625 0.7272442287037038 0.41449123489583334 0.7161214018518518
4 0.4144569817708333 0.739806212962963 0.4084324 0.7398261611111111 0.40843038489583333 0.7508976916666666 0.4144267578125 0.7509318898148148 0.4144569817708333 0.739806212962963
4 0.4144569817708333 0.7634454259259259 0.4084324 0.763465375 0.40843038489583333 0.7745340555555555 0.4144267578125 0.7745682527777779 0.4144569817708333 0.7634454259259259
4 0.4144569817708333 0.7870817898148148 0.4084324 0.787101737962963 0.40843038489583333 0.7981704185185186 0.4144267578125 0.7982046166666666 0.4144569817708333 0.7870817898148148
4 0.42653032447916667 0.574801937962963 0.42050574270833335 0.5748218870370371 0.42050574270833335 0.5858905666666666 0.426502115625 0.5859247648148148 0.42653032447916667 0.574801937962963
4 0.4265706223958333 0.5984924481481482 0.420546040625 0.5985123962962963 0.4205440260416667 0.6095839268518518 0.42654039895833334 0.609618125 0.4265706223958333 0.5984924481481482
4 0.42652830937499997 0.6220718157407408 0.42050372760416665 0.6220917638888889 0.4205017125 0.6331604444444444 0.4264980859375 0.6331946425925926 0.42652830937499997 0.6220718157407408
4 0.4265706223958333 0.6454117981481482 0.420546040625 0.6454317472222222 0.4205440260416667 0.6565032768518518 0.42654039895833334 0.656537475 0.4265706223958333 0.6454117981481482
4 0.4265706223958333 0.6691108574074074 0.420546040625 0.6691308064814815 0.4205440260416667 0.680199487037037 0.42654039895833334 0.6802336851851852 0.4265706223958333 0.6691108574074074
4 0.4265706223958333 0.6927472212962963 0.420546040625 0.6927671703703704 0.4205440260416667 0.7038358509259259 0.42654039895833334 0.7038700481481481 0.4265706223958333 0.6927472212962963
4 0.42652830937499997 0.7162068962962963 0.42050372760416665 0.7162268453703704 0.4205017125 0.7272983759259259 0.4264980859375 0.7273325731481481 0.42652830937499997 0.7162068962962963
4 0.42652830937499997 0.7398461101851852 0.42050372760416665 0.7398660583333333 0.4205017125 0.7509347388888888 0.4264980859375 0.750968937037037 0.42652830937499997 0.7398461101851852
4 0.42652830937499997 0.763482474074074 0.42050372760416665 0.7635024222222222 0.4205017125 0.7745711027777777 0.4264980859375 0.7746053009259259 0.42652830937499997 0.763482474074074
4 0.42652830937499997 0.787121687037037 0.42050372760416665 0.7871387861111111 0.4205017125 0.7982103166666666 0.4264980859375 0.7982445138888888 0.42652830937499997 0.787121687037037
4 0.5367801734375 0.5748275861111112 0.5307555911458334 0.5748475351851852 0.5307535765625 0.5859162157407408 0.5367499494791667 0.585950412962963 0.5367801734375 0.5748275861111112
4 0.5367801734375 0.5984582500000001 0.5307555911458334 0.5984781990740741 0.5307535765625 0.6095468796296296 0.5367499494791667 0.6095810768518519 0.5367801734375 0.5984582500000001
4 0.536758009375 0.6221003138888889 0.5307334276041666 0.6221202620370371 0.5307314125 0.6331889425925926 0.5367277854166667 0.6332231407407407 0.536758009375 0.6221003138888889
4 0.536758009375 0.6454915925925926 0.5307334276041666 0.6455115416666667 0.5307314125 0.6565802222222222 0.5367277854166667 0.6566144203703703 0.536758009375 0.6454915925925926
4 0.5367922625 0.6691764037037037 0.5307676807291667 0.6691963518518519 0.5307676807291667 0.6802678824074074 0.5367640541666667 0.6803020805555555 0.5367922625 0.6691764037037037
4 0.536758009375 0.6927643203703704 0.5307334276041666 0.6927842694444444 0.5307314125 0.703855799074074 0.5367277854166667 0.7038899972222222 0.536758009375 0.6927643203703704
4 0.536758009375 0.7161071527777777 0.5307334276041666 0.7161271018518519 0.5307314125 0.7271957824074075 0.5367277854166667 0.7272299796296297 0.536758009375 0.7161071527777777
4 0.536758009375 0.7397948129629629 0.5307334276041666 0.7398147620370371 0.5307314125 0.7508834425925925 0.5367277854166667 0.7509176407407407 0.536758009375 0.7397948129629629
4 0.536758009375 0.7634796240740741 0.5307334276041666 0.7634995722222222 0.5307314125 0.7745711027777777 0.5367277854166667 0.7746053009259259 0.536758009375 0.7634796240740741
4 0.536758009375 0.787118837037037 0.5307334276041666 0.7871387861111111 0.5307314125 0.7982074666666666 0.5367277854166667 0.7982416638888888 0.536758009375 0.787118837037037