1 0.9145577270833333 0 0 0.0002964648148148148 0 1 1 1 1 0.5291077537037037 0.9999274630208334 0 0.9145577270833333 0
2 0.5490227682291666 0.437160775 0.5490791859375 0.469489737962963 0.5686882932291667 0.4695667046296296 0.5684646385416666 0.4371522231481481 0.5490227682291666 0.437160775
2 0.4575639734375 0.4873660203703704 0.4575256901041667 0.5159150509259259 0.48077372552083336 0.5156442416666667 0.4806729802083333 0.4872519953703704 0.4575639734375 0.4873660203703704
4 0.35919000625 0.5528933861111112 0.35496070937499996 0.5528933861111112 0.3551883942708333 0.6525940703703704 0.3588152328125 0.6525370583333333 0.35919000625 0.5528933861111112
2 0.6274672578125 0.4897662481481481 0.6274289744791666 0.5183152796296296 0.6506749947916667 0.5180444694444445 0.6505742494791666 0.4896522231481481 0.6274672578125 0.4897662481481481
2 0.48396534375000005 0.43718358055555556 0.48401974635416667 0.4695096925925926 0.5036288536458333 0.4695895092592593 0.5034051984375 0.4371721777777778 0.48396534375000005 0.43718358055555556
4 0.4807616359375 0.5532269101851851 0.4765323390625 0.5532269101851851 0.4768688291666667 0.6525085518518519 0.48041507135416667 0.6524230333333334 0.4807616359375 0.5532269101851851
3 0.30163207760416666 0.6877423037037037 0.6310900666666667 0.6879133407407407 0.6314326010416667 0.518301025925926 0.6281079989583334 0.518301025925926 0.6281684463541667 0.6836374000000001 0.3049365302083333 0.68340935 0.3048760828125 0.3182725203703704 0.6280677010416666 0.3184435574074074 0.6278460609375001 0.4897092361111111 0.6313520046875 0.4896807296296296 0.6310296192708333 0.3136830101851852 0.3018537177083333 0.3136830101851852 0.30163207760416666 0.6877423037037037
3 0.3560870442708334 0.35708665925925925 0.3460870442708333 0.35714937314814815 0.34639532552083335 0.31823546203703706 0.34328228906249997 0.3182041046296296 0.3431513197916667 0.3611488027777778 0.3560648802083334 0.36127137962962963 0.35595405989583334 0.38778791296296294 0.3589341125 0.38785062685185184 0.3589119484375 0.3182981759259259 0.35626234114583333 0.3182981759259259 0.3560870442708334 0.35708665925925925
3 0.3589764255208333 0.5450969212962963 0.4774934515625 0.5450969212962963 0.47745315312500003 0.5532212083333334 0.48059641354166666 0.5532212083333334 0.48041507135416667 0.5156784490740741 0.47727181145833336 0.5157069555555556 0.4773322588541667 0.5409350055555555 0.35893612708333333 0.5410205240740741 0.358774934375 0.49957240555555554 0.35599435833333337 0.49957240555555554 0.3561555510416667 0.5529076398148148 0.3589562765625 0.5529361462962963 0.3589764255208333 0.5450969212962963
3 0.358774934375 0.6525655648148148 0.3557727182291667 0.6525940703703704 0.3558936125 0.683466362962963 0.35883538177083335 0.683466362962963 0.358774934375 0.6525655648148148
3 0.5425710255208334 0.4644213231481481 0.5036348984375 0.46466362592592597 0.5036751963541667 0.46928164166666664 0.5490872458333332 0.46929589537037036 0.5490670963541666 0.4649629416666667 0.5453999598958333 0.4650199546296296 0.5456256296875 0.3183922462962963 0.5426838604166666 0.3183922462962963 0.5426616963541666 0.34242588333333335 0.5076344953125 0.34237457222222223 0.5075639734375 0.31834093518518514 0.5044610114583333 0.31834093518518514 0.5042736250000001 0.3422405925925926 0.4806467864583333 0.3422519953703704 0.48072536770833335 0.3183637398148148 0.4774853916666667 0.3183637398148148 0.4772959901041667 0.4871807296296296 0.4804996979166667 0.4872377425925926 0.48036469895833334 0.3470068416666666 0.5424259520833333 0.3470952111111111 0.5425710255208334 0.4644213231481481
3 0.480467459375 0.46501710370370375 0.4804876083333333 0.4691761685185185 0.4840016119791667 0.46912770833333334 0.48403385052083336 0.46501710370370375 0.480467459375 0.46501710370370375
3 0.48035663906250003 0.6524629416666667 0.4773544229166667 0.6524914481481481 0.4774753171875 0.6833637398148148 0.4804170864583333 0.6833637398148148 0.48035663906250003 0.6524629416666667
3 0.5687084427083333 0.46459521111111113 0.568748740625 0.46955530185185185 0.6279871046875001 0.46909920185185183 0.6279266572916666 0.4645667046296296 0.5687084427083333 0.46459521111111113
3 0.6281865807291667 0.5889880277777778 0.62822889375 0.5846123148148148 0.5854019744791666 0.5846721777777778 0.5854866010416667 0.5570096925925926 0.62822889375 0.5570667046296296 0.6281442677083333 0.5526938425925926 0.5824783395833334 0.5526339796296297 0.5824783395833334 0.5892246296296296 0.6281865807291667 0.5889880277777778
3 0.6162623411458333 0.6836573546296297 0.6162341328125 0.6512286203703703 0.6281301630208334 0.6511459518518519 0.6281301630208334 0.6466733185185185 0.6131573645833334 0.6466305583333333 0.613100946875 0.6836573546296297 0.6162623411458333 0.6836573546296297
4 0.35916582708333333 0.3878363740740741 0.354934515625 0.3878363740740741 0.354934515625 0.4995068416666667 0.3588756802083333 0.49951539351851854 0.35916582708333333 0.3878363740740741