3 0.6708282947916667 0.6521094638888889 0.6254050786458334 0.6519498287037037 0.6253466343749999 0.6583808435185186 0.6708847239583334 0.6583010259259259 0.6708282947916667 0.6521094638888889
3 0.7274707781249999 0.6520667046296296 0.7175997583333333 0.6520667046296296 0.7175997583333333 0.6582554157407408 0.7275030229166667 0.6582782212962963 0.7274707781249999 0.6520667046296296
3 0.7275151151041667 0.6583124287037038 0.7231116484375 0.6582782212962963 0.7231398630208333 0.6730872296296296 0.7275151151041667 0.6731356898148148 0.7275151151041667 0.6583124287037038
4 0.8338331317708333 0.3920153935185185 0.8264187828124999 0.3919013685185185 0.8263039098958332 0.4497234888888889 0.8338371625 0.44970068425925924 0.8338331317708333 0.3920153935185185
4 0.859572753125 0.4749572407407407 0.8522450625 0.4750399083333333 0.8522289401041667 0.5330473203703704 0.8595969369791666 0.5330815277777778 0.859572753125 0.4749572407407407
4 0.8596634421875 0.5711858611111111 0.8522289401041667 0.5712314712962963 0.8522289401041667 0.604435575925926 0.8596473197916666 0.604435575925926 0.8596634421875 0.5711858611111111
4 0.8032224911458333 0.6729732037037037 0.80322450625 0.6626539342592592 0.7391172916666666 0.6626539342592592 0.739183796875 0.6729133407407407 0.8032224911458333 0.6729732037037037
4 0.7175352682291667 0.6478306731481481 0.6709149536458334 0.6477622574074074 0.6709431682291667 0.6583979472222222 0.7175352682291667 0.6582782212962963 0.7175352682291667 0.6478306731481481
4 0.8338109635416667 0.30636545 0.8263200322916667 0.30636545 0.8263684 0.3641191564814815 0.8337847640625 0.364147662037037 0.8338109635416667 0.30636545
3 0.7304474 0.5619469787037037 0.7259572755208333 0.5620153935185185 0.7259733979166667 0.6489481185185185 0.7301692864583333 0.6489481185185185 0.7304474 0.5619469787037037
3 0.8270918984375 0.3763568981481481 0.7536174927083333 0.3761830101851852 0.7536074161458333 0.37960376296296294 0.8271100364583333 0.3796379703703704 0.8270918984375 0.3763568981481481
3 0.8272571541666667 0.4618244009259259 0.7535288192708334 0.46186145925925925 0.7535066505208333 0.4680558722222222 0.8273559046875001 0.46831527962962965 0.8272571541666667 0.4618244009259259
3 0.837488915625 0.5630644240740741 0.8375050385416666 0.5665535916666666 0.8528214427083333 0.5665535916666666 0.8528214427083333 0.5631100342592592 0.837488915625 0.5630644240740741
3 0.8375050385416666 0.540564424074074 0.8353002822916668 0.5405387685185186 0.8352357921875 0.566647662037037 0.8374566708333333 0.566647662037037 0.8375050385416666 0.540564424074074
3 0.8528214427083333 0.5373289620370371 0.831549778125 0.5373289620370371 0.831549778125 0.5405159638888889 0.8528214427083333 0.5404475481481482 0.8528214427083333 0.5373289620370371
3 0.8317976619791666 0.6129047888888889 0.8318299072916666 0.6170239453703703 0.8552216848958333 0.61704675 0.8552398223958334 0.6128363740740741 0.8317976619791666 0.6129047888888889
3 0.8170737604166667 0.6130444694444445 0.8149032645833334 0.6130444694444445 0.814877065625 0.6521636259259259 0.8171866182291667 0.6521066138888888 0.8170737604166667 0.6130444694444445
3 0.6619024588541667 0.5339566703703704 0.6504997984374999 0.5339082101851852 0.6504756145833334 0.5373346638888888 0.6619024588541667 0.5372976055555556 0.6619024588541667 0.5339566703703704
3 0.6504615072916666 0.47949828981481485 0.6504413541666667 0.4829874574074074 0.66285771875 0.48304446944444446 0.6628375656250001 0.4795068416666667 0.6504615072916666 0.47949828981481485
3 0.72808141875 0.5340421888888889 0.6814429666666667 0.5339538194444444 0.6814429666666667 0.5373061574074074 0.7280511890625 0.5372548462962963 0.72808141875 0.5340421888888889
3 0.713450221875 0.4828677305555556 0.7111265619791667 0.4828677305555556 0.7111527609375 0.5339538194444444 0.7134542520833332 0.5339310148148148 0.713450221875 0.4828677305555556
3 0.7303002822916667 0.4827879129629629 0.7281459088541666 0.4828107185185185 0.7281116484375 0.5372833527777778 0.7303164046875 0.5373061574074074 0.7303002822916667 0.4827879129629629
3 0.730284159375 0.4796465222222222 0.6789923416666667 0.47946123148148145 0.6789923416666667 0.48283352314814815 0.7302962515625 0.4827508555555555 0.730284159375 0.4796465222222222
3 0.6962535265625001 0.4348261120370371 0.69365376875 0.4348717222222222 0.6936275692708332 0.47944982870370373 0.6962978635416667 0.47946123148148145 0.6962535265625001 0.4348261120370371
3 0.7303748489583334 0.4209435574074074 0.7260640869791666 0.4209435574074074 0.7260137041666667 0.47957810740740736 0.7303990328125 0.47957810740740736 0.7303748489583334 0.4209435574074074
3 0.7183071343749999 0.42103477777777776 0.7183151953125001 0.42433865462962966 0.7259895203125001 0.4243614592592593 0.7260056427083333 0.4209635120370371 0.7183071343749999 0.42103477777777776
3 0.7020394999999999 0.42117445833333333 0.6958121723958333 0.42112884814814816 0.69579605 0.4243158490740741 0.7020394999999999 0.4242901935185185 0.7020394999999999 0.42117445833333333
3 0.730306328125 0.37723204074074074 0.7280955260416667 0.37723204074074074 0.7279967755208333 0.38736316944444443 0.7303002822916667 0.38738882592592594 0.730306328125 0.37723204074074074
3 0.6975977427083334 0.30897377407407406 0.6954756145833334 0.30897377407407406 0.6954735994791666 0.37093500555555553 0.6976118499999999 0.3709122009259259 0.6975977427083334 0.30897377407407406
3 0.833835146875 0.4497548462962963 0.8294457880208334 0.44979190462962965 0.8294941557291666 0.4577166472222222 0.8338371625 0.4577052453703704 0.833835146875 0.4497548462962963
3 0.6939621119791667 0.4198004564814815 0.6896029828125 0.41984606574074074 0.6896029828125 0.42552451574074074 0.6939621119791667 0.42557012499999997 0.6939621119791667 0.4198004564814815
3 0.8337706567708333 0.29398802777777777 0.8294115276041667 0.2940108324074074 0.8293954052083333 0.30631984074074076 0.8338210401041667 0.3062742305555555 0.8337706567708333 0.29398802777777777
3 0.6939500203125 0.2937143675925926 0.6896573963541666 0.29373717222222223 0.6895949213541667 0.3897690990740741 0.6940266020833333 0.3897377425925926 0.6939500203125 0.2937143675925926
3 0.8552720677083333 0.45775085555555556 0.829510278125 0.45777366018518517 0.8295002015624999 0.46385119722222223 0.8552398223958334 0.46387115185185185 0.8552720677083333 0.45775085555555556
3 0.8337706567708333 0.3642132268518518 0.8295163239583334 0.36420182407407403 0.8294195890625 0.3918842648148148 0.8338532848958333 0.39192417314814815 0.8337706567708333 0.3642132268518518
3 0.8596795645833333 0.652157925 0.8485268036458333 0.6520895092592592 0.8484945588541667 0.6583950972222222 0.8596755338541667 0.658298175925926 0.8596795645833333 0.652157925
3 0.6896049979166666 0.29365165370370366 0.8415356713541667 0.2939652222222222 0.8415195484375 0.2876596351851852 0.6896291817708333 0.28781927037037036 0.6896049979166666 0.29365165370370366
3 0.7275695286458334 0.6668415055555555 0.7275675130208333 0.6731527935185184 0.7391495364583334 0.6731071833333333 0.7390830312500001 0.6668015962962963 0.7275695286458334 0.6668415055555555
3 0.6470032244791667 0.36726909907407407 0.6514127369791667 0.36726909907407407 0.6513583234375001 0.3474116305555556 0.64699919375 0.3474116305555556 0.6470032244791667 0.36726909907407407
3 0.6512777104166666 0.29202394537037035 0.6470536072916667 0.29205245185185186 0.6469347036458333 0.3148175601851852 0.6513361546875001 0.3147063851851852 0.6512777104166666 0.29202394537037035
3 0.6513160015625 0.24246009166666666 0.646938734375 0.24249999999999997 0.6469931479166667 0.25929874537037034 0.6513885531250001 0.2593871148148148 0.6513160015625 0.24246009166666666
3 0.7084018541666667 0.24246579259259257 0.7040669083333333 0.2425028509259259 0.7040991536458333 0.2877594074074074 0.7083756552083333 0.2877594074074074 0.7084018541666667 0.24246579259259257
3 0.6920999598958333 0.24243443518518518 0.6896090286458333 0.2425313564814815 0.6896432890625 0.2877936148148148 0.6920536072916667 0.28777651111111113 0.6920999598958333 0.24243443518518518
3 0.7304373234374999 0.29381984074074075 0.7280693270833333 0.2937856324074074 0.7280632807291667 0.3503449259259259 0.7303164046875 0.35039053611111115 0.7304373234374999 0.29381984074074075
3 0.7280431276041667 0.30573831203703705 0.6954816604166666 0.30571550740740744 0.6954756145833334 0.30895096944444445 0.728020959375 0.3089566703703704 0.7280431276041667 0.30573831203703705
3 0.6138694072916666 0.3674144814814815 0.6139097140625 0.3737827824074074 0.6514389359375 0.3736830101851852 0.6514207979166666 0.367328962037037 0.6138694072916666 0.3674144814814815
3 0.819246271875 0.6521807296296296 0.8148125755208333 0.6522092361111111 0.814836759375 0.6668187 0.819266425 0.6667987453703704 0.819246271875 0.6521807296296296
3 0.8192946390625 0.6521807296296296 0.8192785166666667 0.6584863166666667 0.8306952843750001 0.6583950972222222 0.8306711005208334 0.6521265675925926 0.8192946390625 0.6521807296296296
3 0.80330511875 0.6668187 0.80330511875 0.6731470925925926 0.8192684401041667 0.6731014824074074 0.8192785166666667 0.6668643101851851 0.80330511875 0.6668187
3 0.8553204354166667 0.6520895092592592 0.8596795645833333 0.6521123148148148 0.8596795645833333 0.6045267962962964 0.8552720677083333 0.6045039907407408 0.8553204354166667 0.6520895092592592
3 0.8596876260416667 0.5331299888888889 0.8552720677083333 0.5331413907407407 0.855286175 0.5711545037037037 0.8596634421875 0.5711374 0.8596876260416667 0.5331299888888889
3 0.8552881901041667 0.47494583796296297 0.8596493348958333 0.4748774231481481 0.8597057640625 0.4576938425925926 0.8553043130208333 0.45772805 0.8552881901041667 0.47494583796296297
3 0.8167956468750001 0.5373289620370371 0.8117110036458333 0.5372605472222223 0.8117452640625 0.5404475481481482 0.8167956468750001 0.5404931583333333 0.8167956468750001 0.5373289620370371
3 0.81420395 0.5405786768518519 0.811817815625 0.5404874574074074 0.8118561062499999 0.6086402509259259 0.814143490625 0.6086602055555556 0.81420395 0.5405786768518519
2 0.8168440145833333 0.5368415055555555 0.8168440145833333 0.5412856324074075 0.8315175333333333 0.5412143675925927 0.8315014109375001 0.5367702398148149 0.8168440145833333 0.5368415055555555
2 0.8317372026041667 0.6137200685185186 0.817162434375 0.6138112888888889 0.817265215625 0.6359321546296296 0.8318460296875 0.6357554157407408 0.8317372026041667 0.6137200685185186
3 0.75597944375 0.4681299888888889 0.7536598145833333 0.4681299888888889 0.753593309375 0.4860689851851852 0.7559290609375 0.4860689851851852 0.75597944375 0.4681299888888889
3 0.7560177348958333 0.37966362592592595 0.7536860135416668 0.37966362592592595 0.7536416765625 0.4370125425925926 0.7560096734375 0.4370125425925926 0.7560177348958333 0.37966362592592595
1 0 0 0 1 1 1 1 0 0 0
3 0.7304010479166667 0.3709891675925926 0.6953607416666666 0.3710290768518519 0.6953224505208334 0.37722063888888885 0.7304856911458334 0.3771807296296296 0.7304010479166667 0.3709891675925926
4 0.2776844015625 0.36464937314814816 0.2951350260416667 0.3645923601851852 0.2950564286458333 0.3586174462962963 0.2776058041666667 0.35856328425925926 0.2776844015625 0.36464937314814816
4 0.31924022552083337 0.3686231472222222 0.36627368020833334 0.369030787037037 0.3660681177083333 0.35889680740740737 0.3193651755208334 0.35883979444444447 0.31924022552083337 0.3686231472222222
4 0.3214852880208333 0.5658865453703703 0.37394397395833334 0.5660946407407407 0.3741394598958333 0.5555330675925926 0.32123740416666663 0.5559521092592592 0.3214852880208333 0.5658865453703703
4 0.310100765625 0.6187571268518519 0.31742241041666663 0.6185889398148148 0.31761185 0.5690678453703704 0.31012696510416665 0.5688996583333333 0.310100765625 0.6187571268518519
3 0.13307940364583332 0.5311117444444444 0.15783958072916665 0.5311516537037037 0.15795243854166668 0.5278135694444444 0.13313784739583331 0.5277337518518519 0.13307940364583332 0.5311117444444444
3 0.1305804109375 0.5732554157407408 0.13308746458333334 0.5733950972222223 0.13313784739583331 0.5277337518518519 0.13069931458333334 0.5277137972222222 0.1305804109375 0.5732554157407408
2 0.13748286979166666 0.5189880277777777 0.16227730729166667 0.5194754842592592 0.16218661822916666 0.48944127685185185 0.137529221875 0.48890535925925926 0.13748286979166666 0.5189880277777777
2 0.1940709390625 0.48944697870370374 0.19421201145833333 0.5189595212962963 0.21196694895833332 0.5190621435185185 0.21210802083333335 0.48964652222222227 0.1940709390625 0.48944697870370374
2 0.20001813802083335 0.4889538194444444 0.21776299895833334 0.4888625999999999 0.21748488489583334 0.4624315851851852 0.19980249895833332 0.4627309009259259 0.20001813802083335 0.4889538194444444
2 0.220060459375 0.48922747962962965 0.23757960520833335 0.48946123148148146 0.23696493333333332 0.4628249712962963 0.21993752500000002 0.4624201824074074 0.220060459375 0.48922747962962965
2 0.2795364770833333 0.4010461805555556 0.29358927864583334 0.40113455000000003 0.2932829505208333 0.3805330675925926 0.2795344619791667 0.3807269101851852 0.2795364770833333 0.4010461805555556
2 0.270632809375 0.5214680731481481 0.25146110416666667 0.5215193842592593 0.251531640625 0.5510946407407408 0.27045747708333334 0.5511031925925927 0.270632809375 0.5214680731481481
2 0.2099899234375 0.6069982898148147 0.21359129375 0.6072862027777778 0.213470375 0.5832012546296296 0.21011285781250003 0.5831413907407407 0.2099899234375 0.6069982898148147
3 0.208754534375 0.38752850648148146 0.23030229739583333 0.3875969212962963 0.23021160833333332 0.38139965833333334 0.20882305520833333 0.381305587037037 0.208754534375 0.38752850648148146
3 0.21776299895833334 0.4888625999999999 0.21989318802083335 0.4888625999999999 0.21990124947916667 0.3914908777777778 0.217672309375 0.39145381944444446 0.21776299895833334 0.4888625999999999
3 0.1979282546875 0.48881413888888886 0.20001813802083335 0.4889538194444444 0.20001813802083335 0.4779703537037037 0.19782950416666667 0.47799315833333333 0.1979282546875 0.48881413888888886
3 0.164957678125 0.4779418472222222 0.2000503828125 0.47799315833333333 0.20009673541666664 0.47489167592592596 0.164957678125 0.4748004564814815 0.164957678125 0.4779418472222222
3 0.1643772671875 0.5252423037037037 0.19603587239583334 0.5252280500000001 0.19601571927083333 0.5191277083333333 0.16440548177083333 0.5192502851851851 0.1643772671875 0.5252423037037037
3 0.16438532864583333 0.5684378564814815 0.16657396197916666 0.5684863166666667 0.16652559427083335 0.5252537055555555 0.16438532864583333 0.5252537055555555 0.16438532864583333 0.5684378564814815
3 0.1578859333333333 0.3874002277777778 0.17376864166666667 0.3876311287037037 0.17380088697916665 0.38139395648148144 0.15782345833333336 0.3813483462962963 0.1578859333333333 0.3874002277777778
3 0.15787585625 0.48937571296296295 0.16218661822916666 0.48944127685185185 0.16223095520833333 0.38746579259259256 0.15782950416666666 0.38743443518518517 0.15787585625 0.48937571296296295
3 0.12878879479166666 0.44657354629629625 0.1578053203125 0.44669897407407405 0.15783151979166668 0.44028791296296294 0.12888149947916666 0.440342075 0.12878879479166666 0.44657354629629625
3 0.16227730729166667 0.5194754842592592 0.15792019322916667 0.5194754842592592 0.15781136614583333 0.5733238314814815 0.16223095520833333 0.5733238314814815 0.16227730729166667 0.5194754842592592
3 0.1817351875 0.5734378564814815 0.13067916145833333 0.5734378564814815 0.13063079427083332 0.5797234888888889 0.18172511093750002 0.5796066138888889 0.1817351875 0.5734378564814815
3 0.13056428854166666 0.5971892814814815 0.1349697703125 0.5972434435185185 0.13502821458333333 0.5797491444444445 0.13061467135416666 0.5797462944444445 0.13056428854166666 0.5971892814814815
3 0.13075977447916667 0.6516619157407407 0.13499999999999998 0.6515935009259259 0.13499999999999998 0.6300171037037037 0.13066303906249999 0.6299828962962963 0.13075977447916667 0.6516619157407407
3 0.17726723072916667 0.6728249712962964 0.1818077390625 0.6729646518518518 0.18166868177083334 0.5796208666666667 0.17724707760416666 0.5797063851851851 0.17726723072916667 0.6728249712962964
3 0.18178960104166667 0.6320781074074074 0.3176380489583333 0.6318643101851852 0.31753526822916667 0.6253506268518519 0.18177347864583335 0.6255900796296296 0.18178960104166667 0.6320781074074074
3 0.3131277708333334 0.6254475481481481 0.31760378854166665 0.6254475481481481 0.3175010078125 0.6185974916666667 0.3131277708333334 0.6186516537037037 0.3131277708333334 0.6254475481481481
3 0.32139661406250003 0.5600370583333333 0.31317815416666667 0.5600370583333333 0.31317815416666667 0.5691505129629629 0.31755945208333336 0.5691847203703704 0.31748690052083334 0.5660005703703703 0.32130189427083333 0.5661687574074075 0.32139661406250003 0.5600370583333333
3 0.3738452239583333 0.5600969212962963 0.3738452239583333 0.5661773092592592 0.38980249895833335 0.5663454962962963 0.3898105604166667 0.5598090083333334 0.3738452239583333 0.5600969212962963
3 0.3856166869791667 0.5598517675925926 0.3899072953125 0.5598118583333334 0.3897440546875 0.3649743444444445 0.38539701718749997 0.3649743444444445 0.3856166869791667 0.5598517675925926
3 0.3660923015625 0.36456955555555554 0.38979846822916664 0.36493158518518515 0.389715840625 0.35857753703703704 0.36606408697916665 0.35841790185185185 0.3660923015625 0.36456955555555554
3 0.29507859739583336 0.36448973796296297 0.31941152760416663 0.3648175601851852 0.3193550989583333 0.35857753703703704 0.2951350260416667 0.35857753703703704 0.29507859739583336 0.36448973796296297
3 0.27333534843749996 0.3814310148148148 0.27767835572916666 0.3813854046296296 0.2776481255208333 0.3586145953703704 0.27329101145833334 0.3586145953703704 0.27333534843749996 0.3814310148148148
3 0.2651692864583333 0.38752850648148146 0.27780935104166665 0.3876197259259259 0.27764611041666665 0.3815421888888889 0.2651390567708333 0.3813426453703704 0.2651692864583333 0.38752850648148146
3 0.31035469583333336 0.556026225925926 0.31252519166666665 0.556026225925926 0.31248690052083333 0.52545325 0.3102962515625 0.52545325 0.31035469583333336 0.556026225925926
3 0.2489076984375 0.6216305583333334 0.25137444583333335 0.621698974074074 0.25134220052083334 0.6080416194444445 0.24888956041666666 0.608064424074074 0.2489076984375 0.6216305583333334
3 0.24924828697916668 0.5798204101851852 0.25142684427083334 0.5798204101851852 0.2511910520833333 0.5252423037037037 0.2491515515625 0.5253078675925926 0.24924828697916668 0.5798204101851852
3 0.210610640625 0.6216049027777778 0.21307537291666667 0.6216391101851851 0.21307537291666667 0.6069612314814815 0.2105884723958333 0.6069298750000001 0.210610640625 0.6216049027777778
3 0.21075977447916666 0.5683922462962963 0.16445183385416667 0.5684863166666667 0.16446795625000002 0.5712770805555556 0.210775896875 0.5717417333333333 0.21075977447916666 0.5683922462962963
3 0.21279927447916666 0.5380273657407407 0.24902055625 0.5382924740740741 0.24898831093749998 0.5353477768518519 0.21276098333333332 0.5352993157407407 0.21279927447916666 0.5380273657407407
3 0.21061467135416667 0.5252023944444444 0.25129584843749997 0.5252109462962963 0.2513522770833333 0.5193015962962964 0.21054413541666667 0.5193015962962964 0.21061467135416667 0.5252023944444444
3 0.21064691666666666 0.5831670462962963 0.212837565625 0.5831955527777778 0.21270052395833333 0.5252023944444444 0.2108242645833333 0.5253135694444444 0.21064691666666666 0.5831670462962963
3 0.27064490104166666 0.5253534777777777 0.31258968177083335 0.5254874574074073 0.3124365177083333 0.5193557583333334 0.27064490104166666 0.519378562962963 0.27064490104166666 0.5253534777777777
3 0.23753728333333332 0.48876567870370374 0.27229141458333334 0.4890564425925926 0.27257758958333334 0.4859293046296296 0.23749697708333334 0.4862172175925926 0.23753728333333332 0.48876567870370374
3 0.2423760578125 0.4861830101851851 0.24470979427083334 0.48629988611111113 0.2444236192708333 0.46944982870370366 0.24225513906249999 0.46944982870370366 0.2423760578125 0.4861830101851851
3 0.27249496145833335 0.48917046759259264 0.2765900848958333 0.48917046759259264 0.27667069739583333 0.4050427592592593 0.2722490932291667 0.40492588333333335 0.27249496145833335 0.48917046759259264
3 0.2773740427083334 0.3879247435185185 0.275409109375 0.38785632870370373 0.27555824270833335 0.4010547324074074 0.2795364770833333 0.4010461805555556 0.2794860942708333 0.3983437851851852 0.2774727932291666 0.39813854074074073 0.2773740427083334 0.3879247435185185
3 0.29353688020833335 0.3981128851851852 0.29356912552083336 0.4010917898148148 0.311326078125 0.4008950972222222 0.3113623536458333 0.3979503990740741 0.29353688020833335 0.3981128851851852
3 0.3092422411458333 0.3978107185185185 0.31135832343750003 0.39795610000000003 0.31138452239583336 0.3645667046296296 0.30929665468749995 0.3645667046296296 0.3092422411458333 0.3978107185185185
3 0.2765679161458333 0.4725456101851852 0.30007053593750005 0.4726881416666667 0.30010479635416665 0.4694099203703704 0.2766364369791667 0.46926453796296297 0.2765679161458333 0.4725456101851852
3 0.2767009270833333 0.45923318148148146 0.29996573958333334 0.459378562962963 0.3000342604166667 0.45614595185185186 0.276529625 0.45633694444444445 0.2767009270833333 0.45923318148148146
3 0.30005844427083334 0.48597206388888886 0.3023095526041667 0.48603762870370376 0.30219064895833336 0.4347377425925926 0.30027005260416667 0.4346721777777778 0.30005844427083334 0.48597206388888886
3 0.30023780729166666 0.43451539351851853 0.3136094317708333 0.434660775 0.3136436921875 0.4315706953703704 0.3001692864583333 0.4316676166666667 0.30023780729166666 0.43451539351851853
3 0.31347037499999997 0.48607753703703704 0.300082628125 0.48607753703703704 0.3000544135416667 0.48909350092592596 0.31355501822916665 0.4889737740740741 0.31347037499999997 0.48607753703703704
4 0.17358524791666669 0.3914937287037037 0.2087041515625 0.39135689814814817 0.20880290208333332 0.3814880277777778 0.17387948385416668 0.38142246296296295 0.17358524791666669 0.3914937287037037
4 0.23021966927083334 0.3912884833333333 0.26553607395833334 0.39163340925925927 0.26524183802083334 0.38169897407407405 0.2303667875 0.38142246296296295 0.23021966927083334 0.3912884833333333
3 0.7303829098958333 0.3475057009259259 0.7303990328125 0.3505530212962963 0.7537081822916666 0.35069270277777775 0.7536920598958333 0.3473660203703704 0.7303829098958333 0.3475057009259259
3 0.7559895203125 0.33379703518518516 0.7536396614583333 0.33379703518518516 0.7537404270833333 0.35166191574074074 0.75606005625 0.351647662037037 0.7559895203125 0.33379703518518516
3 0.7560157192708333 0.2938626 0.7536638453125001 0.2938169898148148 0.7536436921875 0.3082525657407408 0.7560278114583333 0.3082525657407408 0.7560157192708333 0.2938626
3 0.682101975 0.500168187037037 0.6812132203125 0.5001938425925926 0.6811467151041666 0.5165963509259259 0.6821342203125 0.5165963509259259 0.682101975 0.500168187037037
3 0.6821503427083333 0.5078249712962963 0.6821503427083333 0.5091277083333333 0.7107738812500001 0.509150512962963 0.7107758968750001 0.5077508555555555 0.6821503427083333 0.5078249712962963
2 0.6929746067708333 0.5167132268518518 0.6802760984374999 0.516644812037037 0.6802760984374999 0.5336060435185185 0.6930249901041667 0.5334207527777778 0.6929746067708333 0.5167132268518518
2 0.6803083432291667 0.48325256574074077 0.6803244661458333 0.5001225768518519 0.6929282546875 0.5001282777777778 0.6929081015624999 0.48332383148148145 0.6803083432291667 0.48325256574074077
2 0.6628718260416666 0.4787856324074074 0.6629201932291667 0.483580387962963 0.6789258364583334 0.48360319259259255 0.6789419588541666 0.4787400231481481 0.6628718260416666 0.4787856324074074
2 0.7283071343749999 0.5373745722222223 0.7096493348958333 0.5374686435185185 0.709899234375 0.562163625925926 0.7284079 0.5618785629629629 0.7283071343749999 0.5373745722222223
2 0.7020999598958333 0.4203933861111111 0.7020717453124999 0.425059862962963 0.7182587666666667 0.42503705833333333 0.7182587666666667 0.4203591787037037 0.7020999598958333 0.4203933861111111
2 0.7305139057291666 0.3874572407407407 0.7277166463541668 0.38746294166666667 0.7277005239583333 0.42089509722222224 0.7305139057291666 0.42089509722222224 0.7305139057291666 0.3874572407407407
2 0.6939117291666667 0.4197291907407407 0.6939278515624999 0.38983181296296293 0.6697480854166666 0.3898061574074074 0.66953043125 0.41990592962962964 0.6939117291666667 0.4197291907407407
2 0.7301692864583333 0.37086659074074074 0.7303486494791667 0.3504361462962963 0.7152015317708333 0.35023375185185185 0.7150886739583334 0.3707782212962963 0.7301692864583333 0.37086659074074074
2 0.7537081822916666 0.3517160777777778 0.7536577994791667 0.37608893981481484 0.7723075375 0.3761374 0.7721664651041666 0.35178734351851854 0.7537081822916666 0.3517160777777778
2 0.7536336156250001 0.4370923601851852 0.7535751713541666 0.4617958953703704 0.7724264411458334 0.46176738888888885 0.7723800885416666 0.43713511944444444 0.7536336156250001 0.4370923601851852
2 0.75648931875 0.3082753703703704 0.7531338171874999 0.3083437851851852 0.7531519546875 0.33374002314814816 0.7564691656250001 0.33374002314814816 0.75648931875 0.3082753703703704
4 0.8484522369791667 0.6522348916666667 0.830735590625 0.652212087037037 0.8307698510416667 0.6582383120370371 0.8484361145833332 0.6583095777777778 0.8484522369791667 0.6522348916666667
3 0.6138532848958334 0.4255929305555555 0.6139318822916666 0.4319498287037037 0.6939298671874999 0.4320638537037037 0.6939459895833333 0.4256185861111111 0.6138532848958334 0.4255929305555555
3 0.6503567109374999 0.43207810740740743 0.6459814588541666 0.43203249722222226 0.6459109229166666 0.6519726342592592 0.6504836760416667 0.6519954388888889 0.6503567109374999 0.43207810740740743