4 0.6982792666666667 0.4146594472222222 0.6982933708333333 0.42043602129629626 0.7208140239583333 0.4204730694444444 0.7208140239583333 0.4146765462962963 0.6982792666666667 0.4146594472222222
4 0.7384424744791667 0.4146765462962963 0.7384424744791667 0.42043602129629626 0.7608361880208334 0.42043602129629626 0.7608240984375 0.4146765462962963 0.7384424744791667 0.4146765462962963
4 0.7415031229166666 0.5561328009259259 0.7415534958333333 0.5619264749999999 0.7640459401041666 0.5618922768518518 0.7640459401041666 0.556138500925926 0.7415031229166666 0.5561328009259259
2 0.7528692322916667 0.5796779712962963 0.766590771875 0.579598175925926 0.766590771875 0.5627671703703704 0.752933709375 0.562875462962963 0.7528692322916667 0.5796779712962963
4 0.6770239776041667 0.5574209175925926 0.6770360666666666 0.5631433453703704 0.7265484583333334 0.5631290962962964 0.7265303244791668 0.5573838703703703 0.6770239776041667 0.5574209175925926
4 0.5886056822916667 0.5573468222222222 0.5886439651041666 0.5631604444444445 0.6112170057291666 0.5631604444444445 0.6112411848958333 0.5573838703703703 0.5886056822916667 0.5573468222222222
4 0.6333447510416667 0.5574009685185186 0.6333830343750001 0.5631775435185186 0.6560951036458333 0.5631632944444445 0.6560447312500001 0.5574009685185186 0.6333447510416667 0.5574009685185186
2 0.6338263145833333 0.4190595611111111 0.6172234536458333 0.41918495277777773 0.6171206932291666 0.4499829009259259 0.6337638526041667 0.44991165555555557 0.6338263145833333 0.4190595611111111
3 0.7295385854166666 0.419615275 0.7295385854166666 0.4371957824074074 0.7314608098958334 0.4371957824074074 0.7314245416666666 0.41959532592592597 0.7295385854166666 0.419615275
3 0.7608502921875 0.41381875185185185 0.7608623817708333 0.41691365092592597 0.7737981057291666 0.41693074907407407 0.7738122104166667 0.41387289814814815 0.7608502921875 0.41381875185185185
3 0.5777694942708334 0.5609062407407407 0.5777694942708334 0.5639840407407407 0.5886177713541667 0.5639669425925926 0.5886056822916667 0.5608720435185185 0.5777694942708334 0.5609062407407407
3 0.6112573041666667 0.5609660870370371 0.6112391697916667 0.5639783416666666 0.6333649005208334 0.5639555425925926 0.6333447510416667 0.5609432888888889 0.6112573041666667 0.5609660870370371
3 0.6507072333333334 0.5110800796296296 0.6507072333333334 0.5084497009259259 0.6224420713541666 0.5084183527777778 0.6224622203125 0.5583898546296296 0.6244348177083333 0.5584069537037037 0.6244428770833333 0.5110800796296296 0.6507072333333334 0.5110800796296296
3 0.6560951036458333 0.5608720435185185 0.6561333869791667 0.5639669425925926 0.6770098729166667 0.5639669425925926 0.6770098729166667 0.5608178972222222 0.6560951036458333 0.5608720435185185
3 0.7937094499999999 0.5583442574074075 0.764062059375 0.5584212027777778 0.7640741489583333 0.5627500712962963 0.7663509973958333 0.5627329722222223 0.7663248036458333 0.561336562962963 0.7937094499999999 0.5612738675925927 0.7937094499999999 0.5583442574074075
3 0.7415273020833334 0.5627130240740741 0.7415091677083333 0.559418637962963 0.7374430786458334 0.5594585351851852 0.7374511385416667 0.5607580509259259 0.726564578125 0.5608805925925926 0.7265806973958333 0.5639298944444445 0.7397400765625 0.5639412935185185 0.7397320166666667 0.5627130240740741 0.7415273020833334 0.5627130240740741
3 0.7352649609374999 0.5572128814814814 0.7387709046875001 0.5571701342592592 0.7388011281250001 0.5503134796296296 0.7389139635416666 0.5501880879629629 0.73887165 0.5010287833333333 0.7351299614583334 0.5010658305555556 0.7351259317708333 0.5500598462962962 0.7352407817708334 0.5502935305555555 0.7352649609374999 0.5572128814814814
3 0.6682329234375001 0.5586263888888889 0.6681664317708333 0.551732687037037 0.6684505338541666 0.5513308638888889 0.6684243401041667 0.5078768879629629 0.6645416078125 0.5078768879629629 0.6645839208333334 0.5511456259259259 0.6648236953125 0.5517013398148148 0.664845859375 0.5585921916666667 0.6682329234375001 0.5586263888888889
3 0.7865968166666666 0.5866429185185185 0.7866089057291668 0.5932259907407408 0.7982933708333333 0.5932630379629629 0.79834374375 0.3930550018518518 0.7856719723958334 0.3930179537037037 0.7856860770833334 0.3990994583333333 0.7937920614583334 0.3990994583333333 0.793638928125 0.5865716731481481 0.7865968166666666 0.5866429185185185
3 0.6467499494791666 0.4802080361111111 0.6356598833333333 0.4802450842592592 0.6356216 0.4684411509259259 0.6341164619791667 0.4684411509259259 0.6341305661458333 0.48271302407407407 0.6467499494791666 0.48276717037037037 0.6467499494791666 0.4802080361111111
3 0.7606085031250001 0.3930350527777777 0.7606085031250001 0.3995098314814815 0.7742151921875 0.3995098314814815 0.7742655651041667 0.3930920490740741 0.7606085031250001 0.3930350527777777
3 0.7386379208333334 0.3994556851851852 0.7386056822916667 0.39307210000000004 0.7356095104166667 0.39307210000000004 0.735577271875 0.3836392138888889 0.7173866614583333 0.38354801944444444 0.7173866614583333 0.38996010277777776 0.7310779770833334 0.38997150185185186 0.7310820067708333 0.3994756342592593 0.7386379208333334 0.3994556851851852
3 0.7015676000000001 0.38931604444444445 0.7015696151041666 0.3836363638888889 0.6841164619791668 0.383650612962963 0.6841164619791668 0.3730236537037037 0.6660588354166667 0.3730236537037037 0.6660850291666667 0.3794442861111111 0.6795003020833333 0.3794072388888889 0.679506346875 0.38931604444444445 0.7015676000000001 0.38931604444444445
3 0.7638222848958333 0.5868053574074074 0.7638222848958333 0.5932259907407408 0.7721035661458333 0.5931889425925926 0.7720793874999999 0.5868053574074074 0.7638222848958333 0.5868053574074074
3 0.7261535359375001 0.5868224564814815 0.7261293572916667 0.5932259907407408 0.7419101348958334 0.5932316898148149 0.7419101348958334 0.5868281564814815 0.7261535359375001 0.5868224564814815
3 0.6556901067708334 0.5868224564814815 0.6556780171875 0.5932430888888889 0.67716300625 0.5931889425925926 0.6771750958333332 0.5868224564814815 0.6556901067708334 0.5868224564814815
3 0.61080999375 0.5868167564814816 0.61080999375 0.5931746935185185 0.6337840015625 0.5932202907407407 0.6337840015625 0.5868595037037038 0.61080999375 0.5868167564814816
2 0.58887165 0.46441721296296296 0.5889482166666667 0.4835708175925926 0.600290146875 0.4835537194444445 0.6002397744791667 0.46438016574074076 0.58887165 0.46441721296296296
3 0.7641023572916666 0.5796637222222223 0.764062059375 0.5867683101851853 0.7663368932291666 0.5867512111111112 0.7663227885416667 0.5796380731481482 0.7641023572916666 0.5796637222222223
3 0.600598428125 0.48290396111111117 0.600598428125 0.4914363064814815 0.6025005036458333 0.4914363064814815 0.60250251875 0.4830350527777778 0.6101289541666667 0.4830350527777778 0.6101430588541666 0.48281276759259256 0.6157424942708333 0.48279851851851857 0.6157324197916666 0.48060416111111115 0.6101329838541666 0.48062980925925924 0.610096715625 0.4483670564814815 0.6080415072916666 0.4483898546296296 0.6080294177083334 0.48001139907407414 0.6025549062500001 0.48001139907407414 0.6025408020833333 0.42995155277777775 0.5774773322916666 0.42995155277777775 0.5775035260416667 0.43256198333333334 0.6001632078125 0.43258193240740744 0.6003163411458333 0.482892562037037 0.600598428125 0.48290396111111117
3 0.5774712875 0.5516870907407407 0.5777574046874999 0.5513850101851852 0.5776848682291666 0.43507552037037034 0.5775075557291667 0.4347734398148148 0.5774350192708333 0.4289113703703704 0.6064255489583333 0.42893701944444446 0.6064416682291667 0.44737817037037036 0.6159460005208334 0.4473525222222222 0.6159097317708333 0.4430322027777778 0.6171086036458333 0.44302650370370367 0.6171206932291666 0.43991450555555556 0.6116582713541666 0.43995155277777775 0.6116038687500001 0.42158449722222224 0.5732742291666667 0.42145910555555555 0.5732540802083333 0.5932801370370371 0.5888978442708334 0.5932259907407408 0.5889139635416666 0.5867141638888889 0.5777574046874999 0.5868025074074075 0.5777392708333333 0.5606811055555555 0.5774894218750001 0.5595440296296296 0.5774712875 0.5516870907407407
4 0.5889482166666667 0.5874323166666667 0.5889341125 0.5925819324074074 0.6107737255208333 0.5926531777777778 0.6107737255208333 0.5874323166666667 0.5889482166666667 0.5874323166666667
4 0.6338263145833333 0.5874123685185185 0.6338263145833333 0.5926360787037037 0.6556397338541667 0.5926360787037037 0.6556518234375001 0.5873952694444444 0.6338263145833333 0.5874123685185185
4 0.6772133791666667 0.5874323166666667 0.6771992744791666 0.5939783416666667 0.7260991333333333 0.5939583925925925 0.7260930890625 0.5874237675925926 0.6772133791666667 0.5874323166666667
4 0.7419443885416667 0.5874123685185185 0.7419443885416667 0.5939954407407407 0.7637840015625 0.5940125388888889 0.7637698973958333 0.5873952694444444 0.7419443885416667 0.5874123685185185
4 0.6546665322916667 0.3735964666666667 0.6546604874999999 0.3793644916666667 0.6660467458333332 0.37942433703703704 0.6660205520833333 0.373647762962963 0.6546665322916667 0.3735964666666667
4 0.7015897640625001 0.3842006268518518 0.701577675 0.3894043888888889 0.717348378125 0.38942433703703705 0.717348378125 0.38418352777777776 0.7015897640625001 0.3842006268518518
4 0.7386500098958333 0.39366486203703704 0.7386701593749999 0.39891992037037033 0.7605682046875 0.3989170703703704 0.7605682046875 0.3936933601851852 0.7386500098958333 0.39366486203703704
4 0.7743159380208334 0.39371330833333334 0.7742796697916667 0.3988914222222222 0.7856236145833333 0.3988657740740741 0.7856236145833333 0.39366201203703705 0.7743159380208334 0.39371330833333334
4 0.7721176708333334 0.5869848962962962 0.77216804375 0.5926189796296296 0.7865444286458333 0.5925819324074074 0.7865706223958333 0.5870732398148147 0.7721176708333334 0.5869848962962962
3 0.6353092885416667 0.44302650370370367 0.6353274229166667 0.44742946666666666 0.646758009375 0.4473439722222222 0.6467519645833334 0.48332003425925923 0.6504956677083332 0.4833741805555556 0.6504654442708334 0.4422428046296296 0.6404896234374999 0.44233114814814817 0.6405964135416667 0.3793958388888889 0.6546282489583334 0.37937304074074074 0.6546181744791667 0.37360216574074073 0.6546141447916667 0.37305215185185187 0.6352528713541666 0.37300940462962967 0.6352286921875 0.4399373037037037 0.6338122104166667 0.4399373037037037 0.6338263145833333 0.4430065546296296 0.6353092885416667 0.44302650370370367
3 0.6505057427083333 0.44231974907407406 0.6505138020833333 0.4443858648148148 0.6703848479166666 0.44431461944444445 0.6703828328125 0.43014534074074073 0.6411686479166666 0.43015958981481484 0.6411686479166666 0.4327187231481482 0.6687205317708333 0.4327301222222222 0.6687346364583333 0.44226845277777777 0.6505057427083333 0.44231974907407406
3 0.6982591177083334 0.4170789398148148 0.6982429984375 0.413659162037037 0.6668668145833333 0.4136363638888889 0.6668768890625 0.42569962962962965 0.6405581302083333 0.42560843518518515 0.6405460406250001 0.4286719861111111 0.66901269375 0.4287118833333333 0.669004634375 0.41705044166666666 0.6982591177083334 0.4170789398148148
3 0.6691537375000001 0.4455941861111111 0.669145678125 0.4802137361111112 0.6636066895833334 0.4802080361111111 0.6636046744791667 0.4827358222222222 0.6710658875 0.48275292129629627 0.6710356640625 0.445571387962963 0.6691537375000001 0.4455941861111111
3 0.6709913359375 0.38933314351851855 0.6709530526041667 0.3794613851851852 0.6688676203125 0.3794613851851852 0.6688676203125 0.3922855518518518 0.6830102760416668 0.3922998009259259 0.682986096875 0.3893473925925926 0.6709913359375 0.38933314351851855
3 0.7208301432291666 0.41381020277777775 0.7208402177083334 0.41693074907407407 0.7384162807291667 0.41691365092592597 0.7383981463541667 0.4138073527777778 0.7208301432291666 0.41381020277777775
1 0 0 0 1 1 1 1 0 0 0
3 0.5777433005208333 0.4796722712962963 0.5777433005208333 0.4829638074074074 0.5889220229166666 0.4829980055555555 0.5889099333333333 0.479618125 0.5777433005208333 0.4796722712962963
3 0.326105178125 0.4499373037037037 0.3261273421875 0.47977771481481485 0.31776747916666664 0.479814762037037 0.31776949427083334 0.48281846666666667 0.36358251041666667 0.48285551481481487 0.3635039291666667 0.46617839814814815 0.36119081197916664 0.4661413509259259 0.36118275260416666 0.4792647481481481 0.3282409833333333 0.47928184629629633 0.3283316541666667 0.44692505 0.3223131171875 0.44690795092592595 0.32227281875 0.4287289824074074 0.3611444692708333 0.42880022777777776 0.361225065625 0.44941008796296295 0.3635019140625 0.44941008796296295 0.3635019140625 0.42527785648148153 0.32008261145833333 0.42539184907407407 0.3200302234375 0.4454573953703704 0.3178057625 0.44542319722222223 0.31779367343750003 0.44731832407407407 0.3200564177083333 0.4472926759259259 0.3200201489583333 0.4499943 0.326105178125 0.4499373037037037
3 0.16899858958333333 0.5168424055555556 0.16894418697916666 0.5677571953703704 0.17100342552083334 0.5677571953703704 0.17105178333333332 0.5168139074074075 0.16899858958333333 0.5168424055555556
3 0.19819262552083333 0.5168908518518519 0.19817852083333334 0.5677400972222222 0.19996171666666665 0.5677571953703704 0.19999798489583334 0.5168680537037037 0.19819262552083333 0.5168908518518519
4 0.131057828125 0.5968566546296297 0.13109611145833333 0.6020176685185186 0.15736852708333335 0.6020547166666667 0.15733427343749998 0.5968737527777778 0.131057828125 0.5968566546296297
4 0.1759359260416667 0.5969279000000001 0.17593794062499998 0.6019749212962964 0.19319161822916667 0.6020148194444445 0.19314729010416667 0.5969649472222222 0.1759359260416667 0.5969279000000001
4 0.20929478125 0.5968937018518519 0.20933306458333334 0.6020262185185185 0.23572436041666667 0.6020091194444445 0.23564779375 0.5969649472222222 0.20929478125 0.5968937018518519
4 0.2575115859375 0.5969449981481482 0.2575115859375 0.6033912796296297 0.31522667760416667 0.6034026787037037 0.31511182760416667 0.5968395555555556 0.2575115859375 0.5969449981481482
4 0.33691315729166665 0.5968737527777778 0.3369373364583333 0.6033855796296297 0.3587265765625 0.6033855796296297 0.3586762041666667 0.5968566546296297 0.33691315729166665 0.5968737527777778
4 0.3364819666666667 0.5647876888888889 0.3364698770833333 0.5707267027777778 0.358978440625 0.5707267027777778 0.3589562765625 0.5646907953703704 0.3364819666666667 0.5647876888888889
4 0.3663469677083333 0.37789113703703703 0.3663389078125 0.38332573425925925 0.377656659375 0.3833057851851852 0.37766471875 0.37789113703703703 0.3663469677083333 0.37789113703703703
4 0.30303646979166665 0.3843260185185185 0.3030989322916666 0.38965517222222223 0.3145053395833333 0.38963807314814813 0.31449325 0.3843431175925926 0.30303646979166665 0.3843260185185185
4 0.24749748124999998 0.38438016574074074 0.24748337708333334 0.38962097500000004 0.26934716927083335 0.38954972962962964 0.26934716927083335 0.3843630666666667 0.24749748124999998 0.38438016574074074
4 0.20021962499999998 0.395970362037037 0.20022768489583334 0.4012824166666667 0.2220028208333333 0.40122827037037034 0.22199476145833333 0.39595041296296296 0.20021962499999998 0.395970362037037
3 0.13804956666666665 0.4267683101851852 0.13804956666666665 0.4298432601851852 0.14154140625 0.4298632092592593 0.14152730208333333 0.4267854092592593 0.13804956666666665 0.4267683101851852
3 0.15519040885416666 0.42673126203703704 0.15519846875 0.429809062037037 0.15822083437499998 0.4298432601851852 0.15822083437499998 0.4267512111111111 0.15519040885416666 0.42673126203703704
3 0.19526294583333334 0.42462809907407406 0.19526294583333334 0.42774009722222217 0.1998529114583333 0.4277201481481482 0.199840821875 0.42466229722222226 0.19526294583333334 0.42462809907407406
3 0.24846463854166664 0.4099772018518518 0.24849083229166666 0.40677685925925927 0.2334938546875 0.4067569111111111 0.23345557135416667 0.42461669999999996 0.22247833958333332 0.42459105185185186 0.22249647395833336 0.4277172981481482 0.23568003229166665 0.4277201481481482 0.23559137604166666 0.4099601027777778 0.24846463854166664 0.4099772018518518
3 0.3018335682291667 0.4427443712962963 0.3017610317708333 0.406736962037037 0.27126536354166664 0.406719862962963 0.27127946822916665 0.4100284981481482 0.29976828541666667 0.4099544027777778 0.2997078380208333 0.4427614703703704 0.3018335682291667 0.4427443712962963
3 0.29760225677083335 0.4457024796296296 0.29756397343749996 0.45376745555555553 0.29954865989583335 0.45376745555555553 0.2994861979166667 0.44568253055555557 0.29760225677083335 0.4457024796296296
3 0.33904291770833334 0.4234197777777778 0.33906508177083333 0.4099515527777778 0.3630888572916666 0.4099373037037037 0.36306669374999995 0.40676831018518517 0.33907918593749997 0.40676831018518517 0.3390529921875 0.4046936453703704 0.34113842447916665 0.40467654629629635 0.3411505140625 0.3836962101851852 0.33900261927083336 0.3836962101851852 0.33899858958333334 0.40206896574074075 0.32989522447916664 0.4020319175925926 0.3298690307291666 0.38366486203703704 0.3278198671875 0.38366486203703704 0.3277735239583333 0.40507267037037037 0.33679629270833333 0.4050270731481481 0.33675196458333334 0.42339697962962963 0.33904291770833334 0.4234197777777778
3 0.3766572635416667 0.4066999148148148 0.3766572635416667 0.4099373037037037 0.38759621197916666 0.4099914509259259 0.38759621197916666 0.40675406111111106 0.3766572635416667 0.4066999148148148
3 0.118361878125 0.5704046740740741 0.11837598229166665 0.5735166712962964 0.13066895 0.5735366203703703 0.13065283072916667 0.5704046740740741 0.118361878125 0.5704046740740741
3 0.15786016510416667 0.5704075231481481 0.15787225468750002 0.573465375 0.175436228125 0.5734824740740742 0.17542413854166666 0.5704246222222222 0.15786016510416667 0.5704075231481481
3 0.19365303229166667 0.5704388712962963 0.19365303229166667 0.5734910231481481 0.20896635104166666 0.573471074074074 0.20895426145833335 0.5703590768518518 0.19365303229166667 0.5704388712962963
3 0.236115253125 0.570387575 0.236141446875 0.573462525 0.2570179328125 0.573479624074074 0.25700584322916664 0.570387575 0.236115253125 0.570387575
3 0.33639331041666665 0.571347962037037 0.33640741510416666 0.5680906240740741 0.3264033848958333 0.5680906240740741 0.3263912958333333 0.5702564833333332 0.3155551078125 0.5702792814814814 0.3155410036458333 0.5734568250000001 0.3287064276041667 0.573476774074074 0.3287064276041667 0.5713109148148149 0.33639331041666665 0.571347962037037
4 0.13071529322916667 0.566933599074074 0.13074148697916665 0.572693075 0.157797703125 0.5726360787037037 0.15776143437499998 0.5669677972222222 0.13071529322916667 0.566933599074074
4 0.1754765260416667 0.56691935 0.17550070520833333 0.5726446277777778 0.19361474895833333 0.572693075 0.19360265989583333 0.5668994018518518 0.1754765260416667 0.56691935
4 0.208978440625 0.5669706472222222 0.20901672395833334 0.5726759759259259 0.23606488020833333 0.572693075 0.236052790625 0.5668994018518518 0.208978440625 0.5669706472222222
4 0.2570441265625 0.5668452546296295 0.25708240989583336 0.572693075 0.31549063072916667 0.5726389287037037 0.31550473489583336 0.566933599074074 0.2570441265625 0.5668452546296295
4 0.1998992546875 0.42541179814814817 0.19994962708333333 0.4312225703703704 0.222484384375 0.4312738675925926 0.22239572864583332 0.42548019351851857 0.1998992546875 0.42541179814814817
4 0.2485593390625 0.40723282962962964 0.2485210557291667 0.4133171842592593 0.27124521458333334 0.4133000851851852 0.27120088645833335 0.40723282962962964 0.2485593390625 0.40723282962962964
2 0.14183155364583333 0.41161869444444443 0.14159177916666668 0.4333143342592593 0.1551158572916667 0.4333827305555556 0.15503324583333333 0.411744087037037 0.14183155364583333 0.41161869444444443
2 0.363215796875 0.3915873472222222 0.36316542395833334 0.41333713333333333 0.37662905520833334 0.41335423240740743 0.3765444286458333 0.3917497861111111 0.363215796875 0.3915873472222222
3 0.3590550072916667 0.5889883157407407 0.35902881302083334 0.5960872046296296 0.3612935723958334 0.5960701055555556 0.36124319947916667 0.5890054148148148 0.3590550072916667 0.5889883157407407
3 0.3876022567708333 0.5697178685185185 0.3875821078125 0.5667911083333333 0.35902881302083334 0.5668281564814814 0.3590429177083333 0.5716215444444445 0.3612552890625 0.5716215444444445 0.3612492442708334 0.5697178685185185 0.3876022567708333 0.5697178685185185
2 0.1180576265625 0.45485038518518517 0.11810799895833334 0.47763465370370367 0.13989119479166667 0.47797663148148145 0.1398367921875 0.4548247361111111 0.1180576265625 0.45485038518518517
2 0.15445093697916665 0.5111855231481481 0.1544005640625 0.5347050444444444 0.16881724739583334 0.5347221435185185 0.16885553072916668 0.5112396694444444 0.15445093697916665 0.5111855231481481
2 0.1835140036458333 0.5113337129629629 0.1834636307291667 0.5348532342592592 0.19787829947916666 0.5348703333333333 0.1979165828125 0.5113878601851852 0.1835140036458333 0.5113337129629629
2 0.2305017125 0.5112966657407407 0.2305017125 0.5344371620370371 0.244626234375 0.5347221435185185 0.24470280052083335 0.5112567685185185 0.2305017125 0.5112966657407407
2 0.1798186578125 0.46870903425925925 0.17972395729166665 0.48712738703703706 0.19165424114583332 0.48716728425925926 0.19163006249999998 0.46870903425925925 0.1798186578125 0.46870903425925925
2 0.19367721145833333 0.46541749814814815 0.1936610921875 0.4871929324074074 0.20786620989583332 0.48713023611111106 0.2078903890625 0.4657053287037037 0.19367721145833333 0.46541749814814815
2 0.17985694114583334 0.44000285 0.1799697765625 0.4590681101851852 0.19129357239583333 0.459025362962963 0.191198871875 0.43989455648148146 0.17985694114583334 0.44000285
2 0.34050372760416664 0.5033171842592592 0.3404271609375 0.48292676018518516 0.3239633286458333 0.48290966111111105 0.32397541822916665 0.503263037962963 0.34050372760416664 0.5033171842592592
3 0.15437638541666668 0.5167483611111111 0.1543421317708333 0.5114591055555556 0.14207737239583332 0.5114591055555556 0.14197461197916666 0.5117098888888888 0.1385996375 0.5116215444444445 0.1385996375 0.5166286694444445 0.14188797083333335 0.5165745222222222 0.14193834375 0.516736962037037 0.15437638541666668 0.5167483611111111
3 0.13102558958333332 0.6026845259259259 0.13098126145833333 0.5963322879629629 0.11835583333333334 0.5963123398148148 0.11827725156249999 0.5147534907407407 0.13800322395833334 0.5147962379629629 0.138017328125 0.479800512962963 0.13494055989583334 0.47983471111111115 0.13494055989583334 0.4779566824074074 0.13279065104166665 0.4779566824074074 0.13279065104166665 0.5073553722222223 0.11306467864583333 0.5073724703703704 0.1130445296875 0.6026417787037037 0.13102558958333332 0.6026845259259259
2 0.363973403125 0.4660786546296296 0.3639451942708333 0.44948703333333334 0.35074753177083334 0.44953548055555553 0.3510255895833333 0.46593616388888887 0.363973403125 0.4660786546296296
2 0.36139028802083334 0.5888771731481481 0.36145678020833333 0.5716927898148149 0.34777553906249997 0.5717640351851853 0.3476788234375 0.5889028212962962 0.36139028802083334 0.5888771731481481
3 0.1689341125 0.5114192074074074 0.1689300828125 0.5167854092592593 0.1834515416666667 0.5167483611111111 0.183435421875 0.5114534055555556 0.1689341125 0.5114192074074074
4 0.3668446505208333 0.5962496435185185 0.36690711249999997 0.6020091194444445 0.38136207916666665 0.6020974638888889 0.38132379583333337 0.5962838416666666 0.3668446505208333 0.5962496435185185
2 0.2954986901041667 0.45384725000000004 0.2955107796875 0.471732687037037 0.29997582083333335 0.47171273888888887 0.29992544843749996 0.4538985462962963 0.2954986901041667 0.45384725000000004
3 0.26939351197916667 0.38376175555555553 0.2694438848958333 0.39014534074074075 0.30301027604166664 0.3900854944444444 0.30296796302083334 0.38376175555555553 0.26939351197916667 0.38376175555555553
3 0.1591053796875 0.3953605018518519 0.15911746927083334 0.40170988888888887 0.2001007453125 0.4017469361111111 0.20015313333333334 0.39538045000000005 0.1591053796875 0.3953605018518519
3 0.358801128125 0.59615845 0.3588152328125 0.6026332287037037 0.3668567401041667 0.6026503277777777 0.36676808385416665 0.5960701055555556 0.358801128125 0.59615845
3 0.3813882734375 0.5960587064814814 0.38141245208333335 0.6027044740740741 0.39216199895833337 0.6026417787037037 0.39211162604166666 0.37733542314814816 0.3777191213541667 0.3772983759259259 0.3777694942708333 0.3836819611111111 0.387656659375 0.383647762962963 0.3876224057291667 0.5960587064814814 0.3813882734375 0.5960587064814814
3 0.19801531354166665 0.5114192074074074 0.198053596875 0.5168139074074075 0.23043723541666666 0.5167483611111111 0.23045134010416665 0.5114990027777777 0.19801531354166665 0.5114192074074074
3 0.2447531734375 0.5114363064814815 0.244704815625 0.5684668 0.24847269791666668 0.5684668 0.2484324 0.5114534055555556 0.2447531734375 0.5114363064814815
3 0.15741084010416667 0.5962838416666666 0.15745113854166667 0.6026702768518519 0.17582309062499998 0.6026161296296296 0.17581301614583333 0.5962724425925926 0.15741084010416667 0.5962838416666666
3 0.19328631875 0.5963009407407407 0.19331049791666668 0.6026161296296296 0.20925649791666665 0.6026332287037037 0.2092121703125 0.5963180388888888 0.19328631875 0.5963009407407407
3 0.23578682239583332 0.596355087037037 0.2357747328125 0.6026702768518519 0.25745718333333334 0.6026617268518519 0.25743300416666665 0.5963123398148148 0.23578682239583332 0.596355087037037
3 0.31525085625 0.5962496435185185 0.31527100520833334 0.6026446277777777 0.3368829338541667 0.6026275296296296 0.3368325609375 0.5960815046296296 0.31525085625 0.5962496435185185
3 0.23374168854166666 0.42961527499999996 0.23372355416666668 0.4869535481481482 0.23795889583333332 0.486936449074074 0.23794882135416667 0.42957822777777777 0.23374168854166666 0.42961527499999996
3 0.31288535156249997 0.4455485888888889 0.31285311302083335 0.4830607009259259 0.31770904687499996 0.4830407527777778 0.3177654645833333 0.4455229407407408 0.31288535156249997 0.4455485888888889
3 0.3277030020833333 0.5661897972222222 0.3277171067708334 0.5613251638888889 0.3280213578125 0.5607723 0.32801128333333335 0.5033855796296296 0.32412855104166666 0.5034254777777778 0.32412653645833334 0.5611114277777778 0.3243642958333333 0.5614676546296297 0.32435422135416664 0.5662097462962963 0.3277030020833333 0.5661897972222222
3 0.16670360677083332 0.4584155027777778 0.16669957708333336 0.48414078055555554 0.16076969583333334 0.48414078055555554 0.16074350208333332 0.48635793703703706 0.179673584375 0.48635793703703706 0.1796876890625 0.4838016527777777 0.1685331453125 0.4838187518518519 0.16854321979166667 0.45846395 0.17987306041666665 0.4584468509259259 0.17983679218749998 0.4551724138888889 0.16901067916666665 0.4551410657407407 0.16902075364583335 0.40676546018518517 0.19110014114583332 0.4067825592592592 0.1913781984375 0.4581675694444444 0.19173685260416665 0.4581818185185185 0.19173080781250001 0.48634083796296296 0.19358855520833332 0.48630663981481487 0.19354422708333333 0.45804502685185183 0.19373362864583335 0.45806212592592593 0.19372153958333332 0.4033000851851852 0.16659681666666665 0.4033029351851852 0.16666129375 0.4414619546296296 0.16121297604166665 0.44155599907407406 0.16121297604166665 0.4233086351851852 0.16659077187500002 0.42328013703703704 0.16659077187500002 0.4205984611111111 0.15909329010416667 0.4205984611111111 0.15911545416666667 0.4445796527777778 0.16655047343749999 0.4445796527777778 0.16655248854166665 0.4584155027777778 0.16670360677083332 0.4584155027777778
3 0.20794076145833335 0.4838045027777778 0.20792867239583332 0.48632658888888886 0.23367519635416667 0.48634368796296296 0.23367519635416667 0.4838244518518518 0.20794076145833335 0.4838045027777778
3 0.23802740260416666 0.4841094333333333 0.23802740260416666 0.48632088888888886 0.24804150729166666 0.48632088888888886 0.24801128333333333 0.48413223148148143 0.23802740260416666 0.4841094333333333
3 0.29952045156249996 0.4800142490740741 0.2994942572916666 0.4718039324074074 0.29761031614583333 0.4718039324074074 0.29762240572916665 0.4825904814814815 0.31278460625 0.4825705333333334 0.3127987104166667 0.4800142490740741 0.29952045156249996 0.4800142490740741
3 0.13800322395833334 0.4531433453703704 0.13801934322916667 0.401735537037037 0.14767277864583334 0.40170988888888887 0.1476425546875 0.39539184907407404 0.13279065104166665 0.39541464814814814 0.13275438229166667 0.4547648907407407 0.13502921614583335 0.45471929351851853 0.135013096875 0.4531433453703704 0.13800322395833334 0.4531433453703704
4 0.14772919583333335 0.3959447138888889 0.1477493453125 0.4012111712962963 0.1589905296875 0.40124536944444444 0.15904694739583333 0.39599886018518515 0.14772919583333335 0.3959447138888889
3 0.24741486979166666 0.3900398972222222 0.24742091458333335 0.38377315462962963 0.2236167640625 0.38375890555555553 0.22360870416666667 0.39541464814814814 0.22204110416666667 0.39541464814814814 0.22205319375 0.4013707611111111 0.22809792447916666 0.4013166148148148 0.22802740260416668 0.3900598462962963 0.24741486979166666 0.3900398972222222
3 0.36628853541666667 0.3836819611111111 0.36628853541666667 0.3773154740740741 0.32387467239583334 0.3773696212962963 0.32388273229166664 0.3838187518518518 0.314537578125 0.3837646055555556 0.31454966770833337 0.39011399259259255 0.3277574046875 0.39013964074074076 0.3277694942708333 0.3836278138888889 0.36628853541666667 0.3836819611111111
3 0.2356739875 0.3901196925925926 0.23571025572916668 0.40124536944444444 0.22468466666666667 0.4013878601851852 0.22477332239583334 0.40437446574074076 0.23783598645833331 0.4043402675925926 0.2378480755208333 0.3901196925925926 0.2356739875 0.3901196925925926
3 0.78739270625 0.41387289814814815 0.78739270625 0.41660872037037033 0.7937920614583334 0.4165916212962963 0.7937920614583334 0.41387289814814815 0.78739270625 0.41387289814814815
3 0.7329034859375 0.4372299796296296 0.729171871875 0.4372299796296296 0.7291476927083332 0.48070960370370375 0.7328027401041666 0.48069250462962965 0.7329034859375 0.4372299796296296
3 0.7443723552083333 0.44227415185185187 0.7443884744791667 0.44854089444444445 0.7328913963541667 0.4485551435185185 0.7328913963541667 0.45162724444444446 0.7465746526041667 0.45168139074074076 0.7465867416666666 0.44538615 0.7675015109375 0.4454402962962963 0.7675256901041667 0.4606583074074074 0.7698650010416667 0.46066115740740743 0.769840821875 0.4375890564814815 0.732933709375 0.4375805074074074 0.7329276645833332 0.4403961240740741 0.7678782994791666 0.44042177222222223 0.7679165828125 0.44228270185185187 0.7443723552083333 0.44227415185185187
3 0.7328531130208333 0.4769620972222222 0.7328531130208333 0.4804873185185185 0.7698911947916667 0.48053006574074075 0.7698650010416667 0.4770247935185185 0.7328531130208333 0.4769620972222222
3 0.5777553901041668 0.5083243092592593 0.5777553901041668 0.5110800796296296 0.6080415072916666 0.5110430324074073 0.6080415072916666 0.5084326018518519 0.5777553901041668 0.5083243092592593
3 0.6341043723958334 0.4491593046296296 0.6340922828125 0.45043032222222223 0.6356095104166666 0.45043032222222223 0.6355974208333334 0.4491593046296296 0.6341043723958334 0.4491593046296296
2 0.6030727380208333 0.4914762037037037 0.5898831354166667 0.4914220574074074 0.58992141875 0.5083243092592593 0.6030969171875 0.5083784555555555 0.6030727380208333 0.4914762037037037
2 0.6080797906250001 0.5076090055555555 0.6080677010416667 0.5293217444444444 0.6223937135416667 0.5293758907407408 0.6224078177083334 0.5076631518518518 0.6080797906250001 0.5076090055555555
2 0.6507455166666667 0.5076090055555555 0.65080999375 0.5293046453703704 0.6645295182291666 0.5293587916666667 0.6645174291666667 0.507680250925926 0.6507455166666667 0.5076090055555555
2 0.6505178317708334 0.47958392685185186 0.6505440260416666 0.48577087500000005 0.66356840625 0.4856825305555556 0.6635925848958333 0.4796010259259259 0.6505178317708334 0.47958392685185186
2 0.7742413864583334 0.3990994583333333 0.7738242999999999 0.42041892314814816 0.7873806166666667 0.42040182407407406 0.7873161395833334 0.39913650648148147 0.7742413864583334 0.3990994583333333
2 0.7702961916666666 0.4769905953703704 0.7702579083333333 0.46071530370370367 0.7566895020833333 0.46066115740740743 0.75671368125 0.4769535481481481 0.7702961916666666 0.4769905953703704
2 0.7348498890625 0.4805129666666667 0.7348257104166667 0.5010088342592594 0.7514930484375 0.5009204898148149 0.7514164817708333 0.4805500138888889 0.7348498890625 0.4805129666666667