1 0 0 0 1 1 1 1 0 0 0
3 0.1261535359375 0.5896266740740741 0.12635704218750002 0.5896266740740741 0.126361071875 0.5143773157407407 0.12216804375 0.5143516675925927 0.12221640156250001 0.598062125925926 0.12615555104166667 0.5980193787037038 0.1261535359375 0.5896266740740741
3 0.13723957291666666 0.5953149046296297 0.13721942395833334 0.5921658592592592 0.13257505520833332 0.5921658592592592 0.13256095104166665 0.5924622398148148 0.1261636109375 0.5924479907407407 0.12617771510416667 0.5980222287037037 0.13499294791666666 0.5980364777777778 0.13500302239583334 0.5953291537037037 0.13723957291666666 0.5953149046296297
3 0.13499899270833332 0.5981048731481481 0.13087850104166668 0.5980906240740741 0.13084827708333333 0.6212938157407408 0.13499899270833332 0.6212795666666667 0.13499899270833332 0.5981048731481481
3 0.13085432187499998 0.6251268166666667 0.13722748333333332 0.6251154175925926 0.13719121510416665 0.6213650611111111 0.13086439635416666 0.621336562962963 0.13085432187499998 0.6251268166666667
3 0.16654644375000002 0.6251268166666667 0.16652629479166667 0.6213935592592593 0.15939351197916668 0.6214363064814815 0.15940358645833333 0.6251125675925926 0.16654644375000002 0.6251268166666667
3 0.1594056015625 0.6214220574074074 0.16163207760416667 0.6214220574074074 0.16162200260416668 0.6127301222222222 0.15938545260416664 0.6127158731481482 0.1594056015625 0.6214220574074074
3 0.1848680234375 0.6204189231481482 0.18487809791666668 0.6214049583333333 0.17986500104166667 0.6213935592592593 0.1798549265625 0.6251268166666667 0.19691114270833332 0.6251553148148148 0.1969071125 0.6203619268518518 0.1848680234375 0.6204189231481482
3 0.18486600833333336 0.6203619268518518 0.1869816640625 0.6203334287037037 0.187013903125 0.5921402111111111 0.18488817239583336 0.5921544601851852 0.18486600833333336 0.6203619268518518
3 0.1593431390625 0.5971701342592592 0.1615897640625 0.5971843833333332 0.1615897640625 0.5921544601851852 0.15935321354166668 0.5921573101851852 0.1593431390625 0.5971701342592592
3 0.16162401770833332 0.5921601592592592 0.16161394322916667 0.5953092046296297 0.18483779947916668 0.5952978055555556 0.18485794895833332 0.5922057564814815 0.16162401770833332 0.5921601592592592
3 0.18877694947916668 0.5463237388888889 0.18547249635416665 0.5463094898148148 0.18547854114583334 0.5830322027777777 0.18561152552083332 0.5830179537037037 0.18555712291666668 0.5893502425925925 0.18871045729166666 0.5893217444444444 0.18869030833333333 0.58308065 0.18882127760416667 0.583066400925926 0.18877694947916668 0.5463237388888889
3 0.23700987291666667 0.6204331722222222 0.23705420104166666 0.6251211166666667 0.25680032239583334 0.6251211166666667 0.2567962927083333 0.6203761759259259 0.23700987291666667 0.6204331722222222
3 0.2789300828125 0.6203761759259259 0.2789441869791667 0.6251496148148148 0.2974813619791667 0.6251638638888889 0.29744710885416664 0.6204046740740741 0.2789300828125 0.6203761759259259
3 0.3197662703125 0.6204046740740741 0.319788434375 0.6251809629629629 0.33210961093749997 0.6251695638888889 0.33208744687499997 0.620390425 0.3197662703125 0.6204046740740741
3 0.33173886770833333 0.5828954120370371 0.32800120885416667 0.5829381592592593 0.328017328125 0.6203476777777778 0.33207737239583335 0.6203334287037037 0.3320471489583333 0.5921772583333333 0.3317449125 0.5921772583333333 0.33173886770833333 0.5828954120370371
3 0.2903485796875 0.39387289814814813 0.2903183557291667 0.3781561694444444 0.291084021875 0.3781561694444444 0.29105581302083333 0.35858934166666667 0.28694539583333334 0.35857509259259257 0.2869151723958333 0.39248788796296297 0.2892303041666667 0.3938586490740741 0.2903485796875 0.39387289814814813
3 0.2911343942708333 0.3723055 0.2911343942708333 0.37816186944444447 0.33197662708333336 0.37814762037037036 0.33197662708333336 0.3723055 0.2911343942708333 0.3723055
3 0.33207737239583335 0.4320319175925926 0.331956478125 0.4320319175925926 0.331956478125 0.37820176666666666 0.3278561354166667 0.37821601574074076 0.3278057625 0.582875462962963 0.33207737239583335 0.5828327157407408 0.33207737239583335 0.4320319175925926
3 0.29036671354166665 0.43609290370370374 0.29035260937499996 0.41458250185185186 0.2890932901041667 0.41458250185185186 0.2869574854166667 0.41586491851851853 0.2869393510416666 0.43608435462962963 0.29036671354166665 0.43609290370370374
3 0.29039895208333333 0.43015673981481484 0.29039895208333333 0.43603590740740744 0.32781583697916666 0.4360416074074074 0.3277956880208333 0.43018523796296293 0.29039895208333333 0.43015673981481484
3 0.3277513598958333 0.4823425481481481 0.3277412854166667 0.47650042777777774 0.28529719947916665 0.47647192962962964 0.28529719947916665 0.4792077518518518 0.28739270625 0.47919350277777784 0.28739270625 0.4823282990740741 0.3277513598958333 0.4823425481481481
3 0.28689502291666663 0.4565146768518518 0.2868849484375 0.4602764324074074 0.32778762864583333 0.4602906814814815 0.3277674791666667 0.4565716731481481 0.28689502291666663 0.4565146768518518
3 0.30253878697916664 0.5421544601851852 0.3025287125 0.5470504416666667 0.3277755390625 0.5470076944444445 0.3277755390625 0.5421829583333333 0.30253878697916664 0.5421544601851852
3 0.24861777135416666 0.5438557990740741 0.245172275 0.5438557990740741 0.24518436406250002 0.5899401537037037 0.24863993541666665 0.5899259046296296 0.24861777135416666 0.5438557990740741
3 0.15575256927083334 0.5253776 0.15576264375 0.48720433148148146 0.153727584375 0.4871900824074074 0.1537316140625 0.4933627814814815 0.15363086822916666 0.4933627814814815 0.15363691302083332 0.525391849074074 0.15575256927083334 0.5253776
3 0.16681845677083332 0.5223596462962963 0.1668245015625 0.5253776 0.19343139218750002 0.5253633509259259 0.19342131770833332 0.5223567972222223 0.16681845677083332 0.5223596462962963
3 0.18999597031249998 0.5222855518518519 0.19345154166666667 0.52231405 0.19341124322916667 0.4866486175925926 0.18999597031249998 0.4866771157407407 0.18999597031249998 0.5222855518518519
3 0.17168043541666667 0.483445425925926 0.17169050989583334 0.4866058703703704 0.20553092864583336 0.4866058703703704 0.205551078125 0.48342832685185183 0.17168043541666667 0.483445425925926
3 0.12613741666666667 0.4785836416666666 0.12221841614583333 0.4785978907407407 0.1221982671875 0.49555428888888886 0.12632883333333333 0.49551154166666667 0.12631875885416666 0.49327443703703705 0.12613741666666667 0.49326018796296295 0.12613741666666667 0.4785836416666666
3 0.16554503333333334 0.48442006296296297 0.16549466041666666 0.4784924481481481 0.12618778958333332 0.47855229444444447 0.126167640625 0.4841236824074074 0.13254483177083334 0.4841094333333333 0.13255490625 0.4843944148148149 0.16554503333333334 0.48442006296296297
3 0.16967559947916666 0.4764747787037037 0.165514809375 0.4764747787037037 0.16558533125 0.4844257620370371 0.169665525 0.4844257620370371 0.16967559947916666 0.4764747787037037
3 0.165524884375 0.4576802509259259 0.169665525 0.4576802509259259 0.16963933125 0.4373667712962963 0.1655289140625 0.4373667712962963 0.165524884375 0.4576802509259259
3 0.1696957484375 0.43726702777777776 0.1696957484375 0.44301795370370367 0.2532641546875 0.44301795370370367 0.2533145276041667 0.4371957824074074 0.1696957484375 0.43726702777777776
3 0.2676909125 0.48250213703703704 0.26768486822916665 0.47921915092592593 0.26980052395833337 0.47921915092592593 0.26979044947916664 0.4764833287037037 0.24907717083333333 0.4765118268518519 0.2490529921875 0.48248788796296294 0.2676909125 0.48250213703703704
3 0.2490529921875 0.4764462805555556 0.2532943786458333 0.4764462805555556 0.25327422916666664 0.44308919907407407 0.24901470885416668 0.44307494999999997 0.2490529921875 0.4764462805555556
3 0.3025488614583333 0.5266514675925926 0.30477533749999997 0.5266372185185185 0.3047833973958333 0.49132516388888886 0.30465242812500004 0.49131091481481476 0.30465242812500004 0.4843288685185186 0.3027584125 0.4843288685185186 0.30278259114583334 0.491345112962963 0.3025307276041667 0.491359362037037 0.3025488614583333 0.5266514675925926
3 0.24098327604166667 0.4081903675925926 0.2375377796875 0.4081932175925926 0.23755591354166666 0.43714733518518517 0.24096111197916667 0.43714733518518517 0.24098327604166667 0.4081903675925926
3 0.165514809375 0.43725847777777777 0.1696614953125 0.43725847777777777 0.1696614953125 0.42062410925925925 0.165514809375 0.42062410925925925 0.165514809375 0.43725847777777777
3 0.16549466041666666 0.3996922203703704 0.169665525 0.39972071851851854 0.16965545052083333 0.3772214305555555 0.16550473489583334 0.3772356796296296 0.16549466041666666 0.3996922203703704
3 0.16968970364583333 0.37721288148148147 0.16968970364583333 0.38309774907407407 0.26109812604166666 0.38308919907407407 0.2611142453125 0.37715588518518517 0.16968970364583333 0.37721288148148147
3 0.256969575 0.3771444851851852 0.26110014114583335 0.377115987037037 0.26114849895833336 0.3444400111111111 0.2569474109375 0.34446850925925926 0.256969575 0.3771444851851852
3 0.7610296192708332 0.37736677129629626 0.6642091479166666 0.3772299796296297 0.6640479546875 0.3775947564814815 0.6545275036458332 0.37750356203703705 0.6544328026041666 0.3832288398148148 0.7610296192708332 0.38309774907407407 0.7610296192708332 0.37736677129629626
3 0.6695849286458333 0.38320034166666667 0.6654140640624999 0.38321459074074077 0.6654745114583334 0.399615275 0.6695849286458333 0.39965802222222224 0.6695849286458333 0.38320034166666667
3 0.6695587348958333 0.42092048981481484 0.6654321984375 0.42089769166666663 0.6654503322916666 0.4373924194444444 0.6695547046875 0.43737532037037036 0.6695587348958333 0.42092048981481484
3 0.7528208744791667 0.4375178111111111 0.6655410036458334 0.43737532037037036 0.6654604067708333 0.4431376462962963 0.7527100541666666 0.4429039611111111 0.7528208744791667 0.4375178111111111
3 0.6695788838541666 0.44320319166666666 0.6654221239583333 0.4431746935185185 0.6654845859375 0.45759475648148146 0.6695788838541666 0.4576232546296296 0.6695788838541666 0.44320319166666666
3 0.6654442875 0.476531775 0.6653999598958333 0.48444001111111107 0.6695788838541666 0.4843972638888889 0.669550675 0.4765175259259259 0.6654442875 0.476531775
3 0.6326334880208333 0.4844286120370371 0.6654080192708334 0.4844286120370371 0.6654080192708334 0.47866628703703706 0.6221761031249999 0.47878597870370365 0.6221519244791666 0.48403533796296294 0.6324521458333333 0.484052437037037 0.6326334880208333 0.4844286120370371
3 0.6262301026041667 0.49344542592592594 0.6260427161458334 0.49316044444444446 0.6261011484375001 0.484029637962963 0.6221539390624999 0.484029637962963 0.6221257302083333 0.4954374462962963 0.626246221875 0.49545739537037037 0.6262301026041667 0.49344542592592594
3 0.6260024177083333 0.5833057851851852 0.6262280880208333 0.5832088916666667 0.626193834375 0.5147078944444445 0.6221196854166667 0.514633799074074 0.6221378197916666 0.592513537037037 0.6260366713541666 0.592513537037037 0.6260024177083333 0.5833057851851852
3 0.6349022770833332 0.5953206037037037 0.6371368125 0.5952522083333334 0.6371368125 0.5923112 0.6327382630208334 0.5921573101851852 0.6324360265625 0.5925847824074074 0.6221418494791667 0.5925448842592593 0.6221217005208334 0.598073525 0.6349143661458334 0.5980564259259259 0.6349022770833332 0.5953206037037037
3 0.6349183963541667 0.598062125925926 0.6307878296875 0.5980478768518519 0.6307878296875 0.6213593620370371 0.6349385453124999 0.6214021092592593 0.6349183963541667 0.598062125925926
3 0.6371025588541667 0.6215018527777778 0.6307797703125 0.6213650611111111 0.6307797703125 0.6251439157407408 0.6371388270833334 0.6251268166666667 0.6371025588541667 0.6215018527777778
3 0.6422808786458333 0.6214591055555556 0.6422808786458333 0.6251011685185185 0.6593189604166666 0.6251353657407408 0.6593028411458334 0.6214420064814815 0.6422808786458333 0.6214591055555556
3 0.6592645578125 0.6214420064814815 0.6593229901041667 0.6251353657407408 0.6664598026041666 0.6251154175925926 0.6664154744791666 0.6214021092592593 0.6592645578125 0.6214420064814815
3 0.6593270197916666 0.6214049583333333 0.6615615557291666 0.6214249074074074 0.6615031229166667 0.612687375 0.6593169453125001 0.6127557712962963 0.6593270197916666 0.6214049583333333
3 0.6797944791666667 0.6215446 0.6797702999999999 0.6251182675925926 0.6848116057291667 0.6251182675925926 0.6847874270833334 0.6214591055555556 0.6797944791666667 0.6215446
3 0.6847975015625 0.6206412083333334 0.6847833973958333 0.6250954685185185 0.691136409375 0.6250954685185185 0.6911666333333333 0.6205386148148148 0.6847975015625 0.6206412083333334
3 0.6911404390624999 0.6205158166666667 0.69112835 0.6251382157407407 0.6968708442708333 0.6251382157407407 0.6968708442708333 0.6204331722222222 0.6911404390624999 0.6205158166666667
3 0.6847874270833334 0.620575662962963 0.68694338125 0.6205614138888889 0.686862784375 0.5953690509259258 0.6848075760416666 0.5952978055555556 0.6847874270833334 0.620575662962963
3 0.6615091677083333 0.5953206037037037 0.6868587546874999 0.595363350925926 0.6869151723958333 0.5922969509259259 0.6615293171875 0.5922713027777777 0.6615091677083333 0.5953206037037037
3 0.6593088859375 0.5972784268518518 0.6615252869791667 0.5972499287037037 0.6615252869791667 0.5922200055555555 0.6592685875 0.5922200055555555 0.6593088859375 0.5972784268518518
3 0.688670159375 0.5463237388888889 0.6854060046875 0.546343687962963 0.6853636911458333 0.5831547453703704 0.6855228692708334 0.5833798805555556 0.6855369734375 0.5893502425925925 0.6886359057291667 0.5893274435185185 0.6885694135416667 0.5831119981481481 0.6887144869791667 0.5830521518518519 0.688670159375 0.5463237388888889
3 0.7369474109374999 0.6204787685185186 0.7369977838541666 0.6250527212962963 0.7429397541666667 0.6251239666666666 0.7429397541666667 0.6204445712962964 0.7369474109374999 0.6204787685185186
3 0.7429316947916667 0.6204331722222222 0.7429014708333334 0.6251154175925926 0.7492484385416667 0.6251610148148148 0.7492484385416667 0.6204559703703704 0.7429316947916667 0.6204331722222222
3 0.7491960505208334 0.6204987175925926 0.7492262744791667 0.6251752638888889 0.7567036067708333 0.6251610148148148 0.75671368125 0.6204103731481481 0.7491960505208334 0.6204987175925926
3 0.7789099333333334 0.6204616703703704 0.7789260526041667 0.6251296666666667 0.7974612130208333 0.6251496148148148 0.7974712875000001 0.6205329157407408 0.7789099333333334 0.6204616703703704
3 0.8319584927083333 0.6214477055555555 0.8319705822916668 0.620370475925926 0.8196796291666666 0.6204445712962964 0.8197682854166667 0.6251040185185185 0.8389421718750001 0.6251382157407407 0.8388917994791666 0.6214819037037037 0.8319584927083333 0.6214477055555555
3 0.8278138223958333 0.5831689944444444 0.8279407614583333 0.5833143342592593 0.8279145677083334 0.6204018240740741 0.8319705822916668 0.6203676259259259 0.8318557322916666 0.37815901944444447 0.8277553901041668 0.3781704185185185 0.8278138223958333 0.5831689944444444
3 0.7910981260416666 0.37798233148148147 0.8318557322916666 0.37815901944444447 0.8318758817708333 0.3723596462962963 0.7910618578124999 0.3722542037037037 0.7910981260416666 0.37798233148148147
3 0.7903062661458333 0.435956112962963 0.8277352406249999 0.4359931601851852 0.82772718125 0.43015673981481484 0.7903324604166666 0.43019378703703703 0.7903062661458333 0.435956112962963
3 0.7868728593750001 0.415973212037037 0.7869030828125 0.4360501564814815 0.7902780578125 0.43600740925925924 0.790237759375 0.41453405555555556 0.7890590369791667 0.41453405555555556 0.7868728593750001 0.415973212037037
3 0.7910457385416667 0.37225135370370366 0.7868527098958332 0.37228555185185186 0.7870602458333333 0.39260188055555556 0.7892403786458334 0.3939156453703704 0.7903183557291666 0.39366771203703704 0.7902679833333334 0.3781732685185185 0.7911202901041666 0.3781732685185185 0.7910457385416667 0.37225135370370366
3 0.7852931692708334 0.47910515833333334 0.7872980052083334 0.47919350277777784 0.7873604677083333 0.48232544907407404 0.8277856135416666 0.48234539722222225 0.8277835984375 0.47653462499999993 0.7852931692708334 0.47644343148148144 0.7852931692708334 0.47910515833333334
3 0.8024984890625 0.5266457675925926 0.8046242192708333 0.5265175259259259 0.8046846666666667 0.491336562962963 0.8045436229166667 0.4911085777777777 0.8045335484374999 0.48444001111111107 0.8026496072916667 0.48438301481481477 0.8026999796875 0.4911370759259259 0.8024783395833333 0.4913793101851852 0.8024984890625 0.5266457675925926
3 0.7451622005208333 0.5899287546296297 0.74851098125 0.5898774583333333 0.7485472494791666 0.5439669425925926 0.7451742895833333 0.5439156453703704 0.7451622005208333 0.5899287546296297
3 0.7489482166666667 0.48251068703703703 0.7676768083333333 0.4822627527777778 0.7676627041666666 0.4792077518518518 0.7696796291666667 0.4791450555555556 0.7696514203124999 0.47647762870370364 0.7489482166666667 0.47639498425925925 0.7489482166666667 0.48251068703703703
3 0.7489723958333333 0.4764320314814815 0.7531936328125001 0.4763892842592592 0.7532238567708334 0.4430322027777778 0.7489824703125 0.4430607009259259 0.7489723958333333 0.4764320314814815
3 0.7376667338541666 0.4375919064814815 0.7409167843750001 0.43764320277777774 0.740880515625 0.4082844111111111 0.737523675 0.4082844111111111 0.7376667338541666 0.4375919064814815
3 0.6556457786458334 0.5254260472222223 0.6556457786458334 0.4872698777777778 0.6536671369791667 0.4872613277777778 0.6536711666666667 0.49329723611111115 0.6536711666666667 0.49344542592592594 0.6535663911458334 0.5254260472222223 0.6556457786458334 0.5254260472222223
3 0.6716119281249999 0.48346252500000003 0.6715958088541666 0.4865659731481482 0.7054201088541666 0.48671131388888894 0.7054039895833333 0.4834881731481482 0.6716119281249999 0.48346252500000003
3 0.6933850494791667 0.48662581944444444 0.6899173885416666 0.4866856657407407 0.6899516421875 0.5219806212962963 0.6933467661458333 0.5220205185185185 0.6933850494791667 0.48662581944444444
3 0.6933769895833334 0.5220205185185185 0.6668083817708333 0.5220946138888889 0.6668708442708334 0.5252978055555556 0.6933467661458333 0.5254345962962963 0.6933769895833334 0.5220205185185185