1 0 0 0 1 1 1 1 0 0 0
3 0.4429034859375 0.7203077796296297 0.44294378385416666 0.7118438305555556 0.41775941979166664 0.7117583361111111 0.41770703229166667 0.7203448277777778 0.4077453151041667 0.7202621833333334 0.4078259119791667 0.7306640064814814 0.44714285729166664 0.730584212037037 0.4471146484375 0.7202792814814815 0.4429034859375 0.7203077796296297
2 0.5644771307291666 0.5343117694444444 0.5349486197916666 0.5342405240740741 0.5350171265625 0.5811313768518519 0.5641204916666667 0.5808748935185185 0.5644771307291666 0.5343117694444444
2 0.5848478744791666 0.5418352805555555 0.6078984484375 0.5416927898148148 0.6081341932291667 0.5041407805555556 0.584960709375 0.5038871472222223 0.5848478744791666 0.5418352805555555
2 0.5527684869791667 0.48908805925925924 0.5791053796875 0.4889997148148148 0.5790912755208333 0.4465830722222222 0.552677815625 0.4462439444444445 0.5527684869791667 0.48908805925925924
2 0.584986903125 0.4773867194444445 0.6048760828125 0.4776004555555556 0.6047813822916667 0.45866628703703705 0.5849889182291667 0.45876318055555554 0.584986903125 0.4773867194444445
2 0.403137215625 0.4893074953703704 0.42648398125 0.4893986888888889 0.4263651015625 0.45084354537037036 0.40338907916666666 0.4506982046296296 0.403137215625 0.4893074953703704
4 0.5404392505208333 0.6828156166666667 0.585577271875 0.6828156166666667 0.5856477937500001 0.6666400685185185 0.5404654442708333 0.666554574074074 0.5404392505208333 0.6828156166666667
4 0.392369534375 0.34540324907407405 0.4219605078125 0.3454545453703704 0.42202296979166665 0.33300085462962964 0.3924239369791667 0.3329723564814815 0.392369534375 0.34540324907407405
3 0.353858553125 0.7201937870370371 0.3298448520833333 0.7200911944444445 0.3298690307291666 0.6748532342592592 0.3307092484375 0.6740723851851851 0.33068506927083335 0.5622285555555556 0.3425710255208333 0.5622285555555556 0.34310094687500003 0.5625705333333334 0.3856760026041667 0.5626360787037037 0.3857485390625 0.5418523796296296 0.38706830520833335 0.5418523796296296 0.387092484375 0.5343117694444444 0.38046544427083334 0.534448561111111 0.38039290729166664 0.5521772583333333 0.34355631666666664 0.5522456537037037 0.34288333645833335 0.5528555148148148 0.3305178317708333 0.5528555148148148 0.3305420109375 0.5332573379629629 0.32631472916666665 0.5332573379629629 0.32629055 0.5302707324074074 0.3219443885416667 0.5302707324074074 0.32196252291666666 0.7303505268518518 0.353858553125 0.7305528638888888 0.353858553125 0.7201937870370371
3 0.5191033651041667 0.7303847250000001 0.5404815635416667 0.7303590768518519 0.5404412651041667 0.7200997435185185 0.5190630666666667 0.7200997435185185 0.5191033651041667 0.7303847250000001
3 0.3612935723958334 0.42721573055555556 0.3695043322916666 0.42722143055555556 0.3695264958333333 0.48927329722222224 0.403137215625 0.4893074953703704 0.4031412453125 0.4830920490740741 0.374088253125 0.48310059814814815 0.374088253125 0.38372755740740744 0.45233528125 0.383642062962963 0.45235543020833335 0.48298660555555556 0.4264638322916667 0.48304360185185186 0.42648398125 0.4893986888888889 0.4569816640625 0.4893131944444445 0.45694942552083334 0.37742946666666666 0.37415071510416664 0.377304075 0.3741869838541667 0.34547164444444445 0.392369534375 0.34540324907407405 0.3923252067708333 0.3351182675925926 0.3639250453125 0.33520376203703706 0.3638545234375 0.41691365092592597 0.36135401979166665 0.4168709037037037 0.3612935723958334 0.42721573055555556
3 0.5276244208333334 0.6689940157407408 0.5349989927083333 0.6690225138888889 0.5349486197916666 0.5342405240740741 0.5276244208333334 0.5343402675925926 0.5276244208333334 0.6689940157407408
3 0.5849284708333333 0.4428327157407408 0.6145879510416666 0.4429182101851852 0.6145678015624999 0.47514961481481477 0.6048357848958333 0.47514961481481477 0.6048760828125 0.4776004555555556 0.6142454161458333 0.4776574518518518 0.61474914375 0.4760900537037038 0.6324803546875 0.4762040462962963 0.6324602057291667 0.5352237101851852 0.6079185973958333 0.5351667138888889 0.6078984484375 0.5416927898148148 0.6360870442708334 0.5418067824074074 0.6361071932291666 0.4711028787037037 0.6182147895833333 0.4710458824074074 0.61811404375 0.44286121388888894 0.6361071932291666 0.4428042175925926 0.6360668947916667 0.4363921342592592 0.580334475 0.43636363611111106 0.5803143260416667 0.48133371296296296 0.5790852307291666 0.48133371296296296 0.5791053796875 0.4889997148148148 0.580334475 0.4889712166666667 0.5802740276041667 0.5342547731481481 0.5644771307291666 0.5343117694444444 0.5644972796875 0.5417497861111111 0.5848478744791666 0.5418352805555555 0.5849284708333333 0.4428327157407408
3 0.3800020151041667 0.392108862962963 0.42634092291666664 0.39212026203703704 0.4264215192708333 0.4830550018518518 0.4300483578125 0.4830265037037037 0.429955671875 0.3921487601851852 0.45228087864583333 0.3921487601851852 0.4523191619791667 0.3871929324074074 0.37660890572916667 0.3873354231481481 0.37661092083333336 0.4830920490740741 0.3799959703125 0.4830635509259259 0.3800020151041667 0.392108862962963
2 0.41327624427083337 0.5342918212962963 0.387092484375 0.5343117694444444 0.3872375578125 0.5762866916666667 0.4133004229166667 0.5766942148148148 0.41327624427083337 0.5342918212962963
2 0.34874068124999996 0.4890567111111111 0.3695264958333333 0.48927329722222224 0.36949224270833336 0.45567398148148147 0.34895023177083334 0.45567398148148147 0.34874068124999996 0.4890567111111111
3 0.5608321578125001 0.2960843546296296 0.5148095911458334 0.2961242518518518 0.5148095911458334 0.30644058148148146 0.5608321578125001 0.3063778851851852 0.5608321578125001 0.2960843546296296
3 0.4219605078125 0.3454545453703704 0.4531069916666667 0.3453263037037037 0.45310296197916666 0.30640068425925926 0.4787023979166667 0.30638358518518516 0.478722546875 0.2960672555555556 0.4460548057291666 0.2960758046296296 0.44590167239583334 0.33507267037037036 0.4219605078125 0.3352721574074074 0.4219605078125 0.3454545453703704
3 0.330608503125 0.4842718722222223 0.34877291979166664 0.4841293814814815 0.3488293369791667 0.47310059814814814 0.3306770098958333 0.47319179259259264 0.3306467864583333 0.4275919064814815 0.331392303125 0.4274266175925926 0.33141245208333336 0.4171929324074074 0.32198468645833334 0.417304075 0.3219766270833333 0.48884867499999995 0.326334878125 0.48881162685185187 0.3263570421875 0.48561413518518515 0.330608503125 0.48561413518518515 0.330608503125 0.4842718722222223
3 0.43827120677083337 0.5344656601851852 0.4133769895833333 0.5345055574074074 0.41341930260416665 0.7070105444444444 0.41809389479166664 0.70692505 0.41819262552083336 0.5576517527777778 0.43841628072916666 0.5576090055555555 0.43827120677083337 0.5344656601851852
3 0.5383800119791666 0.6830749500000001 0.5404392505208333 0.6830436018518519 0.540378803125 0.6747221435185186 0.5315534958333333 0.6747506416666667 0.5317731213541667 0.7200512962962963 0.5384021760416666 0.7200227981481482 0.5383800119791666 0.6830749500000001
2 0.32629055 0.53076375 0.326334878125 0.4889512685185185 0.2939693734375 0.4889427185185185 0.2942091479166667 0.5305557138888889 0.32629055 0.53076375
4 0.4078178520833333 0.7138501 0.3538988515625 0.7138216018518518 0.35395929895833333 0.730578512037037 0.4077171067708333 0.7305215157407408 0.4078178520833333 0.7138501
4 0.5190006046875 0.7137076092592592 0.44714890208333335 0.713650612962963 0.4472697963541667 0.7320775148148149 0.5191053796875 0.7319920203703704 0.5190006046875 0.7137076092592592
4 0.5855530927083333 0.7202023370370371 0.5404412651041667 0.7200997435185185 0.5404855932291667 0.7320347675925926 0.5855591375 0.732106012962963 0.5855530927083333 0.7202023370370371
4 0.5607898447916667 0.31333713333333335 0.6151118276041667 0.31339412962962965 0.6149506348958333 0.2964377314814815 0.5607898447916667 0.2960387574074074 0.5607898447916667 0.31333713333333335
4 0.5147289947916667 0.2961812481481481 0.478722546875 0.2961242518518518 0.4787829942708333 0.3133656314814815 0.5148901875 0.31322314074074076 0.5147289947916667 0.2961812481481481
4 0.331392303125 0.4273696212962963 0.3612935723958334 0.42751211203703704 0.36135401979166665 0.41716728425925925 0.33141245208333336 0.41713593611111116 0.331392303125 0.4273696212962963
3 0.6150292161458334 0.30663436851851855 0.6381241182291667 0.3067141638888889 0.6381664317708334 0.6748959814814814 0.5856518234375 0.6748532342592592 0.585577271875 0.6831119981481482 0.63811404375 0.6830379027777778 0.6381221036458334 0.7204103731481482 0.5855530927083333 0.7204987175925925 0.5855470479166667 0.7306469083333333 0.6484646385416667 0.7305585638888888 0.6483779973958333 0.29640638333333336 0.6150574249999999 0.29633228796296296 0.6150292161458334 0.30663436851851855
3 0.5524481161458333 0.3114847537037037 0.5455168244791667 0.31168424074074075 0.5453979447916667 0.48887717314814816 0.5527684869791667 0.48908805925925924 0.5524481161458333 0.3114847537037037