3 0.4824461010416667 0.8080621259259259 0.48242595208333333 0.8037988027777778 0.47590771718749997 0.8038130518518519 0.4759278661458334 0.7823624962962963 0.47254281666666664 0.7823909944444444 0.472573040625 0.6608349953703703 0.4798650010416667 0.660777999074074 0.4798750755208333 0.6564177824074073 0.46961112239583336 0.6564605296296295 0.46961112239583336 0.7857309777777778 0.47294579895833333 0.7857309777777778 0.4729357244791667 0.8080336277777778 0.4824461010416667 0.8080621259259259
3 0.7093491838541667 0.6838330009259259 0.7093330645833333 0.6919464231481481 0.715127946875 0.691932174074074 0.715127946875 0.6877429462962963 0.7123272213541667 0.6877144481481481 0.7123312510416666 0.679609575 0.7088071729166666 0.679609575 0.7088232921875 0.6456568824074074 0.7057989119791667 0.6456711314814815 0.7057868223958333 0.6796238240740741 0.6136570625 0.6795582787037038 0.6136671369791666 0.6822713027777778 0.6145395932291666 0.6822770018518518 0.6145496677083333 0.6838387009259259 0.7093491838541667 0.6838330009259259
3 0.7257122708333333 0.68768595 0.7257324197916667 0.6919464231481481 0.7365303244791667 0.6919179249999999 0.73652025 0.6877115990740741 0.7257122708333333 0.68768595
3 0.7088595609375 0.6473838703703704 0.7088494859375001 0.6508349953703704 0.7550715291666666 0.6508919916666667 0.7550715291666666 0.6474408666666667 0.7088595609375 0.6473838703703704
4 0.736564578125 0.6882245657407406 0.7365766671874999 0.694226275 0.7539915374999999 0.6942946712962963 0.7539190005208333 0.6881903675925926 0.736564578125 0.6882245657407406
4 0.8086600843749999 0.6564747787037036 0.8086721739583334 0.6625961814814815 0.8177735239583334 0.6625847824074074 0.8177433005208333 0.6564890277777777 0.8086600843749999 0.6564747787037036
4 0.78530324375 0.8095383296296296 0.7854039895833334 0.8155457398148148 0.813374975 0.8155314907407407 0.8133951239583334 0.8095525787037037 0.78530324375 0.8095383296296296
4 0.7433951239583333 0.7690738101851852 0.7433951239583333 0.7751296666666667 0.7643925046875 0.7751610148148148 0.7643622807291667 0.7691108574074074 0.7433951239583333 0.7690738101851852
4 0.7068164416666666 0.8095782277777778 0.7067962927083333 0.8154887435185185 0.7243985494791667 0.8154887435185185 0.7243723552083333 0.8095953259259259 0.7068164416666666 0.8095782277777778
4 0.6677009875 0.8095525787037037 0.6677372557291666 0.8154915925925925 0.6851178723958333 0.8155172416666666 0.6851198869791666 0.8095953259259259 0.6677009875 0.8095525787037037
4 0.5965262947916667 0.747326874074074 0.5965565182291667 0.7532373898148148 0.6447713078124999 0.7532858361111111 0.6447471286458334 0.7473867194444443 0.5965262947916667 0.747326874074074
4 0.59112835 0.7589256194444445 0.5868204713541666 0.7588971212962963 0.5867942776041667 0.7987033342592592 0.5911243197916666 0.7986748361111111 0.59112835 0.7589256194444445
4 0.5301793270833334 0.8095782277777778 0.5302639531250001 0.8165973212962964 0.5796836588541667 0.8165602731481482 0.5796695546875 0.8095810768518519 0.5301793270833334 0.8095782277777778
4 0.4824461010416667 0.8035993157407407 0.48248639947916666 0.8075206611111111 0.4939069109375 0.8075634083333334 0.4939169859375 0.8035138212962963 0.4824461010416667 0.8035993157407407
4 0.5005057427083334 0.8033428324074074 0.5005158171875 0.8086149898148147 0.5183215796874999 0.8086292388888888 0.5183215796874999 0.8033029351851853 0.5005057427083334 0.8033428324074074
4 0.5004251458333333 0.7784554 0.5004533546875 0.7838899972222222 0.5181120291666667 0.7838985462962963 0.5181221036458333 0.7784554 0.5004251458333333 0.7784554
4 0.53800926875 0.6474180675925926 0.5379871046875 0.6538614990740741 0.5553233932291667 0.6539042462962963 0.5553233932291667 0.6474266175925926 0.53800926875 0.6474180675925926
4 0.47991537395833334 0.6569307490740741 0.47989522447916666 0.6630094046296297 0.48901470885416665 0.6629666574074075 0.4889341125 0.6569592472222222 0.47991537395833334 0.6569307490740741
2 0.600519846875 0.6859931601851852 0.6136167640625001 0.685950412962963 0.6135260932291666 0.6631376462962963 0.6005399958333334 0.663066400925926 0.600519846875 0.6859931601851852
2 0.656862784375 0.7642747222222223 0.6681341932291667 0.7641949277777778 0.6681624015625 0.7470732398148149 0.6568083817708333 0.7470532916666667 0.656862784375 0.7642747222222223
2 0.6976224057291667 0.7642804222222223 0.7090207536458333 0.7641949277777778 0.7089200078125 0.7470760898148148 0.697568003125 0.7470589907407408 0.6976224057291667 0.7642804222222223
2 0.6482873260416666 0.7278626388888888 0.657568003125 0.7278996861111111 0.6574471088541666 0.7126446277777778 0.6483578479166667 0.7126018805555556 0.6482873260416666 0.7278626388888888
2 0.7151601854166666 0.7275719574074073 0.7258835380208333 0.7276004555555555 0.7259238364583334 0.7103134796296297 0.7151380213541666 0.7102992305555555 0.7151601854166666 0.7275719574074073
2 0.7152387666666667 0.6942604731481482 0.7256941364583334 0.694231975 0.7255833166666666 0.6772299796296296 0.7151682447916666 0.677115987037037 0.7152387666666667 0.6942604731481482
2 0.7856538385416666 0.6944029638888889 0.7949445901041667 0.6943744657407408 0.7948942171875 0.6791194074074075 0.7857142859375 0.6791194074074075 0.7856538385416666 0.6944029638888889
3 0.7663207739583334 0.7755314907407408 0.7663006244791667 0.8126360787037037 0.7679871046875 0.8126075805555555 0.7679669557291666 0.7755314907407408 0.7663207739583334 0.7755314907407408
2 0.49851702604166664 0.7839412935185186 0.4985573239583333 0.7975919064814815 0.5094338104166667 0.7976774009259259 0.5093028411458334 0.7839412935185186 0.49851702604166664 0.7839412935185186
2 0.24757001822916666 0.7284611 0.24751360052083332 0.7431091481481481 0.2568305458333333 0.7431062981481481 0.25679024791666666 0.7285038472222223 0.24757001822916666 0.7284611
2 0.2833004229166667 0.6875406101851852 0.28318960312499997 0.711359362037037 0.29635704218750003 0.711359362037037 0.2964174895833333 0.6874237675925926 0.2833004229166667 0.6875406101851852
2 0.29855732395833334 0.7622741518518519 0.298607696875 0.7795497296296297 0.3098972395833333 0.779449986111111 0.30988716510416664 0.7622314046296297 0.29855732395833334 0.7622741518518519
2 0.20226878906249998 0.6910430324074074 0.202035059375 0.7083870046296296 0.2131855734375 0.7084041037037037 0.21319564791666668 0.6911285268518519 0.20226878906249998 0.6910430324074074
4 0.14936530312500002 0.7551724138888888 0.14936731822916668 0.804830436111111 0.1548901875 0.8049130805555555 0.15489623229166666 0.7551980620370371 0.14936530312500002 0.7551724138888888
2 0.1903969375 0.7231832435185186 0.19023574427083334 0.7385294953703704 0.20239774322916665 0.7385608435185185 0.20235543020833333 0.7231233972222222 0.1903969375 0.7231832435185186
2 0.2084364296875 0.820176688888889 0.20854724947916664 0.8353063546296297 0.2204896234375 0.835369050925926 0.2204896234375 0.820205187037037 0.2084364296875 0.820176688888889
4 0.15011283489583332 0.6312567685185185 0.15009873072916669 0.6473154740740741 0.1532218416666667 0.6473781703703704 0.1531936328125 0.6312567685185185 0.15011283489583332 0.6312567685185185
4 0.1493612734375 0.6582160157407407 0.14937134791666665 0.6828355657407407 0.15350594374999998 0.6828498148148148 0.15348982447916668 0.6582131657407407 0.1493612734375 0.6582160157407407
2 0.3168668145833333 0.7251154175925926 0.3168668145833333 0.7430578509259259 0.32822687864583333 0.7430436018518518 0.3281664317708334 0.7251439157407408 0.3168668145833333 0.7251154175925926
4 0.2078541203125 0.8481191222222222 0.20792665729166665 0.8549045314814815 0.21686882916666667 0.8549045314814815 0.21689300833333333 0.848062125925926 0.2078541203125 0.8481191222222222
4 0.2297400765625 0.8482188657407407 0.22980455364583333 0.8549501287037037 0.24710054427083333 0.8549643777777778 0.24720934895833332 0.8482046166666666 0.2297400765625 0.8482188657407407
2 0.22310296197916665 0.66614705 0.22313117083333334 0.6721117129629629 0.23353818229166665 0.6721430611111111 0.23358855520833333 0.6661328009259259 0.22310296197916665 0.66614705
4 0.27019544635416665 0.7833000851851852 0.2702337296875 0.7900826444444444 0.29372758437499996 0.7900341981481481 0.29372758437499996 0.7832430888888889 0.27019544635416665 0.7833000851851852
3 0.297285915625 0.8285608435185186 0.2973020348958333 0.7855314907407407 0.29377191197916663 0.7855343398148148 0.29375176302083333 0.8336306638888888 0.3059943583333334 0.8336021657407408 0.3059238364583334 0.8285465944444445 0.297285915625 0.8285608435185186
3 0.3159419708333333 0.709048162037037 0.3158633890625 0.682684525925926 0.36098932083333335 0.6826132805555556 0.36098932083333335 0.7413251638888889 0.35802740260416666 0.7413536620370371 0.35802538802083334 0.7463664861111111 0.364563771875 0.7463807351851851 0.36458392083333335 0.6767882583333333 0.3117247630208333 0.6767740092592592 0.3117146885416667 0.7032259907407408 0.29642957864583336 0.7031832435185186 0.2964195041666667 0.7059247648148148 0.2975921822916667 0.7058962666666667 0.29761233125 0.7091051583333333 0.3159419708333333 0.709048162037037
3 0.3282571026041667 0.7397321175925926 0.3282772515625 0.742516386111111 0.3342333265625 0.742516386111111 0.33424340104166667 0.7397748648148148 0.3282571026041667 0.7397321175925926
3 0.2644630265625 0.8295383296296296 0.26443884739583334 0.8331005981481482 0.29360467447916666 0.8331347962962963 0.29360467447916666 0.8295383296296296 0.2644630265625 0.8295383296296296
3 0.21826717708333332 0.8354545453703704 0.21829941562500002 0.848857224074074 0.2204090265625 0.8488429749999999 0.22035260937499998 0.8354773435185184 0.21826717708333332 0.8354545453703704
3 0.31525085625 0.7106554574074073 0.31524481145833333 0.7397520657407407 0.29800926874999994 0.7397805638888889 0.29800926874999994 0.7328213166666666 0.2968587546875 0.7328213166666666 0.29688293385416664 0.7424850388888888 0.31678017343750003 0.7424850388888888 0.31680838177083337 0.7106554574074073 0.31525085625 0.7106554574074073
3 0.33421922239583335 0.7628184666666666 0.30992343333333333 0.762861213888889 0.30992343333333333 0.7649216305555555 0.33420914791666667 0.7649216305555555 0.33421922239583335 0.7628184666666666
3 0.25963731614583335 0.7649016814814814 0.2595990328125 0.7834995722222222 0.2610356640625 0.7834853231481481 0.26098327604166666 0.7629125111111111 0.25124118489583336 0.7629125111111111 0.251251259375 0.7649016814814814 0.25963731614583335 0.7649016814814814
3 0.2970521859375 0.762886862037037 0.29709248437499997 0.7835280703703704 0.2984988916666667 0.7835280703703704 0.2984686682291667 0.7629011111111111 0.2970521859375 0.762886862037037
3 0.2473967359375 0.7383984037037037 0.24753375 0.681353662037037 0.2652024984375 0.6814477055555556 0.26508361875 0.7180222287037037 0.25655651822916664 0.7180649759259259 0.25653636927083334 0.7208492444444445 0.26539391510416666 0.7208634935185185 0.2654060046875 0.7402621833333334 0.2568789036458333 0.7402764324074075 0.2568889786458333 0.7423339981481482 0.265436228125 0.7422798518518519 0.265436228125 0.742507837037037 0.2765242796875 0.742507837037037 0.2765242796875 0.7422656027777778 0.2811243197916667 0.7422656027777778 0.2811243197916667 0.7403049305555556 0.27650413072916663 0.7402906814814815 0.2765001005208333 0.7099259046296296 0.27482369531249995 0.7099259046296296 0.2748337697916667 0.7401225416666667 0.26697964947916664 0.7401082925925926 0.2670622609375 0.6808948416666667 0.2740519848958333 0.6809090907407407 0.27408220833333335 0.6787631805555556 0.245718315625 0.6787688796296296 0.24568607708333332 0.6902336851851851 0.24256095104166667 0.6902336851851851 0.2426052791666667 0.6792334000000001 0.24110417083333333 0.6792163009259259 0.24110417083333333 0.6902336851851851 0.23350594375 0.6902422342592593 0.23350594375 0.6925420351851851 0.24552689895833335 0.6925420351851851 0.245488615625 0.7384269018518518 0.2473967359375 0.7383984037037037
3 0.19592182135416666 0.8409888861111111 0.195911746875 0.8488030777777777 0.19761031614583333 0.8487888287037036 0.19758009270833332 0.8385465944444445 0.19285109791666669 0.8386263888888889 0.19289945572916667 0.8200085490740741 0.2204009671875 0.8199458537037037 0.22037074375000001 0.8174722138888889 0.18651219010416667 0.8173924194444444 0.18653636927083334 0.8198119120370371 0.19119081197916668 0.8198233111111111 0.19120088645833333 0.8410202333333334 0.19592182135416666 0.8409888861111111
3 0.2702155953125 0.7936705611111111 0.27018537187499997 0.7856597324074074 0.2644207130208333 0.7856169851851852 0.2644307880208333 0.7877315472222223 0.26852710052083334 0.7877030490740741 0.2685472494791667 0.7936848101851851 0.2702155953125 0.7936705611111111
3 0.29686076979166665 0.2108264462962963 0.29688091875 0.2183414074074074 0.2981362078125 0.21835280740740742 0.29811605885416664 0.2108264462962963 0.29686076979166665 0.2108264462962963
4 0.1679689703125 0.8171473351851852 0.1679871046875 0.8251011685185184 0.18066895 0.8251211166666667 0.1806387265625 0.8171729833333333 0.1679689703125 0.8171473351851852
2 0.24760427135416666 0.7063265888888889 0.24756195833333333 0.721530350925926 0.2565323390625 0.7215958962962963 0.25650211562499997 0.706340837962963 0.24760427135416666 0.7063265888888889
2 0.22427966979166666 0.6899002564814815 0.22424944583333334 0.7052408092592592 0.23350392916666665 0.705203762037037 0.23347370520833335 0.6898746083333334 0.22427966979166666 0.6899002564814815
3 0.23362280885416667 0.666554574074074 0.23360265989583334 0.6685978907407407 0.24105178333333335 0.6686149898148148 0.24104573854166667 0.6665944712962962 0.23362280885416667 0.666554574074074
3 0.21827120677083334 0.6666372185185185 0.21830949010416667 0.6245853518518518 0.21671569635416665 0.6245882018518518 0.216784203125 0.668666287037037 0.22310296197916665 0.668666287037037 0.22308281302083335 0.6666372185185185 0.21827120677083334 0.6666372185185185
3 0.29691114270833335 0.7105927611111111 0.29691114270833335 0.7181647194444444 0.2980656859375 0.7181647194444444 0.29802538802083334 0.7105927611111111 0.29691114270833335 0.7105927611111111
2 0.15735039270833334 0.6552864064814815 0.157322184375 0.6706298092592593 0.16677211354166666 0.6705899120370371 0.1667358453125 0.6552664574074074 0.15735039270833334 0.6552864064814815
3 0.2179689703125 0.7384554 0.2179689703125 0.7291080083333333 0.233435421875 0.7291507555555555 0.23346564583333332 0.7384126527777778 0.23532339322916668 0.7384269018518518 0.23533346770833333 0.7266628666666667 0.21822889375 0.7266628666666667 0.21827926666666667 0.6925420351851851 0.22424541614583332 0.6925847824074074 0.22424541614583332 0.6902707324074074 0.21627644583333333 0.6902764324074074 0.21627040104166667 0.7055115416666666 0.21322788645833332 0.7055115416666666 0.21322788645833332 0.7075862064814814 0.21629055 0.7075719574074074 0.21627040104166667 0.7384411509259259 0.2179689703125 0.7384554
3 0.2005117869791667 0.6938130518518518 0.2005420109375 0.7230550018518519 0.2019685671875 0.7230550018518519 0.20198670156249998 0.6938273009259259 0.2005117869791667 0.6938130518518518
3 0.15445093697916665 0.7391336564814815 0.15445093697916665 0.7425021370370369 0.16894821666666668 0.7425562842592592 0.16894821666666668 0.7391194074074074 0.15445093697916665 0.7391336564814815
3 0.1665766671875 0.6829666574074074 0.16654644375000002 0.6896865203703704 0.15342937760416667 0.6896437731481482 0.15341930260416667 0.6920290685185185 0.16925851302083333 0.6920290685185185 0.16926858749999998 0.6829524083333334 0.1665766671875 0.6829666574074074
3 0.16783397135416667 0.6263237388888888 0.16783800104166666 0.6552379592592593 0.1667922625 0.6552522083333333 0.1668023375 0.6579110861111112 0.1693431390625 0.6579395842592592 0.16940963125000003 0.6263123398148148 0.16783397135416667 0.6263237388888888
3 0.15353818229166669 0.6553548018518518 0.15352206302083332 0.6580678259259259 0.15726576666666667 0.6580678259259259 0.15725770729166666 0.6553833 0.15353818229166669 0.6553548018518518
3 0.21606286510416667 0.7384781990740741 0.21605077552083335 0.7428412657407407 0.24743703385416668 0.7428270166666667 0.24745718333333333 0.7384668 0.21606286510416667 0.7384781990740741
3 0.1690006046875 0.7385836416666667 0.1690086640625 0.7428498148148148 0.20225266979166667 0.7428612138888889 0.20221237135416667 0.7386719861111112 0.1690006046875 0.7385836416666667
3 0.20213781979166667 0.6937190083333333 0.20210759635416667 0.6893017953703703 0.17264960729166667 0.6893673407407407 0.17237960885416664 0.6896523222222223 0.16984283697916666 0.6896523222222223 0.16983477760416665 0.6934083787037036 0.172405803125 0.6934368768518518 0.17264557708333333 0.6937760046296296 0.20213781979166667 0.6937190083333333
3 0.34059036875 0.7465089768518518 0.3405943984375 0.7414990027777778 0.3357021963541667 0.7414990027777778 0.3356780171875 0.8285722425925925 0.3269232317708333 0.8285608435185186 0.32691920208333336 0.8335822175925925 0.3392222447916666 0.8336392138888888 0.33922828958333334 0.7465260759259259 0.34059036875 0.7465089768518518
3 0.2703727583333333 0.7970789398148148 0.2703425348958334 0.7937133083333333 0.26440660885416667 0.7937389574074074 0.26440660885416667 0.7855143916666667 0.26089059062500003 0.7855143916666667 0.2608845458333333 0.8502878314814816 0.24723352812500002 0.8502507833333334 0.24718315520833334 0.8553092046296296 0.26443884739583334 0.8553348527777779 0.2644368328125 0.7970931888888889 0.2703727583333333 0.7970789398148148
3 0.21692121718750002 0.850196637037037 0.21692726197916665 0.8552607583333333 0.229762240625 0.8552322601851852 0.22971186770833332 0.8501481907407407 0.21692121718750002 0.850196637037037
3 0.2078903890625 0.8553234537037037 0.20784001614583333 0.8502792814814815 0.1854402578125 0.8502849814814815 0.18539995989583333 0.8194471361111112 0.18068909947916667 0.819427187037037 0.18070723333333336 0.8244514111111111 0.181841628125 0.8244656601851852 0.18182147916666666 0.8552864064814816 0.2078903890625 0.8553234537037037
3 0.1533084828125 0.8194870333333333 0.15337497500000002 0.8050641203703703 0.14976828541666667 0.8050441722222222 0.14980052395833335 0.8244970074074074 0.16791456770833332 0.8245483046296296 0.16791456770833332 0.8194870333333333 0.1533084828125 0.8194870333333333
3 0.14977231510416666 0.7284012537037037 0.14973806145833332 0.7550954685185185 0.15335482552083332 0.7550954685185185 0.15328631875 0.7284269018518519 0.14977231510416666 0.7284012537037037
3 0.14980253854166667 0.682892562037037 0.14979246406250002 0.7037589055555555 0.1533286317708333 0.7037019092592592 0.15347773541666668 0.6829068111111111 0.14980253854166667 0.682892562037037
3 0.14979850885416665 0.6474066685185186 0.14979850885416665 0.6581476203703704 0.15343340729166668 0.6581590194444444 0.15347370520833334 0.6474494157407408 0.14979850885416665 0.6474066685185186
3 0.16938948229166667 0.6263151898148148 0.1693511989583333 0.6244514111111111 0.24201692500000002 0.6244685092592592 0.24197662708333334 0.6781333712962964 0.2745939953125 0.6781504703703704 0.27464436822916666 0.7090880592592593 0.28244005624999996 0.7091051583333333 0.2824017729166667 0.7058335703703703 0.283163409375 0.7057965231481482 0.283163409375 0.7031803935185186 0.27876888958333335 0.7032174407407408 0.27876888958333335 0.6722086064814814 0.2461011484375 0.6722257055555556 0.24610517812500002 0.6195297805555556 0.16780777760416665 0.6195269305555555 0.16780777760416665 0.6212453694444445 0.14980455364583334 0.6212881166666667 0.14980455364583334 0.6311769731481481 0.1534757203125 0.6311769731481481 0.15345154166666666 0.6263322879629629 0.16938948229166667 0.6263151898148148
4 0.16672980052083333 0.6580079796296296 0.16670562135416667 0.6829324592592593 0.17053798125 0.6829666574074074 0.1705500703125 0.6580421768518518 0.16672980052083333 0.6580079796296296
4 0.3406306671875 0.7392362499999999 0.34062865208333337 0.7462097462962963 0.3579750151041667 0.7462268453703703 0.3579750151041667 0.7393188944444445 0.3406306671875 0.7392362499999999
4 0.3059077171875 0.8261669990740741 0.3059782390625 0.8331005981481482 0.32687084427083335 0.8331319462962963 0.3268909932291667 0.8261869481481482 0.3059077171875 0.8261669990740741
3 0.7377050171874999 0.8122086064814815 0.7377150916666667 0.8154773435185185 0.7661595807291667 0.8155029925925926 0.76614950625 0.8122228555555556 0.7377050171874999 0.8122086064814815
2 0.5335784807291667 0.6688201768518518 0.5335804958333333 0.6836962101851851 0.5371045739583333 0.6836791111111111 0.5370944994791667 0.6688201768518518 0.5335784807291667 0.6688201768518518
3 0.8004795484374999 0.7252436592592593 0.800449325 0.7174009685185185 0.7990328432291667 0.7174294666666666 0.7990429177083332 0.727289825925926 0.8230767682291666 0.727318324074074 0.82305661875 0.7252864064814815 0.8004795484374999 0.7252436592592593
2 0.77261736875 0.7272043314814814 0.7725931895833333 0.7435765175925926 0.7858452546875 0.7435252212962963 0.7858251057291666 0.7272470787037036 0.77261736875 0.7272043314814814
2 0.5101470885416667 0.7275577083333333 0.5101067901041667 0.7437532064814815 0.5233447510416667 0.7437532064814815 0.5233346765625 0.7275548592592592 0.5101470885416667 0.7275577083333333
3 0.5913016322916668 0.8122029064814814 0.5913117067708333 0.8154830435185185 0.6524420713541667 0.8154858935185185 0.6524561755208332 0.8122086064814815 0.5913016322916668 0.8122029064814814
2 0.7965424140625 0.7016044453703704 0.7966028609375001 0.7173582212962963 0.800880515625 0.7173582212962963 0.8009208140625 0.7016186944444445 0.7965424140625 0.7016044453703704
2 0.49142051197916664 0.711906525925926 0.49140439270833336 0.724816187037037 0.5021619989583334 0.7247734398148148 0.5019403588541667 0.7119891703703704 0.49142051197916664 0.711906525925926
3 0.7847410838541666 0.7271758333333334 0.7847410838541666 0.7258107722222222 0.7777291958333333 0.7258107722222222 0.7776989723958334 0.7040353379629629 0.7848418296874999 0.7039754916666667 0.7848398145833334 0.6939783416666667 0.7832339312500001 0.6939783416666667 0.7832701994791668 0.7016728416666668 0.77609711875 0.7016386435185185 0.7760910739583333 0.7249700768518518 0.774563771875 0.7249700768518518 0.7745859359375 0.6936933601851852 0.7832440057291666 0.6936933601851852 0.7832339312500001 0.6939213453703704 0.7856236145833333 0.6939213453703704 0.7856236145833333 0.6911228268518518 0.7611082005208334 0.6910515814814815 0.761118275 0.6645141064814816 0.8060225671875 0.6643887148148148 0.806052790625 0.6911228268518518 0.7949848880208333 0.691151325 0.7950050375 0.6939213453703704 0.7990529921875 0.6939355944444444 0.7990691114583334 0.7015531490740741 0.8005057427083333 0.7015531490740741 0.8004694739583333 0.6939498435185185 0.8079508359375001 0.6939327444444444 0.8079206125 0.6619008268518518 0.7592988114583333 0.6618010833333333 0.7593592583333333 0.6939355944444444 0.77288938125 0.6939355944444444 0.7729296796875 0.727133086111111 0.7847410838541666 0.7271758333333334
2 0.48173282291666664 0.698666287037037 0.48171267395833334 0.7039640925925925 0.4916663307291667 0.7039070962962962 0.4916663307291667 0.698652037962963 0.48173282291666664 0.698666287037037
3 0.7333266171874999 0.6933228842592593 0.7332963932291666 0.7249444287037037 0.725974209375 0.7249586777777778 0.7259540598958334 0.7274608148148148 0.7350533953125 0.7274864629629629 0.7350050375 0.6933371333333334 0.7333266171874999 0.6933228842592593
3 0.7089603062500001 0.7477172981481481 0.7089703807291666 0.7497463666666667 0.7330163208333332 0.7497178685185185 0.7330263953125 0.7477172981481481 0.7089603062500001 0.7477172981481481
3 0.697523675 0.8098233111111112 0.6975176302083334 0.7477172981481481 0.6682107593750001 0.7476802509259259 0.6682228489583333 0.7497178685185185 0.6961253276041667 0.7497292675925926 0.6960769697916667 0.8098233111111112 0.697523675 0.8098233111111112
3 0.6291154541666667 0.7092590481481481 0.6290973203125 0.7251325166666667 0.6227322182291667 0.7251353657407408 0.6227261734374999 0.7093046453703704 0.6211585734375 0.7092903962962963 0.6211948416666666 0.7256084351851851 0.6165343541666667 0.725579937037037 0.6165242796875 0.7272698777777777 0.6211746927083334 0.7273126249999999 0.6211746927083334 0.7274807638888888 0.6482389682291667 0.7274437157407407 0.648220834375 0.724816187037037 0.6307636510416667 0.724804787962963 0.6307596213541667 0.7097064694444444 0.6451420510416667 0.7096779712962963 0.6451198869791667 0.699620975 0.669877090625 0.699618125 0.6698650010416666 0.7247705898148149 0.6575962119791666 0.7247876888888889 0.6576062864583334 0.7274864629629629 0.7150876484375 0.7274864629629629 0.71508361875 0.7250270731481481 0.7041990729166667 0.7250527212962964 0.704166834375 0.695389 0.7151783197916667 0.6954545453703703 0.7151662302083334 0.6931661444444444 0.7027382630208333 0.6930778000000001 0.7027019947916667 0.7251296666666667 0.6716683458333333 0.7251040185185186 0.6716582713541667 0.6970903388888889 0.6447551885416666 0.6970817898148148 0.6447289947916667 0.6847278425925926 0.6430707234375 0.6847278425925926 0.6430364697916667 0.7069934453703703 0.6211202901041666 0.7069991453703703 0.6211202901041666 0.7071957824074074 0.61766471875 0.7071957824074074 0.61766471875 0.7005500138888889 0.6164779369791666 0.7005557138888889 0.6164980859375 0.7087973777777777 0.6211686479166667 0.7088372759259259 0.6211585734375 0.7092476490740741 0.6291154541666667 0.7092590481481481
3 0.5952468265624999 0.725571387962963 0.5952548859375 0.7272784268518518 0.5996030625 0.727292675925926 0.599595003125 0.725571387962963 0.5952468265624999 0.725571387962963
3 0.5854342130208334 0.7255229407407408 0.5854442875 0.7272698777777777 0.5921942375 0.7272983759259259 0.5922043119791667 0.725565687962963 0.5854342130208334 0.7255229407407408
3 0.5982933708333333 0.6850470222222222 0.5982792666666668 0.6942177259259259 0.5952488416666667 0.6942462240740741 0.5952488416666667 0.6966486175925926 0.5999496270833333 0.6966486175925926 0.5999093291666667 0.6850470222222222 0.5982933708333333 0.6850470222222222
3 0.5868204713541666 0.6942747222222222 0.5867700989583333 0.6842604731481481 0.5924944588541667 0.6842889712962963 0.5924743098958333 0.6820604157407408 0.5852024984375 0.6820746648148148 0.5852125729166667 0.6966201194444445 0.5922526697916666 0.6966201194444445 0.5922425953125 0.6942604731481482 0.5868204713541666 0.6942747222222222
3 0.5870783802083334 0.6631433453703703 0.5870441265624999 0.6525249361111112 0.5855107796875 0.6525420351851852 0.5855309286458333 0.6655172416666666 0.5928954260416667 0.6655514388888889 0.5928833364583334 0.6631718435185185 0.5870783802083334 0.6631433453703703
3 0.5336792260416666 0.6526759759259259 0.5337034052083334 0.6664833287037037 0.5216018536458333 0.6664149333333333 0.5215958088541667 0.6619863212962963 0.5199194036458333 0.6620290685185185 0.5199274630208334 0.6687859787037037 0.5353173484375 0.6687517814814815 0.5353415270833334 0.6526417787037037 0.5336792260416666 0.6526759759259259
3 0.5273644973958334 0.6837361074074073 0.5273725567708333 0.6855257907407407 0.5354563770833334 0.6855400398148148 0.5354160791666666 0.6837788546296296 0.5273644973958334 0.6837361074074073
3 0.5273342734375001 0.7252322601851853 0.5273443479166666 0.7272641777777777 0.5354483177083333 0.727306925 0.5354080192708334 0.7252465092592593 0.5273342734375001 0.7252322601851853
3 0.5218879708333334 0.8037418064814815 0.5219000604166667 0.7802336851851852 0.5181523270833334 0.7802479342592593 0.5181563572916666 0.7842747222222223 0.5203042515624999 0.7842604731481482 0.5203485796874999 0.8037361074074074 0.5218879708333334 0.8037418064814815
3 0.49863590572916666 0.7976631518518519 0.49863590572916666 0.8036848101851852 0.5004150713541666 0.8036990592592593 0.5004049968750001 0.7976774009259259 0.49863590572916666 0.7976631518518519
3 0.5004150713541666 0.7838985462962963 0.5003848479166667 0.7802479342592593 0.472573040625 0.7802336851851852 0.4725831151041667 0.7823482472222222 0.49862583125 0.7823055 0.49863590572916666 0.7838842972222223 0.5004150713541666 0.7838985462962963
3 0.49167640520833333 0.7248731833333333 0.49170259947916667 0.7274836138888889 0.5246907114583333 0.7274864629629629 0.5246987708333334 0.724813337037037 0.49167640520833333 0.7248731833333333
3 0.47409026822916667 0.7259817611111111 0.4740822083333333 0.727292675925926 0.4810195447916667 0.7273040749999999 0.48102155937499996 0.7259846111111111 0.47409026822916667 0.7259817611111111
3 0.4740600442708333 0.6990909092592593 0.4740600442708333 0.700398974074074 0.48169252447916666 0.7004274722222222 0.48169252447916666 0.6991621546296297 0.4740600442708333 0.6990909092592593
3 0.5101632078125 0.699612425 0.5102337296875 0.7097862638888889 0.5247128755208333 0.7096836703703703 0.5247249645833334 0.7071786833333333 0.5119685671875 0.7071615842592592 0.5119766270833334 0.6970903388888889 0.49339109427083333 0.6970903388888889 0.49339109427083333 0.6927842694444444 0.52472295 0.6928213166666667 0.5247128755208333 0.6904189231481481 0.49348982447916667 0.6904559703703704 0.4934656458333333 0.6619635222222222 0.49172476302083334 0.661943574074074 0.49170259947916667 0.7118495296296297 0.4936610921875 0.7118352805555556 0.4936530322916666 0.6995867768518519 0.5101632078125 0.699612425
3 0.5247511583333334 0.6833371333333333 0.5247209348958334 0.7277429462962963 0.5273121093750001 0.7277429462962963 0.5273322588541667 0.6833371333333333 0.5247511583333334 0.6833371333333333
3 0.8177916583333332 0.6560387574074074 0.8178037479166667 0.6603533768518518 0.8244509369791667 0.660384725 0.8244207130208333 0.8118039324074074 0.8134253473958334 0.8117754342592594 0.8134051984375 0.8159732120370371 0.8274128552083333 0.8159646620370371 0.8274249447916666 0.6560216583333333 0.8177916583333332 0.6560387574074074
3 0.7756800322916667 0.7645910518518518 0.7758110015625 0.7644799092592592 0.7757908520833333 0.743653462962963 0.7727987104166666 0.7436249648148148 0.7727987104166666 0.7645084074074074 0.77288938125 0.7645768027777777 0.7729296796875 0.7703733259259259 0.7756901067708333 0.7703733259259259 0.7756800322916667 0.7645910518518518
3 0.7661797302083334 0.8126645768518518 0.7661898046875 0.8159732120370371 0.7853435421875 0.8159874611111111 0.7852931692708334 0.8117811342592592 0.7742756395833333 0.8117953833333333 0.7742655651041667 0.7712824166666666 0.7644126536458333 0.7712539185185185 0.764422728125 0.7755172416666667 0.7713016322916667 0.7754887435185185 0.7713217812500001 0.8125933314814815 0.7661797302083334 0.8126645768518518
3 0.7359077171875 0.7703134796296296 0.7358976427083334 0.7645882018518518 0.7360084625 0.7645198064814814 0.7360124921875 0.7472385296296297 0.7330525890625 0.7472442287037038 0.7330062463541667 0.7645597037037036 0.7331251260416667 0.7646166999999999 0.7331251260416667 0.7702992305555556 0.7359077171875 0.7703134796296296
2 0.5904654442708334 0.14978626388888888 0.5905782791666667 0.16699059537037036 0.6012613338541667 0.16699059537037036 0.601366109375 0.14976061574074073 0.5904654442708334 0.14978626388888888
2 0.6021881927083333 0.1992932462962963 0.6021640135416667 0.21255628425925926 0.6130606489583333 0.21253918518518516 0.6129639333333333 0.19922484999999998 0.6021881927083333 0.1992932462962963
3 0.7163933104166667 0.3156055851851852 0.7164033848958333 0.3197520657407407 0.7490953052083333 0.3197378166666667 0.7490953052083333 0.31556283796296297 0.7163933104166667 0.3156055851851852
2 0.7533548255208333 0.2458991166666667 0.7534837802083333 0.2646081509259259 0.7647531734374999 0.26443716203703704 0.7647592182291666 0.24588201759259257 0.7533548255208333 0.2458991166666667
3 0.7521337901041666 0.294434312037037 0.7521337901041666 0.2970076944444444 0.7604110416666666 0.2970219435185185 0.7604009671875 0.29440581388888887 0.7521337901041666 0.294434312037037
3 0.7799597015625 0.22366771203703703 0.7799697765625001 0.22628099166666665 0.788766875 0.22630948981481483 0.7887568005208333 0.22365346296296296 0.7799597015625 0.22366771203703703
3 0.7687104572916666 0.2260957537037037 0.7686903083333333 0.22635223703703705 0.7688515010416667 0.22635223703703705 0.7688414265625 0.2329153601851852 0.7702881322916666 0.23294385833333334 0.7702679833333334 0.22623824444444443 0.7706085031250001 0.2262524935185185 0.7705077572916667 0.18698774537037036 0.76873060625 0.18700199444444443 0.76874068125 0.22451980648148148 0.7641305661458334 0.22453405555555556 0.7641204916666666 0.2261385009259259 0.7687104572916666 0.2260957537037037
3 0.7704876083333333 0.18255628425925927 0.7704473098958334 0.18460245092592592 0.7887386661458333 0.18447420925925925 0.7887386661458333 0.18255628425925927 0.7704876083333333 0.18255628425925927
3 0.6235804958333334 0.3151068675925926 0.6236107192708332 0.3202080361111111 0.6444509369791667 0.3202080361111111 0.6444710859375 0.3150926185185185 0.6235804958333334 0.3151068675925926
3 0.7330163208333332 0.16161869444444446 0.732986096875 0.18624964351851853 0.7497078380208334 0.18616414907407405 0.7496776145833334 0.18291251111111112 0.7509127541666667 0.18289826203703705 0.7509127541666667 0.1804531203703704 0.7371327828125 0.18046736944444447 0.7371428572916667 0.15660302037037035 0.7082369536458334 0.15660302037037035 0.7082168041666667 0.14437161574074076 0.6866633083333333 0.14437161574074076 0.6866633083333333 0.14943003703703706 0.7046423536458334 0.1494585351851852 0.7046826515625 0.16153320000000002 0.7330163208333332 0.16161869444444446
3 0.7472476322916666 0.18779709351851853 0.7472476322916666 0.1951581648148148 0.7484726979166666 0.1951581648148148 0.748502921875 0.18778284444444446 0.7472476322916666 0.18779709351851853
3 0.732061253125 0.19168993981481483 0.7320914770833333 0.22608150462962964 0.7484223249999999 0.22611000277777776 0.7483921015625 0.21946138518518518 0.7488938140625 0.21946138518518518 0.7488535161458334 0.2112083212962963 0.747207334375 0.21123681944444445 0.7472174088541668 0.22451410648148148 0.7334958692708333 0.22451980648148148 0.7334857947916666 0.1871302361111111 0.7320693130208333 0.18717583333333335 0.7320592385416667 0.18968937037037037 0.7060648802083332 0.18971786851851852 0.7060729395833333 0.22412938148148148 0.7001128348958333 0.22410658333333333 0.7000926859375001 0.2261385009259259 0.7074652427083333 0.22612425185185184 0.7074652427083333 0.19167569074074076 0.732061253125 0.19168993981481483
3 0.6972093489583333 0.16684525462962962 0.6971892000000001 0.18924764907407407 0.6997904494791667 0.18920490185185185 0.6997501510416666 0.16684525462962962 0.6972093489583333 0.16684525462962962
3 0.6989885151041667 0.1594442861111111 0.6989582911458334 0.14948703333333335 0.6973000203125 0.14947278425925928 0.6972899458333334 0.1614762037037037 0.704652428125 0.16143345648148147 0.704652428125 0.1594442861111111 0.6989885151041667 0.1594442861111111
3 0.6869151723958333 0.1625847824074074 0.6869252468749999 0.16502707314814816 0.6976627041666668 0.16502707314814816 0.6976627041666668 0.16261328055555554 0.6869151723958333 0.1625847824074074
3 0.7013681239583334 0.2944086638888889 0.7013479749999999 0.29699629537037037 0.7133608703125 0.2970247935185185 0.7133608703125 0.29442291296296297 0.7013681239583334 0.2944086638888889
3 0.6442172072916666 0.2970076944444444 0.6441869838541667 0.29443716203703707 0.6318517026041667 0.294411512962963 0.6318194640625 0.29270732407407407 0.6239190005208334 0.29276147037037037 0.6239089260416667 0.29530350555555557 0.6300584322916667 0.2952493583333333 0.6300564177083333 0.2970219435185185 0.6442172072916666 0.2970076944444444
3 0.6042051177083334 0.3092960953703704 0.6041950432291666 0.31497862685185185 0.6060024177083334 0.3149928759259259 0.605974209375 0.3092818462962963 0.6042051177083334 0.3092960953703704
3 0.6059883135416667 0.29533770277777777 0.6059681645833332 0.29168709074074073 0.5836248234375 0.2917155888888889 0.5836449729166666 0.29404673703703704 0.6042192223958334 0.294032487962963 0.6042091479166667 0.29533770277777777 0.6059883135416667 0.29533770277777777
3 0.6346584729166668 0.22308350000000002 0.6346584729166668 0.2248332861111111 0.6413862583333334 0.2248446851851852 0.6413862583333334 0.2231262472222222 0.6346584729166668 0.22308350000000002
3 0.6044872052083333 0.22221715555555555 0.6044569817708333 0.2125733824074074 0.6024884140625001 0.21260188055555554 0.6024884140625001 0.22502992314814815 0.6295667942708333 0.22501567407407408 0.6295567197916667 0.2222456537037037 0.6044872052083333 0.22221715555555555
3 0.6150231713541667 0.1720433175925926 0.6150533953125 0.18214591018518517 0.6293048557291667 0.18208891388888887 0.6293149307291667 0.19154744907407406 0.6310920812499999 0.1915189509259259 0.6310618578124999 0.18168993981481482 0.6422708041666667 0.18168993981481482 0.6423010276041666 0.1917041888888889 0.6346181744791667 0.19167569074074076 0.6346081 0.19407808518518518 0.6439693734374999 0.19407808518518518 0.6439592989583333 0.17947278425925925 0.6168003223958334 0.17950128240740743 0.6168103968749999 0.1695582787037037 0.6024783395833333 0.16954402962962964 0.6025287125 0.19926189814814815 0.6044771307291666 0.1992191509259259 0.6044569817708333 0.1720290685185185 0.6150231713541667 0.1720433175925926
3 0.6180253880208333 0.16793958425925926 0.6179951640625 0.17795383333333334 0.6422909531250001 0.17792533518518516 0.6423111020833333 0.16497007685185186 0.6689059036458332 0.16504132222222223 0.6689260526041667 0.16262752962962962 0.6404735041666666 0.1626417787037037 0.6404835786458333 0.17552579074074076 0.6196937338541667 0.17554003981481484 0.6197138828125 0.16545454537037038 0.6170219625000001 0.16545454537037038 0.6170421114583333 0.13850669722222222 0.6153536166666667 0.13850669722222222 0.6153636911458332 0.16612140185185184 0.6088958291666666 0.16610715277777777 0.6088958291666666 0.1385209462962963 0.6072294984375 0.13850669722222222 0.6072194239583334 0.1654402962962963 0.6059540598958333 0.16546879444444446 0.605974209375 0.1617469361111111 0.6013137213541667 0.16176118518518517 0.6012935723958334 0.1643317185185185 0.6042353416666667 0.1642889712962963 0.6042454161458333 0.16798233148148148 0.6180253880208333 0.16793958425925926
3 0.7697642557291666 0.18622114537037038 0.7697058229166667 0.17514106574074076 0.7889865 0.17507836944444446 0.7889502317708333 0.17949558240740743 0.7887588151041667 0.1796922203703704 0.7887950838541666 0.24605870648148148 0.7647833973958333 0.2460986037037037 0.7648035463541666 0.25045882037037037 0.7888071729166667 0.2504445712962963 0.7888071729166667 0.3151496148148148 0.7816764052083334 0.31513536574074075 0.7816764052083334 0.3202080361111111 0.7924138625 0.3202080361111111 0.7924037880208333 0.1693445425925926 0.7656074953124999 0.16937304074074075 0.7655974208333334 0.18046736944444447 0.7638988515625 0.1804531203703704 0.7638887770833332 0.18285551481481482 0.7650554098958333 0.18285551481481482 0.7650251864583333 0.18624964351851853 0.7697642557291666 0.18622114537037038
4 0.22956477916666668 0.33185237962962966 0.22958291354166666 0.3365659731481481 0.24743703385416668 0.3366286694444445 0.24743703385416668 0.33188372777777775 0.22956477916666668 0.33185237962962966
3 0.26702196250000004 0.26503277314814816 0.26117670781249996 0.2651040185185185 0.26114648385416667 0.28546024537037035 0.26414870052083333 0.2854374462962963 0.2641366109375 0.2676375037037037 0.2670380817708333 0.26760900555555556 0.26702196250000004 0.26503277314814816
3 0.21868023385416666 0.33456825277777774 0.21867015937499998 0.3266856657407407 0.21690308281249998 0.3266571675925926 0.21690509791666665 0.33708178981481485 0.22953858541666666 0.337110287962963 0.22953858541666666 0.3344685092592593 0.21868023385416666 0.33456825277777774
3 0.21862381614583332 0.3112254203703704 0.2185512796875 0.3038842972222222 0.16799717916666665 0.30387289814814816 0.16800725364583335 0.3012596185185185 0.166193834375 0.3012482185185185 0.166193834375 0.3062496435185185 0.21688696354166667 0.30628099166666667 0.21691517239583333 0.3112396694444445 0.21862381614583332 0.3112254203703704
3 0.3402599234375 0.22426332314814815 0.34028007239583336 0.22199202037037039 0.33659278645833335 0.22202051851851853 0.3365041307291667 0.2414819037037037 0.33829135625 0.2414819037037037 0.3382450130208333 0.2242889712962963 0.3402599234375 0.22426332314814815
3 0.3152407817708333 0.21079794814814815 0.3152911546875 0.23974636666666668 0.29805762656249996 0.23977486481481483 0.29805762656249996 0.23281561666666667 0.29690509791666664 0.23281561666666667 0.29692927656249996 0.24247933888888887 0.31682853125 0.24247933888888887 0.31684868020833334 0.21079794814814815 0.3152407817708333 0.21079794814814815
3 0.167753375 0.1264206324074074 0.1677231515625 0.15541749814814815 0.16667942760416665 0.15543174722222222 0.16668950208333333 0.15808777407407407 0.16930687083333332 0.15808207500000002 0.16936731822916667 0.12641778240740742 0.167753375 0.1264206324074074
4 0.34033044531249995 0.21925049907407407 0.34031029635416665 0.2238102027777778 0.3582772515625 0.22383870092592595 0.3582832963541666 0.21925619814814815 0.34033044531249995 0.21925049907407407
4 0.30569010677083336 0.30502137314814814 0.3056699578125 0.3097235675925926 0.3271529317708334 0.3097093185185185 0.32713278281249997 0.30506412037037034 0.30569010677083336 0.30502137314814814
3 0.27020753593749997 0.29366771203703707 0.27016522239583335 0.285203762037037 0.2643401166666667 0.28518951296296297 0.2643401166666667 0.2876631518518518 0.2685673989583333 0.2876774009259259 0.26860769687499997 0.29365631203703707 0.27020753593749997 0.29366771203703707
3 0.166193834375 0.22892277037037037 0.1661837598958333 0.25074380185185186 0.16805158177083335 0.25072955277777775 0.1680213578125 0.22892277037037037 0.166193834375 0.22892277037037037
3 0.16805158177083335 0.20357936759259257 0.1680213578125 0.19135081203703702 0.16874471093750001 0.19133656296296295 0.16870441249999998 0.18322314074074073 0.16699576875 0.18320889166666665 0.16699375364583335 0.18875748055555555 0.1661757 0.1887916787037037 0.16619987916666668 0.2035708175925926 0.16805158177083335 0.20357936759259257
2 0.2023393109375 0.19109432870370371 0.20210558125 0.20843830185185186 0.2132560953125 0.20845255092592593 0.21326616979166665 0.19117982314814816 0.2023393109375 0.19109432870370371
3 0.20222043125000003 0.24283556574074072 0.20221035677083332 0.23864063796296298 0.1734051984375 0.23852949537037035 0.17331452760416666 0.23870048425925924 0.169788434375 0.23866913611111112 0.16979850885416664 0.24261612962962964 0.17305460416666665 0.24259333148148146 0.17315333489583334 0.24279281851851853 0.20222043125000003 0.24283556574074072
3 0.2022244609375 0.19397264166666667 0.2021942375 0.1895554287037037 0.17399758229166667 0.18957537777777778 0.17373564375 0.1898432601851852 0.17049163802083334 0.1898290111111111 0.17047148906249998 0.1936221148148148 0.17379609114583333 0.19369336018518518 0.17393713489583332 0.19399259074074074 0.2022244609375 0.19397264166666667
3 0.3159681645833333 0.20919920185185184 0.3158895828125 0.18283556574074075 0.3610155145833333 0.18276432037037038 0.3610155145833333 0.24147620370370373 0.3581019546875 0.24149045277777778 0.3580515817708333 0.2465175259259259 0.364589965625 0.246531775 0.3646101151041667 0.17693929907407407 0.31175095729166663 0.17692505 0.3117408822916667 0.20337703055555553 0.2964094296875 0.20332573425925926 0.2963993552083333 0.20605300648148148 0.2976183760416667 0.20604730648148148 0.297638525 0.20925619814814814 0.3159681645833333 0.20919920185185184
3 0.16933709427083335 0.1263750351851852 0.16932299010416668 0.1245112564814815 0.24198871666666666 0.12453120555555557 0.24195043333333333 0.1781932175925926 0.2745657869791666 0.17821316574074073 0.27461817447916664 0.20914790555555557 0.28238766875 0.2091906527777778 0.28240781770833334 0.20589626666666666 0.28317146875 0.20589626666666666 0.28319161822916666 0.2032972361111111 0.27874269583333333 0.20328013703703704 0.27874269583333333 0.17226845277777778 0.24607495468749999 0.17228840092592593 0.246078984375 0.11959247685185186 0.16777956875 0.11958962685185186 0.16777956875 0.12130806481481482 0.14977835989583335 0.12134796203703704 0.14977835989583335 0.13123966944444446 0.1534495265625 0.13123966944444446 0.15342333281249998 0.12639498425925927 0.16933709427083335 0.1263750351851852
4 0.16735845260416668 0.15812482222222224 0.16732822864583333 0.18315189537037035 0.170572234375 0.18316614444444443 0.1705420109375 0.15812482222222224 0.16735845260416668 0.15812482222222224
4 0.16658472708333333 0.20365061296296297 0.16660890572916667 0.22886862314814815 0.16987507552083334 0.22888572222222223 0.16984888177083332 0.20367911111111112 0.16658472708333333 0.20365061296296297
2 0.2986278458333333 0.26224850370370373 0.2986681442708334 0.2794813333333333 0.30990328437500003 0.27937019074074076 0.3098932098958333 0.2621544601851852 0.2986278458333333 0.26224850370370373
4 0.14921015520833333 0.15836705648148147 0.14922022968749998 0.1829837564814815 0.153356840625 0.18300085462962962 0.15334072135416665 0.15836420648148147 0.14921015520833333 0.15836705648148147
4 0.15011283489583332 0.13131946388888888 0.15009873072916669 0.14737817037037035 0.1532218416666667 0.14744086666666664 0.1531936328125 0.13131946388888888 0.15011283489583332 0.13131946388888888
2 0.19039895208333332 0.2231946425925926 0.19023574427083334 0.23854374444444446 0.20239774322916665 0.2385722425925926 0.2023574453125 0.2231376462962963 0.19039895208333332 0.2231946425925926
2 0.24757404791666668 0.22844115092592593 0.24751763020833334 0.24308919907407409 0.25683457604166665 0.24308634907407406 0.2567942776041667 0.22848389814814815 0.24757404791666668 0.22844115092592593
3 0.195885553125 0.34099173518518516 0.1958815234375 0.3502365342592592 0.19759016718750003 0.35022228518518517 0.19756195833333334 0.3386890851851852 0.19285109791666669 0.33866058703703705 0.1929296796875 0.3174095185185185 0.18283497864583334 0.31739526944444446 0.18284505364583334 0.3197520657407407 0.19119081197916668 0.319820462037037 0.19119484166666664 0.34101738425925926 0.195885553125 0.34099173518518516
2 0.2833004229166667 0.1876403537037037 0.28318960312499997 0.2114619546296296 0.29635704218750003 0.2114619546296296 0.2964174895833333 0.18752636111111112 0.2833004229166667 0.1876403537037037
2 0.316925246875 0.2251724138888889 0.316925246875 0.2431148472222222 0.3282349385416667 0.2431148472222222 0.3281644166666667 0.22520091203703704 0.316925246875 0.2251724138888889
2 0.24760628645833332 0.2063066398148148 0.24756598854166667 0.22151325185185183 0.25653636927083334 0.22157879722222223 0.2565061453125 0.2063208888888889 0.24760628645833332 0.2063066398148148
2 0.22439250468750002 0.19001424907407408 0.22436228072916667 0.20535765185185184 0.2336167640625 0.20531775462962965 0.233586540625 0.18999145092592593 0.22439250468750002 0.19001424907407408
2 0.20842836979166668 0.3113679111111111 0.20853919010416666 0.32649757777777777 0.22059036875 0.3266144203703704 0.22060044322916667 0.3112710175925926 0.20842836979166668 0.3113679111111111
2 0.2231150515625 0.16621829537037036 0.22314325989583333 0.17218295833333333 0.233550271875 0.1722143064814815 0.23360064479166667 0.1662040462962963 0.2231150515625 0.16621829537037036
1 0 0 0 1 1 1 1 0 0 0
3 0.218273221875 0.16677685925925928 0.21831150520833334 0.12472499259259259 0.2167177109375 0.1247278425925926 0.21678621822916666 0.16880592777777778 0.22310296197916665 0.16880592777777778 0.22308281302083335 0.16677685925925928 0.218273221875 0.16677685925925928
3 0.30995567187499995 0.2629011111111111 0.3099455973958333 0.2649615277777778 0.33423131145833335 0.2649615277777778 0.33423131145833335 0.26287261296296294 0.30995567187499995 0.2629011111111111
3 0.21788837395833335 0.23833285833333334 0.21786620989583336 0.22910515833333334 0.23348579479166667 0.2290795101851852 0.23349183958333333 0.23834995740740741 0.23527100520833333 0.23836420648148146 0.23524279687500002 0.22656027314814814 0.21818859583333333 0.22661157037037039 0.218184565625 0.19261612962962962 0.224344146875 0.19257053333333335 0.22434011666666667 0.190387575 0.21630666927083333 0.190387575 0.21632883333333333 0.2056112851851852 0.2133266171875 0.20561983425925925 0.2133266171875 0.20765175277777778 0.21630062447916665 0.20760900555555556 0.21629256510416667 0.23833285833333334 0.21788837395833335 0.23833285833333334
2 0.15726576666666667 0.15541179814814815 0.1572375578125 0.17075520092592592 0.1666874875 0.1707153037037037 0.16665121927083335 0.15539184907407408 0.15726576666666667 0.15541179814814815
3 0.20050171249999998 0.19403533796296296 0.20051783177083332 0.22308634907407407 0.20196453749999999 0.22308634907407407 0.2019685671875 0.19403533796296296 0.20050171249999998 0.19403533796296296
3 0.15348176510416664 0.15539469907407408 0.15346564583333333 0.15810772314814814 0.15720934895833333 0.15811057314814816 0.15720128958333335 0.15542319722222223 0.15348176510416664 0.15539469907407408
3 0.21606689479166666 0.2384525509259259 0.21605480572916666 0.24281561666666665 0.2474410640625 0.2428013675925926 0.24746121302083332 0.2384411509259259 0.21606689479166666 0.2384525509259259
3 0.34057021979166663 0.24656312314814813 0.34050977239583335 0.24154744907407405 0.3356175697916666 0.24154744907407405 0.3355933911458333 0.32862068981481485 0.3268386057291667 0.32861213981481485 0.32683457604166666 0.33363351388888884 0.33913963333333336 0.3336905101851852 0.3391436630208334 0.24657737222222223 0.34057021979166663 0.24656312314814813
3 0.2971589765625 0.32842690185185186 0.29727181145833337 0.2854459962962963 0.2936429578125 0.2854003990740741 0.2936248234375 0.33349672314814816 0.30586741875 0.333468225 0.305796896875 0.32841265277777776 0.2971589765625 0.32842690185185186
3 0.27028410260416663 0.2970789398148148 0.27025387864583333 0.29371045925925926 0.2643179526041667 0.2937389574074074 0.2643179526041667 0.2855143916666667 0.2608039494791667 0.2855143916666667 0.26068305468749997 0.35026503240740736 0.24714688697916667 0.3502507833333333 0.24716502135416668 0.3553519518518518 0.26435220625 0.35533485277777777 0.2643481765625 0.29709318888888886 0.27028410260416663 0.2970789398148148
3 0.2169474109375 0.3503077796296296 0.21695345572916666 0.3553719009259259 0.22978843437500002 0.35534340277777776 0.22973806145833334 0.3502564833333333 0.2169474109375 0.3503077796296296
3 0.20785210572916668 0.3553063546296296 0.2078017328125 0.35026218333333337 0.18540197447916668 0.3502678824074074 0.18540600468750001 0.31985180925925927 0.18064477135416668 0.3197378166666667 0.18066895 0.32443431203703704 0.18180334479166668 0.32444856111111114 0.18178319583333333 0.3552693074074074 0.20785210572916668 0.3553063546296296
3 0.15332661718750001 0.3194385861111111 0.1533165421875 0.30509546851851854 0.1497118677083333 0.3050755203703704 0.14974410625 0.3245283555555556 0.16785815052083333 0.3245796527777778 0.16785815052083333 0.3195183814814815 0.15332661718750001 0.3194385861111111
3 0.14981865781249998 0.22854374444444445 0.14978440468749998 0.25523795925925924 0.15340116874999998 0.25523795925925924 0.15333266145833332 0.2285693925925926 0.14981865781249998 0.22854374444444445
3 0.14977835989583335 0.18313194629629628 0.14976828541666667 0.2039982898148148 0.15330243802083335 0.20394129351851853 0.15345355625 0.18314619537037036 0.14977835989583335 0.18313194629629628
3 0.14979850885416665 0.14751211203703704 0.14979850885416665 0.15825306388888888 0.15343340729166668 0.15826446296296298 0.15347370520833334 0.14755485925925926 0.14979850885416665 0.14751211203703704
4 0.3406044729166667 0.24182673148148148 0.3406306671875 0.24622399537037037 0.3579971791666667 0.24619549722222223 0.3580112833333333 0.24183813055555556 0.3406044729166667 0.24182673148148148
4 0.30593995572916666 0.3288999712962963 0.30594600052083337 0.33312054722222223 0.32676606874999997 0.3331490453703704 0.3267600239583333 0.32884297500000004 0.30593995572916666 0.3288999712962963
4 0.2702055208333333 0.28595896296296297 0.27023171458333334 0.2901225416666666 0.2935966151041667 0.2900911944444445 0.293576465625 0.2859304648148148 0.2702055208333333 0.28595896296296297
4 0.2297783598958333 0.35076375000000004 0.229814628125 0.3548817324074074 0.24711061874999998 0.3548959814814815 0.24709449947916667 0.3507352518518519 0.2297783598958333 0.35076375000000004
4 0.20800523854166666 0.35067825555555554 0.20791859739583335 0.35488743240740744 0.216862784375 0.35488743240740744 0.21682248645833332 0.35074950092592594 0.20800523854166666 0.35067825555555554
4 0.16793068697916666 0.3197663148148148 0.16792262760416668 0.3250669703703704 0.18060648802083332 0.3250869194444444 0.180546040625 0.3197520657407407 0.16793068697916666 0.3197663148148148
4 0.14936530312500002 0.2552778564814815 0.14936731822916668 0.30493587962962965 0.15301632083333333 0.30497862685185184 0.15301632083333333 0.2553462527777778 0.14936530312500002 0.2552778564814815
4 0.1501188796875 0.20400968981481482 0.15008865624999998 0.2285152462962963 0.15304654427083333 0.2285123962962963 0.15306669375 0.20399259074074072 0.1501188796875 0.20400968981481482
4 0.2644448921875 0.32965232222222224 0.2644448921875 0.3331262472222222 0.29354624218750003 0.3331347962962963 0.2935643765625 0.32952978055555554 0.2644448921875 0.32965232222222224
4 0.16655853333333334 0.25078369907407405 0.16657263749999998 0.3012054712962963 0.169877090625 0.3011912222222222 0.16985291145833334 0.25079794814814815 0.16655853333333334 0.25078369907407405
3 0.2336248234375 0.16670276388888888 0.2336046744791667 0.16877742962962963 0.241047753125 0.1687888287037037 0.241047753125 0.16673126203703703 0.2336248234375 0.16670276388888888
3 0.3583316541666666 0.22200911944444443 0.3583276244791667 0.2242918212962963 0.3609832760416667 0.22431176944444445 0.36097924635416667 0.2220347675925926 0.3583316541666666 0.22200911944444443
4 0.1501450734375 0.70385295 0.15011485 0.7283585064814815 0.15491839635416668 0.7283528074074074 0.15490429166666667 0.7037959537037037 0.1501450734375 0.70385295
3 0.328247028125 0.23974636666666668 0.3282571026041667 0.24250213703703705 0.3342937739583334 0.24250213703703705 0.3343139229166667 0.23977486481481483 0.328247028125 0.23974636666666668
3 0.2972516625 0.30769165 0.2972415875 0.3102479342592593 0.3056397338541667 0.3102764324074074 0.305629659375 0.3076774009259259 0.2972516625 0.30769165
3 0.2474753171875 0.33452550555555555 0.24748539166666667 0.33708178981481485 0.26067298020833335 0.337110287962963 0.26068305468749997 0.3345540037037037 0.2474753171875 0.33452550555555555
3 0.29702196249999996 0.28540324907407405 0.2969816640625 0.26507552037037035 0.2910356640625 0.26507552037037035 0.29102558958333336 0.2676175546296296 0.29393914947916666 0.2676318037037037 0.29394922447916666 0.2853747509259259 0.29702196249999996 0.28540324907407405
3 0.24743300416666666 0.23834995740740741 0.24757606302083335 0.18154744907407408 0.265172275 0.1815901962962963 0.2651239171875 0.21816186944444446 0.25659681666666667 0.21820461666666668 0.2565766671875 0.22098888611111112 0.265436228125 0.2210031351851852 0.2654483177083333 0.24040182407407404 0.2569212171875 0.24041607314814814 0.2569312916666667 0.2424736388888889 0.26547652604166666 0.24241949259259263 0.26547652604166666 0.2426474777777778 0.27656659270833334 0.2426474777777778 0.27656659270833334 0.24240524351851853 0.2811666333333333 0.24240524351851853 0.2811666333333333 0.2404445712962963 0.2766330848958333 0.24041607314814814 0.27660286093750003 0.21086919351851852 0.27493653020833336 0.2108834425925926 0.27493653020833336 0.24020233703703703 0.2670803947916667 0.24025363333333336 0.26708643958333333 0.18097463703703703 0.27413056614583337 0.18100598425925923 0.27412855104166667 0.17893701944444446 0.2457082411458333 0.17900541481481483 0.24570018125 0.19036762592592593 0.24260326406250002 0.1904360212962963 0.2425952046875 0.1794442861111111 0.24112835 0.17945853518518518 0.2411404390625 0.19045312037037038 0.2336167640625 0.19037617592592593 0.23361877916666665 0.1925733824074074 0.24547854114583334 0.19271302407407406 0.2454543625 0.23834995740740741 0.24743300416666666 0.23834995740740741
4 0.26703203697916666 0.2623909944444444 0.2670602458333333 0.26712168703703704 0.2909933510416666 0.2671530351851852 0.29102558958333336 0.26243374166666666 0.26703203697916666 0.2623909944444444
3 0.7204714890625 0.25260473055555555 0.72042313125 0.2484041037037037 0.7134213177083333 0.2484041037037037 0.7133729598958334 0.3151581648148148 0.7010175296875 0.3151239666666667 0.7010296192708334 0.32020518703703704 0.7163731614583334 0.3202393842592593 0.716361071875 0.2525990314814815 0.7204714890625 0.25260473055555555
3 0.5835865406249999 0.1617469361111111 0.5835966151041667 0.16430322037037037 0.5905138020833333 0.16435451666666667 0.5905037276041667 0.16174123703703702 0.5835865406249999 0.1617469361111111
3 0.6302760427083334 0.1385180962962963 0.6302861171875 0.13344542592592593 0.6041164619791667 0.1334083787037037 0.6041063875 0.1384098037037037 0.6013983479166666 0.13841550277777778 0.6013882734375 0.14347392407407408 0.6072033046875001 0.143459675 0.6072133791666666 0.13847249907407408 0.6302760427083334 0.1385180962962963
3 0.5998468666666666 0.3149928759259259 0.5997763447916667 0.3202080361111111 0.6061837598958333 0.320193787037037 0.6061736854166667 0.3150356222222222 0.5998468666666666 0.3149928759259259
3 0.7607656661458333 0.3202080361111111 0.7607656661458333 0.3151068675925926 0.7521277453124999 0.31512111666666665 0.7520773723958333 0.24836990555555558 0.7450070520833333 0.24838415462962962 0.7449969776041667 0.25261897962962965 0.7491255291666667 0.2525762324074074 0.7491255291666667 0.3202080361111111 0.7607656661458333 0.3202080361111111
3 0.6691678421875 0.14948703333333335 0.6691779166666667 0.14438586481481483 0.6470622609375 0.14438586481481483 0.6470723354166666 0.13341977777777778 0.6394579890625 0.13341977777777778 0.6394579890625 0.13854944444444445 0.6434757203125 0.13854944444444445 0.6434958692708334 0.14944428611111113 0.6691678421875 0.14948703333333335
3 0.6296554505208333 0.1915901962962963 0.6295829135416666 0.22518666296296297 0.63463429375 0.2251524648148148 0.6345859359375 0.1915189509259259 0.6296554505208333 0.1915901962962963
3 0.6337034052083333 0.291342262962963 0.6336933307291667 0.24126816759259256 0.6306105177083333 0.24131091481481481 0.6306205921875 0.28554573981481485 0.6308120088541667 0.28554573981481485 0.6308321578125 0.2913280138888889 0.6337034052083333 0.291342262962963
3 0.5836066895833334 0.3150356222222222 0.5835563166666666 0.143462525 0.5922425953125 0.14347677407407408 0.5922425953125 0.13837845555555556 0.5799899255208333 0.1384069537037037 0.5799899255208333 0.32023653425925924 0.588325609375 0.3202507833333333 0.5882974005208333 0.31500712407407405 0.5836066895833334 0.3150356222222222
3 0.6970985291666667 0.18930464537037037 0.6970985291666667 0.22656597314814814 0.7000725369791667 0.22656597314814814 0.7000826114583333 0.18927614722222222 0.6970985291666667 0.18930464537037037
4 0.7204956677083333 0.24636933611111114 0.7205218619791667 0.252120262037037 0.7449466046875001 0.2520632657407407 0.7449566796875 0.24618124814814812 0.7204956677083333 0.24636933611111114
4 0.7604372354166667 0.2917896833333333 0.7604352208333334 0.29701054444444447 0.7819887166666667 0.2970247935185185 0.7819282692708334 0.2918238814814815 0.7604372354166667 0.2917896833333333
4 0.6441990729166667 0.2917811342592593 0.6442595203125 0.2970532916666667 0.7013177515625001 0.2970390425925926 0.7013177515625001 0.2917668851851852 0.6441990729166667 0.2917811342592593
4 0.6445013098958333 0.31561983425925927 0.6444912348958333 0.3208321462962963 0.700995365625 0.3207893990740741 0.7009852911458334 0.31561983425925927 0.6445013098958333 0.31561983425925927
4 0.588325609375 0.3151496148148148 0.5883578479166667 0.31979481296296297 0.599736046875 0.31978056388888887 0.5997864192708333 0.31507836944444445 0.588325609375 0.3151496148148148
4 0.6062039088541666 0.31563123425925926 0.6062139833333333 0.32081789722222226 0.6235804958333334 0.32080364814814816 0.6235200484375 0.3156055851851852 0.6062039088541666 0.31563123425925926
4 0.6059943583333334 0.2900911944444445 0.6060225671875 0.2952750074074074 0.6238807171875 0.2953177546296296 0.6238907916666666 0.2901054435185185 0.6059943583333334 0.2900911944444445
4 0.668978440625 0.16311769722222222 0.6689361270833333 0.16781134259259262 0.6869252468749999 0.1678540898148148 0.6868647994791667 0.16309489907407407 0.668978440625 0.16311769722222222
4 0.6692081401041666 0.14485608425925925 0.6691980656250001 0.14897406666666665 0.6866129359375001 0.1489455685185185 0.6866129359375001 0.14485608425925925 0.6692081401041666 0.14485608425925925
4 0.6303264156249999 0.13387574814814812 0.6303163411458333 0.1381390712962963 0.6394056015624999 0.13811057314814817 0.6393955270833334 0.13388999722222222 0.6303264156249999 0.13387574814814812
4 0.59227281875 0.13887432314814815 0.5922627442708334 0.1431376462962963 0.6013540197916666 0.14310914814814815 0.6013439453125 0.13888857222222223 0.59227281875 0.13887432314814815
2 0.7509631270833333 0.16386149907407407 0.7509933510416666 0.1884098037037037 0.7638404192708333 0.1884098037037037 0.7638404192708333 0.16381875185185185 0.7509631270833333 0.16386149907407407
2 0.6206971588541667 0.22535765185185186 0.6206266369791666 0.24131091481481481 0.6338343744791667 0.2412254203703704 0.6338404192708332 0.22520661111111112 0.6206971588541667 0.22535765185185186
3 0.7819947614583334 0.29444856111111106 0.7820149104166667 0.29703619259259256 0.7887729197916666 0.2970076944444444 0.7887829942708334 0.29440581388888887 0.7819947614583334 0.29444856111111106
2 0.7706488010416667 0.21150755185185185 0.7706387265625001 0.2267483611111111 0.7799093291666667 0.22677685925925925 0.7798690307291667 0.21152180092592593 0.7706488010416667 0.21150755185185185
2 0.7684062057291666 0.23299800555555555 0.7683800119791666 0.24598461111111114 0.7788253072916667 0.24597036203703704 0.7785935927083333 0.23310059814814815 0.7684062057291666 0.23299800555555555
3 0.7433548255208334 0.7755172416666667 0.7433366916666666 0.7712681675925925 0.7346846666666667 0.7712510685185185 0.7346423536458333 0.8117640351851851 0.7244328026041666 0.8117754342592594 0.7244589963541667 0.8160159592592593 0.7376647187500001 0.8159789111111111 0.7376385249999999 0.7754915925925926 0.7433548255208334 0.7755172416666667
3 0.6851581703124999 0.8117554861111111 0.6851480958333334 0.815958962962963 0.7067620390625 0.8159732120370371 0.7067620390625 0.8117697351851852 0.6851581703124999 0.8117554861111111
3 0.6677009875 0.8160302083333334 0.6676707635416667 0.8117811342592592 0.6554563770833333 0.8117526361111111 0.6554745114583334 0.7495582787037036 0.6448035463541667 0.7495497296296296 0.6448216802083333 0.7537532064814815 0.6524783395833332 0.7537532064814815 0.6524803546875 0.8159846111111111 0.6677009875 0.8160302083333334
3 0.5965121901041667 0.7537817046296297 0.5964900260416666 0.7495411796296296 0.5883316541666667 0.7495354805555556 0.5883457588541667 0.758840125 0.5913197661458334 0.7588686231481482 0.5912955875 0.7537703046296296 0.5965121901041667 0.7537817046296297
3 0.5882974005208333 0.7987432314814815 0.588325609375 0.8117697351851852 0.5797400765624999 0.8117554861111111 0.5797199276041667 0.8160017101851852 0.5912794682291668 0.8160017101851852 0.5913096916666666 0.7987289824074074 0.5882974005208333 0.7987432314814815
3 0.522996171875 0.7759874611111112 0.5231170661458333 0.7758449703703704 0.5231090067708333 0.7438244518518519 0.5201249244791667 0.7438244518518519 0.5201027604166667 0.7757879740740741 0.5202035057291667 0.7757879740740741 0.5202337296875 0.7797378166666666 0.5230062463541667 0.7797520657407407 0.522996171875 0.7759874611111112
3 0.5994257505208334 0.6838500999999999 0.5994217208333333 0.6822798518518519 0.6004593994791667 0.6822570537037037 0.6004593994791667 0.6796437731481482 0.5964436833333333 0.6796323740740741 0.5964436833333333 0.646933599074074 0.5553979447916666 0.6469364490740741 0.5553777958333334 0.651168424074074 0.5934434817708334 0.651168424074074 0.5934555713541666 0.6838273009259259 0.5994257505208334 0.6838500999999999
3 0.53794680625 0.6511627240740742 0.5379568807291667 0.6469364490740741 0.5170159177083333 0.6469421490740741 0.5170058432291667 0.6564804787037037 0.4889905296875 0.6564405814814814 0.48903082812500004 0.6608150472222222 0.52 0.6608264462962963 0.5199798510416667 0.6512026222222221 0.53794680625 0.6511627240740742
3 0.5302135807291667 0.815958962962963 0.5301793270833334 0.8117469361111112 0.5217831958333333 0.8117469361111112 0.5216965546875 0.8037845537037037 0.5183719526041667 0.8038130518518519 0.5183659078125 0.8079880305555556 0.5188172473958333 0.8079737814814815 0.5188212776041666 0.8159646620370371 0.5302135807291667 0.815958962962963
3 0.49396735833333333 0.8037418064814815 0.49395728385416665 0.8080621259259259 0.5004855932291666 0.8080051296296296 0.50047551875 0.8037275574074074 0.49396735833333333 0.8037418064814815
3 0.5922808786458333 0.6941008833333333 0.592228490625 0.7277799944444444 0.5952307072916666 0.7277942435185185 0.5952065281250001 0.6940837842592593 0.5922808786458333 0.6941008833333333
3 0.7802780578125 0.6511256768518519 0.7802276848958333 0.6603647759259259 0.8086238161458333 0.6603106296296296 0.80862583125 0.6559903101851852 0.7832319161458333 0.6560359074074074 0.7832399760416667 0.6468937018518519 0.7551098125000001 0.6469279 0.7551138421875 0.687705899074074 0.7539975822916667 0.6877258481481482 0.75401773125 0.691932174074074 0.7582127744791667 0.691920775 0.7581885958333333 0.6511912222222223 0.7802780578125 0.6511256768518519