3 0.24619181927083333 0.18275862037037038 0.27307273802083337 0.18272157314814816 0.27302035052083334 0.1745996009259259 0.2706890994791667 0.17464234814814814 0.2706890994791667 0.17914790555555554 0.24617570000000003 0.17917925370370372 0.24619181927083333 0.18275862037037038
3 0.381225065625 0.11799088055555555 0.38010276041666663 0.11800797962962963 0.380096715625 0.1843345685185185 0.38115655833333334 0.18438016574074076 0.381225065625 0.11799088055555555
3 0.30572033020833334 0.22809347407407407 0.30572033020833334 0.2302308351851852 0.31022164010416664 0.23025363333333335 0.3102417890625 0.22803077777777778 0.30572033020833334 0.22809347407407407
3 0.29384847864583336 0.228073525 0.28971791249999995 0.228073525 0.28969373385416664 0.23046167037037038 0.29384847864583336 0.23053291574074075 0.29384847864583336 0.228073525
3 0.19501511197916666 0.1747734398148148 0.19501108177083332 0.17909090925925927 0.23599032864583333 0.17906241111111112 0.23599032864583333 0.17476204074074075 0.22232520677083334 0.17474494166666665 0.22241587760416665 0.1505984611111111 0.23584525468749998 0.1505956111111111 0.235859359375 0.1458392703703704 0.218581503125 0.14580792222222222 0.2186218015625 0.15053861481481481 0.21932299010416667 0.15053861481481481 0.21931896041666665 0.17475634074074076 0.19501511197916666 0.1747734398148148
3 0.20165827135416667 0.15587346851851852 0.20167640520833335 0.15053861481481481 0.2022788635416667 0.15053291574074074 0.202228490625 0.145773725 0.1942857140625 0.14573667685185185 0.194255490625 0.15060986018518518 0.19855329427083335 0.15064120833333333 0.19855329427083335 0.15587346851851852 0.20165827135416667 0.15587346851851852
4 0.6935744510416666 0.3154630944444445 0.6443804151041667 0.3154488453703704 0.6443904895833333 0.3216414935185185 0.6936147489583333 0.3216984898148148 0.6935744510416666 0.3154630944444445
4 0.6234193026041667 0.3155200907407408 0.6011928270833333 0.3155200907407408 0.6011827526041666 0.32165574259259255 0.6234293776041666 0.32161299537037036 0.6234193026041667 0.3155200907407408
4 0.5792564979166667 0.3155343398148148 0.5569595005208333 0.3155058416666667 0.5569595005208333 0.32161299537037036 0.5792665723958332 0.32165574259259255 0.5792564979166667 0.3155343398148148
4 0.7475277052083332 0.11388714722222222 0.7360286119791667 0.11388714722222222 0.73604473125 0.11855799351851852 0.7475579286458333 0.11856084351851853 0.7475277052083332 0.11388714722222222
4 0.7080616562500001 0.11829011111111111 0.7245678015625 0.11829011111111111 0.7245496677083333 0.11306355092592593 0.7080616562500001 0.11306070092592593 0.7080616562500001 0.11829011111111111
4 0.681329840625 0.1138444 0.663884746875 0.11380735277777777 0.6638746723958333 0.11861783981481482 0.6813580494791667 0.11862638888888889 0.681329840625 0.1138444
4 0.6391658270833334 0.11385579907407407 0.6275962119791667 0.11386149907407409 0.6275982270833332 0.11856084351851853 0.6391658270833334 0.11856369351851852 0.6391658270833334 0.11385579907407407
4 0.7543501916666667 0.31571957777777776 0.7409590973958333 0.31570247962962966 0.7409470078125 0.31989740648148146 0.7543864598958333 0.3198803074074074 0.7543501916666667 0.31571957777777776
4 0.6836006447916667 0.13712168703703703 0.6662361473958334 0.13712738703703703 0.6661998791666667 0.14535480185185184 0.683586540625 0.14541179814814817 0.6836006447916667 0.13712168703703703
4 0.7061495062500001 0.2841863777777778 0.7062099536458334 0.29250498703703703 0.7323433406250001 0.29249073796296293 0.7324118479166667 0.2841920777777778 0.7061495062500001 0.2841863777777778
4 0.6445053395833333 0.2841892277777778 0.6445536973958333 0.2924679398148148 0.6934334072916666 0.2925192361111111 0.6934132583333333 0.2842091768518519 0.6445053395833333 0.2841892277777778
3 0.3339351197916667 0.5777315472222222 0.3525790854166667 0.5776688518518518 0.3524440864583333 0.5731803935185185 0.3306286520833333 0.5731148472222222 0.3305843239583333 0.5785522944444444 0.3339351197916667 0.5786178398148148 0.3339351197916667 0.5777315472222222
4 0.5790388880208333 0.2842006268518518 0.5572133791666667 0.2841721287037037 0.5572657666666667 0.29251068703703703 0.5790489625 0.2925391851851852 0.5790388880208333 0.2842006268518518
3 0.73794680625 0.17920205185185187 0.7305097723958334 0.1791678537037037 0.7304976828124999 0.1812653175925926 0.7379347166666667 0.1812140212962963 0.73794680625 0.17920205185185187
2 0.7499858958333333 0.17878882870370372 0.7379447916666667 0.17877457962962964 0.7379669557291667 0.18491308055555555 0.7499758208333334 0.18489883148148148 0.7499858958333333 0.17878882870370372
3 0.7132984083333334 0.17720718148148148 0.7132984083333334 0.17811627222222223 0.7205299213541667 0.17811627222222223 0.720519846875 0.17722143055555556 0.7132984083333334 0.17720718148148148
2 0.7205178317708333 0.178082075 0.7284565786458334 0.17810772314814813 0.728466653125 0.1712026222222222 0.7205319364583332 0.17118837314814814 0.7205178317708333 0.178082075
2 0.7023312510416667 0.2094043888888889 0.7023312510416667 0.2299031064814815 0.719435825 0.2299601027777778 0.7194559739583333 0.20934739259259258 0.7023312510416667 0.2094043888888889
2 0.73831755 0.31360216574074073 0.7382974005208334 0.29881447685185186 0.7264255489583333 0.29883157592592596 0.7264174895833333 0.3136306638888889 0.73831755 0.31360216574074073
2 0.7304251458333333 0.20608150462962962 0.7304614145833334 0.18960387592592592 0.717991134375 0.189618125 0.7180072536458333 0.20607010555555555 0.7304251458333333 0.20608150462962962
2 0.5904654442708334 0.23547164444444443 0.5766350994791666 0.23541464814814814 0.576625025 0.2555941861111111 0.5904593994791667 0.25560558518518517 0.5904654442708334 0.23547164444444443
3 0.6330525890625 0.20803362777777779 0.6281100140625 0.20804787685185186 0.6281100140625 0.21014819074074076 0.6330505744791667 0.2100997435185185 0.6330525890625 0.20803362777777779
3 0.6363953255208333 0.2100997435185185 0.647463228125 0.21014249074074073 0.6474450937499999 0.20771444814814816 0.6363892807291667 0.20771444814814816 0.6363953255208333 0.2100997435185185
3 0.6593834375000001 0.14173553703703703 0.6593753776041668 0.14533770277777777 0.6661958494791667 0.14533770277777777 0.6662260729166667 0.14175833611111113 0.6593834375000001 0.14173553703703703
2 0.5998388072916666 0.19737817037037036 0.5998388072916666 0.18079224814814815 0.595488615625 0.1808292962962963 0.5955268989583333 0.19743801666666666 0.5998388072916666 0.19737817037037036
2 0.6281100140625 0.20805642592592594 0.6162965947916667 0.20809632407407408 0.6163127140625 0.21358506666666668 0.6280898651041666 0.21361071574074073 0.6281100140625 0.20805642592592594
2 0.6473987505208334 0.14539469907407407 0.6593753776041668 0.14535195185185185 0.659365303125 0.1270276435185185 0.647374571875 0.1270219435185185 0.6473987505208334 0.14539469907407407
2 0.7288031432291666 0.14261043055555556 0.7288232921875 0.12384725 0.7129679630208333 0.1239013962962963 0.7129478140625001 0.14268167592592593 0.7288031432291666 0.14261043055555556
3 0.5995466453125 0.11860359074074076 0.5990892604166667 0.11860359074074076 0.5990892604166667 0.1611085777777778 0.5995466453125 0.1611085777777778 0.5995466453125 0.11860359074074076
2 0.6322969979166667 0.23538615 0.6187165020833334 0.23547449444444446 0.6186762041666667 0.25564548333333337 0.6323252067708334 0.25572812777777776 0.6322969979166667 0.23538615
2 0.732933709375 0.15072670277777778 0.7447551885416667 0.15069250462962963 0.7447451140625 0.13227415185185187 0.7329941567708332 0.13231689907407407 0.732933709375 0.15072670277777778
3 0.5800342536458333 0.2080279277777778 0.57356840625 0.20805072685185186 0.5735825104166667 0.21012254166666666 0.5800342536458333 0.2100769453703704 0.5800342536458333 0.2080279277777778
2 0.5736308682291666 0.2354288972222222 0.5735905703125 0.21891707037037036 0.5611243197916667 0.21893416944444444 0.5611424541666667 0.2353776 0.5736308682291666 0.2354288972222222
2 0.5803626838541667 0.16492732962962964 0.59676606875 0.16487318333333334 0.5968265161458334 0.14078084907407407 0.5803425348958334 0.14084924444444447 0.5803626838541667 0.16492732962962964
3 0.7022828932291667 0.2850099740740741 0.70227281875 0.284434312037037 0.6934072135416667 0.28449415833333336 0.6934253473958333 0.2878483898148148 0.7061696552083333 0.28788828703703706 0.7061394317708333 0.28443716203703706 0.7055470479166667 0.28443716203703706 0.7055470479166667 0.2850099740740741 0.7022828932291667 0.2850099740740741
3 0.623268184375 0.28443716203703706 0.6232581098958333 0.2878455398148148 0.644537578125 0.28788828703703706 0.644511384375 0.2844656601851852 0.623268184375 0.28443716203703706
3 0.5790368729166667 0.28446281018518516 0.579057021875 0.2878597888888889 0.6014205119791666 0.287893987037037 0.6014164817708333 0.2844457111111111 0.5790368729166667 0.28446281018518516
3 0.5572053192708334 0.2844400111111111 0.545911746875 0.28442291296296296 0.545911746875 0.2878455398148148 0.5572556921875 0.28787403796296296 0.5572053192708334 0.2844400111111111
3 0.6662401770833333 0.13711313796296296 0.6593834375000001 0.13711313796296296 0.6593834375000001 0.14173553703703703 0.6662260729166667 0.14175833611111113 0.6662401770833333 0.13711313796296296
3 0.6014205119791666 0.287893987037037 0.579057021875 0.2878597888888889 0.5790429177083334 0.2924679398148148 0.6014608098958333 0.29244514074074074 0.6014205119791666 0.287893987037037
3 0.6232581098958333 0.2878455398148148 0.6232379609375 0.29245084074074074 0.6445617567708334 0.29249073796296293 0.644537578125 0.28788828703703706 0.6232581098958333 0.2878455398148148
3 0.6934253473958333 0.2878483898148148 0.693445496875 0.292493587962963 0.7061998791666666 0.2925192361111111 0.7061898046875 0.28788828703703706 0.6934253473958333 0.2878483898148148
3 0.6363852510416667 0.17014249074074075 0.6330404994791666 0.1701709888888889 0.6330505744791667 0.21011399259259259 0.6363953255208333 0.2100997435185185 0.6363852510416667 0.17014249074074075
3 0.7055551078125001 0.22991735555555556 0.7023050572916667 0.22988885740740742 0.7022828932291667 0.2850099740740741 0.7055470479166667 0.2850099740740741 0.7055551078125001 0.22991735555555556
3 0.635524884375 0.2353234537037037 0.6322969979166667 0.2353234537037037 0.6322969979166667 0.2844656601851852 0.6355591374999999 0.2844913083333333 0.635524884375 0.2353234537037037
3 0.5922063265625 0.2844571101851852 0.59222043125 0.2379509833333333 0.6187104572916666 0.23801082962962963 0.6187104572916666 0.23546594444444446 0.5904573848958333 0.2354516953703704 0.5904372354166667 0.2844571101851852 0.5922063265625 0.2844571101851852
3 0.5458110015625 0.1755542888888889 0.5458009270833333 0.1774836138888889 0.5717751359375 0.17750641203703704 0.5717751359375 0.16754061018518518 0.5803566390625 0.16753491018518518 0.5803425348958334 0.16552579074074075 0.5704855932291667 0.1655514388888889 0.570519846875 0.17552579074074076 0.5458110015625 0.1755542888888889
3 0.6391658270833334 0.11385579907407407 0.6391658270833334 0.11856369351851852 0.6638746723958333 0.11861783981481482 0.663884746875 0.11380735277777777 0.6391658270833334 0.11385579907407407
3 0.7304150713541666 0.20608150462962962 0.7055853312499999 0.20605300648148148 0.7055941499999999 0.1773162425925926 0.70559540625 0.17761185555555556 0.713048559375 0.17759760648148148 0.7130183359375 0.15651752592592594 0.7287366510416666 0.15654602407407406 0.7286862786458334 0.189609575 0.7304634291666667 0.18960387592592592 0.7305037276041666 0.1543459675925926 0.7023816239583333 0.15436021666666666 0.7023211765624999 0.2094043888888889 0.7055389885416666 0.20939298981481483 0.7055369734375 0.20853804537037038 0.7304352208333333 0.20853804537037038 0.7304150713541666 0.20608150462962962
3 0.7055947869791667 0.1752408324074074 0.711392303125 0.17525505833333332 0.711392303125 0.15653177499999998 0.7042897442708332 0.15654602407407406 0.7042796697916667 0.17323738981481482 0.70559540625 0.17322314074074074 0.7055947869791667 0.1752408324074074
3 0.6836087041666666 0.13718438333333333 0.6836087041666666 0.14183813055555555 0.7042474307291666 0.1418096324074074 0.7042675802083332 0.15247363888888887 0.7287386661458334 0.15244229166666667 0.7287265765625001 0.14722713055555556 0.7329457989583333 0.14718438333333334 0.7329659479166666 0.14259618148148148 0.7257344348958333 0.1426389287037037 0.725718315625 0.1479652324074074 0.707285915625 0.14799373055555554 0.7072657666666667 0.11865773703703703 0.7080697161458333 0.1186719861111111 0.7080777755208333 0.11391279537037037 0.681329840625 0.1138444 0.6813580494791667 0.11862638888888889 0.7042051177083334 0.11865773703703703 0.7042675802083332 0.13727272685185185 0.6836087041666666 0.13718438333333333
3 0.5375518838541667 0.5986121398148149 0.5404855932291667 0.598640637962963 0.5405017125 0.63614705 0.5437960911458333 0.6361043027777779 0.5437457182291666 0.554970076851852 0.5405319364583333 0.5550384722222222 0.5405057427083333 0.5939583925925925 0.5375740479166667 0.5939868907407407 0.5375518838541667 0.5986121398148149
3 0.6148418296875 0.7947021944444445 0.6114245416666667 0.7947021944444445 0.6113943177083333 0.8492077518518518 0.6147833973958333 0.8492077518518518 0.6148418296875 0.7947021944444445
3 0.5788656057291667 0.7452322601851852 0.5867600239583334 0.7452265601851852 0.5866975619791667 0.753468225 0.5884041911458334 0.753448275925926 0.5883981463541667 0.7206469083333333 0.6040781786458334 0.7206697064814814 0.60407011875 0.74153605 0.6112230505208333 0.74153605 0.6112552890625 0.7391336564814815 0.6057545838541666 0.7391051583333333 0.6057384645833334 0.7182929611111111 0.5884263552083334 0.7182445138888889 0.5883759822916667 0.7112795666666666 0.6128128145833334 0.7112396694444444 0.6128672171874999 0.7391678537037037 0.6113963328125 0.7391222574074073 0.611444690625 0.7699943 0.5866915171875 0.7699572527777778 0.5866915171875 0.7723596462962963 0.6114043927083334 0.7723795953703704 0.6114265567708334 0.7730293527777778 0.6147592182291667 0.7730293527777778 0.6146081 0.7089028212962963 0.5867318156250001 0.7089370194444444 0.5867298005208333 0.742693075 0.5788857546875 0.7427614703703703 0.5788656057291667 0.7452322601851852
3 0.7058956276041666 0.7633399833333334 0.7026072937500001 0.7633684814814815 0.7026274432291667 0.8026645768518519 0.7059580901041667 0.8026759759259259 0.7058956276041666 0.7633399833333334
3 0.6723493854166667 0.728073525 0.6723493854166667 0.7259019666666666 0.6707152932291667 0.7259133657407407 0.6707253677083334 0.7266657166666667 0.6691476927083334 0.7266657166666667 0.6691476927083334 0.7260558564814814 0.6325609510416667 0.7260615555555555 0.6325609510416667 0.7308321462962963 0.7002800723958333 0.7306098601851851 0.7002458192708333 0.728059275925926 0.6723493854166667 0.728073525
3 0.7060124921875001 0.723642062962963 0.7025851302083334 0.7237047592592593 0.7025931895833334 0.7450185240740741 0.705937940625 0.7450185240740741 0.7060124921875001 0.723642062962963
3 0.7026213984375 0.7052892564814814 0.7059862984374999 0.7052892564814814 0.7060084624999999 0.6706326592592593 0.6895123916666667 0.6706868055555556 0.689506346875 0.6682359648148148 0.6861112229166667 0.668278712037037 0.6861212973958334 0.6753234537037037 0.7025972192708333 0.6753747509259259 0.7026213984375 0.7052892564814814
3 0.689532540625 0.6179538333333333 0.6861313723958333 0.6179937305555555 0.6861515213541666 0.6372698777777778 0.6895466453125 0.6372698777777778 0.689532540625 0.6179538333333333
3 0.6706911140624999 0.7066600166666667 0.6723554302083333 0.7066600166666667 0.6723836390625001 0.6885921916666666 0.7006568609375 0.6885038472222222 0.7006266369791666 0.68614705 0.6855671973958334 0.6862296953703704 0.6856498083333334 0.6783015101851853 0.6839472093750001 0.6783015101851853 0.6839250453125001 0.6861812481481481 0.6343703406250001 0.6856711314814815 0.6344529520833333 0.6483642064814815 0.6325891598958333 0.6483642064814815 0.6326153536458333 0.6883471074074075 0.6706890994791667 0.6883585064814814 0.6706911140624999 0.7066600166666667
3 0.6325045333333333 0.6243602166666666 0.63255490625 0.6291194074074075 0.6836772114583333 0.6290823592592593 0.6836530322916666 0.6244713592592593 0.6325045333333333 0.6243602166666666
3 0.6343925046875001 0.5632174407407408 0.6325811 0.5632174407407408 0.63260729375 0.6052237101851852 0.6343925046875001 0.6052237101851852 0.6343925046875001 0.5632174407407408
3 0.6895164213541667 0.5869535481481482 0.6894680635416666 0.5550128240740742 0.6301390286458334 0.5550527212962963 0.6301692526041667 0.5597121685185186 0.6861434614583334 0.5597292675925926 0.6861817447916666 0.5869677972222221 0.6895164213541667 0.5869535481481482
3 0.6055933911458333 0.5694784842592592 0.6055913760416666 0.5596580222222222 0.6199335078125 0.5596523222222222 0.6199355229166666 0.5550384722222222 0.6017650614583334 0.5550555712962962 0.6017469270833333 0.5596551722222223 0.6024642354166667 0.559603875925926 0.6024581906250001 0.5694670842592593 0.6055933911458333 0.5694784842592592
3 0.5405823088541666 0.6591336564814815 0.5405702197916666 0.6636791111111111 0.5819584927083333 0.6635765175925926 0.5819987911458333 0.6760216583333333 0.5853636911458333 0.6760216583333333 0.585373765625 0.5927386722222222 0.6039069109375 0.5927614703703703 0.6039552687499999 0.6020832148148147 0.6055611526041667 0.6020832148148147 0.6055530927083334 0.5883699055555555 0.5853818255208334 0.5881191222222222 0.5853717510416666 0.5550356222222222 0.5553072739583332 0.5550299231481481 0.5552851098958332 0.5596950694444445 0.582008865625 0.5596323740740741 0.5820048359375 0.659033912962963 0.5405823088541666 0.6591336564814815
4 0.6815917791666667 0.8760045592592592 0.6326496072916666 0.8759048157407407 0.6326496072916666 0.8856796805555556 0.6815917791666667 0.8857366768518519 0.6815917791666667 0.8760045592592592
4 0.5768184567708333 0.8839355944444445 0.5768184567708333 0.8797834138888888 0.5632560953125 0.8797834138888888 0.563278259375 0.8839897407407408 0.5768184567708333 0.8839355944444445
3 0.6129055005208334 0.8519150759259259 0.6128853515625 0.8794870333333333 0.63266975625 0.8794556851851851 0.6326596817708333 0.8759048157407407 0.6146121296874999 0.875947562962963 0.6146201895833333 0.8492134509259259 0.6113943177083333 0.8492077518518518 0.6113862583333333 0.848646337962963 0.6105923838541667 0.848646337962963 0.6105863390625 0.8535166712962963 0.6108341729166666 0.8535166712962963 0.6108442473958333 0.8519435740740741 0.6129055005208334 0.8519150759259259
3 0.3679266572916667 0.7526503277777777 0.367938746875 0.7558221712962964 0.3694458994791667 0.7558563694444445 0.3694338104166667 0.7526332287037037 0.3679266572916667 0.7526503277777777
3 0.3694398546875 0.7331404962962963 0.3796614953125 0.7331404962962963 0.37963731614583335 0.7306668564814816 0.3693894822916667 0.7305956111111112 0.3694398546875 0.718860074074074 0.36796695572916666 0.718825875925926 0.36796695572916666 0.7360045592592592 0.3694398546875 0.7360045592592592 0.3694398546875 0.7331404962962963
3 0.36940560156249996 0.6914049583333334 0.3797118677083333 0.6913907092592593 0.3797118677083333 0.6889341694444444 0.36688494843749997 0.6888486749999999 0.3669050979166667 0.6913622111111112 0.3679407614583334 0.6913622111111112 0.36793068697916664 0.7022029064814815 0.36940560156249996 0.7021886574074074 0.36940560156249996 0.6914049583333334
3 0.3351480958333333 0.8323225990740741 0.3351057828125 0.7558506694444445 0.3069917390625 0.7557281277777778 0.30699576875 0.7582274148148148 0.3333790046875 0.758270162037037 0.33342131770833333 0.8323225990740741 0.3351480958333333 0.8323225990740741
3 0.2932460203125 0.7556711314814815 0.2900020151041666 0.7556796805555556 0.2901007453125 0.8320974638888888 0.2931754984375 0.832140211111111 0.2932460203125 0.7556711314814815
3 0.2278722546875 0.7567825592592592 0.22439048958333335 0.7567825592592592 0.22441668333333334 0.8046366490740741 0.2278198671875 0.8046651472222223 0.2278722546875 0.7567825592592592
3 0.19502720104166665 0.8081561694444445 0.19504735052083333 0.8046708462962964 0.17105581302083334 0.8045853518518519 0.170995365625 0.7351068675925926 0.17987306041666665 0.7350213731481482 0.179903284375 0.7328583638888889 0.17096514218749997 0.7327728694444444 0.17087447083333332 0.7074095185185185 0.18086238177083333 0.7074095185185185 0.18086238177083333 0.7054146481481481 0.17087447083333332 0.7054146481481481 0.17090469479166667 0.6538785981481482 0.17948216822916668 0.653835850925926 0.17947410833333333 0.6504303222222222 0.16857545833333332 0.6504730694444444 0.1685150109375 0.8081561694444445 0.19502720104166665 0.8081561694444445
3 0.2836449729166667 0.6283157592592592 0.27772113645833335 0.6283499574074075 0.27770703229166666 0.6104502703703704 0.2761212973958333 0.6104787685185185 0.2761233125 0.630575662962963 0.28362079375 0.630575662962963 0.2836449729166667 0.6283157592592592
3 0.28365303229166666 0.6515161018518518 0.27028813229166665 0.6514933027777777 0.2703062661458333 0.6540182388888889 0.28365303229166666 0.654043887037037 0.28365303229166666 0.6515161018518518
3 0.256731815625 0.6514733546296296 0.2501188796875 0.6514990027777777 0.2501188796875 0.6539754916666667 0.2567156963541667 0.6539897407407407 0.256731815625 0.6514733546296296
3 0.27207334270833333 0.7304132231481482 0.2830606489583333 0.7304844685185186 0.2830606489583333 0.7280136787037037 0.27207334270833333 0.7279851805555555 0.27207334270833333 0.7304132231481482
3 0.29057424947916666 0.7280222287037037 0.28649607083333334 0.7280079796296296 0.2865061453125 0.7304502703703704 0.29057424947916666 0.7304217722222222 0.29057424947916666 0.7280222287037037
3 0.30223453541666667 0.7303419777777778 0.3068083817708333 0.7303191796296297 0.30682651614583334 0.7280421768518519 0.30224460989583335 0.7280279277777778 0.30223453541666667 0.7303419777777778
3 0.28645174270833335 0.7047449416666667 0.30677614322916663 0.7046793962962964 0.3068083817708333 0.7303191796296297 0.30844045937500003 0.7303191796296297 0.3084303848958333 0.6929438583333334 0.34193431406249997 0.6929438583333334 0.34193834375 0.7278626388888888 0.3201672375 0.7277913935185185 0.3201672375 0.7302308351851852 0.34373362864583334 0.7303191796296297 0.343691315625 0.6906868055555555 0.30676606875 0.6907381018518519 0.30676606875 0.7022684527777778 0.2864356234375 0.7022171555555556 0.2865081604166667 0.6906355083333333 0.28314124531249996 0.6906355083333333 0.2830606489583333 0.7304844685185186 0.2865061453125 0.7304844685185186 0.28645174270833335 0.7047449416666667
3 0.19520249843749998 0.6556939296296297 0.19850090677083332 0.6556597324074075 0.1985512796875 0.6504645194444444 0.19890187395833334 0.6504987175925926 0.19890187395833334 0.6456568824074074 0.19095305260416667 0.645585637037037 0.19096111197916665 0.6504673694444445 0.19520249843749998 0.6504645194444444 0.19520249843749998 0.6556939296296297
3 0.21069312916666666 0.7037589055555555 0.20500100729166668 0.7037361074074074 0.20500100729166668 0.7047164435185185 0.21071126354166667 0.7047420916666667 0.21069312916666666 0.7037589055555555
3 0.21103163385416668 0.7041635796296296 0.2183699375 0.7041635796296296 0.2183699375 0.7325705333333333 0.19371347968750002 0.7325705333333333 0.19371347968750002 0.7350299231481482 0.22783195625000002 0.7352123111111112 0.22776949427083334 0.7064405814814815 0.224485190625 0.706531775 0.22442071302083333 0.7325705333333333 0.22010679010416664 0.7325705333333333 0.22004231302083335 0.7092647481481482 0.22442071302083333 0.7092647481481482 0.22442071302083333 0.7070789398148148 0.2206226072916667 0.7070789398148148 0.2206226072916667 0.7017982333333334 0.22061857864583334 0.7017982333333334 0.2206226072916667 0.68076375 0.19377795677083334 0.6808549444444445 0.19377795677083334 0.7161840981481482 0.19538585520833335 0.7161840981481482 0.19532339322916667 0.6830407527777779 0.21103163385416668 0.6831319462962964 0.21103163385416668 0.7041635796296296
3 0.2188857546875 0.7017982333333334 0.2188857546875 0.6831319462962964 0.21263953229166666 0.6831319462962964 0.21263953229166666 0.7017982333333334 0.2188857546875 0.7017982333333334
3 0.2159520453125 0.6745910518518519 0.1952004833333333 0.6745369055555556 0.19522466249999998 0.6789598175925926 0.21891799322916666 0.6789598175925926 0.2189865 0.6504331722222222 0.23265363697916666 0.6505414648148148 0.23261938333333332 0.6456967796296297 0.215295184375 0.6456426333333333 0.21524884166666666 0.650379025 0.21588958281249998 0.650387575 0.2159520453125 0.6745910518518519
3 0.24288938125 0.6504702194444444 0.247771509375 0.6504702194444444 0.247771509375 0.6342405240740742 0.24456578697916667 0.6342405240740742 0.24456377187499997 0.6457794240740741 0.24285714270833333 0.645765175 0.24288938125 0.6504702194444444
4 0.6014124520833334 0.2841949277777778 0.6014728994791666 0.29251068703703703 0.6232278864583333 0.29245084074074074 0.623268184375 0.2841806787037037 0.6014124520833334 0.2841949277777778
3 0.17140237760416666 0.835776574074074 0.1685150109375 0.835776574074074 0.1685150109375 0.8108349953703703 0.18714285729166666 0.8106583074074074 0.18723352812500002 0.8189997148148148 0.18900463437499998 0.8190025648148148 0.18903284322916666 0.8126360787037037 0.195057425 0.8126360787037037 0.19502720104166665 0.8081561694444445 0.1685150109375 0.8081561694444445 0.16857545833333332 0.6504730694444444 0.17947410833333333 0.6504303222222222 0.17944186979166668 0.6456426333333333 0.1652246625 0.6456426333333333 0.16528510989583334 0.8403419777777777 0.17143260104166666 0.8403419777777777 0.17140237760416666 0.835776574074074
3 0.24777956874999998 0.6084012537037037 0.28496675416666667 0.6084012537037037 0.2849566796875 0.6890054148148148 0.3504795484375 0.6888942722222222 0.3504009671875 0.6842063268518518 0.28824904270833335 0.6842519240740741 0.28826113229166667 0.6084012537037037 0.2949566796875 0.6083214592592593 0.29503526093750004 0.6670561416666666 0.33400362708333337 0.6671501851851852 0.3339149708333334 0.6468538046296297 0.33064477135416664 0.6468538046296297 0.33060044322916665 0.6623368481481482 0.29832762447916666 0.6622713027777778 0.29841628072916665 0.6084297518518519 0.33062260729166665 0.6083214592592593 0.33062260729166665 0.6238671990740741 0.3338363890625 0.6238671990740741 0.3338928067708334 0.6016813907407408 0.3306770098958333 0.6016813907407408 0.33057626458333333 0.6037218583333333 0.2604976828125 0.6034311768518519 0.2604976828125 0.5870019944444445 0.2571368125 0.5874152175925926 0.2570179328125 0.6035166712962963 0.24457183177083333 0.6038444000000001 0.24455168229166666 0.6179652324074074 0.24782188177083334 0.6180450268518518 0.24777956874999998 0.6084012537037037
3 0.30218416302083334 0.8357623249999999 0.28321176718749996 0.835768025 0.28321176718749996 0.8403049305555556 0.30218416302083334 0.8403505268518519 0.30218416302083334 0.8357623249999999
4 0.36856336875 0.8320262185185184 0.34632681822916667 0.8321943574074074 0.3463852510416666 0.8420119694444445 0.368652025 0.8419834712962962 0.36856336875 0.8320262185185184
4 0.3244106385416667 0.8321943574074074 0.3022143864583333 0.8321801083333333 0.30215393906250004 0.8420404675925925 0.3244106385416667 0.8419977203703704 0.3244106385416667 0.8321943574074074
4 0.2834737052083333 0.841926475 0.2834737052083333 0.8403077796296297 0.28321176718749996 0.8403077796296297 0.2832178119791667 0.8321145629629629 0.23469474114583333 0.8322000574074074 0.23475115833333332 0.840393274074074 0.23442877291666667 0.840393274074074 0.2344428770833333 0.8419350240740741 0.2834737052083333 0.841926475
4 0.22191416458333332 0.8357908231481481 0.19476727760416665 0.8357338268518518 0.1947975015625 0.8419977203703704 0.22187588177083334 0.8419549731481482 0.22191416458333332 0.8357908231481481
3 0.3244307880208333 0.8357053287037036 0.34633689322916666 0.835776574074074 0.34633689322916666 0.8321943574074074 0.3244106385416667 0.8321943574074074 0.3244307880208333 0.8357053287037036
3 0.28321176718749996 0.835768025 0.30218416302083334 0.8357623249999999 0.3021942375 0.8321544601851851 0.2832178119791667 0.8321145629629629 0.28321176718749996 0.835768025
3 0.3823393109375 0.8357366768518518 0.38227483385416666 0.7929410092592593 0.37967156979166666 0.7928213166666667 0.3797340317708333 0.8321487601851851 0.36856336875 0.8322513537037037 0.3686036671875 0.8358335703703703 0.3823393109375 0.8357366768518518
3 0.22601047760416665 0.8357138787037037 0.23476324791666667 0.8357452268518518 0.23472093489583334 0.832140211111111 0.22773927083333334 0.832125962037037 0.2278198671875 0.8046651472222223 0.221674390625 0.8046167 0.22170259947916668 0.8081675694444445 0.22601450729166667 0.8081675694444445 0.22601047760416665 0.8357138787037037
3 0.32440056406249995 0.8357195777777777 0.3244106385416667 0.8403362777777778 0.3463852510416666 0.8404217722222223 0.3463852510416666 0.8358050722222222 0.32440056406249995 0.8357195777777777
3 0.37789643385416666 0.684223425925926 0.36688696354166667 0.684223425925926 0.36688696354166667 0.6888686231481481 0.37971589739583334 0.6889256194444444 0.37963530104166665 0.7558763175925926 0.3488736651041667 0.7557993731481482 0.3488736651041667 0.7581191222222222 0.3797078380208333 0.7583100601851852 0.37967156979166666 0.7928213166666667 0.38227483385416666 0.7929410092592593 0.3823393109375 0.8357366768518518 0.36859359270833336 0.8358478194444444 0.3686419505208333 0.840393274074074 0.38632883333333334 0.840379025 0.38632883333333334 0.7872043314814814 0.38381825520833335 0.787295525925926 0.38375377812499994 0.6832231407407408 0.38195244791666666 0.6831319462962964 0.382061253125 0.6136734111111112 0.37969977812500005 0.6132031916666667 0.37957082395833336 0.5779652324074074 0.3762865203125 0.5779652324074074 0.3762865203125 0.6179367342592592 0.37789643385416666 0.6179367342592592 0.37789643385416666 0.684223425925926
3 0.22601047760416665 0.8357138787037037 0.22601450729166667 0.8081675694444445 0.22170259947916668 0.8081675694444445 0.22166431614583332 0.8127700203703704 0.22434213177083334 0.8127956685185186 0.22431795260416668 0.8357594759259259 0.22189603072916667 0.835776574074074 0.22189603072916667 0.8404075231481482 0.23475115833333332 0.840379025 0.23476324791666667 0.8357452268518518 0.22601047760416665 0.8357138787037037
3 0.1947975015625 0.840393274074074 0.19478742708333333 0.8357338268518518 0.1889562765625 0.8358050722222222 0.1889562765625 0.8337446564814814 0.18728390104166664 0.8337332574074074 0.18728390104166664 0.8357224277777778 0.18489018750000003 0.8357879740740741 0.18487406822916666 0.8404046740740742 0.1947975015625 0.840393274074074
2 0.3338928067708334 0.6016813907407408 0.3339351197916667 0.5786178398148148 0.31680233750000003 0.5787831287037037 0.3167378604166667 0.6016386435185185 0.3338928067708334 0.6016813907407408
3 0.3340318354166667 0.6842177259259259 0.33400362708333337 0.6671501851851852 0.3333588557291666 0.6671587342592592 0.3333931088541667 0.6842063268518518 0.3340318354166667 0.6842177259259259
2 0.3504996979166667 0.686332287962963 0.3668768890625 0.686332287962963 0.3668245015625 0.6623710462962963 0.3505037276041667 0.6622855518518519 0.3504996979166667 0.686332287962963
2 0.30224460989583335 0.7280279277777778 0.29057424947916666 0.7280222287037037 0.290564175 0.7343060703703704 0.30223453541666667 0.7343060703703704 0.30224460989583335 0.7280279277777778
2 0.30844045937500003 0.7303191796296297 0.3201672375 0.7302308351851852 0.32014305885416666 0.7126018805555556 0.3084203104166667 0.7125591333333333 0.30844045937500003 0.7303191796296297
2 0.3694398546875 0.718860074074074 0.36940560156249996 0.7021886574074074 0.3652891395833333 0.7022171555555556 0.3653395125 0.7188942722222222 0.3694398546875 0.718860074074074
2 0.3694338104166667 0.7526332287037037 0.3694398546875 0.7360045592592592 0.36524884166666666 0.7360530064814814 0.36531936354166666 0.7526588768518518 0.3694338104166667 0.7526332287037037
2 0.3488877692708333 0.7558278712962962 0.3350977229166666 0.7558706185185186 0.3351480958333333 0.7761271018518519 0.3489582911458333 0.776169849074074 0.3488877692708333 0.7558278712962962
4 0.19095305260416667 0.645585637037037 0.17944186979166668 0.6456426333333333 0.17948216822916668 0.653835850925926 0.19094096302083333 0.6538899972222222 0.19095305260416667 0.645585637037037
2 0.3069917390625 0.7557281277777778 0.2932661697916667 0.7557281277777778 0.29330646770833335 0.7760416074074075 0.30697561979166665 0.7760416074074075 0.3069917390625 0.7557281277777778
2 0.18723352812500002 0.8189997148148148 0.18728390104166664 0.8337332574074074 0.19883739687500002 0.8337703046296296 0.19880515833333331 0.8189854657407408 0.18723352812500002 0.8189997148148148
2 0.2278722546875 0.7567825592592592 0.22783195625000002 0.7352123111111112 0.210404996875 0.7351866629629629 0.21050574270833333 0.7568509546296297 0.2278722546875 0.7567825592592592
2 0.2567156963541667 0.6539897407407407 0.2703062661458333 0.6540182388888889 0.2703123109375 0.6333456824074074 0.2567922625 0.6333456824074074 0.2567156963541667 0.6539897407407407
2 0.19340116875 0.6556796805555556 0.19339915364583332 0.6745768027777778 0.20836993750000002 0.6744514111111111 0.20836993750000002 0.6556682814814815 0.19340116875 0.6556796805555556
2 0.19560145052083333 0.7047705898148148 0.20500100729166668 0.7047164435185185 0.2049909328125 0.6977001990740741 0.19558331666666667 0.6977001990740741 0.19560145052083333 0.7047705898148148
2 0.19377795677083334 0.7161840981481482 0.19371347968750002 0.7325705333333333 0.20606689479166668 0.7325790824074074 0.20603062656249999 0.7161897972222222 0.19377795677083334 0.7161840981481482
2 0.19284908333333334 0.7053405527777777 0.18086238177083333 0.7054146481481481 0.18087447083333333 0.7115047018518519 0.1928289338541667 0.71153605 0.19284908333333334 0.7053405527777777
3 0.19520249843749998 0.6556939296296297 0.19520249843749998 0.6504645194444444 0.19096111197916665 0.6504673694444445 0.19094096302083333 0.6538899972222222 0.19339310885416666 0.6539156453703703 0.19340116875 0.6556796805555556 0.19520249843749998 0.6556939296296297
4 0.21525690104166667 0.6446708462962962 0.19881523281250002 0.6446850953703703 0.19890187395833334 0.6504987175925926 0.21524884166666666 0.650379025 0.21525690104166667 0.6446708462962962
4 0.24285714270833333 0.645765175 0.23261938333333332 0.6456967796296297 0.23271609895833334 0.653835850925926 0.24287527708333334 0.6538899972222222 0.24285714270833333 0.645765175
4 0.25032843020833334 0.6180364777777777 0.24455168229166666 0.6179652324074074 0.24456578697916667 0.6342405240740742 0.25030626614583334 0.6343003703703703 0.25032843020833334 0.6180364777777777
4 0.18489018750000003 0.8357879740740741 0.17140237760416666 0.835776574074074 0.17143260104166666 0.8403419777777777 0.18487406822916666 0.8404046740740742 0.18489018750000003 0.8357879740740741
4 0.221674390625 0.8046167 0.19504735052083333 0.8046708462962964 0.195057425 0.8126360787037037 0.22166431614583332 0.8127700203703704 0.221674390625 0.8046167
3 0.28823292343749995 0.6670589907407408 0.29503526093750004 0.6670561416666666 0.2949889182291667 0.6646765462962964 0.2882631473958333 0.6646708462962962 0.28823292343749995 0.6670589907407408
3 0.19378803125 0.7053263037037036 0.1928591578125 0.7053405527777777 0.19283900885416666 0.7076603018518519 0.19378803125 0.7076603018518519 0.19378803125 0.7053263037037036
3 0.19522466249999998 0.6789598175925926 0.1952004833333333 0.6745369055555556 0.19339915364583332 0.6745768027777778 0.19339915364583332 0.6808976916666667 0.220608503125 0.6807666 0.22062865208333332 0.653835850925926 0.23271609895833334 0.653835850925926 0.23265363697916666 0.6505414648148148 0.2189865 0.6504331722222222 0.21891799322916666 0.6789598175925926 0.19522466249999998 0.6789598175925926
3 0.24287527708333334 0.6538899972222222 0.2501188796875 0.6539754916666667 0.25030626614583334 0.6343003703703703 0.247771509375 0.6342405240740742 0.247771509375 0.6504702194444444 0.24288938125 0.6504702194444444 0.24287527708333334 0.6538899972222222
3 0.28336893020833337 0.6905557138888889 0.2865081604166667 0.6906355083333333 0.2864356234375 0.7022171555555556 0.30676606875 0.7022684527777778 0.30676606875 0.6907381018518519 0.3505238765625 0.6908007981481481 0.3504795484375 0.6888942722222222 0.2849566796875 0.6890054148148148 0.28496675416666667 0.6084012537037037 0.24777956874999998 0.6084012537037037 0.24782188177083334 0.6180450268518518 0.25032843020833334 0.6180364777777777 0.2502780578125 0.6108178972222221 0.28367116666666664 0.6103562268518518 0.28336893020833337 0.6905557138888889
3 0.34373362864583334 0.7303191796296297 0.3497300020833333 0.7303134796296297 0.3497300020833333 0.7281989166666667 0.3437215395833333 0.7281647194444445 0.34373362864583334 0.7303191796296297
3 0.6815917791666667 0.8794984324074073 0.7026475921875 0.8794870333333333 0.7026274432291667 0.8340353379629629 0.7000866411458334 0.8339754916666666 0.7000866411458334 0.8758934166666666 0.6815817046875 0.875976061111111 0.6815917791666667 0.8794984324074073
3 0.5541184765625 0.7395753777777777 0.5541466854166667 0.8576945 0.5559097317708334 0.8576945 0.5558795083333333 0.8842832712962964 0.563278259375 0.8843146194444444 0.5632762442708333 0.8795126814814814 0.5599778359375001 0.8795468796296296 0.5598871651041667 0.8543944148148148 0.5792363489583334 0.8544001138888889 0.5792363489583334 0.8630122546296296 0.5808865604166668 0.8630122546296296 0.5808563369791667 0.8564804787037037 0.5839451942708334 0.8564804787037037 0.583884746875 0.8519834712962963 0.5581624015625 0.8519549731481482 0.5581462822916666 0.7725562842592593 0.5670703203124999 0.7725562842592593 0.5670703203124999 0.7701139925925926 0.5581120291666667 0.7701652888888889 0.5581684463541666 0.7450840694444444 0.5671650213541667 0.7451695638888889 0.5671650213541667 0.7426674268518518 0.5581684463541666 0.7427529212962962 0.5581664317708334 0.7337931037037037 0.5562079385416666 0.7338216018518519 0.5562663713541667 0.7070019944444444 0.5853959296875 0.7070247935185185 0.5854241385416666 0.6993616416666667 0.5819685671875 0.6993331435185185 0.5819605078125 0.7022371046296296 0.55216804375 0.7022998009259259 0.5522526697916667 0.7395012824074074 0.5541184765625 0.7395753777777777
3 0.6326596817708333 0.8794699342592592 0.6128853515625 0.8794870333333333 0.6129055005208334 0.8519150759259259 0.6108442473958333 0.8519435740740741 0.6109752166666667 0.8842718722222223 0.6326395322916666 0.8842718722222223 0.6326596817708333 0.8794699342592592
3 0.6815817046875 0.884229125 0.706000403125 0.8842861212962962 0.7059802536458334 0.8340068398148148 0.7026274432291667 0.8340353379629629 0.7026475921875 0.8794870333333333 0.6815817046875 0.8795126814814814 0.6815817046875 0.884229125
3 0.5838968364583333 0.8843003703703703 0.5838867619791667 0.8797406666666666 0.5808442473958333 0.8797549157407407 0.580854321875 0.8776432027777777 0.5792806770833334 0.8776460527777779 0.5792766473958333 0.8797406666666666 0.5768265161458334 0.8797406666666666 0.5768265161458334 0.8842861212962962 0.5838968364583333 0.8843003703703703
2 0.5838766875 0.6993103444444445 0.5838968364583333 0.6759988601851852 0.5666774130208334 0.6760729555555555 0.5666713682291667 0.6993074953703704 0.5838766875 0.6993103444444445
2 0.5405017125 0.63614705 0.5405823088541666 0.6591336564814815 0.5576727786458334 0.6590082648148148 0.5576727786458334 0.6362125962962963 0.5405017125 0.63614705
2 0.6706911140624999 0.7066600166666667 0.6707152932291667 0.7259133657407407 0.68525085625 0.725967512037037 0.6852992140624999 0.7066315185185186 0.6706911140624999 0.7066600166666667
3 0.6325609510416667 0.7308321462962963 0.6325448317708333 0.7466685666666667 0.6343159380208333 0.7466685666666667 0.6342957890625001 0.7308207462962963 0.6325609510416667 0.7308321462962963
2 0.6341426557291666 0.7260729555555555 0.6340378802083334 0.7094898833333333 0.6300423130208334 0.7094927333333334 0.6300886562500001 0.7260672555555556 0.6341426557291666 0.7260729555555555
3 0.6146403385416667 0.699786263888889 0.613145275 0.699786263888889 0.6131251260416666 0.7089085212962963 0.6146081 0.7089028212962963 0.6146403385416667 0.699786263888889
3 0.6326153536458333 0.6883471074074075 0.6326556520833333 0.7094898833333333 0.6340378802083334 0.7094898833333333 0.6340378802083334 0.6883556564814816 0.6326153536458333 0.6883471074074075
2 0.63255490625 0.6291194074074075 0.6325891598958333 0.6483642064814815 0.6469715895833333 0.6484497009259259 0.6469111427083334 0.6291308064814815 0.63255490625 0.6291194074074075
2 0.63260729375 0.6052237101851852 0.6325045333333333 0.6243602166666666 0.646925246875 0.6243915648148148 0.646925246875 0.6053035055555556 0.63260729375 0.6052237101851852
2 0.6073443479166667 0.5883015101851852 0.6073886760416667 0.5694813333333334 0.5921478942708334 0.5694955824074075 0.5921478942708334 0.5882445138888889 0.6073443479166667 0.5883015101851852
2 0.6145939953125 0.6547734398148148 0.6146141447916667 0.6382188657407407 0.6020753578125 0.6382359648148148 0.6020471489583333 0.6547278425925926 0.6145939953125 0.6547734398148148
4 0.6109449927083334 0.8797406666666666 0.5838766875 0.8797549157407407 0.5839069109375 0.8857366768518519 0.6109752166666667 0.8857366768518519 0.6109449927083334 0.8797406666666666
2 0.605937940625 0.6722485037037037 0.5941930286458333 0.6722428046296297 0.5941668343750001 0.6783642064814814 0.6059137619791667 0.6783927046296296 0.605937940625 0.6722485037037037
2 0.5886379208333333 0.7422057564814815 0.5981281484375 0.7421972074074075 0.5981301630208333 0.7350584212962963 0.588607696875 0.7350527212962963 0.5886379208333333 0.7422057564814815
4 0.5853657062500001 0.559415787962963 0.6017469270833333 0.5596551722222223 0.6017449125 0.554237675 0.5853636911458333 0.5541835277777777 0.5853657062500001 0.559415787962963
4 0.6904916380208334 0.5869535481481482 0.6836107192708333 0.5869962953703703 0.6836228088541667 0.6179880305555555 0.6905399958333334 0.6179367342592592 0.6904916380208334 0.5869535481481482
4 0.6301390286458334 0.5550527212962963 0.6199355229166666 0.5550384722222222 0.6199194036458333 0.5631889425925926 0.6301732822916667 0.5632715870370371 0.6301390286458334 0.5550527212962963
2 0.5908865604166667 0.8630436018518518 0.5789320973958334 0.8629666574074074 0.5789139635416666 0.8776574518518518 0.5908180536458333 0.8776660018518518 0.5908865604166667 0.8630436018518518
2 0.5788857546875 0.7427614703703703 0.5671650213541667 0.7426674268518518 0.5671549463541666 0.7487688796296297 0.5788857546875 0.7486833851851852 0.5788857546875 0.7427614703703703
2 0.6148418296875 0.7947021944444445 0.6147592182291667 0.7730293527777778 0.5974229296875 0.7730550018518518 0.5974773322916668 0.794799087962963 0.6148418296875 0.7947021944444445
2 0.5866975619791667 0.753468225 0.5866915171875 0.7699572527777778 0.5992585130208333 0.7699658018518519 0.5992282895833333 0.7535138212962963 0.5866975619791667 0.753468225
4 0.5553072739583332 0.5550299231481481 0.5437457182291666 0.554970076851852 0.5437960911458333 0.5597064694444445 0.5552851098958332 0.5596950694444445 0.5553072739583332 0.5550299231481481
4 0.6836107192708333 0.6373354231481482 0.6836167640624999 0.668273012037037 0.6905299213541666 0.6682359648148148 0.690519846875 0.6372698777777778 0.6836107192708333 0.6373354231481482
4 0.7001027604166666 0.7053405527777777 0.7001591781250001 0.7237047592592593 0.7060124921875001 0.723642062962963 0.7059862984374999 0.7052892564814814 0.7001027604166666 0.7053405527777777
4 0.7000201489583334 0.7450441722222222 0.699981865625 0.7633684814814815 0.7058956276041666 0.7633399833333334 0.705937940625 0.7450185240740741 0.7000201489583334 0.7450441722222222
4 0.7001027604166666 0.8026674268518518 0.7000866411458334 0.8339754916666666 0.7069413661458334 0.8339583925925926 0.7069816640625 0.8026759759259259 0.7001027604166666 0.8026674268518518
4 0.6105823088541666 0.8486320888888889 0.5838464640625 0.8487261324074075 0.5839230302083334 0.8536192648148149 0.6105863390625 0.8535166712962963 0.6105823088541666 0.8486320888888889
3 0.5562079385416666 0.7338216018518519 0.5580153135416667 0.7337902537037037 0.5580153135416667 0.7094157879629629 0.5867378604166666 0.7094157879629629 0.5867318156250001 0.7089370194444444 0.5871025588541666 0.7089256194444444 0.587118678125 0.699424337037037 0.5854241385416666 0.6993616416666667 0.5853959296875 0.7070247935185185 0.5562663713541667 0.7070019944444444 0.5562079385416666 0.7338216018518519
3 0.60368325625 0.7412909657407407 0.5981281484375 0.7412909657407407 0.5981281484375 0.7421972074074075 0.60368325625 0.7422228555555556 0.60368325625 0.7412909657407407
3 0.583884746875 0.8519834712962963 0.5838464640625 0.8487261324074075 0.5581382229166666 0.8487774296296297 0.5581624015625 0.8519549731481482 0.583884746875 0.8519834712962963
3 0.7026072937500001 0.7633684814814815 0.699981865625 0.7633684814814815 0.7001027604166666 0.8026674268518518 0.7026274432291667 0.8026645768518519 0.7026072937500001 0.7633684814814815
3 0.7025851302083334 0.7237047592592593 0.7001591781250001 0.7237047592592593 0.7000201489583334 0.7450441722222222 0.7025931895833334 0.7450185240740741 0.7025851302083334 0.7237047592592593
3 0.7006568609375 0.6885038472222222 0.7001208947916666 0.6885009972222222 0.7001027604166666 0.7053405527777777 0.7026213984375 0.7052892564814814 0.7025972192708333 0.6753747509259259 0.6861212973958334 0.6753234537037037 0.6861112229166667 0.668278712037037 0.6836167640624999 0.668273012037037 0.6836510177083334 0.6783157592592592 0.7005903687499999 0.6784126527777777 0.7006568609375 0.6885038472222222
3 0.6861313723958333 0.6179937305555555 0.6836228088541667 0.6179880305555555 0.6836107192708333 0.6373354231481482 0.6861515213541666 0.6372698777777778 0.6861313723958333 0.6179937305555555
3 0.6861777151041667 0.5869848962962962 0.6861434614583334 0.5597292675925926 0.6301692526041667 0.5597121685185186 0.6301732822916667 0.5632715870370371 0.6836409432291667 0.5632316898148148 0.6836107192708333 0.5869962953703703 0.6861777151041667 0.5869848962962962
3 0.6073886760416667 0.5694813333333334 0.60739270625 0.5632088916666668 0.6199194036458333 0.5631889425925926 0.6199335078125 0.5596523222222222 0.6055913760416666 0.5596580222222222 0.6055913760416666 0.5694813333333334 0.6073886760416667 0.5694813333333334
3 0.5853636911458333 0.6760359074074074 0.5870904692708333 0.6760359074074074 0.5871005442708334 0.6745768027777778 0.5941789239583334 0.6745768027777778 0.5941930286458333 0.6722428046296297 0.5870723354166666 0.6722456537037037 0.5866089057291667 0.6050897694444444 0.6073141244791667 0.6049700768518519 0.6073443479166667 0.5883015101851852 0.6055530927083334 0.5883699055555555 0.6055813015625 0.6020974638888889 0.5853616765624999 0.6019578231481482 0.5853636911458333 0.6760359074074074
3 0.6146846666666667 0.6746053009259259 0.6145738463541667 0.6569848962962963 0.613048559375 0.6569820462962963 0.6130183359375 0.6722228555555555 0.605937940625 0.6722485037037037 0.605937940625 0.6746793962962963 0.6146846666666667 0.6746053009259259
3 0.5866089057291667 0.6570361925925926 0.6145738463541667 0.6569848962962963 0.6145939953125 0.6547734398148148 0.5881664317708334 0.6548275861111111 0.5881744911458333 0.6073867194444444 0.6128269192708333 0.6073753203703703 0.612792665625 0.6382188657407407 0.6146141447916667 0.6382188657407407 0.6144892203125 0.6050213731481482 0.5866089057291667 0.6050897694444444 0.5866089057291667 0.6570361925925926
3 0.6085653838541667 0.15641778240740742 0.608581503125 0.16565688240740742 0.5968527098958333 0.16565118240740742 0.5968365906249999 0.1681875175925926 0.5981684463541667 0.1681875175925926 0.5981906104166667 0.18079509814814815 0.5998347776041667 0.18079509814814815 0.5998569411458334 0.16815901944444445 0.608811203125 0.16821601574074074 0.6088333666666668 0.2080136787037037 0.599814628125 0.20810202314814813 0.5998347776041667 0.19737817037037036 0.5981906104166667 0.19737817037037036 0.5982309088541666 0.2080136787037037 0.5969192020833333 0.20810202314814813 0.5969192020833333 0.2100142490740741 0.6162885354166666 0.2101025935185185 0.6162885354166666 0.20810202314814813 0.6102498489583332 0.20810202314814813 0.6103102963541667 0.15991165555555556 0.6331392302083334 0.15990880555555556 0.633137215625 0.1701624398148148 0.6363026395833333 0.17013109166666668 0.6362603265625 0.15988030740740738 0.6473826312500001 0.15991165555555556 0.64739270625 0.1417725851851852 0.6448216802083333 0.14178683425925925 0.6448418296875 0.15638928425925927 0.6085653838541667 0.15641778240740742
3 0.7042595203124999 0.1524850388888889 0.7042313114583333 0.1418153324074074 0.6836006447916667 0.14184383055555555 0.6835905703125 0.1454374462962963 0.7023413260416667 0.1454944425925926 0.7023715494791667 0.15436021666666666 0.7305138020833333 0.15436021666666666 0.7305339510416666 0.15086349351851852 0.732915575 0.15086349351851852 0.7329357244791667 0.14718438333333334 0.7287265765625001 0.14722713055555556 0.7287265765625001 0.15241379351851853 0.7042595203124999 0.1524850388888889
3 0.6085754583333334 0.15641778240740742 0.6448438442708333 0.1564206324074074 0.6448277250000001 0.14178683425925925 0.6473906911458334 0.14177543425925926 0.6473725567708333 0.1371986324074074 0.6416703604166667 0.13721858055555555 0.6416965546875001 0.15189512685185186 0.6085452348958333 0.15184383055555553 0.6085754583333334 0.13381875185185185 0.6249264557291667 0.13377600462962963 0.6249365302083334 0.11860359074074076 0.6275982270833332 0.11858934166666668 0.6275962119791667 0.11386149907407409 0.5860588354166667 0.11392134537037038 0.5860507755208333 0.09842405277777778 0.5828208744791666 0.0984554 0.5828208744791666 0.11865488703703704 0.6052105588541666 0.11863439537037036 0.6052206328125 0.1611057277777778 0.5967882328125 0.1611057277777778 0.5967700989583334 0.16564263333333334 0.6085855328124999 0.16567968055555557 0.6085754583333334 0.15641778240740742
3 0.6085553197916667 0.11863133333333332 0.6085653838541667 0.1314876037037037 0.6233084828125001 0.13151610185185184 0.6232984083333334 0.11861783981481482 0.6085553197916667 0.11863133333333332
3 0.7447672776041667 0.1425819324074074 0.7447471286458334 0.1471416361111111 0.7615313317708333 0.14713878611111111 0.7615696151041667 0.28794528333333336 0.7323735645833334 0.2878597888888889 0.7323433406250001 0.2924764888888889 0.73637920625 0.29249073796296293 0.7363147291666666 0.2988030777777778 0.7380394921875 0.2988030777777778 0.73806165625 0.29017383888888887 0.7615192421875 0.2901538898148148 0.7615011083333333 0.3153576518518519 0.7543582510416668 0.31540609814814813 0.7543985494791666 0.3201510398148148 0.764924440625 0.320193787037037 0.7649647390625 0.11381590185185185 0.7475277052083332 0.11388714722222222 0.7475478541666667 0.11854659444444446 0.7615796895833333 0.11853234537037038 0.7615514807291667 0.14254488425925926 0.7447672776041667 0.1425819324074074
3 0.7499697765625 0.1792191509259259 0.7499899255208333 0.18125106851851852 0.7591597822916667 0.18116557407407408 0.7592202296875 0.20616699907407407 0.7482712067708334 0.20623824444444444 0.7482611322916667 0.20856654351851853 0.7590791859375 0.2085237962962963 0.7590489625 0.28443716203703706 0.7324037880208334 0.28447990925925926 0.7323937135416667 0.2878597888888889 0.7616099135416667 0.28800227962962965 0.7615192421875 0.14711313796296296 0.7447672776041667 0.1471558851851852 0.7447572031249999 0.15068110555555556 0.7591396333333333 0.15068110555555556 0.7591396333333333 0.1792191509259259 0.7499697765625 0.1792191509259259
3 0.725770703125 0.12383870092592593 0.7288232921875 0.12383870092592593 0.7288071729166667 0.11855799351851852 0.73604473125 0.11855799351851852 0.7360286119791667 0.11388714722222222 0.7245718317708333 0.11382160185185185 0.7245557125000001 0.11858364166666667 0.7257525692708333 0.11860929074074075 0.725770703125 0.12383870092592593
3 0.7409409630208333 0.3201709888888889 0.7409611119791666 0.3154402962962963 0.7381382229166668 0.3154545453703704 0.7381482973958333 0.31356511851851854 0.73637920625 0.3135879166666667 0.7363912958333334 0.3154402962962963 0.7330364697916667 0.3154345962962963 0.7330364697916667 0.3202080361111111 0.7409409630208333 0.3201709888888889
3 0.6935643765625 0.3154488453703704 0.6936046744791666 0.32027643240740744 0.7063489822916666 0.320193787037037 0.7063489822916666 0.31542034722222223 0.6935643765625 0.3154488453703704
3 0.6234394520833334 0.31540609814814813 0.6234394520833334 0.320193787037037 0.6443904895833333 0.32016528888888884 0.6443904895833333 0.3154345962962963 0.6234394520833334 0.31540609814814813
3 0.5792564979166667 0.3155200907407408 0.5792464234375 0.3201367907407407 0.6011928270833333 0.32017953796296295 0.6012029015625 0.31542034722222223 0.5792564979166667 0.3155200907407408
3 0.5417570015625 0.1707324027777778 0.5417852104166666 0.32011684259259254 0.5569595005208333 0.3201510398148148 0.5569595005208333 0.3154773435185185 0.5459016723958333 0.3154345962962963 0.5458915979166666 0.2924764888888889 0.5572617369791666 0.2924223425925926 0.5572415875 0.2879025361111111 0.5459218213541667 0.2878597888888889 0.5458815234375 0.23763180370370374 0.5766350994791666 0.2375320601851852 0.5766330848958333 0.23543174722222224 0.547207334375 0.23543744629629632 0.547233528125 0.1880165287037037 0.5718436427083333 0.18793958425925925 0.5717872255208333 0.21893131944444447 0.5735825104166667 0.2189085212962963 0.5735220630208333 0.16753776018518518 0.5717872255208333 0.16753776018518518 0.5717610317708334 0.18571957777777778 0.5458291354166668 0.18575947592592593 0.5458089864583333 0.17554003981481484 0.5705218619791667 0.17552009074074074 0.5704795484375 0.16554003981481483 0.5803485796875001 0.16551439166666665 0.580352609375 0.16102023333333332 0.5672738265625 0.1609974351851852 0.5672738265625 0.17084924444444444 0.5417570015625 0.1707324027777778
4 0.7330465442708333 0.31556283796296297 0.7063489822916666 0.31542034722222223 0.7063590567708334 0.3216842407407407 0.7330364697916667 0.32166999166666665 0.7330465442708333 0.31556283796296297
3 0.17468063645833334 0.33599031018518516 0.17188797083333332 0.335961812037037 0.17199677604166666 0.31066970648148146 0.1906387265625 0.3105443148148148 0.1906387265625 0.3192704472222222 0.19238363906249997 0.3192704472222222 0.19251662291666666 0.3129467083333333 0.19876485989583334 0.31297520648148147 0.198774934375 0.30833285833333335 0.17199677604166666 0.30826731296296295 0.17204110416666665 0.17915075555555557 0.1816078984375 0.17908805925925927 0.1816078984375 0.17478768888888888 0.17190610520833335 0.17478768888888888 0.17195244791666667 0.15069820462962963 0.1828148296875 0.15063265925925926 0.1828148296875 0.145765175 0.16850896614583333 0.1458278712962963 0.1685976223958333 0.3405158166666667 0.17468063645833334 0.3404787685185185 0.17468063645833334 0.33599031018518516
3 0.198774934375 0.30833285833333335 0.198774934375 0.30479338888888885 0.17447914583333332 0.3047563407407407 0.17447914583333332 0.23522656018518517 0.1834273625 0.23522656018518517 0.18340116875 0.2328583638888889 0.17440459375 0.2328583638888889 0.17440459375 0.20751496111111112 0.18371952447916667 0.20754345925925927 0.18372556927083333 0.20557138796296295 0.1743300421875 0.20557138796296295 0.17442877291666664 0.1827016240740741 0.1816260328125 0.18266742685185186 0.1816078984375 0.17908805925925927 0.17204110416666665 0.17915075555555557 0.17199677604166666 0.30826731296296295 0.198774934375 0.30833285833333335
3 0.24618980468749999 0.17478768888888888 0.24617570000000003 0.17917925370370372 0.2706890994791667 0.17914790555555554 0.2706890994791667 0.17464234814814814 0.24618980468749999 0.17478768888888888
3 0.23105178333333332 0.23535765185185184 0.24367721145833335 0.23531205462962965 0.2436348984375 0.23311484722222223 0.2310437234375 0.23311484722222223 0.23105178333333332 0.23535765185185184
3 0.2985049364583333 0.1648275861111111 0.2916864802083333 0.16477628981481482 0.291648196875 0.16720148148148148 0.2984807578125 0.1672470787037037 0.2985049364583333 0.1648275861111111
3 0.33700584322916666 0.07862923888888888 0.3369897239583333 0.07781134259259259 0.35576264375 0.0777514962962963 0.35569816666666665 0.07338273055555555 0.3340419098958333 0.07347392407407408 0.3340398953125 0.07869478518518519 0.33700584322916666 0.07862923888888888
3 0.2811444692708333 0.12842120277777777 0.2811706630208333 0.1104873185185185 0.27943784010416667 0.11049016851851852 0.27943784010416667 0.13076090092592593 0.2868869635416667 0.13072385277777776 0.2868869635416667 0.12842120277777777 0.2811444692708333 0.12842120277777777
3 0.2869635302083333 0.11050726666666666 0.28656457812499997 0.19073240277777778 0.35354019739583337 0.19101453425925924 0.35356236145833336 0.18888287222222222 0.28828329635416666 0.18910230833333333 0.2884364296875 0.10857224259259259 0.2705923838541667 0.10857224259259259 0.27066895 0.16014534074074074 0.2731875880208333 0.1600968935185185 0.27306870833333335 0.11050726666666666 0.2869635302083333 0.11050726666666666
3 0.34688091875 0.23025363333333335 0.3535643765625 0.23029923055555557 0.3535281078125 0.22831860925925926 0.34688091875 0.22836990555555556 0.34688091875 0.23025363333333335
3 0.37284706822916663 0.2528270166666667 0.3712573041666667 0.2528270166666667 0.3712552890625 0.2559276148148148 0.37284706822916663 0.25591336574074075 0.37284706822916663 0.2528270166666667
3 0.37286923229166663 0.2332972361111111 0.3830949020833333 0.23331148518518519 0.38309893229166664 0.23073240277777776 0.3728168447916667 0.23073240277777776 0.3727684869791667 0.2191222574074074 0.37124118489583335 0.2191222574074074 0.371303646875 0.23622684537037036 0.3728631875 0.2362068962962963 0.37286923229166663 0.2332972361111111
3 0.3728349786458333 0.20229980092592595 0.3728591578125 0.19153889999999998 0.3831311708333333 0.19135936203703705 0.38311908125 0.18910230833333333 0.36984686666666666 0.18907951018518518 0.36983276249999997 0.19146765462962964 0.3712814828125 0.19150470185185184 0.3712311104166667 0.20229980092592595 0.3728349786458333 0.20229980092592595
3 0.37396534375 0.304813337037037 0.37392504531250004 0.3082958111111111 0.38560548072916667 0.3082958111111111 0.38560548072916667 0.291929325 0.3830868427083333 0.291929325 0.3832037072916667 0.30475919074074076 0.37396534375 0.304813337037037
3 0.3231251260416667 0.30831290925925925 0.35229498281250005 0.3083414074074074 0.35225266979166664 0.3047905388888889 0.3230143057291667 0.30485323425925925 0.3231251260416667 0.30831290925925925
3 0.2870179328125 0.3083670564814815 0.30132379583333335 0.3082929611111111 0.30129760208333334 0.3046964944444444 0.2869554703125 0.30478483888888885 0.2870179328125 0.3083670564814815
4 0.372027 0.33593331388888886 0.34964134583333334 0.33589056666666667 0.3496594802083333 0.3420974638888889 0.3720370744791667 0.34212596203703705 0.372027 0.33593331388888886
3 0.3386097119791666 0.30475919074074076 0.3386097119791666 0.25591336574074075 0.31029619166666667 0.25591336574074075 0.3103324604166666 0.25849529814814814 0.3368224864583333 0.25844400092592595 0.336784203125 0.30475919074074076 0.3386097119791666 0.30475919074074076
3 0.2897300020833333 0.20485608425925927 0.31014708854166667 0.20474779166666665 0.31022164010416664 0.23025363333333335 0.3118597625 0.23025363333333335 0.3118597625 0.19310344814814814 0.34535361666666664 0.19310344814814814 0.34538988489583333 0.22777429444444444 0.3235583317708333 0.22782844074074074 0.3235583317708333 0.23025363333333335 0.34688091875 0.23025363333333335 0.3469554703125 0.19089199166666668 0.31014708854166667 0.19083784537037038 0.31018335677083336 0.20243089166666667 0.28976828541666666 0.20237674537037037 0.28980455364583335 0.19073240277777778 0.28656457812499997 0.19073240277777778 0.2864154744791667 0.23046167037037038 0.28969373385416664 0.23046167037037038 0.2897300020833333 0.20485608425925927
3 0.26750151093749996 0.10857224259259259 0.26750151093749996 0.16014534074074074 0.27066895 0.16014534074074074 0.2705923838541667 0.10857224259259259 0.2884364296875 0.10857224259259259 0.28828329635416666 0.18910230833333333 0.35356236145833336 0.18888287222222222 0.35356236145833336 0.18440296388888888 0.29168245 0.1842918212962963 0.2916058833333333 0.1082445138888889 0.29855732395833334 0.10835565648148147 0.2984807578125 0.1672470787037037 0.33726173697916667 0.1670304925925926 0.3371851703125 0.1470333425925926 0.3340157161458333 0.1470333425925926 0.3340157161458333 0.16255058425925925 0.30172476302083334 0.16265887685185185 0.301648196875 0.10846394999999999 0.3340157161458333 0.10857224259259259 0.33409429791666667 0.12387004814814814 0.33733830364583334 0.12397834166666667 0.33726173697916667 0.10168993981481482 0.3340157161458333 0.10168993981481482 0.3340157161458333 0.10376745555555557 0.24788031458333334 0.10398404074074073 0.24788031458333334 0.11819036759259259 0.25112431979166666 0.11819036759259259 0.25112431979166666 0.10857224259259259 0.26750151093749996 0.10857224259259259
3 0.24620592395833332 0.1506070101851852 0.2512311104166667 0.1506070101851852 0.2511746927083333 0.13447135925925927 0.24782188177083334 0.13447135925925927 0.247823896875 0.14579082314814815 0.24618577447916667 0.14585066944444444 0.24620592395833332 0.1506070101851852
3 0.3231251260416667 0.30831290925925925 0.3231251260416667 0.312884012962963 0.35231714687500004 0.31297805648148147 0.35229498281250005 0.3083414074074074 0.3231251260416667 0.30831290925925925
3 0.2870179328125 0.3083670564814815 0.2869917390625 0.31297805648148147 0.30129760208333334 0.31297805648148147 0.30132379583333335 0.3082929611111111 0.2870179328125 0.3083670564814815
3 0.23859762239583335 0.3083471074074074 0.2250614546875 0.30830151018518515 0.22509369322916667 0.3129125111111111 0.23859762239583335 0.3130008546296296 0.23859762239583335 0.3083471074074074
3 0.22383840416666667 0.18291251111111112 0.23603465625 0.18273582222222223 0.23599032864583333 0.17906241111111112 0.19501108177083332 0.17909090925925927 0.19499697760416668 0.1825961814814815 0.19694741093749998 0.1825961814814815 0.19697561979166667 0.1808862925925926 0.22383840416666667 0.18291251111111112
3 0.2279165828125 0.2066115703703704 0.22786218020833332 0.23282416666666667 0.223435421875 0.23287546296296296 0.2235019140625 0.2094043888888889 0.22783800104166665 0.2094043888888889 0.2278561354166667 0.20717013425925926 0.2239169859375 0.2071957824074074 0.22387265781250001 0.18102308333333333 0.19697561979166667 0.1808862925925926 0.19698770885416667 0.21627814166666665 0.19865404010416665 0.21627814166666665 0.19868829322916665 0.1832373898148148 0.21441466875 0.18324308888888888 0.21437840000000002 0.20430322037037038 0.22215595416666664 0.2042918212962963 0.22215595416666664 0.20190367592592592 0.21597622395833332 0.20189797685185185 0.21601853697916665 0.1832316898148148 0.22222647604166665 0.1832316898148148 0.22207535781249998 0.23282986574074074 0.19703203697916666 0.23277571944444445 0.19705218593749999 0.23525220833333332 0.23105178333333332 0.23535765185185184 0.23104573854166668 0.2066115703703704 0.2279165828125 0.2066115703703704
3 0.23114648385416667 0.2567084638888889 0.22787829947916668 0.2567939583333333 0.22781180729166667 0.3048817324074074 0.23112633489583334 0.3048817324074074 0.23114648385416667 0.2567084638888889
3 0.296669353125 0.255765175 0.29331654218750003 0.2557224277777778 0.29330243802083333 0.30474494166666666 0.29669957708333333 0.3047677398148148 0.296669353125 0.255765175
3 0.22504936510416668 0.30478483888888885 0.2250614546875 0.30830151018518515 0.23859762239583335 0.3083471074074074 0.2385855328125 0.30474209166666666 0.22504936510416668 0.30478483888888885
4 0.32782591197916666 0.33600455925925926 0.3055490630208333 0.33589056666666667 0.30553898854166667 0.34212596203703705 0.3278057625 0.34214021111111115 0.32782591197916666 0.33600455925925926
4 0.28678621822916667 0.33605870648148145 0.23777352395833334 0.3359190648148148 0.23777352395833334 0.34212596203703705 0.2867962927083333 0.342111712962963 0.28678621822916667 0.33605870648148145
4 0.2250795890625 0.33593331388888886 0.19829337083333334 0.33593331388888886 0.1983034453125 0.342111712962963 0.22512996145833333 0.3420974638888889 0.2250795890625 0.33593331388888886
3 0.1983034453125 0.34056426296296294 0.19829337083333334 0.3359048157407407 0.192476325 0.3359247648148148 0.192476325 0.3338814481481482 0.19068708437499998 0.3338814481481482 0.19067096510416667 0.3358734685185185 0.18827322187499998 0.33589626666666667 0.18824904270833331 0.3405015675925926 0.1983034453125 0.34056426296296294
3 0.38115655833333334 0.18438016574074076 0.36984686666666666 0.18432601851851851 0.36984686666666666 0.18907951018518518 0.38311908125 0.18910230833333333 0.3830949020833333 0.25590481574074075 0.3522708041666667 0.25597036203703705 0.35229498281250005 0.25840695370370376 0.3830868427083333 0.25839555462962965 0.3830868427083333 0.291929325 0.38560548072916667 0.291929325 0.38560548072916667 0.3082958111111111 0.37392504531250004 0.3082958111111111 0.37397138802083335 0.31277571944444443 0.3856457786458333 0.31290681111111107 0.3856457786458333 0.33588486759259256 0.3720471489583333 0.3359048157407407 0.3720370744791667 0.3405357648148148 0.3897864192708333 0.34047306944444444 0.38973806145833334 0.2874266175925926 0.3870340520833333 0.2874266175925926 0.3872436026041666 0.18330863518518517 0.385321378125 0.18326588796296295 0.3851037677083333 0.11350242222222222 0.3829800526041666 0.11335993148148148 0.38287930677083337 0.0781875175925926 0.37978843437500004 0.0781875175925926 0.37965746510416665 0.11799088055555555 0.381225065625 0.11799088055555555 0.38115655833333334 0.18438016574074076
3 0.32782591197916666 0.3359048157407407 0.32781583697916666 0.34050726666666664 0.34964134583333334 0.3404787685185185 0.3496494057291667 0.3358620685185185 0.32782591197916666 0.3359048157407407
3 0.28678621822916667 0.33587631759259257 0.2867962927083333 0.34050726666666664 0.30553898854166667 0.3405357648148148 0.30553898854166667 0.33587631759259257 0.28678621822916667 0.33587631759259257
3 0.2250795890625 0.3359048157407407 0.22511988697916668 0.3405500138888889 0.23777352395833334 0.34050726666666664 0.23777352395833334 0.33589056666666667 0.2250795890625 0.3359048157407407
4 0.2461998791666667 0.17473069259259258 0.23599032864583333 0.17476204074074075 0.23603465625 0.18273582222222223 0.24619181927083333 0.18275862037037038 0.2461998791666667 0.17473069259259258
2 0.28670159166666664 0.14765745185185183 0.27316945416666666 0.14765745185185183 0.273137215625 0.15381875185185187 0.28666733854166665 0.1538614990740741 0.28670159166666664 0.14765745185185183
2 0.33726173697916667 0.10168993981481482 0.33700584322916666 0.07862923888888888 0.32022768489583336 0.07872613240740742 0.32007858125 0.10162724444444445 0.33726173697916667 0.10168993981481482
2 0.30572033020833334 0.22809347407407407 0.29384847864583336 0.228073525 0.29386862760416665 0.23436306666666668 0.30574047968749996 0.23432031944444445 0.30572033020833334 0.22809347407407407
2 0.3118597625 0.23025363333333335 0.3235583317708333 0.23025363333333335 0.32343743697916666 0.21255913333333332 0.3118597625 0.21255628425925926 0.3118597625 0.23025363333333335
2 0.3536570625 0.18658022222222223 0.36989723958333337 0.1865203759259259 0.36993955260416667 0.16257053333333335 0.35361676406250003 0.16251353703703705 0.3536570625 0.18658022222222223
2 0.3727684869791667 0.2191222574074074 0.3728349786458333 0.20229980092592595 0.368660084375 0.20229125092592593 0.3687205317708333 0.21908805925925925 0.3727684869791667 0.2191222574074074
4 0.25112431979166666 0.11819036759259259 0.24788031458333334 0.11819036759259259 0.24782188177083334 0.13447135925925927 0.2511746927083333 0.13447135925925927 0.25112431979166666 0.11819036759259259
1 0 0 0 1 1 1 1 0 0 0
2 0.37284706822916663 0.2528270166666667 0.3728631875 0.2362068962962963 0.3686903083333333 0.23621829537037037 0.3687124723958333 0.25282986574074073 0.37284706822916663 0.2528270166666667
2 0.3522708041666667 0.25597036203703705 0.3386097119791666 0.25591336574074075 0.33851098125 0.2760986037037037 0.3523111020833333 0.2760986037037037 0.3522708041666667 0.25597036203703705
2 0.31029619166666667 0.25591336574074075 0.296669353125 0.255765175 0.29670763645833337 0.2760815046296296 0.3103102963541666 0.2759846111111111 0.31029619166666667 0.25591336574074075
2 0.2706890994791667 0.17464234814814814 0.27066895 0.16014534074074074 0.25849486197916666 0.16021088611111112 0.258537175 0.1743887148148148 0.2706890994791667 0.17464234814814814
2 0.19906508177083332 0.20483613611111112 0.2084001609375 0.20487603333333335 0.2083659078125 0.19784268981481481 0.19903687291666666 0.19779424351851851 0.19906508177083332 0.20483613611111112
2 0.19855329427083335 0.15587346851851852 0.19848277239583334 0.1744628101851852 0.21351198854166667 0.1744628101851852 0.21340721354166667 0.15592191481481482 0.19855329427083335 0.15587346851851852
2 0.1816078984375 0.17908805925925927 0.19501108177083332 0.17909090925925927 0.195057425 0.15917355370370373 0.1815373765625 0.1591792537037037 0.1816078984375 0.17908805925925927
2 0.19556115260416668 0.20546879444444444 0.18372556927083333 0.20557138796296295 0.18371952447916667 0.21155029907407408 0.19559137604166665 0.21157879722222223 0.19556115260416668 0.20546879444444444
2 0.19698770885416667 0.21627814166666665 0.19703203697916666 0.23277571944444445 0.20956074947916664 0.232687375 0.20946000416666666 0.2162724425925926 0.19698770885416667 0.21627814166666665
2 0.23114648385416667 0.2567084638888889 0.23105178333333332 0.23535765185185184 0.213999596875 0.23535765185185184 0.2139310901041667 0.25673696203703705 0.23114648385416667 0.2567084638888889
2 0.1906387265625 0.3192704472222222 0.19068708437499998 0.3338814481481482 0.20221035677083332 0.33383015092592594 0.20221035677083332 0.31932744351851855 0.1906387265625 0.3192704472222222
4 0.24618577447916667 0.14585066944444444 0.235859359375 0.1458392703703704 0.23584525468749998 0.1505956111111111 0.24620592395833332 0.1506070101851852 0.24618577447916667 0.14585066944444444
4 0.218581503125 0.14505557129629632 0.20223050572916668 0.14504132222222224 0.2022788635416667 0.15053291574074074 0.2186117265625 0.1505528638888889 0.218581503125 0.14505557129629632
4 0.1942857140625 0.14573667685185185 0.1828148296875 0.145765175 0.1828148296875 0.15063265925925926 0.194255490625 0.15060986018518518 0.1942857140625 0.14573667685185185
4 0.22504936510416668 0.30478483888888885 0.198774934375 0.30479338888888885 0.19876485989583334 0.31297520648148147 0.22509369322916667 0.3129125111111111 0.22504936510416668 0.30478483888888885
4 0.2869554703125 0.30478483888888885 0.2385855328125 0.30474209166666666 0.23859762239583335 0.3130008546296296 0.2869917390625 0.31297805648148147 0.2869554703125 0.30478483888888885
4 0.3230143057291667 0.30485323425925925 0.30129760208333334 0.3046964944444444 0.30129760208333334 0.31297805648148147 0.3231251260416667 0.312884012962963 0.3230143057291667 0.30485323425925925
4 0.37396534375 0.304813337037037 0.35225266979166664 0.3047905388888889 0.35231714687500004 0.31297805648148147 0.37397138802083335 0.31277571944444443 0.37396534375 0.304813337037037
4 0.18827322187499998 0.33589626666666667 0.17465041302083334 0.3360302083333333 0.17469071145833331 0.3404930175925926 0.18824904270833331 0.3405015675925926 0.18827322187499998 0.33589626666666667
3 0.19697561979166667 0.2054773435185185 0.19556115260416668 0.20546879444444444 0.19557122708333333 0.20779994259259257 0.19697561979166667 0.20779709351851852 0.19697561979166667 0.2054773435185185
3 0.2084001609375 0.20390139629629628 0.2084001609375 0.20487603333333335 0.2139512390625 0.20485893425925925 0.21394116458333334 0.20386434907407408 0.2084001609375 0.20390139629629628