3 0.6823957286458333 0.14891992037037038 0.6823755791666667 0.16167854074074073 0.6843743703125 0.16167854074074073 0.6843844447916666 0.1489512685185185 0.6823957286458333 0.14891992037037038
3 0.6767862182291666 0.14270732407407408 0.6768164416666667 0.14740951851851852 0.6863892807291666 0.14739526944444445 0.6863993552083334 0.142693075 0.6767862182291666 0.14270732407407408
3 0.6430928875 0.1602194361111111 0.6431069916666666 0.14772299814814815 0.6593068708333334 0.1476346537037037 0.6592927666666667 0.14266742685185183 0.6395808984375001 0.142698775 0.6395647791666667 0.1551752638888889 0.6383497885416667 0.15520376203703704 0.6383497885416667 0.16024793425925926 0.6430928875 0.1602194361111111
3 0.6442595203125 0.22252208611111113 0.6444710859375 0.16231120000000002 0.6428410234374999 0.16230265000000002 0.6428450536458333 0.22222855555555557 0.63030828125 0.22220290648148147 0.6303062661458333 0.22430037037037037 0.6480777755208333 0.22420917685185188 0.6480737458333333 0.22249928796296295 0.6442595203125 0.22252208611111113
3 0.6345657869791667 0.24410658333333332 0.6345657869791667 0.2845597037037037 0.6375397942708333 0.2845739527777778 0.6375317348958334 0.24411228240740737 0.6345657869791667 0.24410658333333332
3 0.6347975015625 0.2845483046296296 0.6348075760416666 0.3047192935185185 0.6372375578124999 0.3047335425925926 0.6372375578124999 0.28453405555555555 0.6347975015625 0.2845483046296296
3 0.6233910942708333 0.24650327685185186 0.6233910942708333 0.24454260462962965 0.6010195447916666 0.24449130833333332 0.6010155145833332 0.3047192935185185 0.6026234130208333 0.3047192935185185 0.6026536369791666 0.24656882314814815 0.6233910942708333 0.24650327685185186
3 0.5918315536458334 0.3068595037037037 0.5918678218750001 0.31189227685185184 0.6099657463541667 0.3119065259259259 0.6099314932291667 0.3068766027777778 0.5918315536458334 0.3068595037037037
3 0.5774612130208333 0.2445796527777778 0.5774410640625 0.2465973212962963 0.5896514203125 0.24660872037037038 0.58963933125 0.24461100000000002 0.5774612130208333 0.2445796527777778
3 0.5743804151041666 0.31188942685185184 0.5743804151041666 0.30685665462962963 0.5639089260416666 0.30683385555555553 0.5639169859375 0.2919492731481481 0.5642192223958333 0.2919492731481481 0.5642232520833333 0.24540039907407404 0.5763912958333334 0.2453776 0.5763489822916666 0.21819321759259258 0.5734233328124999 0.2181960675925926 0.5734313921874999 0.21660872037037038 0.5721942375 0.21659162129629628 0.572202296875 0.2394499861111111 0.5600544026041666 0.23948703333333335 0.5600644770833333 0.3118837277777778 0.5743804151041666 0.31188942685185184
3 0.5965887567708333 0.19432886851851852 0.5922627442708334 0.1942946712962963 0.5922365505208333 0.17497577685185184 0.5964094296875 0.17498147592592592 0.5963792062500001 0.17273867222222222 0.5906890994791667 0.1727472212962963 0.5906991739583333 0.19666001666666666 0.5964114447916666 0.19669991481481483 0.5963852510416667 0.2038016527777778 0.59654644375 0.20381590185185186 0.5965121901041667 0.22247648888888888 0.5918517026041666 0.22250498703703703 0.5918517026041666 0.224237675 0.6069736046875001 0.22425192407407407 0.6069635302083333 0.22220575648148147 0.5980556114583333 0.22222000555555554 0.5980556114583333 0.2037959537037037 0.6069574854166666 0.20380735277777778 0.6069554703125 0.20101453425925925 0.5984505338541666 0.20101453425925925 0.5984646385416668 0.16433741851851852 0.6163892807291667 0.16432601851851852 0.616387265625 0.1622684527777778 0.596387265625 0.16230835 0.5963993552083333 0.1727529212962963 0.5964255489583333 0.17497577685185184 0.5965968166666666 0.17496437777777776 0.5965887567708333 0.19432886851851852
2 0.5896776145833333 0.2438842972222222 0.5898025385416666 0.26112567685185184 0.6009711869791666 0.2611399259259259 0.6009993953125 0.2439555425925926 0.5896776145833333 0.2438842972222222
2 0.6192101552083333 0.20754345925925927 0.6191497078125 0.22477628981481482 0.6302881322916666 0.22477628981481482 0.6302780578125 0.2076289537037037 0.6192101552083333 0.20754345925925927
2 0.6069474109375 0.21014249074074073 0.6070179328125 0.22481903703703704 0.6162683859375 0.22481903703703704 0.6162885354166666 0.2100997435185185 0.6069474109375 0.21014249074074073
4 0.6209792463541667 0.1556084351851852 0.6209590973958333 0.16257053333333335 0.6383235947916667 0.1625420351851852 0.6383135197916666 0.1556511824074074 0.6209792463541667 0.1556084351851852
4 0.5824199072916667 0.15562268425925926 0.5824118479166667 0.16257053333333335 0.5915897640625 0.16252778611111113 0.5915212572916667 0.1556511824074074 0.5824199072916667 0.15562268425925926
4 0.5744086239583334 0.3045340555555555 0.5744267578125 0.31135651203703707 0.5917912552083333 0.3113707611111111 0.5918013296875 0.3045654037037037 0.5744086239583334 0.3045340555555555
4 0.7199697765625 0.30666856666666664 0.7199597015625 0.31141350833333337 0.7314587953125 0.3113707611111111 0.7314789442708334 0.3065830722222222 0.7199697765625 0.30666856666666664
4 0.695974209375 0.3063693361111111 0.6959842838541667 0.31243659166666665 0.7133608703125 0.3124080935185185 0.713374975 0.30640638333333337 0.695974209375 0.3063693361111111
3 0.6824158776041667 0.17721573055555556 0.6824299817708332 0.18001424907407407 0.6905520854166666 0.18001424907407407 0.6905399958333334 0.17725847777777778 0.6824158776041667 0.17721573055555556
3 0.6905702197916667 0.1772442287037037 0.6905843239583334 0.22225135370370372 0.6935603463541666 0.22228555185185186 0.6935442270833333 0.17725847777777778 0.6905702197916667 0.1772442287037037
2 0.6070179328125 0.188848675 0.6069877088541666 0.20420632685185186 0.6162845052083333 0.2041607296296296 0.6163147291666667 0.18889142222222222 0.6070179328125 0.188848675
4 0.6099496270833333 0.3045511546296297 0.6100201489583333 0.3113850101851852 0.6273765869791668 0.3113137648148148 0.6273967359375 0.3045796527777778 0.6099496270833333 0.3045511546296297
4 0.6593250052083334 0.1431376462962963 0.6593350796874999 0.14992590462962962 0.6767902479166668 0.14996865185185188 0.6767499494791667 0.1431946425925926 0.6593250052083334 0.1431376462962963
4 0.6864436833333334 0.1431376462962963 0.686423534375 0.1499401537037037 0.6954019744791666 0.1498831574074074 0.6954221239583334 0.14312339722222223 0.6864436833333334 0.1431376462962963
3 0.6968305458333333 0.19283271574074073 0.69682853125 0.21998005092592593 0.6935845255208334 0.21998005092592593 0.6935845255208334 0.22228840092592592 0.7182611322916667 0.22231689907407406 0.7182268786458333 0.21959247685185185 0.6985673989583333 0.21954687962962963 0.6985613541666668 0.19530350555555556 0.702176103125 0.1953063546296296 0.7021720734375 0.1802707324074074 0.7163026395833333 0.1802849814814815 0.7162925651041667 0.2066486175925926 0.7182853114583333 0.2066457675925926 0.7182873260416667 0.17745511574074074 0.7124380416666667 0.17745511574074074 0.7124239369791667 0.16602735833333335 0.7107696958333333 0.16603590740740742 0.7107898447916666 0.17722997962962964 0.6935845255208334 0.17725847777777778 0.6935643765625 0.17985750925925925 0.7004130567708333 0.1798290111111111 0.7004332057291667 0.1928156166666667 0.6968305458333333 0.19283271574074073
4 0.6446322786458333 0.3045511546296297 0.6446604874999999 0.31243659166666665 0.6834293776041667 0.31239384444444446 0.6834616161458332 0.3045654037037037 0.6446322786458333 0.3045511546296297
4 0.6958130161458332 0.2823909944444445 0.6958533145833333 0.28699344537037036 0.7134495265624999 0.2870076944444444 0.7134394520833334 0.28240524351851853 0.6958130161458332 0.2823909944444445
4 0.7218375984375 0.1621003138888889 0.7218174489583333 0.16667426574074073 0.7310779770833334 0.1666885148148148 0.731047753125 0.1621003138888889 0.7218375984375 0.1621003138888889
2 0.8072496473958334 0.7478227416666666 0.8080818052083334 0.7350299231481482 0.7974954666666666 0.733653462962963 0.7964920411458334 0.7463949842592592 0.8072496473958334 0.7478227416666666
3 0.5259097317708333 0.817304075 0.5259298812500001 0.7802992305555555 0.5322788635416666 0.7803277287037037 0.5322687890625001 0.7759390138888889 0.5229679630208334 0.7759390138888889 0.5229357244791667 0.8164491305555555 0.5118980453125 0.8164291824074074 0.5119081203125 0.8207039046296296 0.5310175296875 0.8207181537037036 0.53098730625 0.817324024074074 0.5259097317708333 0.817304075
4 0.8137658671875 0.6809945851851852 0.8134757203125 0.6846736962962963 0.8224944588541666 0.6856967796296296 0.8227765463541666 0.6822000574074074 0.8137658671875 0.6809945851851852
4 0.7802478338541667 0.8075320601851852 0.7801873864583333 0.8122741518518518 0.7978581505208333 0.8144685092592593 0.7981261333333334 0.8097178685185186 0.7802478338541667 0.8075320601851852
4 0.8028772921874999 0.8357252777777778 0.8026858755208334 0.839418637962963 0.8141366109375 0.8408805925925925 0.8144972796875 0.8371729833333333 0.8028772921874999 0.8357252777777778
4 0.7790509770833334 0.8330607009259259 0.7786359057291666 0.8375491592592592 0.7960185369791667 0.8396665712962963 0.796272415625 0.8352493583333334 0.7790509770833334 0.8330607009259259
4 0.7175095708333333 0.8255058416666666 0.7172375578125 0.8299088055555556 0.7665524885416667 0.8359732120370371 0.7667741286458334 0.8315702481481482 0.7175095708333333 0.8255058416666666
4 0.7186379208333334 0.8008463953703703 0.7184868020833334 0.8061185518518518 0.768210759375 0.8121943574074074 0.7684928468750001 0.8070219435185185 0.7186379208333334 0.8008463953703703
4 0.656272415625 0.7528013675925926 0.6563429375 0.7590795101851852 0.70429981875 0.7649472787037037 0.7047007859375001 0.7586947851851852 0.656272415625 0.7528013675925926
4 0.7499194036458333 0.6920176685185185 0.7495567197916666 0.6972014814814815 0.7676868828125 0.6995468796296296 0.7678057625 0.6943032203703704 0.7499194036458333 0.6920176685185185
4 0.7519181947916667 0.6642604731481481 0.7517167036458333 0.6677258481481482 0.7690731411458334 0.6698575092592592 0.7692826916666667 0.6664462805555555 0.7519181947916667 0.6642604731481481
3 0.538889784375 0.6558478194444445 0.5389663510416667 0.6966315185185185 0.5431352005208333 0.6966742657407407 0.5431553494791667 0.6924109435185185 0.5420108807291667 0.6924109435185185 0.5420390890625 0.6516215444444444 0.513884746875 0.6516528925925926 0.5139169859375 0.6605842120370371 0.4882953859375 0.6605243657407407 0.48831553489583335 0.6651125675925925 0.516977634375 0.6651296666666667 0.5169574854166666 0.6558820175925926 0.538889784375 0.6558478194444445
2 0.8132037072916667 0.6869307490740741 0.8119262541666666 0.7039669425925926 0.822766471875 0.7052408092592592 0.8236490026041667 0.6880963240740741 0.8132037072916667 0.6869307490740741
2 0.6929216197916667 0.6724850388888889 0.6915555109375 0.6956825305555555 0.7046423536458334 0.6972157305555555 0.7061293572916667 0.6743887148148149 0.6929216197916667 0.6724850388888889
2 0.6396796291666667 0.7174437157407407 0.6395708239583333 0.7326417787037036 0.6489300828125 0.7326588768518518 0.6487285916666666 0.7175434592592593 0.6396796291666667 0.7174437157407407
2 0.6290550072916666 0.7517811342592593 0.6290852307291667 0.7690823592592593 0.6403929072916666 0.7690253629629629 0.6404231312499999 0.7517526361111111 0.6290550072916666 0.7517811342592593
2 0.5881966552083333 0.7517782842592593 0.5882268786458333 0.7690823592592593 0.5995345557291666 0.7690253629629629 0.5995647791666666 0.7517497861111111 0.5881966552083333 0.7517782842592593
2 0.5716340921874999 0.6815616981481482 0.571577675 0.698629238888889 0.5817973 0.6986377888888889 0.5818275234375 0.6815759472222223 0.5716340921874999 0.6815616981481482
2 0.5713237958333334 0.7149415787037037 0.5713661093750001 0.7320575666666667 0.5819887166666666 0.7320632657407408 0.5818980453125 0.7149586777777779 0.5713237958333334 0.7149415787037037
2 0.5020914770833333 0.683864349074074 0.5020310296875 0.6991051583333334 0.5113923031250001 0.6990909092592593 0.5113520046875 0.6838500999999999 0.5020914770833333 0.683864349074074
2 0.4769232317708333 0.6720148194444445 0.4769655447916667 0.6891308064814814 0.48787829947916667 0.6891308064814814 0.48783800104166664 0.671929325 0.4769232317708333 0.6720148194444445
3 0.6290328432291666 0.7543915648148148 0.6290227682291667 0.7524479907407408 0.5996151520833333 0.7524194925925927 0.5996050776041667 0.7931746935185184 0.6011424541666667 0.7931461953703703 0.6011323796875 0.7543773157407407 0.6290328432291666 0.7543915648148148
3 0.5639008666666666 0.7523482472222223 0.5639109411458333 0.754420062962963 0.5881563572916666 0.7544485611111111 0.5881462822916668 0.7523909944444445 0.5639008666666666 0.7523482472222223
3 0.5600604473958334 0.7759304648148149 0.5600745515625001 0.7547107435185184 0.5536046744791666 0.7547078944444444 0.5536147489583333 0.7570960388888889 0.5583155348958333 0.757121687037037 0.5583538182291666 0.7759162157407408 0.5600604473958334 0.7759304648148149
3 0.5320310296875 0.7571330861111112 0.5320411041666666 0.7546765462962962 0.5254140640625 0.7547021944444444 0.5254281682291667 0.7759019666666667 0.5272053192708334 0.7758877175925927 0.5272113640625 0.7571188370370371 0.5320310296875 0.7571330861111112
3 0.5594680635416667 0.8202194361111111 0.5594579890625 0.8167968083333333 0.5309832760416666 0.8167968083333333 0.5309631270833334 0.7803448277777778 0.5293068708333333 0.7803448277777778 0.529286721875 0.8172670277777777 0.5310276041666666 0.8172812768518518 0.5310537979166666 0.8201909379629629 0.5594680635416667 0.8202194361111111
3 0.5122566994791666 0.7950641203703704 0.512246625 0.7972926759259259 0.5228974411458334 0.7973411231481482 0.522907515625 0.7949957249999999 0.5122566994791666 0.7950641203703704
3 0.4728652026041667 0.7950071240740741 0.47285714270833334 0.797298375925926 0.48351400364583336 0.7973411231481482 0.48350997395833334 0.7949786268518518 0.4728652026041667 0.7950071240740741
3 0.6298367921875 0.7954744944444444 0.6298569411458333 0.7980165287037037 0.641648196875 0.7980307777777778 0.6416582713541668 0.7954602453703704 0.6298367921875 0.7954744944444444
3 0.5906770098958333 0.7954744944444444 0.5906770098958333 0.7980165287037037 0.6117831958333333 0.7980108296296295 0.6117831958333333 0.7954402962962963 0.5906770098958333 0.7954744944444444
3 0.5625347572916667 0.7954174981481481 0.5625448317708333 0.7980307777777778 0.5725972192708333 0.7980165287037037 0.57260729375 0.7954032490740741 0.5625347572916667 0.7954174981481481
3 0.7058996572916667 0.824026787962963 0.6474209145833334 0.8167626101851851 0.6446907114583333 0.816739812037037 0.6447007859375 0.820176688888889 0.6473624822916667 0.820205187037037 0.7057203302083334 0.8274522657407408 0.7058996572916667 0.824026787962963
3 0.7184424744791666 0.8061214018518519 0.7184726979166667 0.8036848101851852 0.7101370140625 0.8025562842592593 0.7120128953125 0.7713394129629629 0.7092786619791667 0.7710031351851853 0.7068627843749999 0.8106668564814815 0.7096353010416667 0.810951837962963 0.7099758208333333 0.8050983185185184 0.7184424744791666 0.8061214018518519
3 0.7799012692708334 0.8126332287037037 0.7799194036458333 0.8102336851851851 0.776977634375 0.8100626962962962 0.7769071125 0.8107153037037037 0.7683800119791666 0.8098347111111112 0.7682389682291666 0.8122485037037037 0.7787044125 0.8135138212962962 0.7787245619791666 0.8124622398148148 0.7799012692708334 0.8126332287037037
3 0.7968930083333333 0.8288999712962962 0.7965927864583333 0.8348817324074075 0.7983497885416667 0.8350926185185186 0.79873060625 0.8290139638888888 0.7968930083333333 0.8288999712962962
3 0.7776465848958334 0.7440951842592592 0.7775055411458334 0.7469079509259259 0.8067277854166667 0.7504645194444444 0.8069091276041667 0.747891137037037 0.7776465848958334 0.7440951842592592
3 0.7884787427083333 0.7178825879629629 0.7881966552083333 0.7228811629629629 0.7790570218749999 0.7217469361111111 0.7788776947916667 0.7241037333333333 0.7897038083333333 0.7254402962962962 0.7900161192708333 0.7204673694444443 0.8065162197916667 0.7224850388888889 0.8058009270833334 0.734633799074074 0.80777956875 0.7348275861111111 0.8088958291666667 0.7155428898148148 0.7795305260416666 0.7118609287037037 0.7794197057291666 0.7140609861111111 0.8070904692708333 0.717512112037037 0.8069897239583333 0.7201538898148149 0.7884787427083333 0.7178825879629629
3 0.823100946875 0.7000854944444445 0.8230002015625 0.7025277861111111 0.8287809791666666 0.7033399833333333 0.8289260526041667 0.7008520944444444 0.823100946875 0.7000854944444445
3 0.8073181541666667 0.7144770592592593 0.8081422526041667 0.700780849074074 0.8120693130208333 0.7011798231481482 0.81222043125 0.6987631805555555 0.8065444286458334 0.698082075 0.8057122708333334 0.7115645481481482 0.7825911744791667 0.7087375324074074 0.7834958692708334 0.6962211453703704 0.7678863588541667 0.6942747222222222 0.7678057625 0.6968196064814814 0.7815172276041668 0.6985522944444444 0.7807435020833334 0.7111370759259259 0.8073181541666667 0.7144770592592593
3 0.7853193635416668 0.6722969509259259 0.784396534375 0.6875121120370371 0.7724138625 0.6860188083333333 0.7734233328125 0.6708777425925926 0.7717287932291667 0.6706754064814815 0.7707374572916666 0.6880906240740741 0.7857424942708333 0.6899515527777779 0.7868768890625 0.6725106870370371 0.7853193635416668 0.6722969509259259
3 0.719929478125 0.6643032203703704 0.7192363489583333 0.6761926472222222 0.7130183359375 0.6753263037037037 0.7128571427083333 0.6774836138888889 0.7204009671875 0.6784354518518518 0.7213338708333333 0.6644599601851852 0.719929478125 0.6643032203703704
3 0.7122164015625 0.7065659731481482 0.712097521875 0.708854374074074 0.7191678421875001 0.7096608722222223 0.7199899255208333 0.6952294101851851 0.7124783395833333 0.6942234259259259 0.7123977432291666 0.6964690796296296 0.7182228489583333 0.6971786833333333 0.7176606890625 0.7072043314814814 0.7122164015625 0.7065659731481482
3 0.7062341328125 0.705765175 0.7067983072916667 0.6962382444444445 0.7051904088541666 0.6961071527777777 0.7045577270833333 0.7078255916666667 0.7091376182291668 0.7083955546296296 0.7092786619791667 0.7062496435185185 0.7062341328125 0.705765175
3 0.7102861171875 0.7377571953703704 0.7102155953125 0.7394499861111111 0.7170360666666666 0.7402593333333334 0.7171670359375 0.7386377888888889 0.7102861171875 0.7377571953703704
3 0.7029538583333333 0.7367768592592593 0.7028249041666667 0.7384981472222222 0.7072133791666667 0.7391080083333333 0.7073342734375 0.7373610712962964 0.7029538583333333 0.7367768592592593
3 0.3327966953125 0.20914790555555557 0.3327160989583334 0.18278426944444445 0.37784203125 0.18271302407407405 0.37784203125 0.2414249074074074 0.3749304854166667 0.2414391564814815 0.37488011302083335 0.24646622962962966 0.381418496875 0.2464804787037037 0.38143864583333337 0.17688800185185186 0.3285794880208333 0.17687375277777778 0.3285694135416667 0.20332573425925926 0.31333266145833333 0.20328298703703704 0.3133225869791667 0.2059960101851852 0.3144469072916667 0.2059960101851852 0.31446705625 0.20920490185185184 0.3327966953125 0.20914790555555557
3 0.24394116458333331 0.7256711314814815 0.24393109010416666 0.7276745509259259 0.26438041510416666 0.72768595 0.26438041510416666 0.7256853805555556 0.24394116458333331 0.7256711314814815
3 0.21118678229166665 0.7055029925925925 0.2111847671875 0.7259361638888889 0.20647390677083333 0.7259361638888889 0.2064537578125 0.72769735 0.22148901875 0.72769735 0.22149909322916667 0.7256654314814814 0.21264154739583332 0.7256796805555555 0.21264960729166665 0.7055428898148148 0.221648196875 0.7055286407407407 0.22161797291666666 0.7029296092592593 0.21302035052083335 0.7029039611111111 0.21302841041666667 0.6644799092592593 0.230564175 0.6644941583333334 0.2307838 0.7053063546296297 0.2310699171875 0.7053177546296295 0.23106588749999998 0.72768595 0.23254080208333333 0.7276574518518518 0.23250453333333335 0.7052094611111112 0.23265565208333333 0.7052237101851853 0.2326475921875 0.661726987962963 0.21110215572916669 0.661732687037037 0.21115454375 0.6920404675925925 0.20682651614583333 0.692114562962963 0.20682651614583333 0.6776204046296296 0.21109812604166667 0.6775976064814815 0.21109812604166667 0.6754687944444444 0.2051420510416667 0.6754687944444444 0.20516018541666667 0.6945169564814815 0.21106588750000002 0.6945169564814815 0.2110679026041667 0.7055029925925925 0.21118678229166665 0.7055029925925925
3 0.3390610515625 0.7911057277777778 0.33907314114583337 0.7872385296296297 0.33931291562500004 0.7867996583333334 0.3393048557291667 0.7412225703703704 0.33622204322916666 0.7412539185185185 0.336220028125 0.7870703907407407 0.33640942968750004 0.7873553722222222 0.3364013703125 0.7911199768518519 0.3390610515625 0.7911057277777778
3 0.32729397552083334 0.6952835564814815 0.3272677817708333 0.7250783694444445 0.3311243197916667 0.7250641203703704 0.33116864791666667 0.6952636074074073 0.32729397552083334 0.6952835564814815
3 0.2644328026041667 0.6826303787037037 0.2644186984375 0.7281704185185185 0.26778158385416667 0.7281561694444445 0.26777352395833337 0.6826018805555555 0.2644328026041667 0.6826303787037037
3 0.329171871875 0.8149786268518519 0.3291879911458333 0.8200598462962962 0.3463530125 0.8200455972222221 0.34631271406249997 0.8148446851851852 0.329171871875 0.8149786268518519
3 0.2660568203125 0.8150641203703705 0.2660467458333333 0.8200797944444445 0.283268184375 0.8200712453703705 0.28324803541666665 0.8150270731481482 0.2660568203125 0.8150641203703705
3 0.23230102760416665 0.8150213731481482 0.2323211765625 0.8200370472222221 0.24498488802083335 0.8200512962962963 0.24495063489583335 0.8150327731481481 0.23230102760416665 0.8150213731481482
3 0.203806165625 0.815007124074074 0.20383840416666665 0.8200797944444445 0.21843038489583336 0.8200370472222221 0.218422325 0.814998575 0.203806165625 0.815007124074074
3 0.27317751354166664 0.7476175546296296 0.27313923020833336 0.792912511111111 0.2761333869791667 0.792912511111111 0.2761011484375 0.7476318037037037 0.27317751354166664 0.7476175546296296
3 0.2360568203125 0.7476033055555555 0.23608704427083332 0.7518865777777778 0.26180938958333333 0.7518352805555556 0.2618194640625 0.7476660018518518 0.2360568203125 0.7476033055555555
3 0.38170058437500004 0.8148275861111111 0.38172073333333334 0.8201082925925925 0.3902579083333333 0.8200569962962964 0.39021761041666664 0.6411085777777777 0.3787870239583333 0.6410772296296297 0.3788253072916667 0.64614705 0.3866794276041666 0.6461185518518519 0.38665323385416667 0.8148275861111111 0.38170058437500004 0.8148275861111111
3 0.3637618375 0.8149073814814815 0.3637719119791667 0.8200512962962963 0.370159178125 0.8200655453703704 0.37008865625 0.814836136111111 0.3637618375 0.8149073814814815
3 0.20515212552083334 0.6554231972222222 0.20516220052083334 0.6604673694444444 0.23771307656250001 0.6604958675925926 0.237753375 0.6554374462962963 0.20515212552083334 0.6554231972222222
3 0.2927483375 0.6462097462962962 0.2927886359375 0.6512824166666666 0.3194499296875 0.6512339694444444 0.31941567604166665 0.6462097462962962 0.2927483375 0.6462097462962962
2 0.31348378020833334 0.7018751777777777 0.31349385468749996 0.7160815046296296 0.3170380817708333 0.7160672555555555 0.3169977838541667 0.701917925 0.31348378020833334 0.7018751777777777
4 0.370149103125 0.8149786268518519 0.3701994760416667 0.8195525787037038 0.38168043541666663 0.8196238240740741 0.38165021145833333 0.815007124074074 0.370149103125 0.8149786268518519
3 0.212959903125 0.7476033055555555 0.2129558734375 0.7518637787037037 0.2244892203125 0.7518352805555556 0.22447713072916667 0.7476318037037037 0.212959903125 0.7476033055555555
2 0.3658170463541667 0.8091251064814814 0.3658714489583333 0.7954744944444444 0.35500302239583337 0.7955314907407407 0.35492645572916665 0.8091450555555556 0.3658170463541667 0.8091251064814814
2 0.36787023958333337 0.7115930462962963 0.3678480755208334 0.6984126527777778 0.3573644973958333 0.698452550925926 0.3575841223958333 0.7114790537037037 0.36787023958333337 0.7115930462962963
3 0.18285109791666668 0.8200911944444444 0.1828148296875 0.8150441722222223 0.17278662083333335 0.8150270731481482 0.17272415885416667 0.7502507833333334 0.1883921015625 0.7502849814814815 0.18840419114583332 0.7224878879629629 0.18595809010416667 0.722516386111111 0.18595809010416667 0.7210230833333333 0.1842514609375 0.7210230833333333 0.1842514609375 0.7443744657407407 0.16858351822916667 0.7443887148148148 0.16856739895833334 0.8200569962962964 0.18285109791666668 0.8200911944444444
3 0.2013963328125 0.7518352805555556 0.2013701390625 0.7476346537037037 0.19162804739583333 0.7476346537037037 0.19154745104166665 0.7478341407407407 0.18886560572916666 0.7477628953703704 0.18886560572916666 0.751741237037037 0.19147692916666664 0.7516956398148148 0.19151722760416667 0.7518267314814814 0.2013963328125 0.7518352805555556
2 0.34922828958333335 0.7411684240740741 0.34916784218749997 0.7249729268518519 0.3360910739583333 0.7249586777777778 0.3361011484375 0.7411256768518519 0.34922828958333335 0.7411684240740741
2 0.22163409218750002 0.6908805925925926 0.22172476302083333 0.7060245083333334 0.23071730833333334 0.7059874611111111 0.23064275625 0.6907950981481482 0.22163409218750002 0.6908805925925926
2 0.23261132395833334 0.7110658305555556 0.232599234375 0.7283613564814815 0.24388071718749998 0.7283129092592593 0.2439008666666667 0.7112938157407407 0.23261132395833334 0.7110658305555556
2 0.22160386875 0.7136791111111112 0.22152931718750002 0.7283100601851852 0.23100544010416665 0.7283414074074074 0.23098529114583333 0.7136791111111112 0.22160386875 0.7136791111111112
2 0.2618597625 0.747503562037037 0.2618597625 0.7658848675925926 0.2730767682291667 0.7661128527777777 0.273137215625 0.7474750638888888 0.2618597625 0.747503562037037
2 0.224537578125 0.7475349101851853 0.2244992947916667 0.7662154462962963 0.2359480151041667 0.7662296953703703 0.23597823906249998 0.7475776574074074 0.224537578125 0.7475349101851853
2 0.20145678020833332 0.7474180675925925 0.20141648177083335 0.7660986037037036 0.21286520260416666 0.7661128527777777 0.21289542604166664 0.7474608148148149 0.20145678020833332 0.7474180675925925
2 0.1725508765625 0.7026731259259259 0.17259117447916666 0.72076945 0.18989119479166666 0.7210401824074074 0.18984686666666667 0.7026531777777778 0.1725508765625 0.7026731259259259
3 0.38663711458333333 0.7939070962962963 0.3866209953125 0.7915816472222222 0.3639431796875 0.7916101453703703 0.3639532541666667 0.7954174981481481 0.36571025572916666 0.7954174981481481 0.36570622604166664 0.7939070962962963 0.38663711458333333 0.7939070962962963
3 0.3639633286458333 0.8092106009259259 0.3639431796875 0.8148503851851852 0.3657404796875 0.814836136111111 0.36570018125000003 0.80922485 0.3639633286458333 0.8092106009259259
2 0.7987406812500001 0.8289313194444444 0.7995647791666667 0.8155457398148148 0.7889280677083333 0.8145939018518518 0.7879246421875 0.8282188657407407 0.7987406812500001 0.8289313194444444
3 0.5215252869791667 0.7482844111111111 0.5215373765625 0.7749187805555555 0.5244166833333334 0.7749415787037037 0.5243723552083334 0.7483072101851852 0.5215252869791667 0.7482844111111111
3 0.6519101348958334 0.6885722425925925 0.690854321875 0.693462525 0.6909389484375 0.6918723287037037 0.69170864375 0.691932174074074 0.6918658067708333 0.6892903962962963 0.6520149104166666 0.6843032203703703 0.5818899859375001 0.6842718722222223 0.5818698369791666 0.6964092333333334 0.5847854119791667 0.6964975777777778 0.5847652630208333 0.6884838981481481 0.6519101348958334 0.6885722425925925
2 0.4963469677083333 0.7060957537037037 0.4963469677083333 0.722088913888889 0.5006649203125 0.7220604157407408 0.5005843239583333 0.7061926472222222 0.4963469677083333 0.7060957537037037
3 0.47282490416666667 0.8164149333333333 0.47283497864583335 0.6651125675925925 0.47924239375 0.6651410657407407 0.47924239375 0.6605528638888889 0.4698307473958333 0.6605386148148148 0.4698105984375 0.8207039046296296 0.48389280677083335 0.8207181537037036 0.48389280677083335 0.8164006842592593 0.47282490416666667 0.8164149333333333
3 0.5606306671875 0.6923966944444444 0.5606205921874999 0.6966885148148148 0.5715091677083334 0.696717012962963 0.5715393916666667 0.6924251925925926 0.5606306671875 0.6923966944444444
2 0.5246060848958334 0.7482473638888889 0.5246483979166666 0.7320490166666667 0.511444690625 0.7320262185185185 0.5113862583333334 0.7480649759259259 0.5246060848958334 0.7482473638888889
2 0.7788535161458333 0.7471986324074074 0.7779367317708333 0.7631347962962962 0.7911202901041666 0.7643431175925927 0.7920773723958334 0.7487888287037037 0.7788535161458333 0.7471986324074074
3 0.5820149104166668 0.7297378166666667 0.5820290145833333 0.7322029064814815 0.6395264958333333 0.7321573101851853 0.6395365708333334 0.7294015388888888 0.627374571875 0.7293587916666666 0.6273967359375 0.7043374185185185 0.6628672171875 0.7043488175925926 0.6628974411458334 0.7293559416666667 0.6489260526041666 0.7293416925925926 0.6489663510416667 0.7321972074074073 0.6506548458333333 0.7321829583333334 0.6813701390625 0.7360159592592593 0.6813802135416667 0.735773725 0.6859601046874999 0.7364405814814815 0.6861313723958333 0.7348646342592593 0.681559540625 0.7341920777777778 0.6825065484375 0.7179566824074074 0.6807475317708334 0.7185237962962964 0.6798589562499999 0.7333342833333334 0.6646544427083333 0.7315673981481482 0.6646725770833334 0.7163465370370371 0.6807072333333333 0.71845825 0.6825307276041667 0.7178939870370371 0.6871247229166666 0.7186064407407408 0.6876727786458333 0.7098518092592593 0.6864436833333334 0.7096808203703704 0.6860467458333334 0.7167569111111111 0.6825871447916666 0.7163123398148149 0.6826475921875 0.7160900537037037 0.6664094296874999 0.7141607296296296 0.667902478125 0.69153605 0.6660809994791667 0.6912425194444445 0.6654825708333333 0.7018124824074075 0.6256014505208333 0.7017697351851852 0.6256195848958334 0.7297805638888889 0.594563771875 0.7297919638888889 0.594563771875 0.6975320601851851 0.58215796875 0.6975206611111111 0.5821700583333332 0.6998290111111112 0.5929034859375 0.6998204620370371 0.5929417692708333 0.7297663148148148 0.5820149104166668 0.7297378166666667
3 0.5643179526041667 0.7293274435185185 0.5642957890625 0.6978227416666667 0.562343340625 0.6978255916666667 0.562238565625 0.7321544601851852 0.5713076765624999 0.7321829583333334 0.5712875276041667 0.7293416925925926 0.5643179526041667 0.7293274435185185
3 0.5951702598958334 0.6842205759259259 0.5951299614583333 0.652123112037037 0.542061253125 0.6521202620370371 0.5420713276041667 0.6554003990740741 0.5944448921875 0.655397549074074 0.5944469072916667 0.6842205759259259 0.5951702598958334 0.6842205759259259
3 0.49674793489583335 0.698652037962963 0.49674591979166666 0.7060587064814815 0.4981744911458333 0.7060957537037037 0.4982228489583333 0.6986719861111111 0.49674793489583335 0.698652037962963
3 0.4967298005208333 0.7221601592592592 0.496739875 0.7299430037037037 0.4741869838541667 0.7299202055555555 0.47415675989583334 0.7319806212962964 0.4982168041666667 0.7319749212962963 0.4981946401041667 0.7221601592592592 0.4967298005208333 0.7221601592592592
3 0.54066895 0.7157053287037037 0.5407072333333333 0.6967056138888889 0.5389844854166667 0.6966942148148149 0.5389119484375 0.7182758620370371 0.5430002015625 0.7182958111111111 0.5429901270833334 0.7156768305555555 0.54066895 0.7157053287037037
3 0.4910940963541667 0.6958535194444444 0.491084021875 0.669033912962963 0.5359883135416666 0.6692020518518518 0.5360286119791666 0.6956825305555555 0.5114527505208334 0.6958250212962963 0.5114467057291666 0.6986463379629629 0.5140842234374999 0.6986377888888889 0.5140781786458334 0.6983898546296297 0.5224461010416667 0.6983756055555556 0.5224481161458333 0.7293416925925926 0.5212109609375 0.7293559416666667 0.5212452145833333 0.7060387574074074 0.5140862380208333 0.7060615555555555 0.5141245213541666 0.6986805361111111 0.5123957286458334 0.698666287037037 0.5124360265625 0.7087090342592592 0.5194176911458334 0.7087375324074074 0.5194479145833334 0.730370475925926 0.5125669958333333 0.730370475925926 0.5125569213541666 0.7318495296296297 0.5194680635416666 0.7318637787037037 0.5194579890625 0.7319635222222223 0.5242272817708333 0.7319492731481482 0.5242575057291667 0.6986377888888889 0.5379065083333334 0.6985807925925926 0.5378964338541666 0.6665602731481481 0.4893169453125 0.666546024074074 0.4891154541666667 0.6986092907407407 0.5019705822916667 0.698652037962963 0.5019705822916667 0.6958392703703703 0.4910940963541667 0.6958535194444444
3 0.47688696354166665 0.6838244518518518 0.4728752770833333 0.6838216018518518 0.4728752770833333 0.6864063833333334 0.47691114270833335 0.6863693361111111 0.47688696354166665 0.6838244518518518
3 0.7093149307291667 0.7062125962962963 0.7072657666666667 0.7394214879629629 0.7101470885416667 0.7396751212962963 0.7121942375 0.706537475 0.7093149307291667 0.7062125962962963
3 0.778529115625 0.8027757194444445 0.7811041708333334 0.7635708175925926 0.7781019546875 0.7633143342592593 0.7757888375 0.802496437962963 0.7755772718749999 0.8081191222222222 0.7781986703125 0.8084497009259259 0.778529115625 0.8027757194444445
3 0.779365303125 0.7145369055555555 0.7802498489583333 0.7 0.7778702395833333 0.6998147620370371 0.7749566796875 0.7467768592592593 0.7774571833333332 0.7470589907407408 0.7793250052083334 0.7163835851851852 0.779365303125 0.7145369055555555
3 0.8133951239583334 0.6848560842592593 0.8137255692708333 0.6807950981481481 0.7894902276041668 0.6776688518518518 0.7900040296875 0.6686491879629629 0.7693431390625 0.6661499000000001 0.76910135 0.6703106296296296 0.7869192020833334 0.6724565407407407 0.7864275640625 0.6814049583333334 0.8133951239583334 0.6848560842592593
4 0.6118194640625 0.7927329722222223 0.6118355833333333 0.7979709314814816 0.6298045536458333 0.7979652324074075 0.6297944791666666 0.7927814194444445 0.6118194640625 0.7927329722222223
4 0.6121902072916666 0.8167255629629631 0.6122002822916667 0.8201624398148148 0.6294458994791667 0.8201624398148148 0.629435825 0.816739812037037 0.6121902072916666 0.8167255629629631
4 0.5729800526041667 0.816711313888889 0.5729800526041667 0.8201624398148148 0.5902982067708333 0.8201396407407407 0.5903042515625 0.8166828157407408 0.5729800526041667 0.816711313888889
4 0.5726798307291666 0.7927643203703704 0.5726496072916666 0.7979623824074074 0.5906387265624999 0.7979623824074074 0.5906387265624999 0.7927928185185185 0.5726798307291666 0.7927643203703704
4 0.5431996776041667 0.6928270166666667 0.5431694541666666 0.6963636361111111 0.5605863390625 0.696335137962963 0.5605964135416667 0.6928697638888889 0.5431996776041667 0.6928270166666667
4 0.5430505744791667 0.7156967796296296 0.5430606489583333 0.7209261898148148 0.5610679026041667 0.7209261898148148 0.5610679026041667 0.7157395268518518 0.5430505744791667 0.7156967796296296
4 0.5321015515625 0.7518352805555556 0.5320713276041666 0.7565802222222222 0.5535663911458334 0.7566229694444445 0.5535482572916667 0.7518979768518518 0.5321015515625 0.7518352805555556
4 0.5323151317708333 0.7763750351851852 0.5323050572916667 0.7799544027777778 0.5532299010416666 0.7799401537037037 0.5532299010416666 0.7763607861111111 0.5323151317708333 0.7763750351851852
4 0.48352206302083334 0.7921601592592592 0.48356236145833337 0.7972442287037037 0.5122002822916667 0.7972812768518518 0.5122305057291666 0.7922371046296297 0.48352206302083334 0.7921601592592592
4 0.48394317968749995 0.816711313888889 0.48394317968749995 0.8201339416666666 0.5118738666666667 0.8201481907407407 0.5118637921875 0.816711313888889 0.48394317968749995 0.816711313888889
4 0.4792726171875 0.6610059842592593 0.4793028411458333 0.6644457111111111 0.48828128125 0.6645283555555556 0.4882510578125 0.6610344824074074 0.4792726171875 0.6610059842592593
3 0.8218194640625 0.816719862962963 0.8219705822916666 0.8144628101851852 0.79808785 0.8114420064814815 0.797868225 0.8153491018518518 0.799532540625 0.8154573953703703 0.7996030624999999 0.8139355944444444 0.8218194640625 0.816719862962963
3 0.572959903125 0.8207324027777777 0.572959903125 0.8164006842592593 0.5625448317708333 0.8164263324074075 0.5624743098958334 0.7759703620370371 0.5532641546875 0.7759418638888889 0.5532540802083333 0.7803733259259259 0.5594821682291666 0.7803448277777778 0.5595103765625 0.8206611574074074 0.572959903125 0.8207324027777777
3 0.7116361072916667 0.6960672555555556 0.7137215395833334 0.6635024222222222 0.751648196875 0.6680450268518519 0.7518879708333334 0.6639669425925926 0.7110719322916667 0.6589170703703704 0.7090147088541666 0.6915018527777778 0.7051037677083334 0.6909375888888889 0.7049224260416668 0.6936078657407407 0.7055994359375001 0.6936249648148148 0.7055087651041667 0.695200912037037 0.7116361072916667 0.6960672555555556
3 0.8228652026041666 0.6818181814814815 0.8224944588541666 0.6860359074074074 0.8298267177083333 0.6868880018518518 0.8205661895833334 0.8377913935185185 0.8145698166666667 0.8369962953703703 0.8141386260416666 0.8412453694444444 0.82333870625 0.8424508407407407 0.8331613942708334 0.6830948990740741 0.8228652026041666 0.6818181814814815
3 0.7963570421875 0.8349073814814815 0.7960850291666667 0.8390139638888889 0.8026173687499999 0.839809062037037 0.8028490833333334 0.8356625814814814 0.7963570421875 0.8349073814814815
3 0.7668204713541668 0.8311627240740741 0.7666169656249999 0.8353035055555555 0.7786681442708333 0.8368538046296295 0.779030828125 0.8327814194444445 0.7668204713541668 0.8311627240740741
3 0.7089200078125 0.8239612425925926 0.7096594802083334 0.8110031351851852 0.7067479348958333 0.8107352518518518 0.7057565989583333 0.8277970935185185 0.7172254682291667 0.8291878027777778 0.71749748125 0.8250983185185186 0.7089200078125 0.8239612425925926
3 0.7120229697916667 0.7713109148148148 0.7127362484374999 0.762103162962963 0.704616159375 0.7610316333333333 0.7043401166666666 0.7652037620370371 0.7094620187499999 0.7658791675925926 0.7092706026041667 0.7709717870370371 0.7120229697916667 0.7713109148148148
3 0.6489703807291666 0.7583699055555555 0.6563127140625 0.7591365064814815 0.656272415625 0.7550327731481481 0.6491315734375 0.7540951842592593 0.641648196875 0.7541236824074075 0.6417187187500001 0.8164548305555556 0.6295063468750001 0.8164149333333333 0.6294861979166666 0.8207039046296296 0.6446806364583334 0.8206896555555555 0.6446907114583333 0.7583414074074074 0.6489703807291666 0.7583699055555555
3 0.590352609375 0.8164491305555555 0.5903223854166666 0.8206697064814814 0.6121478942708334 0.8207153037037037 0.6121358052083333 0.8164263324074075 0.590352609375 0.8164491305555555
3 0.5610981260416666 0.7520775148148148 0.5610376786458333 0.7748475351851851 0.5639069109375 0.7748304361111111 0.5638706427083334 0.752108862962963 0.5610981260416666 0.7520775148148148
3 0.7122405802083333 0.6873183240740741 0.7120693130208333 0.689988600925926 0.7496917187500001 0.6946565972222222 0.74985895625 0.6920461666666666 0.7122405802083333 0.6873183240740741
3 0.3377916583333333 0.6987717296296296 0.33780979270833333 0.7224707898148148 0.3311706630208333 0.722502137037037 0.3311706630208333 0.7248874324074074 0.36755994375 0.7249159305555556 0.36749748125 0.7116699916666667 0.3656598833333333 0.7116414935185185 0.36565383854166666 0.7220632657407406 0.33949022760416664 0.7220775148148147 0.33956074947916665 0.6963807351851852 0.3347793671875 0.6963664861111111 0.33474914375 0.681926475 0.3656236145833333 0.6819834712962963 0.36568607708333334 0.6983528074074075 0.3674934515625 0.6983528074074075 0.3674934515625 0.6791849527777778 0.33300826093749997 0.6792761472222223 0.33296796302083337 0.6952123111111111 0.33120088645833334 0.6951838129629629 0.33119081197916667 0.6966913648148149 0.33298811197916667 0.6966685666666667 0.33295788854166664 0.6988173268518518 0.3377916583333333 0.6987717296296296
3 0.21301027604166667 0.751909375925926 0.21296594791666665 0.7923482472222222 0.21460407031249998 0.7923482472222222 0.21464033854166667 0.7518865777777778 0.21301027604166667 0.751909375925926
3 0.2361978640625 0.7519492731481482 0.23618778958333334 0.7923339981481482 0.23760427135416667 0.7923482472222222 0.237630465625 0.751929325 0.2361978640625 0.7519492731481482
4 0.18287527708333334 0.8154630944444444 0.18290751562500002 0.8195611287037038 0.20377392708333333 0.8195896268518519 0.20374571822916668 0.8154773435185185 0.18287527708333334 0.8154630944444444
4 0.21852105572916666 0.8155172416666666 0.21852105572916666 0.8195269305555555 0.23222446093750002 0.8195582787037037 0.23219020729166667 0.8155457398148148 0.21852105572916666 0.8155172416666666
4 0.24501511197916667 0.8154887435185185 0.24504533541666668 0.8195668277777778 0.26600644791666667 0.8195525787037038 0.26594600052083334 0.8155457398148148 0.24501511197916667 0.8154887435185185
4 0.2833125125 0.8155314907407407 0.2833125125 0.8206497574074074 0.32915172291666667 0.8206611574074074 0.32906105156250004 0.8154488453703703 0.2833125125 0.8155314907407407
4 0.3463751765625 0.8154773435185185 0.34639532552083335 0.8206469083333333 0.3637013901041667 0.8206469083333333 0.3636610921875 0.8154630944444444 0.3463751765625 0.8154773435185185
4 0.34603465624999996 0.7899914509259259 0.34602458177083334 0.7947078944444445 0.36390288125 0.7947078944444445 0.363884746875 0.7899145055555555 0.34603465624999996 0.7899914509259259
4 0.3697541807291667 0.6415474490740741 0.3697481364583333 0.6458649185185186 0.37873665104166665 0.6458506694444445 0.3787447109375 0.6415474490740741 0.3697541807291667 0.6415474490740741
4 0.3194700786458334 0.6466600166666667 0.31951843645833333 0.6508919916666667 0.3285794880208333 0.6508777425925926 0.3285694135416667 0.6466742657407407 0.3194700786458334 0.6466600166666667
4 0.27535764635416665 0.6467027638888889 0.275347571875 0.6508634935185186 0.2927120692708333 0.6508064972222223 0.2927120692708333 0.6466885148148148 0.27535764635416665 0.6467027638888889
4 0.23780777760416666 0.6559076657407407 0.23781382239583332 0.6601253916666667 0.2551098125 0.6600826444444445 0.255101753125 0.6558934166666666 0.23780777760416666 0.6559076657407407
3 0.18843038489583333 0.6803676259259259 0.18843038489583333 0.6828127675925926 0.19120088645833333 0.6828270166666667 0.19119081197916668 0.6803818749999999 0.18843038489583333 0.6803676259259259
3 0.20204311927083335 0.6803391277777777 0.2020491640625 0.6827842694444445 0.204448921875 0.6828127675925926 0.204448921875 0.6803533768518518 0.20204311927083335 0.6803391277777777
3 0.23387064270833333 0.6786691361111111 0.23387064270833333 0.681139925925926 0.23751763020833333 0.6811256768518519 0.23750755572916665 0.6786976342592592 0.23387064270833333 0.6786691361111111
3 0.2761273421875 0.6670333425925926 0.27614749166666663 0.6644884583333333 0.2642353416666667 0.6644742092592593 0.2642051177083333 0.678660587037037 0.25548660104166665 0.6786406379629629 0.25550070520833335 0.6811228268518519 0.26597219427083335 0.6811256768518519 0.26590167239583334 0.6670190935185185 0.2761273421875 0.6670333425925926
3 0.3185150109375 0.6930578509259259 0.3184565786458334 0.6644599601851852 0.29423735625 0.6644457111111111 0.29424743072916665 0.6670732398148148 0.31687487395833336 0.6670162435185185 0.31682651614583335 0.6930721 0.3185150109375 0.6930578509259259
3 0.315154140625 0.6954060981481481 0.3151239171875 0.7018124824074075 0.3166995770833333 0.7018124824074075 0.31664920416666664 0.695391849074074 0.315154140625 0.6954060981481481
3 0.3480677010416667 0.6777087490740741 0.34808583541666666 0.6670133944444444 0.3671670359375 0.6670019944444445 0.36714890208333334 0.6644827583333334 0.34809590989583333 0.6644827583333334 0.3480757604166667 0.6628355657407407 0.34973201666666665 0.6628213166666667 0.34974209166666664 0.64615845 0.3480354625 0.64615845 0.3480334473958333 0.6607523509259259 0.340801934375 0.6607238527777778 0.34078178541666665 0.646132800925926 0.33915575260416664 0.646132800925926 0.33911746927083336 0.6631376462962963 0.34628450520833337 0.6631005981481481 0.3462482369791667 0.67769165 0.3480677010416667 0.6777087490740741
3 0.37794277656249997 0.664431462037037 0.37794277656249997 0.6670019944444445 0.38663106979166667 0.6670447416666667 0.38663106979166667 0.6644742092592593 0.37794277656249997 0.664431462037037
3 0.1727906510416667 0.7944514111111111 0.17280274010416666 0.7969250499999999 0.18256699583333333 0.7969421490740741 0.18255490625 0.7944514111111111 0.1727906510416667 0.7944514111111111
3 0.2041628046875 0.7944542601851852 0.20417287916666668 0.7968823027777777 0.2181241182291667 0.7968965518518518 0.21811404375 0.7944685092592593 0.2041628046875 0.7944542601851852
3 0.2325911744791667 0.7944799092592593 0.2325911744791667 0.7969022509259259 0.24475518854166667 0.7968880018518518 0.2447451140625 0.794417212962963 0.2325911744791667 0.7944799092592593
3 0.26631875885416667 0.794437162037037 0.26633890781249997 0.7968823027777777 0.2829196052083333 0.7968965518518518 0.28290953072916664 0.794437162037037 0.26631875885416667 0.794437162037037
3 0.345964134375 0.7952009120370371 0.345974209375 0.7926161296296297 0.33802941770833334 0.7926161296296297 0.33801934322916666 0.7943345685185186 0.3294116463541667 0.7943516675925926 0.32940157187499997 0.7968766027777777 0.3398569411458333 0.7968908518518518 0.3398569411458333 0.7951724138888889 0.345964134375 0.7952009120370371
4 0.18260527916666666 0.7916956398148148 0.18262341302083335 0.7962695925925927 0.204114446875 0.7962239953703704 0.2040842234375 0.7917241379629629 0.18260527916666666 0.7916956398148148
4 0.2181543421875 0.7916842407407408 0.21817449114583332 0.7962296953703704 0.23256095104166666 0.7962695925925927 0.2325508765625 0.7916671416666666 0.2181543421875 0.7916842407407408
4 0.24476526302083332 0.7917241379629629 0.24479548645833335 0.7962553435185186 0.2662764458333333 0.7962695925925927 0.2662683859375 0.7916671416666666 0.24476526302083332 0.7917241379629629
4 0.28293975416666667 0.7916243944444444 0.28297199270833334 0.7962695925925927 0.3293612734375 0.7962268453703704 0.3293713479166666 0.7916956398148148 0.28293975416666667 0.7916243944444444
4 0.23755389895833331 0.6792932462962963 0.237594196875 0.6839070962962962 0.25549063072916667 0.6839469935185185 0.25542010885416666 0.6793445425925926 0.23755389895833331 0.6792932462962963
4 0.27620189427083336 0.6648532342592592 0.2761716703125 0.6696865203703704 0.2942192223958333 0.6696722712962963 0.29418496875 0.6648532342592592 0.27620189427083336 0.6648532342592592
2 0.19143260104166665 0.6683357083333333 0.19124118489583333 0.685568537962963 0.20198468645833334 0.6856226842592592 0.20191819479166667 0.6684354518518519 0.19143260104166665 0.6683357083333333
2 0.3672677817708333 0.6524280425925926 0.3672274833333333 0.6697007694444445 0.3779206125 0.6697150185185186 0.37785210572916667 0.6525534342592593 0.3672677817708333 0.6524280425925926
3 0.2659661494791667 0.6512624675925927 0.26599637291666667 0.6600968935185185 0.25723957291666666 0.6602108861111111 0.2573080796875 0.6625847824074074 0.26768486822916665 0.6625562842592593 0.2676949427083333 0.6512624675925927 0.2659661494791667 0.6512624675925927
3 0.36970783802083335 0.64614705 0.36970783802083335 0.6410914787037036 0.3360205520833333 0.641134225925926 0.33602659687499997 0.6462553435185185 0.32860568229166665 0.6462125962962962 0.3286157567708334 0.6512567685185185 0.3391053796875 0.6512767166666668 0.33911545416666666 0.6461043027777778 0.36970783802083335 0.64614705
3 0.27529316927083336 0.6511969222222223 0.27529719947916664 0.6462182953703703 0.25638928072916667 0.6462068962962964 0.25638525104166665 0.6554659444444445 0.25514003645833333 0.6554659444444445 0.2551501109375 0.6601966370370371 0.2599496270833333 0.6601538898148148 0.2598952244791667 0.6512111712962964 0.27529316927083336 0.6511969222222223
4 0.19611726770833335 0.6558877175925926 0.19613338697916666 0.6600683953703704 0.20506145468749998 0.6600968935185185 0.2051057828125 0.6559304648148148 0.19611726770833335 0.6558877175925926
3 0.1883921015625 0.7013166148148149 0.18840620572916666 0.6604873185185186 0.19607293958333333 0.6604673694444444 0.19604876093749998 0.6554488453703704 0.1842514609375 0.6554659444444445 0.18422325208333332 0.7026047305555556 0.1860306265625 0.7025676833333333 0.18601652239583333 0.7013166148148149 0.1883921015625 0.7013166148148149
3 0.3166774130208333 0.7226588768518518 0.3166572635416667 0.7161385009259259 0.3151601854166667 0.7161385009259259 0.3151702598958333 0.7247050444444445 0.32721337916666665 0.7246907953703704 0.32722345364583333 0.7226588768518518 0.3166774130208333 0.7226588768518518
2 0.7046725770833333 0.3014420064814815 0.7154644369791666 0.30141350833333336 0.7154644369791666 0.28793673425925925 0.7047209348958333 0.28793673425925925 0.7046725770833333 0.3014420064814815
3 0.7285250854166667 0.19893416944444445 0.7285250854166667 0.20029923055555557 0.736078984375 0.2003419777777778 0.7360890588541668 0.19891992037037037 0.7285250854166667 0.19893416944444445
2 0.7183115052083333 0.1984098037037037 0.7182913562500001 0.20380735277777778 0.7285049364583334 0.2037503564814815 0.7285049364583334 0.1984668 0.7183115052083333 0.1984098037037037
2 0.6903727583333333 0.22228840092592592 0.6903646989583333 0.23860929074074075 0.7036469875000001 0.2385123962962963 0.7035381822916666 0.22237389537037036 0.6903727583333333 0.22228840092592592
2 0.7078158369791667 0.21953263055555555 0.7186137416666667 0.21954687962962963 0.7185835182291667 0.20667711574074074 0.7078964338541667 0.20679110833333333 0.7078158369791667 0.21953263055555555
2 0.6822425953125 0.1617526361111111 0.6822043119791666 0.1771872324074074 0.6944186984375 0.1771872324074074 0.6943401166666666 0.1617155888888889 0.6822425953125 0.1617526361111111
2 0.6234394520833334 0.24388144814814813 0.6234696755208333 0.26108292962962965 0.634511384375 0.261159875 0.6345275036458333 0.24392419537037036 0.6234394520833334 0.24388144814814813
3 0.619119484375 0.22457395277777778 0.619250453125 0.16712738703703703 0.619119484375 0.16712738703703703 0.619119484375 0.16023653425925924 0.6209389484375 0.1602507833333333 0.6209389484375 0.15518096296296296 0.5915615557291667 0.15513821574074074 0.5915897640625 0.16022228518518516 0.6163892807291667 0.1602080361111111 0.616308684375 0.22460245092592593 0.619119484375 0.22457395277777778
3 0.5765081604166666 0.19648902777777777 0.57643159375 0.16029353055555554 0.5823796088541666 0.16022228518518516 0.5823796088541666 0.1551695638888889 0.5722566994791667 0.1551695638888889 0.5723070723958333 0.1982958111111111 0.574114446875 0.1982958111111111 0.5741043723958333 0.19647192962962962 0.5765081604166666 0.19648902777777777
2 0.5806367114583334 0.19413223148148148 0.5806326817708333 0.19910515833333334 0.5906568609375 0.19913365648148149 0.5906749947916666 0.19407523518518519 0.5806367114583334 0.19413223148148148
2 0.5605762645833334 0.19832430925925926 0.5606266369791667 0.21645198055555553 0.5778400161458334 0.21659162129629628 0.5778782994791667 0.19833570833333333 0.5605762645833334 0.19832430925925926
3 0.7108764859375001 0.15959247685185185 0.7035039291666667 0.15959247685185185 0.7035039291666667 0.14931319444444444 0.7018174489583333 0.14934169259259258 0.7018194640625001 0.1617469361111111 0.7108764859375001 0.16168424074074073 0.7108764859375001 0.15959247685185185
3 0.6825428166666666 0.22034767777777778 0.6825669958333334 0.22218865740740742 0.6905601453125 0.22218865740740742 0.6905601453125 0.22037332592592593 0.6825428166666666 0.22034767777777778
3 0.5774571833333333 0.19415787962962963 0.5774370338541667 0.19704189259259258 0.5806105177083333 0.19701339444444443 0.5806004432291666 0.1941721287037037 0.5774571833333333 0.19415787962962963
3 0.7290207536458334 0.22077799907407405 0.729030828125 0.2221972074074074 0.7360809994791667 0.2221972074074074 0.7360910739583333 0.2208064972222222 0.7290207536458334 0.22077799907407405
3 0.7373604677083333 0.2840752351851852 0.7134716906249999 0.2840780851851852 0.7134878098958333 0.28787973796296296 0.7152246625 0.28786548888888885 0.7152145880208334 0.2864177824074074 0.7373665119791667 0.2863864351851852 0.7373604677083333 0.2840752351851852
3 0.7315031229166666 0.3064206324074074 0.7315051380208334 0.31162439444444445 0.7409651421875 0.31162439444444445 0.7410014104166667 0.15921060092592593 0.7310779770833334 0.15924764907407407 0.7310880515625 0.16434596759259257 0.7374249447916666 0.16430322037037037 0.7374108401041667 0.30645768055555556 0.7315031229166666 0.3064206324074074
3 0.7134898244791666 0.30147335462962965 0.7135079588541667 0.3067797092592593 0.7152407817708333 0.30677685925925924 0.7152367520833334 0.30145055555555555 0.7134898244791666 0.30147335462962965
3 0.7133951239583334 0.30684525462962964 0.7133810197916667 0.3118181814814815 0.7199335078125001 0.3118381305555556 0.7199335078125001 0.3068281564814815 0.7133951239583334 0.30684525462962964
3 0.695833165625 0.28816756944444444 0.6958029416666667 0.2841322314814815 0.6917650614583334 0.2841607296296296 0.6917952848958334 0.3068053574074074 0.6933427364583333 0.3068053574074074 0.6933064677083334 0.28815616944444444 0.695833165625 0.28816756944444444
3 0.6274209145833333 0.3068623537037037 0.6274209145833333 0.311920775 0.6446504130208334 0.31192362500000004 0.6446302640624999 0.30686805370370374 0.6274209145833333 0.3068623537037037
3 0.6834696755208333 0.30677685925925924 0.6834596010416667 0.31183528055555554 0.6959580901041666 0.3118153324074074 0.6959580901041666 0.3067626101851852 0.6834696755208333 0.30677685925925924
3 0.6934596010416667 0.28316329444444444 0.6934596010416667 0.27951268148148145 0.6935442270833333 0.2793274435185185 0.6935442270833333 0.2386377888888889 0.6905682046875 0.23865488703703702 0.6905802942708333 0.27975206574074074 0.6906890994791667 0.27982046203703703 0.6906770098958332 0.28318039351851854 0.6934596010416667 0.28316329444444444
3 0.721789240625 0.1645654037037037 0.7217993151041667 0.15949273333333333 0.7155732421875 0.1595639787037037 0.7155933911458334 0.14281561666666667 0.6954442875000001 0.1428013675925926 0.6954342130208333 0.14783129074074072 0.7120471489583333 0.1477457962962963 0.7120471489583333 0.16457965277777778 0.721789240625 0.1645654037037037
4 0.16623211770833332 0.15832145925925925 0.1662421921875 0.18294100925925927 0.170378803125 0.18295525833333334 0.17036268385416667 0.15831860925925925 0.16623211770833332 0.15832145925925925
4 0.16701188802083333 0.1313622111111111 0.16699576875 0.1474209175925926 0.17012089479166667 0.1474836138888889 0.17009268593750002 0.1313622111111111 0.16701188802083333 0.1313622111111111
2 0.22519846875 0.3199373037037037 0.22530928854166668 0.33506697037037037 0.2372516625 0.33512966666666666 0.2372516625 0.31996580185185186 0.22519846875 0.3199373037037037
2 0.2072818859375 0.22311199814814817 0.20712069322916668 0.23846109999999998 0.21928269166666667 0.23848959814814813 0.21924037864583334 0.22305500185185187 0.2072818859375 0.22311199814814817
2 0.23996373177083333 0.1662496435185185 0.23999194010416666 0.1722143064814815 0.25039895208333335 0.17224280462962963 0.250449325 0.16623539444444443 0.23996373177083333 0.1662496435185185
2 0.2191940359375 0.19109432870370371 0.21896030625000001 0.20843830185185186 0.2301108203125 0.20845255092592593 0.23012089479166667 0.19117982314814816 0.2191940359375 0.19109432870370371
2 0.2903123109375 0.2605870620370371 0.29035260937499996 0.2655172416666667 0.3003465645833333 0.26554573981481483 0.3003465645833333 0.26050156759259263 0.2903123109375 0.2605870620370371
2 0.31541204895833336 0.26224850370370373 0.315462421875 0.27952123148148145 0.3267499494791667 0.279424337037037 0.326739875 0.2622057564814815 0.31541204895833336 0.26224850370370373
2 0.33375176302083337 0.2251724138888889 0.33375176302083337 0.2431148472222222 0.34505944010416667 0.2431148472222222 0.34499093281250004 0.22520091203703704 0.33375176302083337 0.2251724138888889
2 0.300185371875 0.1869165 0.3000745515625 0.21074095185185185 0.313241990625 0.21074095185185185 0.3133024380208333 0.18680535740740742 0.300185371875 0.1869165
2 0.26446101145833334 0.22842690185185185 0.26440459374999997 0.2430721 0.27371952447916664 0.2430721 0.27367922604166667 0.22846964907407408 0.26446101145833334 0.22842690185185185
2 0.2644106385416667 0.2062667425925926 0.26436832552083334 0.2214705046296296 0.27333870624999995 0.22153605 0.27330848281250003 0.20628099166666666 0.2644106385416667 0.2062667425925926
2 0.241233125 0.18995440277777778 0.24120491614583334 0.20529495555555555 0.2504593994791667 0.20525790833333332 0.2504291760416667 0.18992875462962963 0.241233125 0.18995440277777778
3 0.21275639739583332 0.3409147907407407 0.21278460625 0.3490652611111111 0.21444287708333334 0.34904246203703704 0.21443280260416667 0.33861213981481486 0.2097219421875 0.3385836416666667 0.20973403177083333 0.31988600740740736 0.23727382656249998 0.3198575092592592 0.2372436026041667 0.3173867194444444 0.20332057239583332 0.3174095185185185 0.20338504947916666 0.3197634657407407 0.20806165625 0.31974636666666667 0.2080656859375 0.34094043888888886 0.21275639739583332 0.3409147907407407
3 0.2579850895833333 0.17932174444444446 0.25800926875 0.19035052685185183 0.2594559739583333 0.1903334287037037 0.25941769114583335 0.17930464537037036 0.2579850895833333 0.17932174444444446
3 0.25049163802083335 0.1666885148148148 0.2504714890625 0.16873468240740738 0.2579226276041667 0.16874893148148146 0.2579145677083333 0.16673126203703703 0.25049163802083335 0.1666885148148148
3 0.23509973802083334 0.16671701296296296 0.2351400364583333 0.1246679962962963 0.2335462421875 0.12467084629629628 0.23361474895833334 0.16874893148148146 0.23993149322916668 0.16874893148148146 0.23991134374999998 0.16671701296296296 0.23509973802083334 0.16671701296296296
3 0.3268204713541667 0.26287261296296294 0.32681039687499996 0.26493302962962967 0.3510961114583333 0.26493302962962967 0.3510961114583333 0.26284411481481484 0.3268204713541667 0.26287261296296294
3 0.3153677213541667 0.28351952129629626 0.3153334677083333 0.26289541203703704 0.3003747734375 0.262884012962963 0.3003848479166667 0.2648589342592592 0.3139633286458333 0.26488743240740736 0.3139310901041667 0.28351952129629626 0.3153677213541667 0.28351952129629626
3 0.28707435000000003 0.2936192648148148 0.28705823072916664 0.285574237962963 0.2812633489583333 0.2856169851851852 0.2812834979166666 0.28769164999999997 0.2853979447916667 0.2876318037037037 0.28542816822916667 0.2936192648148148 0.28707435000000003 0.2936192648148148
3 0.33210155156250004 0.21073240277777777 0.3321136411458333 0.23971786851851853 0.3148801130208333 0.23974636666666668 0.3148801130208333 0.23278711851851852 0.313727584375 0.23278711851851852 0.3137517630208333 0.24245084074074072 0.3336490026041667 0.24245084074074072 0.3336691515625 0.21073240277777777 0.33210155156250004 0.21073240277777777
3 0.3450856338541667 0.23970076944444443 0.3450856338541667 0.24246223981481482 0.3511565583333333 0.24241949259259263 0.35114849895833333 0.23970076944444443 0.3450856338541667 0.23970076944444443
2 0.1741547453125 0.1553776 0.17412653645833334 0.17072100277777777 0.18357848072916666 0.17068110555555555 0.1835422125 0.15535765185185185 0.1741547453125 0.1553776
3 0.23474309895833334 0.23837560555555554 0.23471891979166667 0.22914790555555556 0.25034051979166666 0.2291222574074074 0.2503465645833333 0.2383927046296296 0.252123715625 0.2384069537037037 0.252097521875 0.22660302037037036 0.23504332031250003 0.2266543175925926 0.23503727604166666 0.19265887685185185 0.241198871875 0.19261328055555557 0.24119484166666666 0.19043032222222223 0.23315937916666665 0.19043032222222223 0.23318355833333332 0.20565403240740743 0.2301813421875 0.20566258148148148 0.2301813421875 0.2076945 0.23315333489583334 0.20765175277777778 0.233145275 0.23837560555555554 0.23474309895833334 0.23837560555555554
3 0.23516623020833333 0.3352265601851852 0.23521660260416669 0.34898831574074074 0.23730203489583335 0.3489740666666667 0.2372516625 0.3352493583333333 0.23516623020833333 0.3352265601851852
1 0 0 0 1 1 1 1 0 0 0
3 0.277902478125 0.28348817314814817 0.27786218020833336 0.26486463425925927 0.29028611718749997 0.26490738148148146 0.29028208749999995 0.26284411481481484 0.26812411822916665 0.26284126574074074 0.26812411822916665 0.26488743240740736 0.27651219010416667 0.2648361361111111 0.27648801145833335 0.28348247407407406 0.277902478125 0.28348817314814817
3 0.313753778125 0.21073525185185185 0.313753778125 0.21830721018518517 0.31490832135416663 0.21830721018518517 0.3148680234375 0.21073525185185185 0.313753778125 0.21073525185185185
3 0.2642836994791667 0.23837845555555556 0.2644247432291667 0.18152180092592593 0.28197058229166666 0.18149330277777778 0.2819746119791667 0.21818751759259258 0.27344751145833335 0.2182302648148148 0.2734273625 0.22101453425925927 0.28228490833333336 0.22102878333333334 0.2822969979166666 0.24042747222222224 0.2737698973958333 0.2404417212962963 0.273779971875 0.24250213703703705 0.28232722135416666 0.24244514074074075 0.28232722135416666 0.2426731259259259 0.29341527291666664 0.2426731259259259 0.29341527291666664 0.24243089166666665 0.29801531354166666 0.24243089166666665 0.29801531354166666 0.24047306944444444 0.29339512395833334 0.24045882037037034 0.2933910942708333 0.21009119444444446 0.2917146885416667 0.21009119444444446 0.29172476302083333 0.24029068148148147 0.28387064270833334 0.24027643240740737 0.28387064270833334 0.1809945851851852 0.29093088854166665 0.1809803361111111 0.2909611119791667 0.1789085212962963 0.26260930885416667 0.17893701944444446 0.26261132395833336 0.19045597037037038 0.250467459375 0.19040182407407408 0.25046947395833336 0.1925990314814815 0.26228893802083336 0.19261897962962965 0.2623050572916667 0.23837845555555556 0.2642836994791667 0.23837845555555556
3 0.21739472083333336 0.1939640925925926 0.21742494479166666 0.22297235648148148 0.21887165 0.22297235648148148 0.21887165 0.19397834166666666 0.21739472083333336 0.1939640925925926
3 0.17132178125 0.23902536296296298 0.17132178125 0.24239099444444442 0.1858190609375 0.24244514074074075 0.1858190609375 0.2390082648148148 0.17132178125 0.23902536296296298
3 0.18349183958333332 0.18310914814814816 0.18346161614583334 0.1898290111111111 0.17034454947916666 0.1897862638888889 0.170334475 0.19217155925925927 0.18617368541666668 0.19217155925925927 0.18618375989583333 0.18309489907407409 0.18349183958333332 0.18310914814814816
3 0.1846383234375 0.12646622962962964 0.18464235364583334 0.15538045 0.1835986296875 0.15539469907407408 0.18360870416666666 0.15805357685185187 0.18614950625 0.15808207500000002 0.1862159984375 0.12645483055555554 0.1846383234375 0.12646622962962964
3 0.17038081822916668 0.15539469907407408 0.1703646989583333 0.15810772314814814 0.17410638750000001 0.15811057314814816 0.17410034270833333 0.15542319722222223 0.17038081822916668 0.15539469907407408
3 0.23297602239583334 0.2384525509259259 0.23296393333333335 0.24281561666666665 0.2643501916666667 0.2428013675925926 0.264370340625 0.2384411509259259 0.23297602239583334 0.2384525509259259
3 0.18584928489583333 0.23854089444444446 0.1858573442708333 0.24280706759259257 0.21910135 0.24281846666666668 0.2190610515625 0.2386292388888889 0.18584928489583333 0.23854089444444446
3 0.2190973203125 0.19391279537037037 0.21906709635416668 0.1894955824074074 0.18960910729166666 0.1895611287037037 0.189339109375 0.1898432601851852 0.1868023375 0.1898432601851852 0.18679427760416667 0.19359931574074074 0.18936530312500002 0.1936278138888889 0.18960507760416664 0.19396979166666664 0.2190973203125 0.19391279537037037
3 0.26783598645833334 0.7259133657407407 0.26783598645833334 0.7276688518518518 0.2757908520833333 0.7276688518518518 0.2757666734375 0.7259304648148148 0.26783598645833334 0.7259133657407407
3 0.35748539166666665 0.24645483055555556 0.3574249447916667 0.2414391564814815 0.35253475729166667 0.2414391564814815 0.352510578125 0.3285123962962963 0.343753778125 0.3285038472222222 0.3437497479166666 0.3335223712962963 0.35605480572916665 0.3335793675925926 0.35605883541666666 0.2464690796296296 0.35748539166666665 0.24645483055555556
3 0.3141466854166667 0.3285152462962963 0.31414467031250004 0.28544029629629625 0.3106306671875 0.2854887435185185 0.31061051770833337 0.33358506666666665 0.3228531130208333 0.3335565685185185 0.32278460625 0.3285009972222222 0.3141466854166667 0.3285152462962963
3 0.2871912151041667 0.29703619259259256 0.2871609911458333 0.2936705611111111 0.281225065625 0.29369905925925927 0.281225065625 0.28547449444444445 0.2777110619791667 0.28547449444444445 0.2777050171875 0.35024793425925926 0.2640539994791667 0.3502080361111111 0.2640036270833333 0.3552664574074074 0.28125931875 0.35529495555555557 0.2812552890625 0.29705044166666666 0.2871912151041667 0.29703619259259256
3 0.2337658671875 0.35026503240740736 0.23377191197916666 0.3553291537037037 0.24660890572916666 0.35530065555555557 0.24655853333333333 0.35021658611111106 0.2337658671875 0.35026503240740736
3 0.22475115833333334 0.3553063546296296 0.22470078593749998 0.35026218333333337 0.20230102760416668 0.3502678824074074 0.20225871458333333 0.31943003703703704 0.19754986927083334 0.31941008796296294 0.19756800312499997 0.32443431203703704 0.19870239791666666 0.32444856111111114 0.19868023385416667 0.3552693074074074 0.22475115833333334 0.3553063546296296
3 0.17017328229166667 0.3194072388888889 0.17023977447916666 0.30498432592592595 0.16663509947916666 0.3049643777777778 0.16666733854166665 0.324420062962963 0.18478138229166668 0.3244685092592593 0.18478138229166668 0.3194072388888889 0.17017328229166667 0.3194072388888889
3 0.16669554687500002 0.22846964907407408 0.16666129375 0.2551638638888889 0.1702780578125 0.2551638638888889 0.17020955052083334 0.22849814722222223 0.16669554687500002 0.22846964907407408
3 0.1666753979166667 0.18299800555555557 0.16666532343749998 0.20386434907407408 0.17019947604166666 0.20380735277777778 0.17035059427083335 0.1830122546296296 0.1666753979166667 0.18299800555555557
3 0.16669554687500002 0.14751211203703704 0.16669554687500002 0.15825306388888888 0.1703304453125 0.15826446296296298 0.17037275833333335 0.14755485925925926 0.16669554687500002 0.14751211203703704
3 0.1862603265625 0.1264206324074074 0.18622204322916666 0.1245568537037037 0.25888776927083335 0.12457395277777779 0.2588494859375 0.17823881481481482 0.2914648395833333 0.17825591296296298 0.29151722760416665 0.20919350277777776 0.2993109005208333 0.20921060092592594 0.29927261718750003 0.20593901388888888 0.3000362682291666 0.20590196666666666 0.3000362682291666 0.2032858361111111 0.29563973385416664 0.20332288425925926 0.29563973385416664 0.17231405 0.2629719927083333 0.17233114814814815 0.26297602239583334 0.11963522407407406 0.18467862187499998 0.11963237407407408 0.18467862187499998 0.12135081203703703 0.1666753979166667 0.12139355925925925 0.1666753979166667 0.13128241666666668 0.1703485796875 0.13128241666666668 0.17032238541666667 0.1264377314814815 0.1862603265625 0.1264206324074074
4 0.18361474895833335 0.15811057314814816 0.1835905703125 0.1830322027777778 0.18742292968750002 0.18306640092592594 0.18743501927083334 0.15814192037037036 0.18361474895833335 0.15811057314814816
4 0.3574551682291667 0.23920775185185186 0.3575136005208333 0.24610715277777778 0.3748599635416667 0.24612710185185185 0.3748599635416667 0.23921630092592594 0.3574551682291667 0.23920775185185186
4 0.32282288958333333 0.3260986037037037 0.32289341145833333 0.3330322027777778 0.3437134796875 0.33306070092592593 0.3437034052083333 0.3261556 0.32282288958333333 0.3260986037037037
4 0.2870884546875 0.28369905925925926 0.28712069322916667 0.2900341981481482 0.3105943984375 0.2900341981481482 0.31058432395833335 0.2837133083333333 0.2870884546875 0.28369905925925926
4 0.24660890572916666 0.34803647777777774 0.24664920416666666 0.354799087962963 0.26394519427083335 0.35481333703703705 0.26405601458333333 0.34805072685185184 0.24660890572916666 0.34803647777777774
4 0.2247269796875 0.34805072685185184 0.22477332239583334 0.354821887037037 0.23371549479166667 0.354821887037037 0.23370340520833333 0.3480877740740741 0.2247269796875 0.34805072685185184
4 0.18482974010416667 0.31707608981481483 0.18484787447916667 0.3250299231481481 0.19752971979166667 0.32504987129629626 0.19749949635416666 0.317101737962963 0.18482974010416667 0.31707608981481483
4 0.16626234114583335 0.25520376203703704 0.16626435625 0.30486178425925925 0.171789240625 0.3049444287037037 0.17179528489583334 0.2552294101851852 0.16626234114583335 0.25520376203703704
4 0.16701591770833335 0.20392134537037038 0.16698569427083332 0.22842690185185185 0.17179125520833333 0.22842120277777778 0.1717771510416667 0.20386434907407408 0.16701591770833335 0.20392134537037038