3 0.7458734635416667 0.7021573101851851 0.7458996572916666 0.6913964092592593 0.7561716703125001 0.6912168712962963 0.7561595807291667 0.6889598175925926 0.7428873666666667 0.6889370194444444 0.7428732619791667 0.6913251638888889 0.7443219828125 0.6913622111111112 0.7442695947916668 0.7021573101851851 0.7458734635416667 0.7021573101851851
3 0.7459097317708333 0.7331547453703704 0.7561354020833334 0.7331689944444444 0.7561394317708333 0.730589912037037 0.7458573442708333 0.730589912037037 0.7458089864583334 0.7189797666666666 0.744281684375 0.7189797666666666 0.744344146875 0.7360843546296296 0.7459016723958333 0.7360644055555555 0.7459097317708333 0.7331547453703704
3 0.7458875682291667 0.7526845259259259 0.7442957890625 0.7526845259259259 0.7442937739583333 0.755785124074074 0.7458875682291667 0.755770875 0.7458875682291667 0.7526845259259259
3 0.7199214187499999 0.7301111425925926 0.7266048760416666 0.7301567398148149 0.7265686078125 0.7281761185185185 0.7199214187499999 0.7282274148148148 0.7199214187499999 0.7301111425925926
3 0.6600040296874999 0.6103647759259259 0.6596050776041668 0.690589912037037 0.7265806973958333 0.6908720435185185 0.7266008463541667 0.6887403814814814 0.6613237958333333 0.6889598175925926 0.6614769291666666 0.6084297518518519 0.6436328833333333 0.6084297518518519 0.6437094499999999 0.66000285 0.6462280880208334 0.6599544027777778 0.6461092083333334 0.6103647759259259 0.6600040296874999 0.6103647759259259
3 0.65418496875 0.6282787120370371 0.6542111625 0.6103448277777778 0.6524783395833332 0.6103476777777778 0.6524783395833332 0.6306184101851853 0.6599274630208334 0.6305813620370371 0.6599274630208334 0.6282787120370371 0.65418496875 0.6282787120370371
3 0.7100463427083333 0.5784867481481482 0.7100302234375 0.5776688518518518 0.7288031432291666 0.5776090055555555 0.7287386661458334 0.5732402398148149 0.7070824098958333 0.5733314333333334 0.7070803947916667 0.5785522944444444 0.7100463427083333 0.5784867481481482
3 0.6715434213541667 0.6646850953703703 0.6647269796875 0.664633799074074 0.6646886963541667 0.6670589907407408 0.6715212572916667 0.6671045879629629 0.6715434213541667 0.6646850953703703
3 0.6040902682291667 0.7352151611111111 0.6167177109375 0.7351695638888889 0.6166753979166667 0.7329723564814815 0.6040842234375 0.7329723564814815 0.6040902682291667 0.7352151611111111
3 0.6192303041666667 0.6746451981481482 0.6192162 0.6790367629629629 0.6437295989583334 0.6790054148148148 0.6437295989583334 0.6744998574074074 0.6192303041666667 0.6746451981481482
3 0.571815434375 0.8081903675925926 0.571815434375 0.8046508981481482 0.5475196453125 0.8046138500000001 0.5475196453125 0.7350840694444445 0.5564678619791666 0.7350840694444445 0.5564416682291667 0.7327158731481481 0.54744509375 0.7327158731481481 0.54744509375 0.7073724703703703 0.5567600239583333 0.7074009685185185 0.5567660687499999 0.7054288972222222 0.5473685270833334 0.7054288972222222 0.5474692723958333 0.6825591333333333 0.5546665322916666 0.6825249361111111 0.5546483979166666 0.6789455685185185 0.5450816036458334 0.6790082648148148 0.5450372760416666 0.8081248222222223 0.571815434375 0.8081903675925926
3 0.5477191213541667 0.8358478194444444 0.5449284708333334 0.8358193212962963 0.5450372760416666 0.8105272157407407 0.5636792260416666 0.8104018240740741 0.5636792260416666 0.8191279564814815 0.5654221239583334 0.8191279564814815 0.5655571229166667 0.8128042175925927 0.5718053598958334 0.8128327157407408 0.571815434375 0.8081903675925926 0.5450372760416666 0.8081248222222223 0.5450816036458334 0.6790082648148148 0.5546483979166666 0.6789455685185185 0.5546483979166666 0.6746451981481482 0.5449466046875 0.6746451981481482 0.5449929479166666 0.6505557138888889 0.5558553296875 0.6504901685185186 0.5558553296875 0.6456226842592593 0.5415494661458333 0.6456853805555555 0.5416381218749999 0.840373325925926 0.5477191213541667 0.8403362777777778 0.5477191213541667 0.8358478194444444
3 0.5746987708333333 0.6557309777777778 0.5747169052083334 0.6503961240740741 0.5753193635416667 0.650390425 0.5752669755208333 0.6456312342592593 0.5673262140625001 0.6455941861111111 0.5672959901041666 0.6504673694444445 0.5715937942708333 0.6504987175925926 0.5715937942708333 0.6557309777777778 0.5746987708333333 0.6557309777777778
3 0.5680556114583334 0.6746309490740741 0.5680495666666666 0.6789484185185185 0.6090288130208333 0.6789199203703704 0.6090288130208333 0.67461955 0.59536570625 0.674602450925926 0.5954563770833333 0.6504559703703704 0.6088857546875001 0.6504531203703704 0.6088998588541668 0.6456967796296297 0.5916199880208333 0.6456654314814815 0.5916602859375 0.6503961240740741 0.5923634895833333 0.6503961240740741 0.5923594598958334 0.67461385 0.5680556114583334 0.6746309490740741
3 0.6668889786458333 0.7279310342592593 0.6627584125 0.7279310342592593 0.6627342333333334 0.7303191796296297 0.6668889786458333 0.730390425 0.6668889786458333 0.7279310342592593
3 0.6787588151041667 0.7279509833333333 0.6787588151041667 0.7300883444444445 0.6832621395833333 0.7301111425925926 0.6832822890625 0.7278882870370371 0.6787588151041667 0.7279509833333333
3 0.7542655651041666 0.6178483898148148 0.7531432598958333 0.6178654888888888 0.7531352005208334 0.6841920777777778 0.7541970583333334 0.684237675 0.7542655651041666 0.6178483898148148
3 0.6192323192708333 0.6826161296296296 0.6461132380208333 0.6825790824074075 0.6460608505208333 0.6744571101851852 0.6437295989583334 0.6744998574074074 0.6437295989583334 0.6790054148148148 0.6192162 0.6790367629629629 0.6192323192708333 0.6826161296296296
3 0.5814386458333334 0.7037589055555555 0.5814386458333334 0.7047335425925926 0.5869917390625 0.7047164435185185 0.5869816640625001 0.7037218583333333 0.5814386458333334 0.7037589055555555
3 0.5700141041666666 0.7053348527777779 0.5686016520833334 0.7053263037037036 0.5686117265625 0.7076574518518518 0.5700141041666666 0.7076546027777778 0.5700141041666666 0.7053348527777779
4 0.5613137213541666 0.8357537759259259 0.5476909125 0.8358877175925926 0.5477291958333333 0.8403505268518519 0.5612895427083333 0.8403590768518518 0.5613137213541666 0.8357537759259259
4 0.7470058432291666 0.8046708462962964 0.7252931692708333 0.8046480481481482 0.7253576463541667 0.8128355657407407 0.7470118880208333 0.8126332287037037 0.7470058432291666 0.8046708462962964
4 0.6960548057291667 0.8047107435185185 0.6743381020833333 0.8045540037037037 0.6743381020833333 0.8128355657407407 0.6961656255208334 0.8127415222222223 0.6960548057291667 0.8047107435185185
4 0.6599959703124999 0.8046423481481482 0.6116260328125 0.804599600925926 0.611638121875 0.8128583638888889 0.6600322385416667 0.8128355657407407 0.6599959703124999 0.8046423481481482
4 0.5980898651041666 0.8046423481481482 0.571815434375 0.8046508981481482 0.5718053598958334 0.8128327157407408 0.5981341932291666 0.8127700203703704 0.5980898651041666 0.8046423481481482
4 0.5673262140625001 0.6455941861111111 0.5558553296875 0.6456226842592593 0.5558553296875 0.6504901685185186 0.5672959901041666 0.6504673694444445 0.5673262140625001 0.6455941861111111
4 0.5916199880208333 0.6449130805555555 0.575268990625 0.6448988314814814 0.5753193635416667 0.650390425 0.5916502114583333 0.6504103731481482 0.5916199880208333 0.6449130805555555
4 0.6192262744791667 0.6457081787037037 0.6088998588541668 0.6456967796296297 0.6088857546875001 0.6504531203703704 0.6192464234375 0.6504645194444444 0.6192262744791667 0.6457081787037037
2 0.5636792260416666 0.8191279564814815 0.563727584375 0.8337389574074074 0.5752488416666667 0.8336876601851851 0.5752488416666667 0.8191849527777778 0.5636792260416666 0.8191279564814815
2 0.6041869838541667 0.7565659731481482 0.6040902682291667 0.7352151611111111 0.5870380817708334 0.7352151611111111 0.5869715895833333 0.7565944712962963 0.6041869838541667 0.7565659731481482
2 0.57002619375 0.7161356509259259 0.5700725369791667 0.7326332287037037 0.5826012494791667 0.7325448842592592 0.5824984890625 0.7161299518518518 0.57002619375 0.7161356509259259
2 0.5686016520833334 0.7053263037037036 0.5567660687499999 0.7054288972222222 0.5567600239583333 0.7114078083333333 0.5686318760416668 0.7114363064814815 0.5686016520833334 0.7053263037037036
2 0.5546483979166666 0.6789455685185185 0.5680495666666666 0.6789484185185185 0.5680979244791666 0.659031062962963 0.5545758614583334 0.659036762962963 0.5546483979166666 0.6789455685185185
2 0.5715937942708333 0.6557309777777778 0.5715232723958333 0.6743203194444445 0.5865524885416666 0.6743203194444445 0.5864477130208333 0.6557794240740741 0.5715937942708333 0.6557309777777778
2 0.57210558125 0.7046936453703704 0.5814386458333334 0.7047335425925926 0.5814064072916667 0.6977001990740741 0.5720773723958333 0.6976517527777778 0.57210558125 0.7046936453703704
2 0.6437295989583334 0.6744998574074074 0.6437094499999999 0.66000285 0.6315353614583333 0.6600683953703704 0.6315776750000001 0.6742462240740741 0.6437295989583334 0.6744998574074074
2 0.6833346765625 0.755770875 0.669709853125 0.7556226842592593 0.6697481364583333 0.7759390138888889 0.6833487807291667 0.7758421203703704 0.6833346765625 0.755770875
2 0.7253113036458333 0.7558278712962962 0.7116502114583334 0.755770875 0.7115514807291666 0.775956112962963 0.7253516020833334 0.775956112962963 0.7253113036458333 0.7558278712962962
2 0.7458875682291667 0.7526845259259259 0.7459016723958333 0.7360644055555555 0.7417308078125 0.7360758046296296 0.741752971875 0.752687375 0.7458875682291667 0.7526845259259259
2 0.7458089864583334 0.7189797666666666 0.7458734635416667 0.7021573101851851 0.741700584375 0.7021487601851851 0.7417610317708333 0.7189455685185185 0.7458089864583334 0.7189797666666666
2 0.7266975619791667 0.6864377314814815 0.7429357244791667 0.6863778851851852 0.7429780375 0.6624280425925926 0.7266572635416666 0.6623710462962963 0.7266975619791667 0.6864377314814815
2 0.6849002619791666 0.7301111425925926 0.69659883125 0.7301111425925926 0.6964759218750001 0.7124166425925926 0.6849002619791666 0.7124137935185185 0.6849002619791666 0.7301111425925926
2 0.6787588151041667 0.7279509833333333 0.6668889786458333 0.7279310342592593 0.6669091276041667 0.7342205759259259 0.6787789645833333 0.7341778287037037 0.6787588151041667 0.7279509833333333
2 0.7103022364583332 0.6015474490740741 0.7100463427083333 0.5784867481481482 0.693268184375 0.5785836416666666 0.6931170661458333 0.6014847537037037 0.7103022364583332 0.6015474490740741
2 0.6597400765625 0.6475149611111111 0.6462099536458333 0.6475149611111111 0.6461777151041667 0.6536762611111111 0.6597078380208334 0.6537190083333333 0.6597400765625 0.6475149611111111
4 0.6192403786458333 0.6745882018518519 0.6090288130208333 0.67461955 0.60907515625 0.6825933314814815 0.6192323192708333 0.6826161296296296 0.6192403786458333 0.6745882018518519
3 0.5981200885416667 0.8357623249999999 0.598158371875 0.8404075231481482 0.6108140239583334 0.840364775925926 0.6108140239583334 0.8357480759259259 0.5981200885416667 0.8357623249999999
3 0.6598267177083332 0.8357338268518518 0.6598367921875 0.840364775925926 0.6785794880208333 0.840393274074074 0.6785794880208333 0.8357338268518518 0.6598267177083332 0.8357338268518518
3 0.7008664114583334 0.8357623249999999 0.7008563369791666 0.840364775925926 0.7226798307291666 0.8403362777777778 0.7226899052083334 0.8357195777777777 0.7008664114583334 0.8357623249999999
3 0.7541970583333334 0.684237675 0.7428873666666667 0.6841835277777778 0.7428873666666667 0.6889370194444444 0.7561595807291667 0.6889598175925926 0.7561354020833334 0.755762325 0.7253113036458333 0.7558278712962962 0.7253354828125 0.7582644629629629 0.7561273421875 0.7582530638888889 0.7561273421875 0.7917868342592592 0.7586459802083334 0.7917868342592592 0.7586459802083334 0.8081533203703704 0.7469655447916667 0.8081533203703704 0.7470118880208333 0.8126332287037037 0.7586842635416667 0.8127643203703704 0.7586842635416667 0.8357423768518518 0.7450876484375001 0.8357623249999999 0.7450775739583333 0.840393274074074 0.7628269192708333 0.8403305787037036 0.7627785614583333 0.7872841268518518 0.7600745515625 0.7872841268518518 0.7602841026041667 0.6831661444444445 0.7583598630208334 0.6831233972222223 0.7581442677083333 0.6133599314814815 0.7560185369791667 0.6132174407407408 0.7559198067708334 0.5780450268518519 0.7528289338541666 0.5780450268518519 0.7526979651041666 0.6178483898148148 0.7542655651041666 0.6178483898148148 0.7541970583333334 0.684237675
3 0.5713419302083333 0.8404217722222223 0.5713318557291667 0.8357623249999999 0.5655168244791666 0.8357822740740741 0.5655168244791666 0.8337389574074074 0.563727584375 0.8337389574074074 0.5637114645833333 0.8357309777777778 0.5613137213541666 0.8357537759259259 0.5612895427083333 0.8403590768518518 0.5713419302083333 0.8404217722222223
4 0.5981200885416667 0.8357908231481481 0.5713318557291667 0.8357908231481481 0.5713419302083333 0.8419692222222223 0.5981684463541667 0.8419549731481482 0.5981200885416667 0.8357908231481481
4 0.6598267177083332 0.8359162157407408 0.6108140239583334 0.835776574074074 0.6108140239583334 0.8419834712962962 0.6598367921875 0.8419692222222223 0.6598267177083332 0.8359162157407408
4 0.7008664114583334 0.8358620685185185 0.6785895630208334 0.8357480759259259 0.6785794880208333 0.8419834712962962 0.7008462625 0.8419977203703704 0.7008664114583334 0.8358620685185185
3 0.5980898651041666 0.8046423481481482 0.5981019546875 0.8081590194444445 0.611638121875 0.8082046166666667 0.6116260328125 0.804599600925926 0.5980898651041666 0.8046423481481482
3 0.669709853125 0.7556226842592593 0.6663570421874999 0.7555799370370371 0.6663409229166667 0.8046024509259259 0.6697400765625 0.8046252490740741 0.669709853125 0.7556226842592593
3 0.6041869838541667 0.7565659731481482 0.6009187989583332 0.7566514675925926 0.6008523072916667 0.8047392416666667 0.6041668343750001 0.8047392416666667 0.6041869838541667 0.7565659731481482
3 0.6009570822916667 0.7064690796296297 0.6009026796875 0.7326816759259259 0.596475921875 0.7327329722222222 0.5965403989583333 0.7092618981481481 0.6008785010416666 0.7092618981481481 0.6008966348958332 0.7070276435185184 0.5969574854166667 0.7070532916666668 0.5969111427083333 0.6808805925925926 0.5700161192708334 0.6807438018518519 0.57002619375 0.7161356509259259 0.5716925244791666 0.7161356509259259 0.5717287932291666 0.6830948990740741 0.5874551682291667 0.6831005981481482 0.5874189 0.7041607296296297 0.5951964536458333 0.7041493305555555 0.5951964536458333 0.7017611851851852 0.5890167239583334 0.7017554861111112 0.5890590369791667 0.6830891990740742 0.5952669755208333 0.6830891990740742 0.5951158572916667 0.732687375 0.5700725369791667 0.7326332287037037 0.5700926859375 0.7351097175925926 0.6040902682291667 0.7352151611111111 0.6040862380208334 0.7064690796296297 0.6009570822916667 0.7064690796296297
3 0.5968789036458334 0.6827700203703704 0.60907515625 0.6825933314814815 0.6090288130208333 0.6789199203703704 0.5680495666666666 0.6789484185185185 0.5680374770833333 0.6824536907407407 0.5699858958333334 0.6824536907407407 0.5700161192708334 0.6807438018518519 0.5968789036458334 0.6827700203703704
3 0.2921922223958333 0.7413223138888889 0.28874269583333334 0.7413223138888889 0.28879911354166665 0.7827329722222223 0.292149909375 0.7827614703703704 0.2921922223958333 0.7413223138888889
3 0.3462341328125 0.7136620120370369 0.3398186578125 0.7136791111111112 0.3398186578125 0.7159390138888889 0.3462260729166667 0.7159390138888889 0.3462341328125 0.7136620120370369
3 0.3655127947916667 0.6770019944444444 0.37415675989583336 0.6770333425925926 0.374176909375 0.7160045592592593 0.36553294375 0.715973212037037 0.3655127947916667 0.705958962962963 0.3639512390625 0.7059304648148148 0.36394720937499997 0.7438842972222223 0.37419705833333333 0.7439270444444445 0.374176909375 0.7881134222222222 0.3649707838541667 0.7881704185185185 0.36502720104166664 0.7918666287037037 0.3759036875 0.7918238814814815 0.3759258510416667 0.7414819037037037 0.37591376354166667 0.7414818370370371 0.3759238364583333 0.6746451981481482 0.3632198265625 0.6746167000000001 0.3632641546875 0.6770019944444444 0.363929075 0.6770333425925926 0.3639512390625 0.6893758907407408 0.36549264583333335 0.6893758907407408 0.3655127947916667 0.6770019944444444
3 0.37459802395833336 0.7414745472222222 0.37459198072916666 0.7186833851851852 0.3656598833333333 0.7185950416666667 0.36563771927083333 0.7414249074074074 0.37459802395833336 0.7414745472222222
3 0.19930687083333334 0.7918808777777778 0.1992645578125 0.7881618694444444 0.17882329218749998 0.7881105731481481 0.17878702395833335 0.7184781990740741 0.1894398546875 0.7184781990740741 0.18940358645833333 0.7165460240740741 0.17878702395833335 0.7165460240740741 0.17878702395833335 0.6911456259259259 0.18781986718750002 0.6911456259259259 0.18781986718750002 0.6889569675925926 0.17875075572916668 0.6889056712962963 0.17878702395833335 0.6662040462962963 0.18594801510416667 0.6661014537037038 0.185859359375 0.6625135370370371 0.17630666927083333 0.6625562842592593 0.17634696770833333 0.7920091194444445 0.19930687083333334 0.7918808777777778
3 0.20300020156249998 0.6642918212962963 0.23081200885416667 0.6643516675925927 0.230828128125 0.666335137962963 0.246000403125 0.6663607861111112 0.246000403125 0.6625705333333334 0.1992162 0.6625277861111111 0.19892806770833332 0.6625078370370371 0.19891194843749999 0.6662382444444443 0.20300624635416667 0.6662382444444443 0.20300020156249998 0.6642918212962963
3 0.3340640739583333 0.7881846675925926 0.33404392499999996 0.7438956972222222 0.33433205729166665 0.7438785981481482 0.33430586354166664 0.7413793101851852 0.30586943385416665 0.7413935592592593 0.30586943385416665 0.7438614990740741 0.33221237135416665 0.7438614990740741 0.3321599838541667 0.7881846675925926 0.3340640739583333 0.7881846675925926
2 0.20300020156249998 0.6999629527777778 0.20300020156249998 0.7152921055555556 0.21545637708333334 0.7154602453703703 0.21548660104166667 0.6999601027777778 0.20300020156249998 0.6999629527777778
2 0.23107797708333333 0.7403163296296297 0.2311142453125 0.7187118833333334 0.21374974791666668 0.7187802796296296 0.21385049374999998 0.7403305787037037 0.23107797708333333 0.7403163296296297
2 0.19419705833333334 0.8016728416666667 0.19418496875000002 0.8164291824074074 0.20580495677083332 0.8164833287037038 0.20573443489583332 0.8017098888888888 0.19419705833333334 0.8016728416666667
2 0.30586943385416665 0.7413935592592593 0.2921922223958333 0.7413223138888889 0.2921922223958333 0.7616557425925926 0.30593995572916666 0.7616101453703703 0.30586943385416665 0.7413935592592593
2 0.34759218229166666 0.7414648046296296 0.3343300421875 0.7414306074074074 0.3343844447916667 0.7618352805555556 0.34754180937499995 0.7617925333333334 0.34759218229166666 0.7414648046296296
3 0.3029377390625 0.7137646055555555 0.29796494062499995 0.7137788546296296 0.29796494062499995 0.7158107722222222 0.30293975416666663 0.7158136222222222 0.3029377390625 0.7137646055555555
2 0.20496876875 0.6883556564814816 0.21434213177083333 0.6883955546296296 0.21426153541666665 0.6812482185185185 0.20491839635416667 0.6812852666666667 0.20496876875 0.6883556564814816
2 0.2701450734375 0.6620860648148148 0.2833608703125 0.6620746648148148 0.28339512395833333 0.6414220574074074 0.27008462604166666 0.6414163583333333 0.2701450734375 0.6620860648148148
2 0.34685270989583333 0.6735565685185185 0.3631754984375 0.6735594185185185 0.36317952864583336 0.648264462962963 0.34685270989583333 0.6481989166666667 0.34685270989583333 0.6735565685185185
2 0.19966350989583334 0.6888885722222222 0.18781986718750002 0.6889569675925926 0.18779971770833334 0.6951068675925925 0.19969574843750001 0.6951068675925925 0.19966350989583334 0.6888885722222222
2 0.30462421927083333 0.7157908231481481 0.3163368932291667 0.7159133657407407 0.31635502708333335 0.6982103166666667 0.30465242812500004 0.698247363888889 0.30462421927083333 0.7157908231481481
4 0.2633951239583333 0.6581647194444444 0.246000403125 0.6582046166666667 0.246000403125 0.6663607861111112 0.26340318333333335 0.6663835851851851 0.2633951239583333 0.6581647194444444
2 0.3655127947916667 0.705958962962963 0.36549264583333335 0.6893758907407408 0.36117267760416666 0.689418637962963 0.36119685677083335 0.7059276148148148 0.3655127947916667 0.705958962962963
2 0.29796494062499995 0.7137931037037037 0.2861877895833333 0.7138102027777778 0.2861656255208333 0.72 0.2979750151041667 0.7199173555555556 0.29796494062499995 0.7137931037037037
4 0.19957888385416667 0.631735537037037 0.1879891192708333 0.631735537037037 0.18801128333333333 0.6365232259259259 0.19957888385416667 0.6365887712962963 0.19957888385416667 0.631735537037037
4 0.2262945796875 0.8184582499999999 0.1991759015625 0.8183442574074073 0.19919605052083333 0.8244685092592592 0.22631472916666664 0.824425762037037 0.2262945796875 0.8184582499999999
1 0 0 0 1 1 1 1 0 0 0
4 0.6241648197916666 0.6180478768518519 0.6209208140625001 0.6180478768518519 0.6208623817708333 0.6343288685185186 0.6242151921875 0.6343288685185186 0.6241648197916666 0.6180478768518519
4 0.5733709447916666 0.2383442574074074 0.5675559135416666 0.23841265277777776 0.5675357645833333 0.2693502425925926 0.5734394520833334 0.2693074953703704 0.5733709447916666 0.2383442574074074
4 0.5734072135416667 0.2893274435185185 0.5675559135416666 0.28952408055555556 0.5675458390625 0.3263864351851852 0.5734918395833334 0.32644343148148147 0.5734072135416667 0.2893274435185185
4 0.68011485 0.13089199166666665 0.65829135625 0.13114847500000001 0.6583115052083334 0.1391308064814815 0.6801349989583334 0.13925049907407405 0.68011485 0.13089199166666665
4 0.7176687489583333 0.13093473888888887 0.6958533145833333 0.13096323703703702 0.6959157765625 0.13912510648148146 0.7177594197916667 0.1391308064814815 0.7176687489583333 0.13093473888888887
3 0.5733326614583334 0.23480478796296295 0.6114104369791666 0.23471929351851853 0.6113761838541667 0.23015958981481482 0.5550352609375 0.23021088611111112 0.5549989927083333 0.21761755462962964 0.5491114244791666 0.21761755462962964 0.5491497078125 0.2301567398148148 0.5480314328125 0.23021088611111112 0.5481281484375 0.23387289814814816 0.5330646786458334 0.23387289814814816 0.5330465442708333 0.21797093148148147 0.5296312713541667 0.2179566824074074 0.5296534354166667 0.23854374444444446 0.5733709447916666 0.2383442574074074 0.5733326614583334 0.23480478796296295
4 0.5513197661458332 0.23844400092592594 0.5470199473958334 0.23844400092592594 0.5470280072916667 0.2699487037037037 0.5513963328125 0.26990595648148147 0.5513197661458332 0.23844400092592594
3 0.5513560348958334 0.3288714731481482 0.5528591578125001 0.3288771731481481 0.5528531130208333 0.3261726990740741 0.5513358854166667 0.32620119722222224 0.5513560348958334 0.3288714731481482
3 0.5514064072916667 0.2698917074074074 0.5480012088541667 0.2699344546296296 0.5480112833333333 0.28793103425925926 0.5514164817708332 0.28794528333333336 0.5514064072916667 0.2698917074074074
3 0.5513358854166667 0.3262154462962963 0.5480213578124999 0.326343687962963 0.5480677010416667 0.3322086064814815 0.551366109375 0.3322114564814815 0.5513358854166667 0.3262154462962963
3 0.6479347166666667 0.09078939907407407 0.6460366713541668 0.09078939907407407 0.6459500302083333 0.10335138240740742 0.6479306869791667 0.10333713333333334 0.6479347166666667 0.09078939907407407
4 0.6370380817708334 0.11107438055555555 0.6241426557291666 0.11104588240740741 0.6241728791666666 0.11952693055555556 0.6370723354166666 0.11935024259259258 0.6370380817708334 0.11107438055555555
4 0.5514366312500001 0.2879167851851852 0.5470965140625 0.28794528333333336 0.5470461416666667 0.32637218611111113 0.5513459598958333 0.3262296953703704 0.5514366312500001 0.2879167851851852
3 0.5296413458333333 0.14805072685185186 0.5329558734375 0.14805072685185186 0.5329558734375 0.13210316296296296 0.5491779166666666 0.13182958148148147 0.5491779166666666 0.1483100601851852 0.555101753125 0.1483100601851852 0.5549727989583333 0.13565403240740742 0.6073100947916666 0.13556283796296295 0.6073100947916666 0.11106868055555556 0.6015817046875 0.11106868055555556 0.6015817046875 0.12764035370370372 0.5538142255208334 0.12754915925925928 0.5536852708333334 0.08600171018518518 0.5504654442708333 0.08603020833333334 0.5505299213541667 0.12764035370370372 0.5298005239583333 0.12754915925925928 0.5296413458333333 0.14805072685185186
4 0.5329558734375 0.14805072685185186 0.5285673989583334 0.148079225 0.5285271005208333 0.21797093148148147 0.5330364697916666 0.21798518055555555 0.5329558734375 0.14805072685185186
4 0.5999335078125 0.0860900537037037 0.58682853125 0.0859988601851852 0.58682853125 0.09070390462962963 0.5999335078125 0.0907181537037037 0.5999335078125 0.0860900537037037
4 0.6309409630208334 0.08600171018518518 0.6178641947916667 0.08597321203703703 0.6179065083333334 0.0907181537037037 0.6309510374999999 0.09073240277777778 0.6309409630208334 0.08600171018518518
4 0.6802155953125 0.10339127962962963 0.65828128125 0.10350242222222222 0.65828128125 0.1079566824074074 0.6802055208333333 0.10800797962962963 0.6802155953125 0.10339127962962963
4 0.7177291958333334 0.10337703055555555 0.6957928671875 0.10337703055555555 0.6958130161458332 0.108079225 0.7177191213541666 0.10805072685185185 0.7177291958333334 0.10337703055555555
4 0.7414225265625001 0.19135081203703702 0.7380979244791667 0.19135081203703702 0.7380777755208333 0.20596751203703706 0.7414124520833333 0.20593901388888888 0.7414225265625001 0.19135081203703702
4 0.5537054203125 0.09053291574074074 0.5670844249999999 0.09063265925925926 0.5670642755208333 0.08493872870370371 0.5537013901041666 0.0849415787037037 0.5537054203125 0.09053291574074074
2 0.5528551281249999 0.3294015388888889 0.5634837802083333 0.3294015388888889 0.5635563166666666 0.31238244537037035 0.5528551281249999 0.3123396981481481 0.5528551281249999 0.3294015388888889
3 0.7523856536458333 0.3403277287037037 0.7414326010416666 0.3403277287037037 0.7414769291666666 0.294611 0.7625770703125 0.2946736962962963 0.7625770703125 0.28980621296296294 0.7414769291666666 0.28980621296296294 0.7413862583333334 0.26571387870370367 0.7380334473958333 0.26571387870370367 0.7380334473958333 0.34513251666666667 0.7524299817708333 0.3450698203703704 0.7523856536458333 0.3403277287037037
3 0.5734394520833334 0.2693074953703704 0.5675720328125 0.2693502425925926 0.5675397942708333 0.2893730407407407 0.5734072135416667 0.2893274435185185 0.5734394520833334 0.2693074953703704
3 0.6241628046875001 0.1114306074074074 0.6204755187500001 0.1114306074074074 0.6205258916666666 0.11951268148148149 0.6241728791666666 0.11952693055555556 0.6241628046875001 0.1114306074074074
3 0.6089844854166666 0.27903106296296293 0.5734172880208334 0.2789541175925926 0.5734172880208334 0.2816101453703704 0.6089844854166666 0.2816101453703704 0.6089844854166666 0.27903106296296293
3 0.7072637515625 0.18332288425925927 0.7049929479166667 0.18332288425925927 0.7049929479166667 0.18552579074074074 0.7072536770833333 0.18556853796296296 0.7072637515625 0.18332288425925927
3 0.6957928671875 0.10337703055555555 0.6802055208333333 0.10339127962962963 0.6802155953125 0.10810487314814815 0.6958130161458332 0.108079225 0.6957928671875 0.10337703055555555
4 0.5513862583333334 0.3322257055555556 0.5480717307291666 0.3322114564814815 0.5480918796875 0.35158734722222224 0.5513862583333334 0.35158734722222224 0.5513862583333334 0.3322257055555556
3 0.5807717104166666 0.09072100277777778 0.5807717104166666 0.10816186944444445 0.5704150713541666 0.10816186944444445 0.5704896234375 0.09064690833333333 0.5673846463541667 0.09067540648148148 0.5674350192708334 0.11064120833333332 0.5824863994791667 0.11069250462962962 0.5824118479166667 0.09072100277777778 0.5807717104166666 0.09072100277777778
3 0.6801249244791666 0.13087774259259258 0.6801349989583334 0.13925049907407405 0.6959157765625 0.13912510648148146 0.6958734635416667 0.1309204898148148 0.6801249244791666 0.13087774259259258
3 0.7072496473958334 0.17779709351851852 0.7072677817708333 0.19251068703703703 0.7131493046874999 0.19255628425925927 0.7131231109375 0.18561983425925926 0.7282792666666666 0.18574522685185185 0.7282651619791667 0.13090624074074073 0.7176788234375 0.13093473888888887 0.7177594197916667 0.1391308064814815 0.7223916984375 0.1391336564814815 0.7224138625 0.17779709351851852 0.7072496473958334 0.17779709351851852
3 0.7414225265625001 0.19135081203703702 0.7414728994791666 0.10349957222222222 0.7177291958333334 0.10337703055555555 0.7177191213541666 0.10805072685185185 0.7380072536458333 0.1080222287037037 0.7380979244791667 0.19135081203703702 0.7414225265625001 0.19135081203703702
3 0.6178641947916667 0.08597321203703703 0.5999335078125 0.0860900537037037 0.5999335078125 0.0907181537037037 0.6179065083333334 0.0907181537037037 0.6178641947916667 0.08597321203703703
3 0.58682853125 0.0859988601851852 0.5670320369791667 0.08592191481481481 0.5670844249999999 0.09063265925925926 0.58682853125 0.09070390462962963 0.58682853125 0.0859988601851852
3 0.6913600645833333 0.1833029351851852 0.6910255895833333 0.1833029351851852 0.6911223052083333 0.13915075555555556 0.6893330645833333 0.1391764037037037 0.68933105 0.18331433425925925 0.663030425 0.18330863518518517 0.6630404994791667 0.18600740925925927 0.6913882734375 0.18590481574074072 0.6913600645833333 0.1833029351851852
3 0.7380777755208333 0.20596751203703706 0.7381180739583333 0.21389284722222224 0.7129196052083333 0.21387574814814814 0.7128893812499999 0.2113308638888889 0.7098609713541666 0.21128811666666666 0.7098609713541666 0.21383300092592591 0.6965142052083333 0.21374750648148147 0.6965383838541667 0.24617554814814815 0.6883296395833334 0.24617554814814815 0.6883296395833334 0.25103163333333334 0.69648398125 0.25103163333333334 0.6966451744791667 0.34519521203703707 0.7218597625 0.3449672268518518 0.7218597625 0.34041607314814815 0.6999173885416667 0.34041607314814815 0.6998730067708333 0.2409405648148148 0.73806165625 0.24101738425925923 0.73811404375 0.24450555740740743 0.7414950635416666 0.24450555740740743 0.7414124520833333 0.20593901388888888 0.7380777755208333 0.20596751203703706
3 0.6998710432291666 0.2365402925925926 0.73811404375 0.23638928425925926 0.7381684463541667 0.2184041037037037 0.6998629859375 0.21848104907407406 0.6998710432291666 0.2365402925925926
3 0.30210356614583334 0.2936278138888889 0.30210356614583334 0.2892533481481482 0.29040298229166667 0.2893103444444444 0.2903626838541667 0.28288971203703706 0.2850594401041667 0.28293245925925925 0.28507958906249997 0.2874351666666667 0.2873000203125 0.2874608148148148 0.2873423333333333 0.29359361666666667 0.30210356614583334 0.2936278138888889
3 0.2263429375 0.2936192648148148 0.23433810208333333 0.2936192648148148 0.23433810208333333 0.28750356203703703 0.23665927864583333 0.2875064120370371 0.2366391296875 0.28288971203703706 0.23124521458333333 0.28288971203703706 0.2312552890625 0.28928184629629633 0.22634495260416668 0.2893103444444444 0.2263429375 0.2936192648148148
3 0.17920411041666667 0.3157566259259259 0.17722143854166666 0.3157566259259259 0.177181140625 0.2915389 0.19513802135416666 0.2915389 0.19513802135416666 0.29921915092592594 0.19672375572916667 0.29921915092592594 0.19672375572916667 0.29366771203703707 0.2000926859375 0.29366771203703707 0.200070521875 0.2893103444444444 0.17719121510416666 0.2893530916666666 0.177181140625 0.15991450555555556 0.18671166614583334 0.1599287546296296 0.18673383020833334 0.15563978333333334 0.17722143854166666 0.15563978333333334 0.17722143854166666 0.13394414351851852 0.18883538177083334 0.13399828981481482 0.18883538177083334 0.1292334 0.17389079166666666 0.1292334 0.17385250833333332 0.32035337685185183 0.17921015520833333 0.32034767777777773 0.17920411041666667 0.3157566259259259
4 0.26428974427083335 0.1556511824074074 0.247003828125 0.15566543148148146 0.247003828125 0.16380450277777778 0.2643501916666667 0.16383300092592593 0.26428974427083335 0.1556511824074074
4 0.3657606286458333 0.28547449444444445 0.3441164619791667 0.285574237962963 0.34415675989583333 0.2937560555555555 0.3657505541666667 0.2938985462962963 0.3657606286458333 0.28547449444444445
3 0.200070521875 0.2893103444444444 0.200070521875 0.2855172416666667 0.17962925625 0.2855970361111111 0.17962925625 0.16365916203703704 0.18673786041666668 0.16361356481481482 0.18671166614583334 0.1599287546296296 0.177181140625 0.15991450555555556 0.17719121510416666 0.2893530916666666 0.200070521875 0.2893103444444444
3 0.33359661510416666 0.15916500462962963 0.3334495265625 0.17200341944444444 0.34765262968750005 0.1720290685185185 0.34763449531249996 0.16726702777777777 0.3368869635416667 0.16723567962962962 0.33684666510416666 0.15451125648148148 0.32351601875 0.15447990925925925 0.32349586927083335 0.13386149907407408 0.355964134375 0.13392134537037037 0.355964134375 0.12917925370370373 0.30202498489583335 0.12920775185185185 0.30200282083333335 0.13394984351851852 0.32016522239583334 0.13392134537037037 0.3202055208333333 0.15919350277777777 0.33359661510416666 0.15916500462962963
3 0.2643300421875 0.15563693333333334 0.2643501916666667 0.16383300092592593 0.2709087244791667 0.16381875185185185 0.2708744708333333 0.1555998861111111 0.2643300421875 0.15563693333333334
3 0.3173503927083334 0.1685209462962963 0.2897743302083333 0.16846964907407408 0.28968970364583335 0.1556511824074074 0.2843260125 0.1556511824074074 0.2843260125 0.15982616111111111 0.2840137015625 0.1598432601851852 0.28385653854166665 0.2137275574074074 0.2871468869791666 0.21367626111111113 0.2871589765625 0.1763607861111111 0.3039713880208333 0.17622399537037037 0.30394922447916667 0.21339127962962962 0.3055470479166667 0.21339127962962962 0.3054785411458333 0.17615845 0.3389844854166667 0.17617554814814815 0.3389844854166667 0.21091479074074074 0.31721740885416666 0.21094898796296296 0.31721740885416666 0.21341977777777776 0.34067096510416667 0.21341977777777776 0.3406205921875 0.1737931037037037 0.31902679843750004 0.1737931037037037 0.3190670963541667 0.1472556287037037 0.3201914166666667 0.14724137962962963 0.32018134218750005 0.14485608425925925 0.30415273020833333 0.14484183518518517 0.3041285510416667 0.13394984351851852 0.30242998177083336 0.13394984351851852 0.3024541609375 0.1471957824074074 0.3173503927083334 0.14724137962962963 0.3173503927083334 0.1685209462962963
3 0.33220028229166665 0.17376745555555553 0.3476445697916667 0.17383870092592593 0.3476445697916667 0.1720347675925926 0.3334495265625 0.17200341944444444 0.3335462421875 0.15929894537037037 0.3201672375 0.15930749537037037 0.32018134218750005 0.14722997962962964 0.31907314114583335 0.14722997962962964 0.3190529921875 0.16121972037037038 0.33220028229166665 0.161148475 0.33220028229166665 0.17376745555555553
3 0.34067096510416667 0.21339697962962964 0.3470199473958333 0.21341122870370371 0.34702800729166666 0.21112282685185185 0.34067096510416667 0.21112282685185185 0.34067096510416667 0.21339697962962964
3 0.2988595609375 0.21343972685185186 0.30394922447916667 0.21339127962962962 0.3039512390625 0.2110943287037037 0.2988595609375 0.21112282685185185 0.2988595609375 0.21343972685185186
3 0.2054845859375 0.1640752351851852 0.221198871875 0.16411513240740738 0.22122909531249998 0.1851125675925926 0.22866612916666668 0.1851125675925926 0.22866814427083335 0.18271587314814816 0.22287930677083334 0.18277856944444446 0.22290751562500002 0.16411513240740738 0.229955671875 0.1640752351851852 0.22998589583333334 0.182693075 0.23160588333333332 0.182693075 0.23162401770833335 0.16168424074074073 0.2038988515625 0.1617098888888889 0.2039250453125 0.19745511574074073 0.2054845859375 0.19745511574074073 0.2054845859375 0.1640752351851852
3 0.190449325 0.2140011398148148 0.1796030625 0.21394984351851853 0.1796030625 0.21596181203703704 0.190449325 0.2159447138888889 0.190449325 0.2140011398148148
3 0.188696353125 0.18628954074074072 0.17960709270833333 0.18621829537037038 0.17960507760416666 0.18864918796296296 0.18871650208333335 0.18864633796296296 0.188696353125 0.18628954074074072
3 0.2039250453125 0.18627814166666667 0.20050977239583334 0.1862638925925926 0.200519846875 0.18870618425925928 0.2039250453125 0.18872043333333335 0.2039250453125 0.18627814166666667
3 0.28983074739583337 0.25386719907407407 0.2898186578125 0.2792846962962963 0.29188797083333334 0.2793245935185185 0.2918899859375 0.25385294999999997 0.28983074739583337 0.25386719907407407
3 0.36470884531250003 0.17450555740740742 0.3647954864583333 0.1868737527777778 0.3665303244791666 0.18685095462962964 0.36651219010416664 0.17450555740740742 0.36470884531250003 0.17450555740740742
3 0.31389683645833333 0.2414106583333333 0.3750816036458334 0.2413679111111111 0.3750916786458333 0.238851525 0.36651420520833333 0.23894841851851853 0.36645174270833336 0.21608435462962963 0.37506145468749996 0.21618124814814815 0.37504130572916666 0.21343972685185186 0.36653435416666663 0.21341977777777776 0.366528309375 0.20333143333333334 0.36468466666666666 0.20333143333333334 0.36470884531250003 0.2389056712962963 0.3139169859375 0.23887432314814813 0.31389683645833333 0.2414106583333333
4 0.3238686276041667 0.2854573953703704 0.30210356614583334 0.28541749814814815 0.30210356614583334 0.2937560555555555 0.3238887770833333 0.2937133083333333 0.3238686276041667 0.2854573953703704
4 0.2366451744791667 0.2791279564814815 0.23665927864583333 0.2875064120370371 0.28507958906249997 0.2874351666666667 0.2850594401041667 0.2793103444444444 0.2366451744791667 0.2791279564814815
4 0.22634495260416668 0.28565973240740744 0.200070521875 0.2855172416666667 0.2001007453125 0.29387004814814816 0.22634495260416668 0.2937845537037037 0.22634495260416668 0.28565973240740744
4 0.19269595 0.3157167287037037 0.17920411041666667 0.3157566259259259 0.17921015520833333 0.32034767777777773 0.19268587552083333 0.3202906814814815 0.19269595 0.3157167287037037
2 0.18671771093749998 0.1594955824074074 0.19996171666666665 0.15954402962962963 0.1998891796875 0.13999715 0.1866089057291667 0.13999999999999999 0.18671771093749998 0.1594955824074074
3 0.22870239791666666 0.21355656851851854 0.20544428750000002 0.21355371944444443 0.20544227291666667 0.21270162407407409 0.20391698593750002 0.21270162407407409 0.20393511979166667 0.2159760611111111 0.2286923234375 0.21594186388888886 0.22870239791666666 0.21355656851851854
2 0.20543018333333332 0.13618979722222221 0.20528712447916667 0.15506697037037037 0.22033044531249998 0.1551182675925926 0.22033044531249998 0.13618124814814817 0.20543018333333332 0.13618979722222221
2 0.2039250453125 0.19745511574074073 0.20391698593750002 0.21270162407407409 0.2163308484375 0.2127529212962963 0.2163590567708333 0.19739811944444444 0.2039250453125 0.19745511574074073
2 0.23193028385416667 0.23770589907407408 0.23190006041666666 0.21631518981481482 0.21470280052083332 0.21628954074074075 0.2146645171875 0.23760330555555553 0.23193028385416667 0.23770589907407408
2 0.20661898020833333 0.29931319444444443 0.19477332239583334 0.2992419490740741 0.19474712864583335 0.3139099462962963 0.20659883125 0.3139840407407407 0.20661898020833333 0.29931319444444443
2 0.3139169859375 0.23887432314814813 0.3004392505208333 0.23871758333333334 0.30044730989583335 0.2593644916666667 0.31395526875 0.25920775185185185 0.3139169859375 0.23887432314814813
2 0.3055470479166667 0.21339127962962962 0.31721740885416666 0.21341977777777776 0.31725972187499996 0.19554003981481483 0.3055309286458333 0.19558848703703705 0.3055470479166667 0.21339127962962962
2 0.2988595609375 0.21112282685185185 0.28714285729166666 0.21123681944444445 0.2871690510416667 0.21748646296296295 0.29887970989583335 0.21741806759259258 0.2988595609375 0.21112282685185185
2 0.2708946203125 0.15947563425925926 0.2843179526041667 0.15942433703703704 0.2842474307291667 0.13886007407407408 0.270828128125 0.13886007407407408 0.2708946203125 0.15947563425925926
2 0.3476808380208333 0.1697777148148148 0.3638766875 0.1697777148148148 0.3638726578125 0.14559418611111113 0.34759218229166666 0.1456511824074074 0.3476808380208333 0.1697777148148148
2 0.36210356614583333 0.185768025 0.3621337901041667 0.20426332314814816 0.36469272604166664 0.20426332314814816 0.36468466666666666 0.20333143333333334 0.366528309375 0.20333143333333334 0.3665303244791666 0.18685095462962964 0.364793471875 0.18685095462962964 0.3647954864583333 0.18573952685185185 0.36210356614583333 0.185768025
2 0.20050977239583334 0.1862638925925926 0.188696353125 0.18628954074074072 0.18874068125000001 0.19261328055555557 0.20050171249999998 0.19258478240740742 0.20050977239583334 0.1862638925925926
4 0.20034051979166667 0.1291735537037037 0.18883538177083334 0.1292334 0.18883538177083334 0.13399828981481482 0.20033649010416665 0.13392989444444445 0.20034051979166667 0.1291735537037037
3 0.21525287135416665 0.1848304361111111 0.21523675208333334 0.18586776851851852 0.22080394947916665 0.18585351944444445 0.22081805364583335 0.18484753518518518 0.21525287135416665 0.1848304361111111
4 0.30202498489583335 0.12920775185185185 0.2904634291666667 0.12914505555555555 0.2904533546875 0.1339640925925926 0.30200282083333335 0.13394984351851852 0.30202498489583335 0.12920775185185185
3 0.32390892604166666 0.2892960953703704 0.3441164619791667 0.2892960953703704 0.3441164619791667 0.285574237962963 0.32388676197916666 0.28557993703703705 0.32390892604166666 0.2892960953703704
4 0.22715696145833333 0.31570247962962966 0.20001007447916666 0.3157309777777778 0.2000302234375 0.32196922222222224 0.2271670359375 0.32189797685185184 0.22715696145833333 0.31570247962962966
4 0.2852911546875 0.31570247962962966 0.23629860989583334 0.3156739814814815 0.23631875885416667 0.32195497314814814 0.28525085625 0.32195497314814814 0.2852911546875 0.31570247962962966
4 0.3241184765625 0.3157309777777778 0.3018315536458333 0.31568823055555556 0.301841628125 0.32195497314814814 0.3240983276041666 0.321926475 0.3241184765625 0.3157309777777778
4 0.366070925 0.3157309777777778 0.34387467239583336 0.3157167287037037 0.3438545234375 0.32191222592592594 0.3660608505208333 0.321926475 0.366070925 0.3157309777777778
3 0.19268587552083333 0.3202906814814815 0.2000302234375 0.32030493055555553 0.20001007447916666 0.3157309777777778 0.19666330833333331 0.3157309777777778 0.19666330833333331 0.31385579907407407 0.19513600625 0.3138700481481481 0.19514608125 0.3157167287037037 0.19269595 0.3157167287037037 0.19268587552083333 0.3202906814814815
3 0.28528108020833337 0.31568823055555556 0.2852710052083333 0.32036192685185183 0.301841628125 0.3203334287037037 0.30182349375 0.31570247962962966 0.28528108020833337 0.31568823055555556
3 0.3241184765625 0.31570247962962966 0.32410840208333336 0.32034767777777773 0.3438545234375 0.32030493055555553 0.3438645979166666 0.3157167287037037 0.3241184765625 0.31570247962962966
3 0.3657404796875 0.28933884259259257 0.36573040520833333 0.29365061296296296 0.3766895020833333 0.2936363638888889 0.37670965156249997 0.30260188055555554 0.37739270625 0.30261612962962964 0.37741285520833334 0.3156967796296296 0.366070925 0.3157309777777778 0.366070925 0.32034767777777773 0.3807958895833333 0.32032772870370374 0.3807958895833333 0.30260188055555554 0.39173483802083336 0.3025876314814815 0.39173483802083336 0.2977856935185185 0.38010276041666663 0.2977571953703704 0.3801128348958333 0.19861783981481482 0.4005520854166667 0.19861783981481482 0.4005520854166667 0.19381590185185185 0.39985895625 0.19381590185185185 0.39990932916666666 0.16764890277777778 0.39678621822916665 0.16766315185185185 0.39679629270833333 0.19383015092592593 0.38007455156250003 0.19380165277777778 0.3800947010416667 0.16723852962962965 0.3638827322916667 0.1672100314814815 0.3639129557291667 0.17200341944444444 0.3768083817708333 0.17200341944444444 0.37676808385416666 0.28928184629629633 0.3657404796875 0.28933884259259257
3 0.22715696145833333 0.3156739814814815 0.2271670359375 0.32034767777777773 0.236308684375 0.3203761759259259 0.23629860989583334 0.31568823055555556 0.22715696145833333 0.3156739814814815
4 0.264307878125 0.12921630092592593 0.24686882916666666 0.12916500462962965 0.24688696354166667 0.13397834166666667 0.2643320572916667 0.1339555425925926 0.264307878125 0.12921630092592593
2 0.20590368750000002 0.18581077222222223 0.21523675208333334 0.18586776851851852 0.215206528125 0.17873468240740742 0.20590368750000002 0.17873468240740742 0.20590368750000002 0.18581077222222223
3 0.23197058229166664 0.18271587314814816 0.22866814427083335 0.18271587314814816 0.22868627864583332 0.21633513796296297 0.23190006041666666 0.21631518981481482 0.23197058229166664 0.18271587314814816
3 0.3004392505208333 0.23871758333333334 0.28971186770833335 0.23869193518518517 0.28971186770833335 0.25386149907407407 0.3004392505208333 0.25378740370370373 0.3004392505208333 0.23871758333333334
3 0.264307878125 0.12921630092592593 0.2643320572916667 0.1339555425925926 0.2904533546875 0.1339640925925926 0.2904634291666667 0.12914505555555555 0.264307878125 0.12921630092592593
3 0.3442575057291667 0.1339042462962963 0.3442615354166667 0.16729552592592592 0.3459057020833333 0.16729552592592592 0.3459258510416667 0.13389284722222222 0.3442575057291667 0.1339042462962963
3 0.3969554703125 0.1674180675925926 0.38017529739583333 0.16744941574074074 0.3801813421875 0.16804787685185185 0.3969474109375 0.16800227962962963 0.3969554703125 0.1674180675925926
4 0.20925649791666665 0.13377315462962963 0.22624420729166667 0.1337902537037037 0.22627443072916667 0.12822171574074076 0.209250453125 0.1282929611111111 0.20925649791666665 0.13377315462962963
3 0.19997985104166668 0.1556939296296296 0.19995970156249998 0.15997150185185186 0.24698367916666666 0.15997150185185186 0.247003828125 0.15557993703703704 0.23148297395833334 0.15556568796296297 0.2315152125 0.1339013962962963 0.24688696354166667 0.13397834166666667 0.24686882916666666 0.12916500462962965 0.226272415625 0.12916215462962963 0.22624420729166667 0.13377600462962963 0.22852307083333334 0.13380450277777778 0.22847269791666666 0.1556540324074074 0.19997985104166668 0.1556939296296296
3 0.20543018333333332 0.13618979722222221 0.20873262135416668 0.1361499 0.20872859166666666 0.1337902537037037 0.20925649791666665 0.13377315462962963 0.20925649791666665 0.12921915092592592 0.20034051979166667 0.1291735537037037 0.20033649010416665 0.13392989444444445 0.2054583921875 0.13396979166666667 0.20543018333333332 0.13618979722222221
3 0.23162401770833335 0.16168424074074073 0.23161797291666666 0.16384725 0.2470259921875 0.16377600462962963 0.24698367916666666 0.15997150185185186 0.19995970156249998 0.15997150185185186 0.199929478125 0.16370475925925926 0.2039069109375 0.16370475925925926 0.2038988515625 0.1617098888888889 0.23162401770833335 0.16168424074074073
3 0.23193028385416667 0.23770589907407408 0.22860568229166667 0.2377514962962963 0.22860568229166667 0.2802108861111111 0.23190610520833335 0.2801681388888889 0.23193028385416667 0.23770589907407408
3 0.22876888958333333 0.28567113148148143 0.22634495260416668 0.28565973240740744 0.22634495260416668 0.2893103444444444 0.2312552890625 0.28928184629629633 0.23124521458333333 0.28288971203703706 0.2366391296875 0.28288971203703706 0.23663711458333334 0.27933884259259256 0.2319161796875 0.27933884259259256 0.23190610520833335 0.2801681388888889 0.22873060625 0.28018523796296296 0.22876888958333333 0.28567113148148143
3 0.2850594401041667 0.2793103444444444 0.2850594401041667 0.28293245925925925 0.2903626838541667 0.28288971203703706 0.29040298229166667 0.2893103444444444 0.30210356614583334 0.2892533481481482 0.30211364114583333 0.2855599888888889 0.2928833364583333 0.28558848703703704 0.29287326197916663 0.27929609537037037 0.2850594401041667 0.2793103444444444
3 0.3657404796875 0.2854887435185185 0.3657404796875 0.28933884259259257 0.37676808385416666 0.28928184629629633 0.3768083817708333 0.17200341944444444 0.3639129557291667 0.17200341944444444 0.3639089260416667 0.17450555740740742 0.3750695145833333 0.17450555740740742 0.375101753125 0.2854317472222222 0.3657404796875 0.2854887435185185
3 0.32390892604166666 0.2892960953703704 0.32390288125000005 0.2935793675925926 0.34409832760416664 0.29364776296296297 0.3441164619791667 0.2892960953703704 0.32390892604166666 0.2892960953703704
3 0.6948579489583333 0.24384155000000002 0.6884787427083333 0.24384155000000002 0.6884787427083333 0.24617269907407408 0.6965383838541667 0.24617554814814815 0.6965142052083333 0.21374750648148147 0.7098609713541666 0.21383300092592591 0.7098609713541666 0.21128811666666666 0.688492846875 0.21130806481481482 0.6884948619791668 0.21316044444444443 0.6948136208333333 0.21311769722222224 0.6948579489583333 0.24384155000000002
3 0.6269997984375001 0.21132231388888886 0.6269131572916666 0.2850840694444445 0.6358855531250001 0.2850840694444445 0.6358855531250001 0.28245938981481483 0.6287709046875 0.28245938981481483 0.6287366510416666 0.2639498435185185 0.655462421875 0.2638757481481482 0.6554281682291666 0.28245938981481483 0.6478440458333333 0.2825078370370371 0.6478440458333333 0.2850840694444445 0.655462421875 0.2850840694444445 0.655462421875 0.30538615 0.6403828328125001 0.3053377027777778 0.6403646989583333 0.3075719574074074 0.6519222244791667 0.30754630925925924 0.6519564781249999 0.33611855185185185 0.644511384375 0.33614135092592595 0.6444952651041667 0.3571558851851852 0.6460729395833333 0.3571558851851852 0.6461434614583333 0.3383528074074074 0.6533286317708333 0.3383271583333333 0.6533467661458333 0.3571302361111111 0.6547692927083334 0.3571473351851852 0.6547692927083334 0.3094727842592593 0.6586641145833333 0.3094727842592593 0.658361878125 0.2648845824074074 0.6680838203125 0.2648845824074074 0.6681241182291667 0.24626674259259257 0.6720008057291668 0.24629524074074072 0.6719846864583333 0.24384725 0.6706326817708333 0.24387004814814817 0.6706326817708333 0.23660587037037037 0.6689482166666667 0.23658022222222222 0.6688776947916666 0.24387004814814817 0.6553757807291666 0.24387004814814817 0.6553072739583333 0.21360501574074076 0.6688776947916666 0.2135793675925926 0.6689300828125 0.22037902499999998 0.6706145473958334 0.22037902499999998 0.6706488010416667 0.21129666574074074 0.6533991536458333 0.21135081203703704 0.6534333916666667 0.261302962037037 0.6287366510416666 0.2613251638888889 0.6287003828125 0.21392419537037036 0.6418396130208334 0.21399259074074073 0.6418396130208334 0.21134796203703704 0.6269997984375001 0.21132231388888886
3 0.6548127130208333 0.2613017222222222 0.6572677817708333 0.2612995157407408 0.6572859156249999 0.26279851851851854 0.6667439046875 0.2627472212962963 0.6667096515625001 0.2464234824074074 0.6549768286458334 0.24640068425925923 0.654942575 0.2612995157407408 0.6548127130208333 0.2613017222222222
3 0.6287890390625 0.3053234537037037 0.627233528125 0.3053234537037037 0.6272214385416667 0.35709318888888886 0.6287527703125 0.35711028796296296 0.6287890390625 0.3053234537037037
4 0.7414950635416666 0.24450555740740743 0.73811404375 0.24450555740740743 0.7381180739583333 0.2656853805555555 0.7413862583333334 0.26571387870370367 0.7414950635416666 0.24450555740740743
2 0.5697058229166667 0.1275719574074074 0.5697158973958333 0.11067825555555556 0.5559862984374999 0.11060701018518519 0.5559601046875 0.12754345925925925 0.5697058229166667 0.1275719574074074
2 0.6073060651041666 0.11524365925925925 0.6205138020833334 0.11534055277777777 0.6204553697916667 0.0950612712962963 0.6073100947916666 0.09516671388888889 0.6073060651041666 0.11524365925925925
2 0.6491779166666666 0.18605870648148148 0.6630404994791667 0.1860501564814815 0.6630002015625001 0.16562268425925927 0.6491819463541667 0.16561983425925925 0.6491779166666666 0.18605870648148148
2 0.6913882734375 0.18590481574074072 0.7049627239583334 0.18591051574074074 0.70508361875 0.16557993703703705 0.6914688697916667 0.1655514388888889 0.6913882734375 0.18590481574074072
2 0.7072677817708333 0.19251068703703703 0.7072718114583334 0.21128526666666667 0.7218476729166666 0.2113251638888889 0.7219081203125001 0.19249358796296298 0.7072677817708333 0.19251068703703703
2 0.673356840625 0.23734112314814815 0.6733991536458334 0.21881447685185185 0.6706286520833333 0.21881447685185185 0.6706145473958334 0.22037902499999998 0.6689300828125 0.22037902499999998 0.6689482166666667 0.23658022222222222 0.6706447713541667 0.23660872037037037 0.670634696875 0.23734682222222223 0.673356840625 0.23734112314814815
2 0.6883779973958333 0.24731262500000004 0.6720632682291666 0.24718438333333334 0.6721237156250001 0.27272157314814816 0.6883014307291667 0.27264747777777776 0.6883779973958333 0.24731262500000004
2 0.6533991536458333 0.21135081203703704 0.6418396130208334 0.21134796203703704 0.6418698369791667 0.2292932462962963 0.6533991536458333 0.22929039629629627 0.6533991536458333 0.21135081203703704
2 0.6478440458333333 0.2825078370370371 0.6358855531250001 0.28245938981481483 0.6359036875 0.2887289824074074 0.6478561354166666 0.2887289824074074 0.6478440458333333 0.2825078370370371
2 0.6403828328125001 0.3053377027777778 0.6287890390625 0.3053234537037037 0.6287709046875 0.3227643203703704 0.6404130567708334 0.3227928185185185 0.6403828328125001 0.3053377027777778
2 0.6269131572916666 0.2300940435185185 0.6113761838541667 0.23015958981481482 0.611418496875 0.2546964944444444 0.6268889786458334 0.2547335425925926 0.6269131572916666 0.2300940435185185
2 0.6091960505208333 0.23471929351851853 0.6074027807291666 0.23471929351851853 0.6074108401041667 0.279036762962963 0.6090771708333332 0.279036762962963 0.6091960505208333 0.23471929351851853
2 0.6442051177083333 0.33547449444444444 0.6290691114583333 0.33546309444444444 0.6290227682291667 0.3425790824074074 0.644158775 0.342496437962963 0.6442051177083333 0.33547449444444444
3 0.5406669354166667 0.360196637037037 0.5668305458333334 0.3600997435185185 0.5668305458333334 0.3628298657407407 0.6547189197916666 0.3628469648148148 0.6547189197916666 0.3875235111111111 0.6580012088541667 0.38743231666666667 0.6580596411458333 0.31403533796296296 0.6617872255208332 0.31414363055555555 0.6617408822916667 0.26932744351851856 0.6713278260416666 0.26933599351851856 0.6713076765625 0.25098318611111115 0.6720310296875 0.25098318611111115 0.6720108807291666 0.24629524074074072 0.66811404375 0.24626674259259257 0.6680838203125 0.2648845824074074 0.658361878125 0.2648845824074074 0.6586641145833333 0.3094727842592593 0.6547692927083334 0.3094727842592593 0.6547692927083334 0.3571473351851852 0.5733910942708333 0.3570190935185185 0.5733649005208333 0.3264348814814815 0.5635220630208334 0.32648047870370367 0.5635220630208334 0.3288572240740741 0.569083215625 0.32890282129629633 0.5689240380208334 0.3543972638888889 0.5513963328125 0.3545426046296296 0.5513761838541666 0.3515588490740741 0.5480515817708334 0.3515446 0.5480697161458333 0.35452550555555556 0.5374753171875 0.35452550555555556 0.5373705421875 0.3646793962962963 0.5406931291666666 0.36463379907407406 0.5406669354166667 0.360196637037037
3 0.6580233729166667 0.3584668 0.6580233729166667 0.35910800833333334 0.6712532744791667 0.35910800833333334 0.6712351401041666 0.2693302935185185 0.6708099937499999 0.2693331435185185 0.6708120088541667 0.3584354518518519 0.6580233729166667 0.3584668
3 0.6549607093750001 0.10337418055555556 0.6459500302083333 0.10335138240740742 0.6459601046875 0.11134511296296297 0.6370582307291667 0.11140210925925927 0.6370723354166666 0.11935024259259258 0.6458936125 0.11935024259259258 0.6459862984375 0.1860929037037037 0.6491779166666666 0.18605870648148148 0.6492222447916667 0.13911655740740742 0.6583115052083334 0.1391308064814815 0.6583014307291666 0.1311627240740741 0.6514104369791667 0.1311627240740741 0.6515756598958333 0.10794243333333332 0.65828128125 0.1079566824074074 0.6581744911458334 0.08603020833333334 0.6309409630208334 0.08600171018518518 0.6309510374999999 0.09073240277777778 0.6548801130208334 0.09079509814814815 0.6549607093750001 0.10337418055555556
4 0.555101753125 0.1483100601851852 0.5492162 0.14830721018518517 0.5491356036458334 0.21755770833333332 0.5551319765625 0.21763180370370372 0.555101753125 0.1483100601851852
4 0.2354140640625 0.8183015101851852 0.23545436250000001 0.8244970074074074 0.28438645989583333 0.8244685092592592 0.28437638541666665 0.8183585064814815 0.2354140640625 0.8183015101851852
4 0.3232359458333333 0.8184155027777777 0.30093894843749996 0.8183015101851852 0.3009590973958333 0.8244970074074074 0.3232359458333333 0.8244685092592592 0.3232359458333333 0.8184155027777777
4 0.36524884166666666 0.8183157592592593 0.3429316947916667 0.818287261111111 0.34299214166666664 0.8245112564814815 0.365268990625 0.8244827583333333 0.36524884166666666 0.8183157592592593
3 0.36502720104166664 0.7918666287037037 0.3649929479166667 0.7962125962962963 0.3759883135416667 0.7962439444444444 0.3760084625 0.8051695638888888 0.3765303244791667 0.8051695638888888 0.37657062239583333 0.8182188657407408 0.36522869218750004 0.8182730120370371 0.365268990625 0.8229324592592593 0.37994559739583333 0.8229296092592592 0.3799254484375 0.8051382157407407 0.39092081406249996 0.8051382157407407 0.3909409630208333 0.8003676259259259 0.37927866197916665 0.8003676259259259 0.3792363489583333 0.7011285268518518 0.39975216614583337 0.7011883731481482 0.39973201666666663 0.6963864351851852 0.39916784218749995 0.6963864351851852 0.39912552916666666 0.6701111425925926 0.39600241770833333 0.6701111425925926 0.3959399557291666 0.696357937037037 0.37927866197916665 0.6963864351851852 0.37927866197916665 0.6697862638888888 0.36320169270833336 0.6697862638888888 0.3632198265625 0.6746167000000001 0.3759238364583333 0.6746451981481482 0.3759036875 0.7918238814814815 0.36502720104166664 0.7918666287037037
3 0.19179931510416667 0.8229552583333334 0.19919605052083333 0.8229182101851852 0.19919605052083333 0.8182730120370371 0.19596413437500002 0.8182302648148148 0.19596413437500002 0.8164491305555555 0.19418496875000002 0.8164291824074074 0.19418496875000002 0.8182901111111112 0.1917831958333333 0.8183100601851852 0.19179931510416667 0.8229552583333334
3 0.2262945796875 0.818287261111111 0.22628450520833335 0.8229182101851852 0.23545436250000001 0.8228355657407408 0.2354442875 0.818287261111111 0.2262945796875 0.818287261111111
3 0.28437638541666665 0.8182730120370371 0.284396534375 0.8229324592592593 0.3009490229166667 0.8228925620370371 0.30093894843749996 0.818287261111111 0.28437638541666665 0.8182730120370371
3 0.34296191822916666 0.818287261111111 0.3232460203125 0.8183015101851852 0.3232460203125 0.8229039611111111 0.3429820671875 0.8228498148148149 0.34296191822916666 0.818287261111111
3 0.39600241770833333 0.6699287546296296 0.37927866197916665 0.6699715018518518 0.379286721875 0.6707181537037037 0.39600241770833333 0.6706526074074074 0.39600241770833333 0.6699287546296296
4 0.26350594375 0.6316870907407407 0.24605077552083332 0.631729837962963 0.24607092500000002 0.6365175259259259 0.2635361677083333 0.6365004277777778 0.26350594375 0.6316870907407407
4 0.30146080989583335 0.6318010833333334 0.2895990328125 0.6317868342592593 0.2895990328125 0.6364747787037036 0.3014507354166666 0.6364605296296296 0.30146080989583335 0.6318010833333334
3 0.20298609687500002 0.6888401249999999 0.19966350989583334 0.6888885722222222 0.19968164427083332 0.6912026222222222 0.20298609687500002 0.6912539185185185 0.20298609687500002 0.6888401249999999
3 0.22003626822916666 0.6874152175925926 0.21434213177083333 0.6874437157407407 0.21434213177083333 0.6883955546296296 0.22003626822916666 0.6884098037037036 0.22003626822916666 0.6874152175925926
4 0.20842635520833333 0.6365289259259259 0.22530727395833333 0.6365716731481481 0.2253395125 0.6310202333333333 0.20841829531249997 0.6310202333333333 0.20842635520833333 0.6365289259259259
3 0.263374975 0.6626246796296296 0.26340318333333335 0.6663835851851851 0.27010477552083334 0.6663892842592593 0.2700745515625 0.6625847824074074 0.263374975 0.6626246796296296
3 0.22786620989583334 0.7881932175925926 0.22542212395833333 0.788273012037037 0.22546846666666667 0.7918466796296296 0.23031634114583335 0.7918124824074074 0.23034051979166667 0.7854830435185185 0.23571428593750002 0.7854830435185185 0.23569615156249998 0.781906525925926 0.2311142453125 0.7818580796296297 0.2311142453125 0.7827158731481481 0.22782188177083332 0.7827244231481482 0.22786620989583334 0.7881932175925926
3 0.3012794682291667 0.7918951268518519 0.3012895427083333 0.788093474074074 0.29212976041666666 0.7881590194444444 0.2920793875 0.7827472212962963 0.28879911354166665 0.7827329722222223 0.28879105364583335 0.7818894268518518 0.2842232520833334 0.781906525925926 0.28419504322916667 0.7854317472222222 0.2895285109375 0.7854602453703704 0.28955873489583334 0.7918666287037037 0.3012794682291667 0.7918951268518519
3 0.3230606489583333 0.7881561694444444 0.3230062463541667 0.7918238814814815 0.3431855734375 0.7918837277777777 0.3431573645833333 0.7881162722222222 0.3230606489583333 0.7881561694444444
4 0.3649707838541667 0.7881704185185185 0.3431573645833333 0.7881162722222222 0.3432077375 0.7962724425925926 0.3649929479166667 0.7962125962962963 0.3649707838541667 0.7881704185185185
4 0.3230606489583333 0.7881561694444444 0.3012895427083333 0.788093474074074 0.30129961718750004 0.7962268453703704 0.3230263953125 0.7962125962962963 0.3230606489583333 0.7881561694444444
3 0.3230062463541667 0.7918238814814815 0.3230263953125 0.7962125962962963 0.3432077375 0.7962724425925926 0.3431855734375 0.7918837277777777 0.3230062463541667 0.7918238814814815
3 0.34502317135416666 0.6365032768518518 0.3433467661458333 0.6364833287037037 0.3433467661458333 0.6697834138888888 0.34504130572916664 0.6697862638888888 0.34502317135416666 0.6365032768518518
3 0.3163953255208333 0.6734539759259259 0.28557525677083334 0.6735195212962962 0.28554100364583335 0.6623710462962963 0.28293975416666667 0.6623852953703704 0.2829437838541667 0.6762695925925927 0.3163953255208333 0.6763037898148149 0.3163953255208333 0.6734539759259259
3 0.28864195052083336 0.6581818185185185 0.28328631875 0.6581818185185185 0.28335281093750003 0.6623710462962963 0.28554100364583335 0.6623710462962963 0.28557525677083334 0.6735195212962962 0.3163953255208333 0.6734539759259259 0.3163953255208333 0.6763037898148149 0.28284303854166665 0.6762667425925926 0.28284908333333336 0.7161783981481481 0.28617570000000003 0.7161442009259259 0.28622204322916667 0.6787517814814815 0.3029538583333334 0.6787717296296297 0.30293975416666663 0.7158136222222222 0.30462421927083333 0.7157908231481481 0.304626234375 0.6787460814814814 0.33810396927083336 0.6788087777777777 0.33811404375 0.7133998287037037 0.3162986098958333 0.7134254777777778 0.3163368932291667 0.7159133657407407 0.3398186578125 0.7159390138888889 0.33988716510416667 0.6764063833333334 0.31811202916666664 0.6764206324074074 0.31808382031250004 0.6497549157407407 0.31934486302083337 0.6497407157407408 0.3193592583333333 0.6618580796296296 0.33260729375 0.661758336111111 0.33262542812499996 0.6745597037037038 0.3469494255208333 0.6746309490740741 0.346899053125 0.6697720148148149 0.33597017916666666 0.6698575092592592 0.33597017916666666 0.6570019944444444 0.3226032640625 0.6570988888888889 0.3226536369791667 0.6365175259259259 0.3550332458333333 0.6364747787037036 0.35500302239583337 0.6317583361111111 0.30146080989583335 0.6318010833333334 0.3014507354166666 0.6364605296296296 0.30144872031250003 0.6496124249999999 0.3163852510416667 0.6496608722222222 0.316449728125 0.6711684240740741 0.28859762239583336 0.6711370759259259 0.28864195052083336 0.6581818185185185
3 0.2204896234375 0.6877457962962963 0.22778964322916667 0.6877457962962963 0.22778964322916667 0.71614705 0.20464033854166666 0.71614705 0.20464033854166666 0.7152921055555556 0.20300020156249998 0.7152921055555556 0.20304251458333333 0.7185294953703704 0.2311142453125 0.7187118833333334 0.2311142453125 0.6853633509259259 0.23090466979166668 0.6853633509259259 0.23081200885416667 0.6643516675925927 0.20300020156249998 0.6642918212962963 0.20300020156249998 0.6999629527777778 0.20468466666666665 0.6999629527777778 0.2047269796875 0.666551724074074 0.22036066875000002 0.6666115703703704 0.2204896234375 0.6877457962962963
3 0.22914565989583335 0.6853633509259259 0.22908523072916667 0.6666742657407407 0.22204513385416666 0.6666742657407407 0.22204513385416666 0.6853633509259259 0.22914565989583335 0.6853633509259259
3 0.22758613749999998 0.6581618694444445 0.1992162 0.658076375 0.1992162 0.6625277861111111 0.246000403125 0.6625420351851852 0.246000403125 0.6582046166666667 0.23079588958333333 0.6582046166666667 0.23076566614583335 0.6365289259259259 0.24607092500000002 0.6365175259259259 0.24605077552083332 0.631729837962963 0.22533749739583334 0.6317782842592593 0.22530727395833333 0.6365716731481481 0.22752569010416668 0.6365716731481481 0.22758613749999998 0.6581618694444445
3 0.22549264583333334 0.7961242518518519 0.2335905703125 0.7961584500000001 0.23366512187500002 0.7901139925925926 0.23571428593750002 0.7900797944444444 0.23571428593750002 0.7854830435185185 0.23034051979166667 0.7854830435185185 0.23031634114583335 0.7918124824074074 0.22546846666666667 0.7918466796296296 0.22549264583333334 0.7961242518518519
3 0.23107797708333333 0.7403163296296297 0.22773121093749998 0.7403163296296297 0.22772113645833333 0.7827044740740741 0.2311142453125 0.7827158731481481 0.23107797708333333 0.7403163296296297
3 0.36394720937499997 0.7413736111111111 0.34760225677083334 0.7414078083333333 0.34762845052083335 0.7439184953703704 0.36394720937499997 0.7438842972222223 0.36394720937499997 0.7413736111111111
3 0.284166834375 0.7899515527777778 0.2863953255208333 0.7899515527777778 0.2863731614583333 0.7962239953703704 0.30129961718750004 0.7962268453703704 0.3012794682291667 0.7918951268518519 0.28955873489583334 0.7918666287037037 0.2895285109375 0.7854602453703704 0.28419504322916667 0.7854317472222222 0.284166834375 0.7899515527777778
3 0.33122103541666664 0.676335137962963 0.3468083817708333 0.6763778851851852 0.3467882328125 0.6746309490740741 0.3326355026041667 0.6745768027777778 0.33260729375 0.6617611851851852 0.3193592583333333 0.6618723287037037 0.31934918385416666 0.6497549157407407 0.31808382031250004 0.6497549157407407 0.31811404374999996 0.6638614990740741 0.33120088645833334 0.6638045027777778 0.33122103541666664 0.676335137962963
3 0.2633951239583333 0.6581647194444444 0.263374975 0.6626246796296296 0.2700745515625 0.6625847824074074 0.2700483578125 0.6581333712962963 0.2633951239583333 0.6581647194444444
3 0.2895990328125 0.6317868342592593 0.2635361677083333 0.6316614416666666 0.2635361677083333 0.6365004277777778 0.2895990328125 0.6364747787037036 0.2895990328125 0.6317868342592593
3 0.20441668333333332 0.6387232833333333 0.2078057625 0.6387603305555556 0.2078057625 0.6365289259259259 0.20842635520833333 0.6365289259259259 0.20845254895833334 0.631735537037037 0.19957888385416667 0.631735537037037 0.19957888385416667 0.6365887712962963 0.20441668333333332 0.6365659731481482 0.20441668333333332 0.6387232833333333
3 0.17839411666666666 0.8182331148148149 0.1762180135416667 0.8182331148148149 0.17628249062499998 0.7940210888888889 0.19417690937499998 0.7940809351851852 0.19419705833333334 0.8016728416666667 0.19597219427083334 0.8016528925925925 0.19594398541666666 0.7962154462962963 0.19928672187500002 0.7962695925925927 0.19930687083333334 0.7918808777777778 0.17634696770833333 0.7920091194444445 0.17630666927083333 0.6625562842592593 0.185859359375 0.6625135370370371 0.18585532968750001 0.6581732685185185 0.17628249062499998 0.6581732685185185 0.17632480364583333 0.6365517240740741 0.18801128333333333 0.6365232259259259 0.1879891192708333 0.631735537037037 0.17296191822916668 0.631735537037037 0.17298408229166667 0.8229267601851852 0.17839411666666666 0.8229581074074074 0.17839411666666666 0.8182331148148149
2 0.20441668333333332 0.6387232833333333 0.20443481770833336 0.6579908805555555 0.21946000416666667 0.6580336277777779 0.21946403385416666 0.6387745796296296 0.20441668333333332 0.6387232833333333
2 0.185859359375 0.6625135370370371 0.1992162 0.6625277861111111 0.19915575260416668 0.6421430611111111 0.18583920989583333 0.6422684527777778 0.185859359375 0.6625135370370371
4 0.1917831958333333 0.8183100601851852 0.17839411666666666 0.8182331148148149 0.17838605677083336 0.8229324592592593 0.1917932703125 0.8229609574074074 0.1917831958333333 0.8183100601851852
4 0.22542212395833333 0.788273012037037 0.1992645578125 0.7881618694444444 0.1992665723958333 0.7962125962962963 0.22549264583333334 0.7961242518518519 0.22542212395833333 0.788273012037037
4 0.2842232520833334 0.781906525925926 0.23569615156249998 0.781906525925926 0.23571428593750002 0.7900797944444444 0.284166834375 0.7899515527777778 0.2842232520833334 0.781906525925926
3 0.611638121875 0.8082046166666667 0.5981019546875 0.8081590194444445 0.5981341932291666 0.8127700203703704 0.611638121875 0.8128583638888889 0.611638121875 0.8082046166666667
3 0.6600564177083333 0.8082245657407408 0.6600322385416667 0.8128355657407407 0.6743381020833333 0.8128355657407407 0.6743642958333333 0.8081504703703704 0.6600564177083333 0.8082245657407408
3 0.6961656255208334 0.8081704185185186 0.6961656255208334 0.8127415222222223 0.7253576463541667 0.8128355657407407 0.7253354828125 0.8081989166666667 0.6961656255208334 0.8081704185185186
3 0.6192464234375 0.6504645194444444 0.6242716098958333 0.6504645194444444 0.6242151921875 0.6343288685185186 0.6208623817708333 0.6343288685185186 0.6208643963541667 0.6456483324074074 0.6192262744791667 0.6457081787037037 0.6192464234375 0.6504645194444444
3 0.6405420109375 0.6084297518518519 0.6405420109375 0.66000285 0.6437094499999999 0.66000285 0.6436328833333333 0.6084297518518519 0.6614769291666666 0.6084297518518519 0.6613237958333333 0.6889598175925926 0.7266008463541667 0.6887403814814814 0.7266008463541667 0.6842604731481481 0.66472295 0.6841493305555555 0.6646443682291667 0.6081020231481481 0.6715978239583333 0.6082131657407408 0.6715212572916667 0.6671045879629629 0.7103022364583332 0.6668880018518519 0.7102236552083333 0.6468908518518518 0.7070562161458334 0.6468908518518518 0.7070562161458334 0.6624080935185186 0.6747652630208333 0.6625163861111111 0.6746886963541667 0.6083214592592593 0.7070562161458334 0.6084297518518519 0.7071347973958333 0.6237275574074074 0.710378803125 0.6238358509259259 0.7103022364583332 0.6015474490740741 0.7070562161458334 0.6015474490740741 0.7070562161458334 0.6036249648148148 0.6209208140625001 0.60384155 0.6209208140625001 0.6180478768518519 0.6241648197916666 0.6180478768518519 0.6241648197916666 0.6084297518518519 0.6405420109375 0.6084297518518519
3 0.6627705015625001 0.7047135935185186 0.6831875880208333 0.7046053009259259 0.6832621395833333 0.7301111425925926 0.6849002619791666 0.7301111425925926 0.6849002619791666 0.6929609574074074 0.7183921015625 0.6929609574074074 0.7184303848958333 0.7276318037037037 0.69659883125 0.72768595 0.69659883125 0.7301111425925926 0.7199214187499999 0.7301111425925926 0.7199939552083333 0.6907495009259259 0.6831875880208333 0.6906953546296296 0.6832238567708333 0.7022884009259259 0.6628087848958334 0.7022342546296296 0.6628450536458333 0.690589912037037 0.6596050776041668 0.690589912037037 0.6594559739583333 0.7303191796296297 0.6627342333333334 0.7303191796296297 0.6627705015625001 0.7047135935185186
3 0.7116502114583334 0.8046167 0.7116502114583334 0.755770875 0.6833346765625 0.755770875 0.6833729598958332 0.7583528074074074 0.7098609713541666 0.7583015101851852 0.7098247026041666 0.8046167 0.7116502114583334 0.8046167
4 0.7450674994791666 0.8357908231481481 0.7226798307291666 0.8357480759259259 0.7226999796875 0.8419549731481482 0.7450775739583333 0.8419834712962962 0.7450674994791666 0.8357908231481481
3 0.6600564177083333 0.8082245657407408 0.6743642958333333 0.8081504703703704 0.6743381020833333 0.8045540037037037 0.6599959703124999 0.8046423481481482 0.6600564177083333 0.8082245657407408
3 0.6961656255208334 0.8081704185185186 0.7253354828125 0.8081989166666667 0.7252931692708333 0.8046480481481482 0.6960548057291667 0.8047107435185185 0.6961656255208334 0.8081704185185186
3 0.7470058432291666 0.8046708462962964 0.7469655447916667 0.8081533203703704 0.7586459802083334 0.8081533203703704 0.7586459802083334 0.7917868342592592 0.7561273421875 0.7917868342592592 0.7562442072916667 0.8046167 0.7470058432291666 0.8046708462962964