1 0.26474108385416667 0 0.0005299213541666667 0.0004931583333333333 0 0.621536487962963 0 1 1 1 1 0 0.26474108385416667 0
3 0.37439451927083334 0.3586687574074074 0.3792061255208334 0.35866590648148144 0.37923030416666664 0.3550484611111111 0.3743542213541666 0.3549629416666667 0.37439451927083334 0.3586687574074074
3 0.29696957500000004 0.485735462037037 0.3405601453125 0.4861288481481481 0.3405601453125 0.48785347777777777 0.3436228088541667 0.4879988601851852 0.3436590770833333 0.48593215462962963 0.3586741890625 0.48594640833333336 0.3586661291666667 0.48194127685185184 0.29686479947916666 0.4815963509259259 0.29696957500000004 0.485735462037037
3 0.34066895 0.519207525925926 0.3405863390625 0.5883665907407407 0.3435019140625 0.5884834666666666 0.34344146666666664 0.5192132268518518 0.34066895 0.519207525925926
3 0.29681644166666665 0.5779931583333333 0.34056417499999997 0.5780330675925925 0.3405883536458333 0.5740649944444444 0.296872859375 0.5737571268518519 0.29681644166666665 0.5779931583333333
3 0.3435019140625 0.5371436712962964 0.3566592786458333 0.5368586092592592 0.35676002395833334 0.5326681870370371 0.34357243593750003 0.5326738879629629 0.3435019140625 0.5371436712962964
3 0.37988515 0.4859521092592592 0.43558331666666666 0.4860604333333334 0.4355430182291667 0.48184150555555555 0.3799858958333333 0.48183580370370366 0.37988515 0.4859521092592592
3 0.48110215572916665 0.481764537962963 0.45699173906249996 0.4818472064814815 0.45699173906249996 0.4859920185185186 0.4811323796875 0.48582953240740734 0.48110215572916665 0.481764537962963
3 0.4590771708333333 0.48175598611111115 0.46205923854166664 0.4816419611111111 0.46185774739583335 0.3047320407407408 0.45917791666666663 0.30484606574074075 0.4590771708333333 0.48175598611111115
3 0.48159580885416664 0.29437571296296294 0.478722546875 0.29437571296296294 0.4786661291666666 0.32914481203703705 0.4619524479166667 0.32914481203703705 0.461894015625 0.3330045611111111 0.4814426760416667 0.33298175555555554 0.48159580885416664 0.29437571296296294
3 0.5107273828125 0.29437571296296294 0.5108140239583333 0.2992189277777778 0.5135401973958333 0.299144812037037 0.5135401973958333 0.29437571296296294 0.5107273828125 0.29437571296296294
3 0.5106971588541667 0.32947263425925927 0.51066895 0.35886545 0.5138021359375 0.35886545 0.5136570625 0.3295153935185185 0.5106971588541667 0.32947263425925927
3 0.5641084020833333 0.3548489166666667 0.5137618375 0.3551311287037037 0.5138303447916667 0.35869156203703706 0.5642131776041667 0.35879133425925924 0.5641084020833333 0.3548489166666667
3 0.5600846260416666 0.3354903074074074 0.5400765666666667 0.33546180185185187 0.5401370140625 0.35484606574074073 0.5430787828125 0.35478905370370367 0.54311908125 0.3395667046296296 0.5600846260416666 0.3395096925925926 0.5600846260416666 0.3354903074074074
3 0.560044328125 0.354831812962963 0.5629478140625 0.3546949833333333 0.5627563973958334 0.31268529074074075 0.5602176104166666 0.3126510833333333 0.560044328125 0.354831812962963
3 0.6157606286458334 0.31260262222222224 0.6157565989583333 0.3157639685185185 0.6185734432291666 0.3157639685185185 0.6185452348958334 0.312559862962963 0.6157606286458334 0.31260262222222224
3 0.7018456578125 0.3549971490740741 0.5854866010416667 0.3551453824074074 0.5854160791666666 0.35869156203703706 0.7018114041666668 0.35883979444444447 0.7018456578125 0.3549971490740741
3 0.6156276447916667 0.3550370583333333 0.618537175 0.3551026222222222 0.6184968770833333 0.34541049074074076 0.615603465625 0.34528791296296296 0.6156276447916667 0.3550370583333333
3 0.6621398348958334 0.3550399083333333 0.6651863791666667 0.3549030787037037 0.6651622005208334 0.3337286203703704 0.6741084020833333 0.3337286203703704 0.6741084020833333 0.3293500574074074 0.6621881927083333 0.32945267962962965 0.6621398348958334 0.3550399083333333
3 0.6742675802083333 0.33912770833333333 0.6740942979166668 0.35497149351851853 0.6769655447916667 0.35497149351851853 0.67711061875 0.3390051314814815 0.6742675802083333 0.33912770833333333
3 0.5820390890625 0.5369583805555556 0.7018738666666666 0.5369726342592592 0.7018456578125 0.5328705814814815 0.5820733427083333 0.5330672750000001 0.5820390890625 0.5369583805555556
3 0.6621801328125 0.5369156212962963 0.6621640135416667 0.5540250851851851 0.6647511583333333 0.553922462962963 0.6647995166666667 0.5368586092592592 0.6621801328125 0.5369156212962963
3 0.6770098729166667 0.5369441277777778 0.6739673583333333 0.5370866592592592 0.6739673583333333 0.5468956666666667 0.6647995166666667 0.5470353481481481 0.6647592182291666 0.5512542759259259 0.6769494255208334 0.5511117444444444 0.6770098729166667 0.5369441277777778
3 0.6672355432291667 0.648688711111111 0.6672355432291667 0.644994299074074 0.6646242192708333 0.6448945268518519 0.6646604875000001 0.6364053592592592 0.6622768484375 0.636359749074074 0.6621317750000001 0.7060205240740741 0.6649607093750001 0.7060433296296296 0.6648418296875 0.6485518814814815 0.6672355432291667 0.648688711111111
3 0.6885150109375 0.6487172175925926 0.702035059375 0.6487742305555555 0.7020753578125 0.6447833527777779 0.6884747130208333 0.6446123148148147 0.6885150109375 0.6487172175925926
3 0.5545476526041667 0.599714937037037 0.5546302640624999 0.6253107185185185 0.5573886760416666 0.6253705814814815 0.5575559135416667 0.599714937037037 0.5545476526041667 0.599714937037037
3 0.5091315734374999 0.5959321546296296 0.50912754375 0.6255416194444445 0.5118879708333333 0.625513112962963 0.5120491640625 0.5960946407407407 0.5091315734374999 0.5959321546296296
3 0.4243663109375 0.6011516537037037 0.5091476927083334 0.6012542759259258 0.5090872458333333 0.5974059296296296 0.4243663109375 0.5968956666666667 0.4243663109375 0.6011516537037037
3 0.38968365885416667 0.5370296462962963 0.5609812614583334 0.5368101481481481 0.5610316338541667 0.5327679592592592 0.38961112239583334 0.5328363740740741 0.38968365885416667 0.5370296462962963
3 0.40368728593750003 0.5371436712962964 0.40374773333333336 0.5883979472222223 0.40658875677083334 0.5883979472222223 0.406528309375 0.5369726342592592 0.40368728593750003 0.5371436712962964
3 0.42426758020833333 0.5369840361111111 0.42441063854166666 0.5968072972222223 0.4269917390625 0.5968072972222223 0.4269393510416667 0.5370809574074074 0.42426758020833333 0.5369840361111111
3 0.44495264947916663 0.5370011398148148 0.44504936510416665 0.5970553018518518 0.44760830156250003 0.5970267962962963 0.44757001822916664 0.5369697833333333 0.44495264947916663 0.5370011398148148
3 0.5090267984375 0.536761687962963 0.5090670963541667 0.5655929305555556 0.5117469270833334 0.5653933861111111 0.5119504333333333 0.5368614592592593 0.5090267984375 0.536761687962963
3 0.5207032036458333 0.5568500574074073 0.5118073744791667 0.556812999074074 0.5117872255208333 0.5608323833333334 0.5207334276041666 0.5608038768518518 0.5207032036458333 0.5568500574074073
3 0.55738263125 0.5366875712962963 0.5545678015625001 0.5368529074074074 0.5543642958333332 0.5568842648148149 0.5455450333333334 0.5570068416666667 0.545577271875 0.5608608898148149 0.55744509375 0.5607753703703703 0.55738263125 0.5366875712962963
4 0.3170622609375 0.30542759444444445 0.37435019166666667 0.3053591787037037 0.37426959479166666 0.30046180185185184 0.3170622609375 0.30017958981481485 0.3170622609375 0.30542759444444445
4 0.3171166635416667 0.3595153935185185 0.37440257916666664 0.35944697870370373 0.3743219828125 0.3545496009259259 0.3171166635416667 0.354264537962963 0.3171166635416667 0.3595153935185185
4 0.3965403989583333 0.30559007962962964 0.44714890208333335 0.30510262222222223 0.4472093489583333 0.30022804999999997 0.3965403989583333 0.300339225 0.3965403989583333 0.30559007962962964
4 0.48391698593750004 0.29490877962962964 0.5089663510416667 0.2950399083333333 0.5088696354166667 0.2900655648148148 0.4837719119791667 0.2899828962962963 0.48391698593750004 0.29490877962962964
4 0.5210316338541666 0.2948688712962963 0.5478138223958333 0.2950399083333333 0.5478460609375 0.29001140277777776 0.5210316338541666 0.29001140277777776 0.5210316338541666 0.2948688712962963
4 0.5813096916666667 0.31361459537037034 0.6072133791666666 0.31365450370370374 0.6071730807291666 0.3086088935185185 0.5812613338541667 0.3087229194444444 0.5813096916666667 0.31361459537037034
4 0.6332560953125 0.31350627129629627 0.6592524682291666 0.31338084351851847 0.6591940359374999 0.30845496018518515 0.6333427364583333 0.30858038796296294 0.6332560953125 0.31350627129629627
4 0.7015655854166667 0.5095011398148148 0.7051763046875 0.5095724055555556 0.7049768286458333 0.3811830101851852 0.7017167036458333 0.3811830101851852 0.7015655854166667 0.5095011398148148
4 0.7015655854166667 0.6362571268518519 0.7050251864583333 0.6364709231481481 0.7049768286458333 0.5534777648148148 0.7017670765625 0.5536202962962964 0.7015655854166667 0.6362571268518519
4 0.6615696151041667 0.6365136833333334 0.6650292161458334 0.6367246296296296 0.6649788432291667 0.5537343212962963 0.66177110625 0.5538768527777778 0.6615696151041667 0.6365136833333334
4 0.7015333468749999 0.6888255416666667 0.7050151119791667 0.6887742305555555 0.7048760828125 0.6523232611111112 0.7016723755208333 0.6524714935185185 0.7015333468749999 0.6888255416666667
2 0.3193189604166667 0.5187941842592593 0.3440116864583333 0.519264537962963 0.3440116864583333 0.48793614629629634 0.31932299010416665 0.4881698972222222 0.3193189604166667 0.5187941842592593
2 0.3587104572916667 0.4864538194444445 0.380018134375 0.4864538194444445 0.37990126927083334 0.45098631666666666 0.3592383640625 0.45156784537037037 0.3587104572916667 0.4864538194444445
2 0.4355873463541667 0.48694412777777785 0.4570461416666667 0.48715792499999994 0.4569453958333333 0.451194412962963 0.43614749166666666 0.45176738888888884 0.4355873463541667 0.48694412777777785
2 0.5350594401041667 0.29904218888888884 0.5100926859375 0.29897092314814816 0.5100423130208334 0.3294013685185185 0.5348176505208334 0.3293899657407407 0.5350594401041667 0.29904218888888884
2 0.5642474307291666 0.3598745722222222 0.5855913760416667 0.35982611203703707 0.5854503322916667 0.3248004564814815 0.5646302640624999 0.32485176759259254 0.5642474307291666 0.3598745722222222
2 0.6403062661458333 0.31621436759259264 0.6155571229166666 0.31580387685185185 0.6153254078125 0.34527651111111113 0.6406548458333333 0.34568700092592597 0.6403062661458333 0.31621436759259264
2 0.582149909375 0.5320724055555556 0.5613318557291667 0.5320724055555556 0.5611525286458333 0.5674800453703704 0.5826899052083333 0.5679931583333333 0.582149909375 0.5320724055555556
2 0.5207374572916666 0.5613169898148148 0.545514809375 0.5615222351851852 0.5456014505208333 0.5560632842592593 0.5207072333333334 0.5563112888888889 0.5207374572916666 0.5613169898148148
2 0.487753375 0.5952822120370371 0.5126475921875 0.5959720638888888 0.5127866208333333 0.5654817555555555 0.4886923234375 0.5655302166666667 0.487753375 0.5952822120370371
2 0.47035865416666667 0.5973517675925926 0.4706911140625 0.5370581527777777 0.469814628125 0.5370581527777777 0.469647390625 0.5699230333333334 0.4611928270833333 0.5698973777777777 0.46074753177083333 0.596995438888889 0.47035865416666667 0.5973517675925926
2 0.3832359458333333 0.5876311287037037 0.36185170260416666 0.5876311287037037 0.36238162395833334 0.6225769666666666 0.38311505156250003 0.6228050166666667 0.3832359458333333 0.5876311287037037
2 0.68851098125 0.6435062712962962 0.6673423333333334 0.6435062712962962 0.6678299416666668 0.6784321546296296 0.6894217208333333 0.6781927027777778 0.68851098125 0.6435062712962962
3 0.5523916984375 0.7099971490740741 0.7019544630208333 0.7100342074074074 0.7019343140625 0.7062628277777778 0.5523332661458333 0.7058095777777779 0.5523916984375 0.7099971490740741
3 0.552458190625 0.7059122009259259 0.5574712875 0.7060547324074075 0.5575055411458333 0.6253135694444445 0.5524682651041667 0.6252850629629629 0.552458190625 0.7059122009259259
3 0.4651763046875 0.628577537037037 0.40366310677083334 0.6288226907407407 0.403576465625 0.6322548462962964 0.5524884140625 0.6324971490740741 0.5523332661458333 0.6252679592592593 0.4650030223958333 0.6256356898148149 0.4651763046875 0.628577537037037
3 0.403884746875 0.6285604333333333 0.4070179328125 0.6285604333333333 0.40651621979166663 0.5884264537037037 0.40367519635416665 0.5883665907407407 0.403884746875 0.6285604333333333
3 0.38316340937500004 0.5922348916666667 0.40371549479166663 0.5924059296296297 0.40376385260416664 0.5885062712962963 0.38313923020833335 0.5885746861111111 0.38316340937500004 0.5922348916666667
3 0.34064275625 0.5923090083333333 0.36173685260416666 0.5925598629629629 0.36182349375 0.5886573546296296 0.34064275625 0.5884521092592593 0.34064275625 0.5923090083333333
3 0.34064880104166667 0.5922291907407408 0.34082208333333336 0.6322747999999999 0.34371146458333335 0.6320781074074074 0.34358251041666665 0.5924173314814815 0.34064880104166667 0.5922291907407408
3 0.2968587546875 0.63204675 0.3408160385416667 0.6322519953703704 0.3408160385416667 0.6278164194444444 0.29688897864583336 0.6278591787037037 0.2968587546875 0.63204675
3 0.29684465052083336 0.3587685287037037 0.31722748333333334 0.35872291944444445 0.31727584114583335 0.35507411666666666 0.29682047135416667 0.3550399083333333 0.29684465052083336 0.3587685287037037
3 0.38451742916666665 0.48144526759259254 0.384448921875 0.3046550740740741 0.379435825 0.3046550740740741 0.37929478125 0.35908494907407407 0.3813499901041667 0.35903648796296295 0.38152327239583333 0.48159350092592595 0.38451742916666665 0.48144526759259254
3 0.2919262541666667 0.30455530185185187 0.31698569427083334 0.30470353518518517 0.3170259921875 0.3007126564814815 0.291982671875 0.30072405925925927 0.2919262541666667 0.30455530185185187
3 0.29193028385416664 0.3045610037037037 0.2919645375 0.6322177879629629 0.29680636718750003 0.6322177879629629 0.29688091875 0.3046807296296296 0.29193028385416664 0.3045610037037037
3 0.37444690729166663 0.304714937037037 0.3965867416666667 0.304714937037037 0.3964456979166667 0.3009920185185185 0.37444690729166663 0.3008580388888889 0.37444690729166663 0.304714937037037
3 0.44724964739583334 0.3048175601851852 0.46193834375 0.30476909907407407 0.46199879114583337 0.30085518796296296 0.4472476322916667 0.30079817592592595 0.44724964739583334 0.3048175601851852
3 0.4838041505208333 0.2907782212962963 0.4590610515625 0.2906841509259259 0.4590368729166666 0.30079817592592595 0.4619584927083333 0.30074116296296294 0.46190207552083334 0.29442702407407406 0.48387064270833335 0.29447263425925924 0.4838041505208333 0.2907782212962963
3 0.5089059036458333 0.2943842648148148 0.5209550677083333 0.2944127703703704 0.5208744708333334 0.29082098055555555 0.5088656057291667 0.29082098055555555 0.5089059036458333 0.2943842648148148
3 0.5629337093750001 0.2908238314814815 0.5478198671875 0.2908694416666667 0.5478863588541666 0.29447263425925924 0.5629055005208333 0.2945267962962963 0.5629337093750001 0.2908238314814815
3 0.5600644770833333 0.2944982898148148 0.5602055208333333 0.31271379722222226 0.5628047552083333 0.31271379722222226 0.5628349786458333 0.29460091203703703 0.5600644770833333 0.2944982898148148
3 0.5628450536458334 0.31262827777777774 0.5812814828125 0.3124857472222222 0.5813016322916666 0.30913340925925925 0.5628652026041667 0.3088939564814815 0.5628450536458334 0.31262827777777774
3 0.6332218416666666 0.3090649944444444 0.6072294984375 0.30916761666666664 0.6073020348958333 0.3126909916666667 0.6331452750000001 0.31262827777777774 0.6332218416666666 0.3090649944444444
3 0.6593109005208333 0.31264253148148147 0.6770965140625 0.31268529074074075 0.6770098729166667 0.30894811851851856 0.6591940359374999 0.3089908777777778 0.6593109005208333 0.31264253148148147
3 0.6741084020833333 0.31262827777777774 0.6741688494791667 0.3391961231481482 0.67711061875 0.33911060462962966 0.6768849484375 0.3125484611111111 0.6741084020833333 0.31262827777777774
3 0.704626234375 0.3356185861111111 0.6771307677083332 0.33554732037037033 0.6771710661458333 0.33913911018518517 0.7047148901041667 0.33902508518518515 0.704626234375 0.3356185861111111
3 0.7019947614583334 0.3390535916666667 0.7018537177083334 0.3812998861111111 0.7046141447916666 0.3812998861111111 0.7047148901041667 0.3389395666666667 0.7019947614583334 0.3390535916666667
3 0.7017126739583334 0.5097206388888889 0.7019947614583334 0.5536488027777777 0.7048257104166668 0.5536202962962964 0.7047753375 0.5098546175925925 0.7017126739583334 0.5097206388888889
3 0.7019947614583334 0.6366020527777778 0.702035059375 0.6523717222222223 0.7047914567708333 0.6524059296296296 0.7047914567708333 0.6366020527777778 0.7019947614583334 0.6366020527777778
3 0.7020209552083333 0.6888996583333333 0.70199073125 0.710119725925926 0.7047773526041666 0.7100798175925926 0.7047471286458333 0.6888996583333333 0.7020209552083333 0.6888996583333333