1 0 0 0 1 1 1 1 0 0 0
3 0.6774360010416667 0.5172976055555556 0.6773835921875 0.5262257694444444 0.7014654302083334 0.5263226907407407 0.7014351942708333 0.5173375138888889 0.6774360010416667 0.5172976055555556
3 0.6774037494791667 0.5263283925925926 0.6768474098958334 0.6536231472222223 0.6834388229166667 0.6535917898148148 0.6838903447916667 0.5263198407407408 0.6774037494791667 0.5263283925925926
3 0.25863737135416665 0.42645381944444444 0.2586172140625 0.4353192703703704 0.29806490625 0.4354903074074074 0.29796412031249997 0.4265393388888889 0.25863737135416665 0.42645381944444444
3 0.678258415625 0.3858466361111111 0.6779479942708334 0.4923318129629629 0.684126184375 0.49240592962962965 0.6844285427083334 0.38588939537037037 0.678258415625 0.3858466361111111
3 0.2921386817708333 0.349657925 0.29203789583333334 0.35866590648148144 0.35262245520833335 0.35875712685185185 0.35262245520833335 0.34973489166666666 0.2921386817708333 0.349657925
3 0.29805281197916667 0.3587713796296296 0.29204595833333336 0.3587713796296296 0.29195726666666666 0.42648232592592594 0.29796412031249997 0.42648232592592594 0.29805281197916667 0.3587713796296296
3 0.3493448901041667 0.3588369444444445 0.3493428744791667 0.39618015925925926 0.35262850208333335 0.3961516537037037 0.35258818802083336 0.3588369444444445 0.3493448901041667 0.3588369444444445
3 0.29808506354166664 0.4309236027777778 0.298125378125 0.4355131129629629 0.31630719635416665 0.43571265648148144 0.3162668817708333 0.4310433296296296 0.29808506354166664 0.4309236027777778
3 0.24155613802083334 0.42639680740740743 0.2416468453125 0.491197262962963 0.2586091515625 0.491197262962963 0.258578915625 0.42648232592592594 0.24155613802083334 0.42639680740740743
3 0.26844386197916664 0.6615621435185185 0.2684196734375 0.6522576962962963 0.2517778671875 0.6522576962962963 0.2517536786458333 0.6614595212962963 0.26844386197916664 0.6615621435185185
3 0.6776456359375 0.492388825925926 0.6775650072916667 0.5171892814814815 0.683289659375 0.5171892814814815 0.6833944770833333 0.49245438981481476 0.6776456359375 0.492388825925926
3 0.25176375729166667 0.6521664768518518 0.2578915541666667 0.6521379703703704 0.25855674270833334 0.4912827824074074 0.25206611562500003 0.49124857499999997 0.25176375729166667 0.6521664768518518
3 0.2981495666666667 0.6525342074074074 0.2981495666666667 0.6616847203703704 0.31669219895833334 0.6617417333333333 0.31665188489583335 0.6525627138888889 0.2981495666666667 0.6525342074074074
3 0.36361620624999996 0.6523546175925926 0.36357589218749997 0.6619612314814814 0.3860713567708334 0.6620182444444445 0.3860713567708334 0.6524971490740741 0.36361620624999996 0.6523546175925926
3 0.49186252760416665 0.6532867731481481 0.49190284218749997 0.6624942990740741 0.5212517635416667 0.6625798175925925 0.5213061880208333 0.6532782212962963 0.49186252760416665 0.6532867731481481
3 0.5684095947916668 0.6534549601851852 0.5684095947916668 0.6627194981481482 0.60477323125 0.6628620296296296 0.6047772625000001 0.6535632842592592 0.5684095947916668 0.6534549601851852
3 0.6519471880208333 0.6538312425925926 0.6520076598958333 0.6631527935185185 0.6834529328125 0.663238312037037 0.6834307598958334 0.6537058157407408 0.6519471880208333 0.6538312425925926
3 0.6779903244791666 0.33082098055555553 0.6781576296874999 0.385735462037037 0.6837593229166666 0.385735462037037 0.6839750052083333 0.3308722916666667 0.6779903244791666 0.33082098055555553
3 0.678195928125 0.33067844907407407 0.6846200364583334 0.3307297601851852 0.6847812942708333 0.1867730898148148 0.6785063494791667 0.18678449259259258 0.678195928125 0.33067844907407407
3 0.34663777447916666 0.2812001138888889 0.3465652088541667 0.3495809574074074 0.352515621875 0.34965222314814814 0.3525095744791667 0.28127137962962967 0.34663777447916666 0.2812001138888889
3 0.3488147552083333 0.2698118583333334 0.3488147552083333 0.2788426453703704 0.4091030036458333 0.27921322685185185 0.4091312234375 0.2700114027777778 0.3488147552083333 0.2698118583333334
3 0.35503124375 0.18543329537037037 0.348645434375 0.18543329537037037 0.3487905666666667 0.2697063851851852 0.3548861114583334 0.2697462944444445 0.35503124375 0.18543329537037037
3 0.4710884901041667 0.26190992037037036 0.4710884901041667 0.2793985175925926 0.4923362223958333 0.2794783351851852 0.4923362223958333 0.26211516574074073 0.4710884901041667 0.26190992037037036
3 0.40920378958333337 0.26921607777777773 0.4091755692708333 0.2793158490740741 0.47103003437499996 0.2797662481481481 0.4709937510416667 0.26969783333333336 0.40920378958333337 0.26921607777777773
3 0.4924168515625 0.270168187037037 0.4924168515625 0.279432725 0.5596412015625 0.279660775 0.5596210442708334 0.2706556444444444 0.4924168515625 0.270168187037037
3 0.579163475 0.34114880277777776 0.5790566416666666 0.33232611203703705 0.5535436406249999 0.3323118583333334 0.5535637973958334 0.34089224629629633 0.579163475 0.34114880277777776
3 0.5535234833333333 0.33219783333333336 0.5593287645833332 0.33219783333333336 0.5595847609375001 0.2797605472222222 0.5535839546875 0.27974629444444443 0.5535234833333333 0.33219783333333336
3 0.6091977421875 0.3329503990740741 0.6092178994791666 0.3411887111111111 0.6779681515625 0.34153363703703704 0.6779137270833334 0.33297890555555554 0.6091977421875 0.3329503990740741
3 0.4924128197916666 0.2621294185185185 0.49243297708333333 0.2638683009259259 0.5757629510416666 0.2642388824074074 0.5757629510416666 0.2627565564814815 0.4924128197916666 0.2621294185185185
3 0.57574279375 0.2643244009259259 0.5748357187500001 0.2643244009259259 0.5746543036458333 0.3322263398148148 0.57560975625 0.3322405925925926 0.57574279375 0.2643244009259259
3 0.6198911510416667 0.262671037962963 0.6200524088541666 0.3328050166666667 0.6208748234375 0.3328050166666667 0.6209171536458334 0.2626824398148148 0.6198911510416667 0.262671037962963
3 0.6209877041666666 0.2992360314814815 0.6209877041666666 0.3004903074074074 0.6782140697916667 0.3007183583333333 0.6782100385416666 0.29968643055555555 0.6209877041666666 0.2992360314814815
3 0.6278935697916667 0.2639481185185185 0.6278734125 0.2681955527777778 0.6782483369791666 0.26850912222222223 0.6782866359375 0.26414766203703705 0.6278935697916667 0.2639481185185185
3 0.6209917354166666 0.26267673888888887 0.6209917354166666 0.26427308981481484 0.6278572869791667 0.26433865462962963 0.6278451927083334 0.2627622574074074 0.6209917354166666 0.26267673888888887
3 0.5479157427083333 0.4103591787037037 0.5479157427083333 0.4360575824074074 0.5632695020833334 0.43618015925925924 0.5632997380208333 0.4104846064814815 0.5479157427083333 0.4103591787037037
3 0.5633340052083333 0.43135689814814815 0.5633340052083333 0.4360034203703704 0.5750836526041667 0.43604332962962966 0.5750836526041667 0.43145381944444444 0.5633340052083333 0.43135689814814815
3 0.5719592822916667 0.4313397944444444 0.5750634953125 0.4313397944444444 0.5750876838541666 0.409492587962963 0.5719028421875 0.4094640824074074 0.5719592822916667 0.4313397944444444
3 0.5720882885416666 0.34435860925925926 0.5720278171875001 0.3718671611111111 0.5750715583333333 0.3718956666666666 0.5751723442708333 0.34441562129629627 0.5720882885416666 0.34435860925925926
3 0.551354565625 0.3140564425925926 0.5079883088541667 0.31389965833333333 0.5079883088541667 0.31817559907407406 0.5513868171875 0.31831812962962963 0.551354565625 0.3140564425925926
3 0.511159040625 0.2817217787037037 0.5080346703124999 0.2817787916666667 0.5079943557291666 0.3137343212962963 0.511159040625 0.31379133425925926 0.511159040625 0.2817217787037037
3 0.551358596875 0.3183751425925926 0.5486978432291667 0.3183751425925926 0.5483007458333333 0.4102622574074074 0.5512840151041666 0.4102622574074074 0.551358596875 0.3183751425925926
3 0.508004434375 0.38488312407407405 0.508004434375 0.3945752564814815 0.5111267890625 0.39461231481481485 0.5111288046875 0.38491163055555555 0.508004434375 0.38488312407407405
3 0.5111892765625 0.38995724074074073 0.5111892765625 0.39460376296296296 0.5482987302083333 0.394717787962963 0.5483370286458332 0.3899087796296296 0.5111892765625 0.38995724074074073
3 0.543809715625 0.4306299888888889 0.543809715625 0.4358751425925926 0.5478210036458333 0.4358751425925926 0.5477927838541666 0.4306157351851852 0.543809715625 0.4306299888888889
3 0.5160935296875 0.4355900796296296 0.5160048375 0.43038768518518516 0.5075065510416666 0.43043044444444445 0.5075065510416666 0.4356185861111111 0.5160935296875 0.4355900796296296
3 0.5075186453125 0.39469783333333336 0.5075589598958333 0.43033067314814816 0.511227575 0.43033067314814816 0.5112074177083333 0.3947263398148148 0.5075186453125 0.39469783333333336
3 0.3979359 0.41040478888888887 0.39786333385416667 0.4362314712962963 0.4131747630208333 0.43636830092592593 0.4132715177083333 0.4104732037037037 0.3979359 0.41040478888888887
3 0.41328159635416667 0.43124002314814813 0.41328159635416667 0.4362029648148148 0.42648457968750003 0.43634549629629626 0.42646643802083334 0.43121436759259263 0.41328159635416667 0.43124002314814813
3 0.3493045755208334 0.4268472064814815 0.3493448901041667 0.4354332953703704 0.3525095744791667 0.43537628240740744 0.352449103125 0.426875712962963 0.3493045755208334 0.4268472064814815
3 0.3525498890625 0.4309236027777778 0.3525902036458334 0.43537058148148144 0.3977827052083333 0.4353135694444445 0.39776254791666665 0.43098061574074076 0.3525498890625 0.4309236027777778
3 0.40109050572916666 0.2812856324074074 0.3981878651041667 0.2812856324074074 0.3979741989583333 0.41027936111111113 0.40112074166666667 0.41033067314814814 0.40109050572916666 0.2812856324074074
3 0.35258617239583334 0.3287229194444445 0.35256601510416663 0.3333409351851852 0.39802056041666667 0.3332269101851852 0.39802056041666667 0.3290364879629629 0.35258617239583334 0.3287229194444445
3 0.37327151770833333 0.3696408212962963 0.3732412817708333 0.3714338657407407 0.39764160468750004 0.3715222351851852 0.3976315260416667 0.3697234888888889 0.37327151770833333 0.3696408212962963
3 0.258254384375 0.5899087796296296 0.25821406979166667 0.5979760546296295 0.31685144114583336 0.598289624074074 0.31685144114583336 0.5900513111111111 0.258254384375 0.5899087796296296
3 0.3116266880208334 0.5983238314814815 0.31167103385416667 0.6138540481481481 0.31463011510416666 0.6138882555555556 0.3146099578125 0.5983808435185185 0.3116266880208334 0.5983238314814815
3 0.31120338645833334 0.6430701249999999 0.31126788958333335 0.6524515388888888 0.314714775 0.6524515388888888 0.3146905864583333 0.6430416194444445 0.31120338645833334 0.6430701249999999
3 0.3639689578125 0.5903506268518518 0.36394476927083336 0.5991077537037037 0.3862951015625 0.5992445842592593 0.38624672447916664 0.5902480046296297 0.3639689578125 0.5903506268518518
3 0.37348719999999996 0.47924458425925925 0.368649465625 0.47924458425925925 0.3685244911458333 0.5859578111111111 0.3732392661458333 0.5860148231481482 0.37348719999999996 0.47924458425925925
3 0.49218302760416666 0.5908922462962963 0.49226365677083334 0.5993301027777778 0.5059665390625 0.599258837037037 0.5059907276041666 0.5908922462962963 0.49218302760416666 0.5908922462962963
3 0.49987905677083333 0.599372862037037 0.49989921406250004 0.617559862962963 0.5059463817708333 0.6176453824074074 0.5059262244791667 0.5994013685185186 0.49987905677083333 0.599372862037037
3 0.5060270109375 0.609036487962963 0.5060310421875001 0.6176311287037036 0.5214916348958334 0.6176596351851852 0.5214311630208334 0.6091077537037037 0.5060270109375 0.609036487962963
3 0.5685426322916667 0.6094612314814815 0.5685144125 0.617787912962963 0.6048659546875 0.617842075 0.6048659546875 0.6095752564814815 0.5685426322916667 0.6094612314814815
3 0.6522817979166666 0.6096522231481482 0.6523624270833334 0.6182896240740741 0.6769340859375 0.6184891675925925 0.6769340859375 0.6098802740740741 0.6522817979166666 0.6096522231481482
3 0.5099737958333334 0.48544754814814817 0.505740778125 0.48544754814814817 0.5054404354166667 0.5865507407407407 0.5096532958333333 0.5865222351851852 0.5099737958333334 0.48544754814814817
3 0.5376033057291667 0.48559863148148147 0.5376274942708333 0.49213226944444444 0.5936000807291666 0.49240592962962965 0.5935698447916666 0.4856898518518518 0.5376033057291667 0.48559863148148147
3 0.5936041119791666 0.4924828962962963 0.5893710947916666 0.49251140277777783 0.5888772427083333 0.605168187037037 0.5934529328125 0.6052252 0.5936041119791666 0.4924828962962963
3 0.6237210239583334 0.4836716074074074 0.6237452124999999 0.49176168796296293 0.627030840625 0.49179019351851855 0.6270268088541666 0.4836716074074074 0.6237210239583334 0.4836716074074074
3 0.6271114692708333 0.4874572407407407 0.6271316265625 0.49176168796296293 0.6756702276041667 0.4920182444444444 0.6756278973958333 0.4878363740740741 0.6271114692708333 0.4874572407407407
3 0.6272303968749999 0.3440792472222222 0.6242874421875 0.3440222351851852 0.623872203125 0.4529076398148148 0.6269965734375 0.4529076398148148 0.6272303968749999 0.3440792472222222
3 0.6271920984375 0.3856328388888889 0.6271920984375 0.39013683055555554 0.675932271875 0.3901938425925926 0.6759121145833333 0.3860034203703704 0.6271920984375 0.3856328388888889
3 0.6759181614583334 0.3902793611111111 0.6728744203125 0.3902793611111111 0.6726970369791666 0.48770809537037035 0.6757004635416667 0.48776510833333336 0.6759181614583334 0.3902793611111111
4 0.2685345697916667 0.6522519953703704 0.26855472708333333 0.6615450398148148 0.29808506354166664 0.6617160777777777 0.29808506354166664 0.6524800453703704 0.2685345697916667 0.6522519953703704
4 0.31676879635416666 0.6516875712962963 0.3168091109375 0.6633181296296297 0.36353557760416666 0.6637970351851852 0.3635134046875 0.6516562148148148 0.31676879635416666 0.6516875712962963
4 0.3861499697916667 0.6516562148148148 0.3861701270833333 0.6636602055555555 0.49177585156250003 0.6641391101851851 0.4917335213541667 0.6519726342592592 0.3861499697916667 0.6516562148148148
4 0.5213444869791667 0.6524258833333333 0.5213041723958333 0.664198974074074 0.5683309817708333 0.664712087037037 0.5682906671875 0.6525969212962963 0.5213444869791667 0.6524258833333333
4 0.6048861114583333 0.6526995435185186 0.6048457973958333 0.6649572407407407 0.6518524489583334 0.6652423037037037 0.6518524489583334 0.652785062962963 0.6048861114583333 0.6526995435185186
4 0.316835315625 0.5843158490740741 0.3169361015625 0.5988540481481481 0.3638419671875 0.5991391101851852 0.36382180989583335 0.5843728620370371 0.316835315625 0.5843158490740741
4 0.3863938723958333 0.5844640824074074 0.3863575890625 0.5992246296296296 0.49220318489583337 0.5995667046296297 0.4920822416666667 0.585285062962963 0.3863938723958333 0.5844640824074074
4 0.5215883895833333 0.6033808435185185 0.5217032854166667 0.6181984037037037 0.5684660348958332 0.6185290768518519 0.5684075791666667 0.6035461805555555 0.5215883895833333 0.6033808435185185
4 0.6049808505208334 0.6041191564814814 0.6049808505208334 0.6185689851851851 0.6522938921875 0.6191847203703704 0.6521205401041666 0.6044070694444444 0.6049808505208334 0.6041191564814814
2 0.3112598265625 0.6139851768518518 0.31123160677083334 0.6429247435185186 0.323682725 0.642842075 0.3239729890625 0.6140250851851852 0.3112598265625 0.6139851768518518
2 0.3734730901041667 0.4790935009259259 0.3734468859375 0.43549600925925924 0.3422132635416667 0.4356185861111111 0.3422817979166667 0.4783808435185185 0.3734730901041667 0.4790935009259259
2 0.3488611166666667 0.3963226907407407 0.3487401734375 0.42662200648148146 0.3735940333333333 0.4266790194444444 0.3735859703125 0.39655359166666665 0.3488611166666667 0.3963226907407407
2 0.35296109635416667 0.3709464083333333 0.37311025989583335 0.37135689814814815 0.37315863749999995 0.36359178981481477 0.35288853072916665 0.3634549601851852 0.35296109635416667 0.3709464083333333
2 0.5374742994791667 0.48542759444444444 0.5100806286458334 0.48551311296296296 0.5100120942708333 0.5255216648148148 0.5373311833333333 0.5256071833333333 0.5374742994791667 0.48542759444444444
2 0.62360814375 0.48574686388888894 0.5936867567708333 0.4857810722222222 0.593739165625 0.525735462037037 0.6237633541666666 0.5257839222222223 0.62360814375 0.48574686388888894
2 0.6232412817708333 0.4530786768518519 0.6232957067708333 0.4835205240740741 0.6477040916666666 0.483463512037037 0.6476577302083334 0.4532582666666667 0.6232412817708333 0.4530786768518519
2 0.5160532151041667 0.4288797037037037 0.5162547875 0.4462685287037037 0.543801653125 0.44643671574074073 0.5436686151041666 0.4292217787037037 0.5160532151041667 0.4288797037037037
2 0.5119028421875 0.3183010259259259 0.5076899817708334 0.31826966944444446 0.5075791171875 0.3847491444444444 0.5119129208333333 0.38480615740740737 0.5119028421875 0.3183010259259259
2 0.5793207015624999 0.3457554157407407 0.6091312234374999 0.3459236027777778 0.6087885505208334 0.29172747962962964 0.5789437614583334 0.29178734351851854 0.5793207015624999 0.3457554157407407