3 0.18356639114583334 0.8295782277777778 0.18178722552083335 0.8295639787037037 0.181726778125 0.6370589907407408 0.19186379218750002 0.6369449981481481 0.19186379218750002 0.6322143064814816 0.17767277864583333 0.6322171555555556 0.17771912135416665 0.8342804222222223 0.18361676406250002 0.8343231694444445 0.18356639114583334 0.8295782277777778
3 0.4009732015625 0.6358791675925926 0.4009732015625 0.5772214305555555 0.41455168229166667 0.5770960388888889 0.4145335484375 0.5713194638888889 0.3947088453125 0.5714249074074075 0.39476929270833333 0.5771815333333333 0.39761233125 0.5771387861111111 0.39763852499999996 0.6358449703703704 0.4009732015625 0.6358791675925926
3 0.339453959375 0.6837275574074074 0.33947410833333336 0.6807096037037037 0.3412210354166667 0.6807096037037037 0.3412210354166667 0.6779794814814815 0.33980858333333336 0.6779623824074075 0.33982873281250003 0.6358478194444445 0.38132782604166665 0.6357794240740741 0.381347975 0.631148475 0.32811605885416667 0.6310743805555555 0.3281543421875 0.5771758333333333 0.37970380833333334 0.5771302361111111 0.37964940572916667 0.5714135083333333 0.324088253125 0.5712738675925926 0.32405601458333333 0.6322399546296297 0.3172012895833333 0.6321858083333334 0.31725166250000003 0.6369449981481481 0.33570824114583336 0.6370019944444445 0.33570018125 0.6836933601851852 0.339453959375 0.6837275574074074
3 0.25790852291666666 0.6536819611111112 0.23937739270833333 0.6536021657407408 0.23935321354166667 0.6584297518518519 0.25792867239583334 0.6583157592592592 0.25790852291666666 0.6536819611111112
3 0.2755107796875 0.6536392138888889 0.275551078125 0.6583015101851852 0.28126737864583334 0.6582302648148148 0.281277453125 0.6536107157407408 0.2755107796875 0.6536392138888889
3 0.29693129166666665 0.6753434027777777 0.32705017135416664 0.6751724138888888 0.3270683052083333 0.6370162435185185 0.3252266776041666 0.6369649472222222 0.32507152916666665 0.6725448842592593 0.2988232921875 0.6726674268518519 0.2988051583333334 0.653662012037037 0.2946081 0.6535822175925926 0.294678621875 0.6583442574074074 0.2969595005208333 0.6583870046296296 0.29693129166666665 0.6753434027777777
3 0.2058553296875 0.6973268740740741 0.21287124739583335 0.6974038185185185 0.212881321875 0.7040695351851851 0.21514608124999998 0.7040980333333333 0.215172275 0.6907324027777778 0.21599637291666665 0.6906953546296296 0.21599637291666665 0.6897064694444444 0.21513197656250002 0.6897178685185186 0.21509570833333333 0.6718865777777778 0.22992141875 0.671920775 0.22989522447916666 0.6896722712962963 0.22489623229166666 0.6896722712962963 0.22489623229166666 0.6906953546296296 0.23766874895833334 0.6908748935185186 0.2376344953125 0.6878854370370371 0.231894015625 0.6879053861111111 0.23197058229166664 0.6713565120370371 0.23906911145833334 0.671319463888889 0.23916179739583335 0.6879139351851852 0.241021559375 0.6879281842592593 0.2410699171875 0.6690937592592593 0.21283094895833335 0.6690994583333334 0.21280475520833333 0.6956312342592593 0.2058190609375 0.695585637037037 0.2058553296875 0.6973268740740741
3 0.24103163385416665 0.6879424333333334 0.23764658489583335 0.6878654888888889 0.2377654645833333 0.7233371333333334 0.2410658875 0.7234197777777778 0.24103163385416665 0.6879424333333334
3 0.192510578125 0.6955514388888889 0.18426959479166666 0.6955998861111111 0.18426959479166666 0.6973895694444445 0.1924924442708333 0.6973183240740741 0.192510578125 0.6955514388888889
3 0.19473705416666667 0.7213907092592592 0.18427966979166666 0.7213764601851852 0.18427966979166666 0.7232516388888889 0.19474712864583335 0.7232373898148148 0.19473705416666667 0.7213907092592592
3 0.23774531510416666 0.7995098314814815 0.24098529114583334 0.7996523222222223 0.24098529114583334 0.7935337703703704 0.24107193229166668 0.7933114851851851 0.24104170885416665 0.7449472787037037 0.23766471875 0.7449187805555556 0.23755792864583333 0.7933713305555555 0.23775941979166668 0.7936363638888888 0.23774531510416666 0.7995098314814815
3 0.3039270604166667 0.7268082074074074 0.29587144895833334 0.7267825592592593 0.29587144895833334 0.6787574805555556 0.2946040703125 0.6787802796296296 0.2945073541666667 0.7289484185185184 0.30391094114583334 0.7289626675925925 0.3039270604166667 0.7268082074074074
3 0.325154140625 0.7267968083333334 0.3172214385416667 0.7267968083333334 0.31720934895833336 0.7289284694444444 0.34011485 0.7289455685185185 0.34009268593749997 0.7163123398148149 0.33872859166666663 0.7162952407407407 0.3386923234375 0.7268310055555556 0.3285432197916667 0.7269335990740741 0.32826516197916666 0.6779794814814815 0.32525891614583335 0.6779509833333333 0.32525085625 0.6927814194444445 0.32514205104166666 0.6931376462962963 0.325154140625 0.7267968083333334
3 0.34014708854166664 0.686135650925926 0.33871045729166666 0.686135650925926 0.33871247239583335 0.6975206611111111 0.3401128348958334 0.697486462962963 0.34014708854166664 0.686135650925926
3 0.30776747916666664 0.8058335703703704 0.31089865 0.8059874611111111 0.31097118697916665 0.8000284981481482 0.3111142453125 0.7993160444444445 0.31095305260416667 0.7541550296296297 0.3077191213541666 0.7541692787037038 0.3076224057291667 0.7995212314814815 0.30776747916666664 0.7996722712962964 0.30776747916666664 0.8058335703703704
3 0.35118879687500004 0.8060302083333333 0.3528752770833333 0.8060017101851852 0.3528954260416667 0.7544685092592593 0.32463630885416667 0.7544542601851852 0.32462824895833337 0.7567683101851851 0.3512290953125 0.7566799657407408 0.35118879687500004 0.8060302083333333
4 0.39468869635416665 0.5715531490740742 0.37965948020833334 0.5715104018518519 0.37969977812500005 0.576939299074074 0.3947390692708333 0.5770247935185185 0.39468869635416665 0.5715531490740742
4 0.2053354828125 0.6323396981481482 0.19186379218750002 0.6323254490740741 0.19186379218750002 0.6366742657407407 0.20535966145833334 0.6366600166666666 0.2053354828125 0.6323396981481482
2 0.23656054791666667 0.6308492444444445 0.21724158750000003 0.6308634935185186 0.21719121510416667 0.6370732398148148 0.23654039895833331 0.6370019944444445 0.23656054791666667 0.6308492444444445
2 0.192176103125 0.6509404388888889 0.19199476145833336 0.6724251925925926 0.20534555729166665 0.6724109435185185 0.205075559375 0.6515645481481481 0.192176103125 0.6509404388888889
2 0.19248639947916668 0.6963522370370371 0.19252669739583333 0.6995212314814815 0.20586943385416667 0.6996352240740741 0.20582913541666667 0.6963949842592593 0.19248639947916668 0.6963522370370371
2 0.21599637291666665 0.6906953546296296 0.22489623229166666 0.6906953546296296 0.22487608281250002 0.6828982620370371 0.2160568203125 0.6828982620370371 0.21599637291666665 0.6906953546296296
2 0.22575055416666664 0.7041692787037037 0.21274027812500002 0.7040837842592592 0.2127302036458333 0.7202393842592593 0.22570018125000002 0.7201396407407408 0.22575055416666664 0.7041692787037037
2 0.24122305052083334 0.7235651185185186 0.22374168854166668 0.7234197777777778 0.22389280677083334 0.744819037037037 0.24125730416666666 0.7449273296296296 0.24122305052083334 0.7235651185185186
4 0.18356639114583334 0.8294072388888889 0.18361676406250002 0.834052437037037 0.19721942395833333 0.8340951842592593 0.19721942395833333 0.829421487962963 0.18356639114583334 0.8294072388888889
4 0.20125931875 0.7986748361111111 0.2013379005208333 0.8041436305555555 0.22794076145833334 0.8041293814814815 0.227991134375 0.7987004842592593 0.20125931875 0.7986748361111111
4 0.2283921015625 0.8299629527777778 0.20142857135416667 0.8298632092592593 0.20142857135416667 0.8353177546296296 0.22845254895833333 0.8353320037037036 0.2283921015625 0.8299629527777778
4 0.25002619375 0.8047648907407408 0.25009873072916666 0.8105186666666666 0.29877694947916666 0.8103391277777777 0.298766875 0.8049672268518518 0.25002619375 0.8047648907407408
4 0.29897844062499995 0.8365403250000001 0.24961112239583333 0.836526075925926 0.2495808984375 0.8421544601851852 0.2990590369791667 0.8421943574074073 0.29897844062499995 0.8365403250000001
4 0.34145476510416667 0.8049102305555556 0.3148095911458333 0.8048560842592593 0.3147713078125 0.8104246222222222 0.34136409427083336 0.810381875 0.34145476510416667 0.8049102305555556
4 0.2800402984375 0.6323681962962964 0.262087446875 0.6323539472222223 0.262087446875 0.6367455111111111 0.28009067083333333 0.6366970648148148 0.2800402984375 0.6323681962962964
4 0.25790852291666666 0.6536819611111112 0.2579588958333333 0.662108862962963 0.27556115260416664 0.6621658592592593 0.2755107796875 0.6536249648148148 0.25790852291666666 0.6536819611111112
2 0.2813177515625 0.6415616981481481 0.2812472296875 0.6623368481481482 0.2947088453125 0.6622570537037037 0.2944972796875 0.6413793101851852 0.2813177515625 0.6415616981481481
4 0.31719121510416665 0.6323396981481482 0.30355833177083336 0.6323539472222223 0.30358855520833333 0.6367027638888889 0.3172415875 0.6366457675925926 0.31719121510416665 0.6323396981481482
2 0.38142857135416663 0.6116956398148149 0.38133790052083333 0.6356939296296297 0.3976324802083333 0.6357081787037038 0.3976224057291667 0.6114249074074074 0.38142857135416663 0.6116956398148149
4 0.38856135416666665 0.8049529777777777 0.36184767291666664 0.8050242231481481 0.3619685671875 0.810381875 0.38856135416666665 0.8103248787037036 0.38856135416666665 0.8049529777777777
2 0.31094297812500005 0.7539412935185186 0.31104170885416665 0.7747762898148147 0.32471690520833335 0.7747021944444444 0.324626234375 0.7539555425925926 0.31094297812500005 0.7539412935185186
2 0.35283094895833333 0.7539127953703704 0.3528934114583333 0.7747249925925926 0.3667298005208333 0.7744884583333334 0.36656054791666665 0.7539412935185186 0.35283094895833333 0.7539127953703704
4 0.3415252869791667 0.8365118268518519 0.31460004010416664 0.8365688231481482 0.3146201895833334 0.8408891425925925 0.3415635703125 0.8408321462962962 0.3415252869791667 0.8365118268518519
2 0.3172214385416667 0.7277828444444445 0.30393109010416663 0.7278113425925926 0.30393109010416663 0.7309375888888889 0.31719121510416665 0.730951837962963 0.3172214385416667 0.7277828444444445
2 0.3838988515625 0.7374038185185186 0.3709006651041667 0.737489312962963 0.37097118697916664 0.7536933601851852 0.3840398953125 0.753644912962963 0.3838988515625 0.7374038185185186
4 0.3887064276041666 0.8365061268518518 0.3617469270833333 0.8365830722222223 0.3617469270833333 0.8409176407407407 0.3886479953125 0.8409404388888889 0.3887064276041666 0.8365061268518518
2 0.21132379583333333 0.8052237101851852 0.19903687291666666 0.8051239666666666 0.19904694739583334 0.8197891138888889 0.2113439453125 0.8196751212962964 0.21132379583333333 0.8052237101851852
2 0.22948821302083333 0.6449444287037037 0.21448720520833334 0.6448817324074074 0.21447914583333333 0.6635166712962962 0.22975821093749998 0.6635736675925926 0.22948821302083333 0.6449444287037037
3 0.20140842239583331 0.8295953259259259 0.19722949843749998 0.8295639787037037 0.19722949843749998 0.8343374185185185 0.2014487203125 0.8343374185185185 0.20140842239583331 0.8295953259259259
3 0.21723151302083332 0.6448731833333333 0.21720128958333335 0.6321430611111112 0.20535160208333333 0.6321402111111111 0.20535563177083332 0.6369165 0.21455974218749999 0.6369165 0.21455974218749999 0.6448731833333333 0.21723151302083332 0.6448731833333333
3 0.4191859760416667 0.6719435740740741 0.4191859760416667 0.6711142777777778 0.3646584729166667 0.6710800796296296 0.36473503906250004 0.677882587962963 0.365268990625 0.677882587962963 0.365242796875 0.6720518666666666 0.4191859760416667 0.6719435740740741
3 0.39789441875 0.6719977203703703 0.3979085229166667 0.6971416361111111 0.4011122307291667 0.6971758333333333 0.40109812604166667 0.6719834712962963 0.39789441875 0.6719977203703703
3 0.39743300416666666 0.8088600740740741 0.38856135416666665 0.808845825 0.38855127968750003 0.8136078657407407 0.3974229296875 0.8136506129629629 0.39743300416666666 0.8088600740740741
3 0.3619282692708333 0.8088315759259259 0.34139431770833334 0.8088600740740741 0.3413540197916667 0.8135651185185184 0.36199879114583333 0.8135508694444444 0.3619282692708333 0.8088315759259259
3 0.23657062239583335 0.8135508694444444 0.25009873072916666 0.8135480194444444 0.24991738854166667 0.8089655175925926 0.23844851927083335 0.8088173268518518 0.23840822083333332 0.802678825925926 0.2279609109375 0.8027358222222223 0.22798105989583334 0.8073838703703703 0.23657062239583335 0.8073981194444444 0.23657062239583335 0.8135508694444444
3 0.19201491041666668 0.6636876601851852 0.18173685260416667 0.663659162037037 0.18172879322916666 0.6683528074074073 0.1920048359375 0.6683186092592592 0.19201491041666668 0.6636876601851852
3 0.3711908119791667 0.737475063888889 0.37339109427083333 0.737475063888889 0.37345154166666666 0.7075919064814815 0.397463228125 0.7075634083333334 0.39744509375 0.7046594472222222 0.37133185572916666 0.7047221435185185 0.37131775156249996 0.7262667425925926 0.36650010052083337 0.7262781416666667 0.36650010052083337 0.7046936453703704 0.3643804151041667 0.7047078944444445 0.36460004010416663 0.7289341694444444 0.37117066302083335 0.7289484185185184 0.3711908119791667 0.737475063888889
3 0.3711323796875 0.7568053574074074 0.37117066302083335 0.7569706472222222 0.3974027807291666 0.7569734962962963 0.39738061666666663 0.712322599074074 0.39750554114583336 0.7121402111111111 0.397463228125 0.7075634083333334 0.39697964947916664 0.7075634083333334 0.3969897239583334 0.7537019092592593 0.37097118697916664 0.7536933601851852 0.3709510375 0.7543602166666666 0.36658271197916664 0.754431462037037 0.36661092083333335 0.7567711601851852 0.3711323796875 0.7568053574074074
3 0.23721942395833334 0.6908748935185186 0.23721337916666665 0.7200968935185186 0.21284303854166667 0.7202308351851852 0.21288333645833332 0.723265887962963 0.2377654645833333 0.7233371333333334 0.23766874895833334 0.6908748935185186 0.23721942395833334 0.6908748935185186
3 0.40097924635416665 0.635565687962963 0.40881724739583336 0.6355485888888889 0.4088051583333333 0.5771501851851851 0.40820471510416667 0.5771501851851851 0.4082409833333333 0.6348361361111111 0.40097924635416665 0.6348275861111111 0.40097924635416665 0.635565687962963
3 0.2800282088541667 0.6320917638888889 0.2801007453125 0.6369734962962963 0.3035946 0.6369421490740741 0.3035482572916666 0.6322285555555556 0.2800282088541667 0.6320917638888889
3 0.21454966770833334 0.6662011972222223 0.21453959322916666 0.6637275574074074 0.20525690104166666 0.6637133083333333 0.20528712447916667 0.668275862037037 0.21114245416666666 0.6682616129629629 0.2111323796875 0.6662296953703704 0.21454966770833334 0.6662011972222223
3 0.2013379005208333 0.8051097175925926 0.2013076765625 0.8026503277777778 0.181726778125 0.8025163861111112 0.18174894218749998 0.805198062037037 0.2013379005208333 0.8051097175925926
3 0.20139834791666666 0.8197891138888889 0.19927866197916666 0.8198318611111111 0.19924440885416667 0.8295639787037037 0.20140842239583331 0.8295953259259259 0.20139834791666666 0.8197891138888889
3 0.2987870239583333 0.8089170703703704 0.2988172473958333 0.8136078657407407 0.31480153125 0.8136078657407407 0.3147713078125 0.8088885722222222 0.2987870239583333 0.8089170703703704
3 0.2495808984375 0.8411855231481482 0.24961313697916668 0.8364006842592592 0.238466653125 0.8363778851851852 0.23839814635416667 0.8295753777777778 0.22840217604166665 0.8295782277777778 0.22844247447916669 0.8343089203703704 0.23499496250000002 0.8343630666666667 0.23504735052083334 0.8411883731481481 0.2495808984375 0.8411855231481482
4 0.7224743098958334 0.8186377888888889 0.6954785411458333 0.8188201768518518 0.6955389885416667 0.8230977490740741 0.7224440864583334 0.8230407527777778 0.7224743098958334 0.8186377888888889
4 0.7696070927083334 0.818478199074074 0.7425871447916667 0.818666287037037 0.7425770703125 0.8231547453703704 0.7696514203124999 0.8231262472222223 0.7696070927083334 0.818478199074074
4 0.7694801531250001 0.7871786833333333 0.7427785614583333 0.7871929324074074 0.7428269192708333 0.792675975925926 0.7694297802083334 0.7925904814814815 0.7694801531250001 0.7871786833333333
4 0.6578662098958333 0.6380108296296296 0.6401954463541667 0.6380108296296296 0.6401652223958333 0.6466343685185185 0.6579165828125001 0.6466343685185185 0.6578662098958333 0.6380108296296296
2 0.6679528510416667 0.640581362037037 0.6679931494791667 0.6612852666666666 0.681233125 0.6613137648148149 0.681118275 0.6406440583333334 0.6679528510416667 0.640581362037037
2 0.7421841630208333 0.6367170129629629 0.7422345354166667 0.6574779138888889 0.7554463026041667 0.6574636648148148 0.7554765260416667 0.6366885148148148 0.7421841630208333 0.6367170129629629
2 0.7350916786458334 0.6271701342592593 0.718325609375 0.6272812768518519 0.7182752369791667 0.6462524935185184 0.7350413057291667 0.6461527499999999 0.7350916786458334 0.6271701342592593
2 0.7106488010416666 0.6930293527777778 0.7106185776041667 0.7113707611111112 0.72177110625 0.7113166148148148 0.7217005843750001 0.6931262472222223 0.7106488010416666 0.6930293527777778
2 0.7829820671875001 0.6816471925925927 0.7657908520833333 0.6815417500000001 0.7658432401041666 0.7044514111111111 0.7828531130208333 0.7044514111111111 0.7829820671875001 0.6816471925925927
2 0.7053959296875 0.7361812481481481 0.6919927463541666 0.7361954972222222 0.6920531937500001 0.7569421490740741 0.7053556317708334 0.7568281564814815 0.7053959296875 0.7361812481481481
2 0.7474793473958333 0.7361954972222222 0.733665121875 0.7362239953703703 0.7337457182291666 0.7569706472222222 0.7474793473958333 0.7569706472222222 0.7474793473958333 0.7361954972222222
2 0.7023111020833334 0.7098518092592593 0.6890288130208333 0.7098518092592593 0.6890993348958333 0.7131490453703704 0.7023916984375 0.7131775435185186 0.7023111020833334 0.7098518092592593
2 0.732228490625 0.6175206611111111 0.7127987104166666 0.6175919064814815 0.7127382630208333 0.6238159018518519 0.7322083416666667 0.6237874037037037 0.732228490625 0.6175206611111111
3 0.5863973401041667 0.614251924074074 0.5863973401041667 0.6190823592592594 0.6432379609375 0.6190966083333334 0.6432480354166666 0.6142091768518518 0.5863973401041667 0.614251924074074
2 0.7434696755208333 0.6752408092592593 0.7434817651041666 0.6784354518518518 0.7552246625 0.6783214592592592 0.7552448114583333 0.6751524648148148 0.7434696755208333 0.6752408092592593
3 0.7635180333333333 0.7366258194444444 0.7802196250000001 0.7366258194444444 0.780159178125 0.8185038472222222 0.7696856739583333 0.8184183527777779 0.7696715697916667 0.8232402398148149 0.7813197661458333 0.8232117416666667 0.7895627645833333 0.8350014250000001 0.7920048359374999 0.8316329435185186 0.784678621875 0.8210971787037037 0.80199073125 0.7965659731481481 0.80199073125 0.7870219435185185 0.7851057828125001 0.8105585638888888 0.7848922020833334 0.7297178685185185 0.7677009874999999 0.729629524074074 0.7676828531250001 0.704422912962963 0.7657928671875 0.7044371620370371 0.7657727182291667 0.7070390425925926 0.7634878098958333 0.7070019944444444 0.7635180333333333 0.7366258194444444
3 0.7657142859375 0.6788914222222222 0.7657102557291666 0.6814762037037037 0.7677030020833333 0.6814762037037037 0.7676828531250001 0.6789256194444445 0.802202296875 0.678840125 0.8020310296875 0.6731404962962962 0.7676606890625001 0.6730778000000001 0.7676929276041666 0.6187859787037037 0.7556860770833332 0.618825875925926 0.7557042109375 0.6236249648148148 0.7634958692708333 0.6236734111111111 0.7635341526041667 0.6789028212962963 0.7657142859375 0.6788914222222222
1 0 0 0 0.9997150185185184 0.9995970177083334 0.9997150185185184 0.9995970177083334 0 0 0
2 0.34120894635416665 0.6560188083333334 0.3412391697916667 0.6803733259259259 0.357638525 0.6806241092592592 0.35758815208333333 0.6562410944444445 0.34120894635416665 0.6560188083333334
4 0.5823272213541667 0.3118181814814815 0.5823473703125 0.31777144444444444 0.6092222447916666 0.3177429462962963 0.6091819463541667 0.3118039324074074 0.5823272213541667 0.3118181814814815
4 0.5822365505208332 0.280971787037037 0.5822264760416667 0.2864833287037037 0.608889784375 0.2864690796296296 0.608942171875 0.280966087037037 0.5822365505208332 0.280971787037037
4 0.5646564578125 0.31184667962962964 0.5646766067708333 0.3164918777777778 0.5780677010416666 0.3164776287037037 0.5780576265625 0.31183243055555554 0.5646564578125 0.31184667962962964
2 0.6067298005208334 0.1864776287037037 0.5935603463541667 0.18640638333333334 0.5936006447916667 0.20244799074074074 0.6067197260416666 0.20240524351851852 0.6067298005208334 0.1864776287037037
2 0.7474289744791667 0.2363664861111111 0.7337316140625 0.23640068425925925 0.7337819864583334 0.2572328296296296 0.7473987505208334 0.25697064722222224 0.7474289744791667 0.2363664861111111
2 0.5867015916666667 0.17865203796296295 0.5734878098958334 0.17862068981481483 0.5734978843749999 0.18184667962962964 0.5867277854166667 0.1818181814814815 0.5867015916666667 0.17865203796296295
2 0.7219927463541667 0.19310059814814814 0.7104694739583334 0.19310059814814814 0.71053798125 0.21145910555555555 0.7217811807291666 0.21144485648148148 0.7219927463541667 0.19310059814814814
2 0.6221418494791667 0.20574522685185187 0.6046403385416668 0.20571672870370372 0.6046101151041667 0.2270874888888889 0.6221317749999999 0.227301225 0.6221418494791667 0.20574522685185187
2 0.6928470682291666 0.13901966388888887 0.6781221036458334 0.1390168138888889 0.6780697161458333 0.15835850648148148 0.6928974411458333 0.15827301203703703 0.6928470682291666 0.13901966388888887
3 0.6220068505208334 0.17025078333333332 0.6186762041666667 0.17025078333333332 0.6185553093749999 0.2057309777777778 0.6219262541666667 0.20573667685185187 0.6220068505208334 0.17025078333333332
2 0.7830122911458334 0.18167569074074075 0.7657424942708333 0.18161869444444445 0.7658432401041666 0.20463664907407406 0.7827322182291667 0.2045226564814815 0.7830122911458334 0.18167569074074075
2 0.7553153333333333 0.16696779722222221 0.7434918395833333 0.16699629537037036 0.7434616161458333 0.17118837314814814 0.7552649609375001 0.17113137685185187 0.7553153333333333 0.16696779722222221
2 0.7323191619791667 0.11770589907407407 0.7129095307291667 0.11760615555555555 0.7128692322916667 0.1239583925925926 0.7323292364583334 0.12392989444444445 0.7323191619791667 0.11770589907407407
2 0.7367600239583333 0.12756625833333332 0.7215192421875 0.12756625833333332 0.7214487203125 0.1463237388888889 0.7367700989583333 0.1463237388888889 0.7367600239583333 0.12756625833333332
2 0.596854725 0.1731347962962963 0.6057505541666667 0.17309204907407408 0.605665928125 0.1650926185185185 0.5969151723958334 0.16499287592592593 0.596854725 0.1731347962962963
2 0.7001007453125 0.2100512962962963 0.686810396875 0.2100512962962963 0.6868204713541667 0.21334853240740742 0.7001108203124999 0.2133057851851852 0.7001007453125 0.2100512962962963
2 0.5922043119791667 0.2876603018518519 0.5799778359375 0.2876090055555556 0.5800483578125 0.30199772037037037 0.5922627442708334 0.3019834712962963 0.5922043119791667 0.2876603018518519
2 0.7053455572916667 0.23635223703703703 0.6919625229166667 0.23633798796296296 0.6920128953125 0.2571672842592592 0.7052851098958333 0.2568709037037037 0.7053455572916667 0.23635223703703703
3 0.5646564578125 0.3118039324074074 0.5627584124999999 0.3118181814814815 0.562677815625 0.11923625 0.5726737859375 0.11912795648148149 0.5726435625 0.11445141111111111 0.5585935927083334 0.11446281018518518 0.5585391901041666 0.31683385555555554 0.5646665322916667 0.31676261018518515 0.5646564578125 0.3118039324074074
3 0.5862764458333333 0.11440866388888889 0.5862663713541667 0.11915645462962964 0.6434394520833333 0.11912795648148149 0.6433890791666667 0.11440866388888889 0.5862764458333333 0.11440866388888889
3 0.6614124520833333 0.11442291296296296 0.6614023776041668 0.11915645462962964 0.689260528125 0.11904246203703703 0.6892564979166667 0.11439726388888889 0.6614124520833333 0.11442291296296296
3 0.7347733223958334 0.15003704722222222 0.7347914567708334 0.14635223703703704 0.7121478942708334 0.14634938703703704 0.7121700583333334 0.12379595370370372 0.7128591578125001 0.12380165277777777 0.7128692322916667 0.11446566018518518 0.7029034859375 0.11440866388888889 0.7028833364583333 0.1190567111111111 0.7095406005208333 0.1191792537037037 0.7095829135416667 0.15000854907407407 0.7347733223958334 0.15003704722222222
3 0.7420632682291667 0.12371615833333333 0.7420128953125 0.11895981759259261 0.7323292364583334 0.11894271851851851 0.7322184161458334 0.12753776018518517 0.7348317552083333 0.12760900555555554 0.7348357848958333 0.12375035648148149 0.7420632682291667 0.12371615833333333
3 0.7635502718749999 0.17898831574074073 0.765823090625 0.17904531203703702 0.7658089864583334 0.18157879722222223 0.7677312109375 0.18162154444444442 0.7677009874999999 0.17898831574074073 0.8021116260416666 0.17898831574074073 0.8021740880208333 0.17328868611111112 0.7676103161458333 0.17337418055555556 0.7676727786458333 0.11894271851851851 0.7556377192708333 0.11891422037037037 0.75564779375 0.12377315462962962 0.7634878098958333 0.12375605555555556 0.7635502718749999 0.17898831574074073
3 0.7635039291666667 0.23676546018518518 0.780300221875 0.23662866944444444 0.7802135807291666 0.31864633796296293 0.769550675 0.3188372759259259 0.7696111223958333 0.32343972685185185 0.7814043927083334 0.3236278138888889 0.7897501510416667 0.33518666296296296 0.7920793875 0.33195782314814815 0.7847410838541666 0.3213907092592593 0.8020672979166666 0.29639783425925925 0.8017993151041666 0.2871302361111111 0.7850493651041667 0.31057851203703707 0.7849889182291666 0.2297891138888889 0.7676989723958333 0.2297891138888889 0.7676747932291667 0.20465944722222223 0.7657586135416667 0.2046252490740741 0.7657525692708333 0.20722428055555556 0.7634898244791667 0.20721003148148148 0.7635039291666667 0.23676546018518518
3 0.7428269192708333 0.31872328333333333 0.722290953125 0.3186691361111111 0.72233528125 0.323456825 0.7428067703125 0.32343972685185185 0.7428269192708333 0.31872328333333333
3 0.6956095104166666 0.318652037962963 0.6799476125 0.3188942722222222 0.6799677614583334 0.32338273055555555 0.6956195848958333 0.3234539759259259 0.6956095104166666 0.318652037962963
3 0.6158613739583333 0.3234425759259259 0.6305802942708334 0.3233542324074074 0.6305601453125 0.3186377888888889 0.6194035864583333 0.31860359074074074 0.6193733630208332 0.31186662870370374 0.6091738869791666 0.3118238814814815 0.6092020953125 0.3167483611111111 0.6159822687500001 0.3167483611111111 0.6158613739583333 0.3234425759259259
3 0.5780576265625 0.3117469361111111 0.5780777755208334 0.31667711574074076 0.5823473703125 0.31662011944444446 0.5823151317708334 0.3118495296296296 0.5780576265625 0.3117469361111111
3 0.5960306265625 0.17309204907407408 0.596854725 0.1731347962962963 0.5968708442708334 0.1719777712962963 0.5959782390625 0.1719777712962963 0.5959500302083334 0.154237675 0.6109651421875 0.15419777685185185 0.6108382026041668 0.1719777712962963 0.6057747328125 0.17194357407407407 0.6057505541666667 0.17309204907407408 0.6186762041666667 0.1730778 0.6186762041666667 0.17025078333333332 0.6128994557291667 0.17017953796296298 0.6128994557291667 0.15369621018518517 0.6199476125000001 0.15369621018518517 0.6200483578125 0.17021373611111112 0.6220068505208334 0.17025078333333332 0.621982671875 0.15106868055555556 0.5937658671875 0.15092618981481482 0.5937658671875 0.1864092333333333 0.5960548057291667 0.1864092333333333 0.5960306265625 0.17309204907407408
3 0.31045335468749996 0.32405813611111106 0.3137013901041667 0.3241065833333333 0.313612734375 0.31794528333333333 0.3138041505208333 0.3175748074074074 0.31378803125 0.27588486759259256 0.31037074375 0.27583927037037037 0.31035059427083334 0.31764890277777774 0.31047148906250005 0.31794528333333333 0.31045335468749996 0.32405813611111106
3 0.3446685473958333 0.3269649472222222 0.3446282489583333 0.32950698240740744 0.3641386260416667 0.3295782277777778 0.36413459583333335 0.3269820462962963 0.3446685473958333 0.3269649472222222
3 0.3148962322916667 0.3544485611111111 0.3148821276041666 0.33165289259259256 0.3209087244791667 0.3316243944444444 0.32087850104166665 0.3270789398148148 0.31301430572916666 0.32701054444444444 0.31305863385416666 0.3544485611111111 0.3148962322916667 0.3544485611111111
3 0.22898448541666666 0.29706754074074077 0.219391496875 0.2970247935185185 0.219401571875 0.30185522962962963 0.22904493229166667 0.3018409805555556 0.22898448541666666 0.29706754074074077
3 0.22518839427083334 0.29520661111111113 0.22712673802083333 0.295178112962963 0.22705621614583332 0.28534625277777775 0.21327019947916667 0.28542034722222226 0.21327019947916667 0.28803647777777774 0.22516824479166667 0.28800227962962965 0.22518839427083334 0.29520661111111113
3 0.2326919203125 0.24916785370370373 0.2131936328125 0.24912510648148148 0.2132379609375 0.252117412037037 0.23272214375000003 0.25204046759259263 0.2326919203125 0.24916785370370373
3 0.24799314947916665 0.24942718703703706 0.24598428385416668 0.24942433703703704 0.24601853697916667 0.295178112962963 0.24806367135416665 0.2952493583333333 0.24799314947916665 0.24942718703703706
3 0.2926415473958333 0.20303790277777778 0.25469474114583335 0.20300370462962963 0.25444287708333335 0.2032459388888889 0.24104573854166667 0.20332003425925926 0.24104573854166667 0.2078113425925926 0.29269192031249996 0.20774009722222223 0.2926415473958333 0.20303790277777778
3 0.2907898447916667 0.18376460555555557 0.2926093088541667 0.18379310370370372 0.2925448317708333 0.14388144814814816 0.24094096302083334 0.14386149907407408 0.24094096302083334 0.14620974629629632 0.29079387447916666 0.14617269907407407 0.2907898447916667 0.18376460555555557
3 0.2925448317708333 0.09964377314814815 0.29077977031249996 0.09964377314814815 0.29082006875000005 0.12455400370370372 0.292599234375 0.12453975462962964 0.2925448317708333 0.09964377314814815
4 0.24176506145833335 0.1006554574074074 0.23784606093750002 0.10075520092592592 0.23784606093750002 0.13854944444444445 0.24184162812499999 0.1385237962962963 0.24176506145833335 0.1006554574074074
4 0.23572637500000002 0.10074095185185186 0.23573644947916667 0.13856369351851852 0.23783598645833331 0.13854944444444445 0.23784606093750002 0.10075520092592592 0.23572637500000002 0.10074095185185186
2 0.29299214166666665 0.12454545462962964 0.2783739671875 0.1247677398148148 0.2782329234375 0.14385009999999998 0.2929901270833334 0.14387859814814816 0.29299214166666665 0.12454545462962964
2 0.331577675 0.1162695925925926 0.31826516197916666 0.11628669166666666 0.31828732604166665 0.11850099722222222 0.33158774947916664 0.1186149898148148 0.331577675 0.1162695925925926
2 0.35972798697916664 0.11762040462962962 0.34250251875 0.11748931296296296 0.34242796718749996 0.14056711296296295 0.3596332864583333 0.14045882037037036 0.35972798697916664 0.11762040462962962
2 0.3246766067708334 0.18333713333333335 0.31017932708333334 0.18322314074074073 0.31016925260416667 0.1991821027777778 0.3246766067708334 0.19908235925925927 0.3246766067708334 0.18333713333333335
2 0.3265968166666667 0.22141350833333334 0.33542615364583334 0.22140495833333335 0.33541607916666666 0.21349102314814813 0.32653435416666665 0.21341977777777776 0.3265968166666667 0.22141350833333334
2 0.3387165020833333 0.2347335425925926 0.325692121875 0.23460530092592594 0.32575256927083335 0.25068965555555556 0.3387165020833333 0.2506412083333333 0.3387165020833333 0.2347335425925926
2 0.2930002015625 0.18377885462962965 0.27819262552083335 0.18385010000000002 0.2782228489583333 0.20300370462962963 0.29300423125 0.20304930185185185 0.2930002015625 0.18377885462962965
4 0.24175498697916667 0.1593388425925926 0.23782591197916667 0.15946708425925923 0.23785613541666667 0.19729267592592592 0.24177916562500001 0.1972442287037037 0.24175498697916667 0.1593388425925926
4 0.23574652447916666 0.1594385861111111 0.23573644947916667 0.19729267592592592 0.23784606093750002 0.19726417777777777 0.23782591197916667 0.15946708425925923 0.23574652447916666 0.1594385861111111
4 0.2139169859375 0.2225990314814815 0.21008462604166667 0.22262752962962964 0.21012089479166668 0.24796523240740742 0.2139169859375 0.24800227962962965 0.2139169859375 0.2225990314814815
4 0.21008462604166667 0.22262752962962964 0.20797904479166668 0.22261328055555557 0.20801934322916665 0.24793388425925927 0.21012089479166668 0.24796523240740742 0.21008462604166667 0.22262752962962964
4 0.2139069109375 0.2599544027777778 0.21012895416666666 0.2599544027777778 0.21012895416666666 0.2791080083333333 0.21392706041666668 0.2790795101851852 0.2139069109375 0.2599544027777778
4 0.21012895416666666 0.2599544027777778 0.20800926875 0.2599401537037037 0.20800926875 0.2790795101851852 0.21012895416666666 0.2791080083333333 0.21012895416666666 0.2599544027777778
2 0.23270199479166667 0.2487289824074074 0.23289341145833334 0.26930179537037036 0.24597017916666666 0.26964947314814813 0.24598428385416668 0.2487859787037037 0.23270199479166667 0.2487289824074074
2 0.2289562765625 0.2942975203703704 0.22915575260416665 0.31599316018518514 0.242176103125 0.3159789111111111 0.24221640156250002 0.2941835277777778 0.2289562765625 0.2942975203703704
2 0.22149103385416666 0.3216500425925926 0.22151118281249998 0.32794528333333334 0.24080999375 0.3282844111111111 0.24071932291666667 0.3217070388888889 0.22149103385416666 0.3216500425925926
4 0.34431795260416664 0.35428897129629633 0.320608503125 0.3543602166666666 0.3206387265625 0.35728697592592595 0.3443501916666667 0.3572698777777778 0.34431795260416664 0.35428897129629633
3 0.23901470885416665 0.10072670277777779 0.23901470885416665 0.08451695648148148 0.29245013072916665 0.08451695648148148 0.29238766875 0.09866628703703703 0.34012492447916665 0.0983984037037037 0.3400624619791667 0.11487318333333334 0.34240580312499996 0.11496437777777778 0.34240781770833334 0.1174779138888889 0.3443038484375 0.11747221388888889 0.3443038484375 0.08111427777777777 0.3409490229166667 0.0813821601851852 0.3410759619791667 0.09257623240740741 0.30574652447916667 0.09239669444444445 0.3056840619791667 0.05353377037037037 0.302264759375 0.05353377037037037 0.3022002822916667 0.09150185277777778 0.29739069114583333 0.09150185277777778 0.29739069114583333 0.07762325462962963 0.245410034375 0.07744371574074074 0.2618718515625 0.05362496481481482 0.25509570833333334 0.05353377037037037 0.235655853125 0.08131661481481482 0.23419907291666667 0.07938443981481481 0.2318396130208333 0.08272157314814814 0.23565988333333332 0.08809917314814815 0.23565988333333332 0.10072670277777779 0.23901470885416665 0.10072670277777779
3 0.36413056614583333 0.2520661157407407 0.3536812411458333 0.2520917638888889 0.3536812411458333 0.25395839259259256 0.36413056614583333 0.2540068398148148 0.36413056614583333 0.2520661157407407
3 0.3641366109375 0.22622969537037035 0.3558895828125 0.22623539444444443 0.3558875682291667 0.22810487314814815 0.3641366109375 0.22799942962962963 0.3641366109375 0.22622969537037035
4 0.3206387265625 0.35728697592592595 0.32065887552083333 0.3603647759259259 0.3443582510416666 0.36039897407407406 0.3443501916666667 0.3572698777777778 0.3206387265625 0.35728697592592595
4 0.25700584322916664 0.3503704759259259 0.25698367916666665 0.3561214018518518 0.30156961510416663 0.35616414907407407 0.3016905098958333 0.35057566296296294 0.25700584322916664 0.3503704759259259
4 0.25698367916666665 0.3561356509259259 0.25694338125 0.36039897407407406 0.3016300625 0.36034197777777777 0.30156961510416663 0.35616414907407407 0.25698367916666665 0.3561356509259259
4 0.34870844270833334 0.3542604731481482 0.3487467255208333 0.3590766601851852 0.36212976041666667 0.35910515833333334 0.36209349166666666 0.35429467129629627 0.34870844270833334 0.3542604731481482
4 0.3208180536458333 0.32301510370370373 0.32088857552083333 0.32855514351851856 0.3446584729166667 0.3285693925925926 0.3446040703125 0.3229980055555556 0.3208180536458333 0.32301510370370373
2 0.34264960729166666 0.22703049259259261 0.34265968177083334 0.2301139925925926 0.35588152343749996 0.23009974351851853 0.35588152343749996 0.2270447416666667 0.34264960729166666 0.22703049259259261
3 0.34651823489583333 0.3442006268518518 0.34442675781250004 0.3442006268518518 0.34446705625 0.35445996018518516 0.34657666718749996 0.3544628101851852 0.34651823489583333 0.3442006268518518
2 0.34678420312499997 0.3295212314814815 0.3344710859375 0.32950698240740744 0.3344811604166667 0.3443146194444444 0.3467882328125 0.3441721287037037 0.34678420312499997 0.3295212314814815
2 0.3277150916666667 0.2539526935185185 0.3101894015625 0.25395839259259256 0.310149103125 0.2758250212962963 0.327761434375 0.2759390138888889 0.3277150916666667 0.2539526935185185
3 0.23901470885416665 0.13854374444444442 0.2356256296875 0.1385779425925926 0.23560548072916668 0.15942433703703704 0.23904090260416666 0.15942433703703704 0.23901470885416665 0.13854374444444442
3 0.20781986718749998 0.22262182962962965 0.21133588541666667 0.22264462777777777 0.21124722968749998 0.2040780851851852 0.23904090260416666 0.2041778287037037 0.23901269375 0.19727842685185185 0.23564577864583333 0.19731832407407407 0.23563570416666665 0.19922484999999998 0.20790650833333332 0.19923055 0.20781986718749998 0.22262182962962965
3 0.21124319947916667 0.24797663148148147 0.20791859739583335 0.24791963518518517 0.20789844843750002 0.2599401537037037 0.21126334895833335 0.2599544027777778 0.21124319947916667 0.24797663148148147
3 0.21603667135416668 0.32672271296296296 0.22150110833333334 0.3267654601851852 0.22150110833333334 0.3218495296296296 0.21946201875 0.3218637787037037 0.219391496875 0.2970247935185185 0.21136409427083333 0.2969820462962963 0.21129357239583332 0.2791222574074074 0.20788837395833332 0.2790937592592593 0.20789844843750002 0.3018124824074074 0.21604674583333333 0.3017554861111111 0.21603667135416668 0.32672271296296296
3 0.2407797703125 0.3267084638888889 0.24218617760416666 0.3267654601851852 0.2421539390625 0.3592390990740741 0.25694338125 0.35921915092592593 0.25698367916666665 0.3544998574074074 0.24554906302083335 0.3544656601851852 0.2454442875 0.2970390425925926 0.24217408802083332 0.29707039074074076 0.242176103125 0.3219065259259259 0.24070924843750002 0.3218495296296296 0.2407797703125 0.3267084638888889
3 0.3206064880208333 0.3544058138888889 0.30158976406250004 0.35452835555555556 0.30160991354166666 0.3592476490740741 0.3206488010416667 0.35915075555555553 0.3206064880208333 0.3544058138888889
3 0.3487165020833333 0.35441721296296297 0.3443219828125 0.3544656601851852 0.3443501916666667 0.35923625 0.3487265765625 0.3592476490740741 0.3487165020833333 0.35441721296296297
3 0.3103908927083333 0.14993160462962962 0.3104412651041667 0.18320889166666665 0.3137759421875 0.1832373898148148 0.3137900463541667 0.1546708462962963 0.34621196875 0.15445711018518518 0.3463389078125 0.17556568796296296 0.3641607901041667 0.1754944425925926 0.3642877291666667 0.18436876574074074 0.364088253125 0.18489883148148148 0.3641607901041667 0.3545055574074074 0.3621096109375 0.3544998574074074 0.36213983489583335 0.35923340000000004 0.37026193854166667 0.35917355370370374 0.37021156562499996 0.35447135925925927 0.3682611322916667 0.354437162037037 0.3681362078125 0.31805357685185187 0.3682369536458333 0.3175235111111111 0.3682873260416667 0.1847933888888889 0.36806165625 0.18447420925925925 0.3681362078125 0.1757053287037037 0.38603465625 0.1754944425925926 0.38598629843750004 0.1488002277777778 0.381920209375 0.14882302685185186 0.38191013489583336 0.16980336296296297 0.35043723541666666 0.16966087222222223 0.3504553697916667 0.14883727592592594 0.3443381020833333 0.1487289824074074 0.3443481765625 0.14055286388888888 0.34242796718749996 0.14056711296296295 0.3424380416666667 0.14322599074074074 0.3401873864583333 0.1431775435185185 0.3401390286458333 0.15017953796296296 0.3103908927083333 0.14993160462962962
3 0.31831553489583336 0.11443431203703704 0.3121640135416667 0.11443431203703704 0.31218819270833337 0.10068395555555555 0.31058230885416666 0.10068395555555555 0.310572234375 0.11645483055555556 0.3182772515625 0.11652607592592593 0.31831553489583336 0.11443431203703704
3 0.33156759999999996 0.11442006296296296 0.33159177916666666 0.11651752592592592 0.3384041911458333 0.11651752592592592 0.3384041911458333 0.11440296388888889 0.33156759999999996 0.11442006296296296
3 0.38583115052083333 0.14697064722222222 0.3443360869791666 0.14691935 0.3443280276041667 0.14777144444444446 0.38585532968749997 0.14773724722222223 0.38583115052083333 0.14697064722222222
3 0.3136852708333333 0.1991678537037037 0.3136852708333333 0.2020376175925926 0.3195123916666667 0.20212311203703703 0.3196070927083333 0.21857794259259258 0.3136751963541667 0.2185209462962963 0.3136751963541667 0.22146195462962964 0.3265968166666667 0.22141350833333334 0.32658472708333336 0.2202536333333333 0.3214749145833334 0.22030777962962964 0.3215313317708333 0.2024194925925926 0.33629256510416666 0.20248788796296296 0.3363207739583334 0.2202536333333333 0.335436228125 0.22026788240740738 0.33544025781250003 0.2213764601851852 0.33627241562500004 0.22140495833333335 0.33629256510416666 0.23469364537037035 0.3385855328125 0.23475349074074076 0.33866814427083336 0.22803362777777778 0.34264960729166666 0.22812482222222222 0.34262945781250004 0.2262496435185185 0.3386056822916667 0.22623824444444443 0.33873060625 0.1779167851851852 0.34527100520833337 0.17794528333333332 0.3451662302083333 0.17314334537037038 0.33845859375000004 0.1731718435185185 0.33834978854166664 0.15452265648148147 0.336220028125 0.15453690555555555 0.336220028125 0.19909660833333334 0.3136852708333333 0.1991678537037037
3 0.3136751963541667 0.19915360462962964 0.31034051979166666 0.19921060092592593 0.31042313125000004 0.25391564537037037 0.31378601666666667 0.25391564537037037 0.3136751963541667 0.19915360462962964
3 0.3385794880208334 0.2506497574074074 0.3137678822916667 0.2506497574074074 0.31378601666666667 0.25391564537037037 0.3385794880208334 0.2539070962962963 0.3385794880208334 0.2506497574074074
3 0.5937900463541667 0.20563408333333333 0.6185553093749999 0.20564548333333335 0.6186762041666667 0.1730778 0.6182127744791667 0.17309204907407408 0.6182429984375 0.20240524351851852 0.5938182552083333 0.2024394416666667 0.5937900463541667 0.20563408333333333
3 0.5734777354166667 0.17793958425925924 0.5651682447916666 0.17795383333333334 0.5651601854166667 0.17976061574074076 0.5735039291666666 0.17979481296296296 0.5734777354166667 0.17793958425925924
3 0.5937598229166666 0.17793958425925924 0.5866774130208333 0.17792533518518516 0.5866975619791667 0.17974351666666666 0.5937598229166666 0.17975776574074073 0.5937598229166666 0.17793958425925924
3 0.575718315625 0.20382730092592594 0.5651098124999999 0.2037845537037037 0.5650977229166667 0.2054887435185185 0.5756880916666667 0.20544599629629628 0.575718315625 0.20382730092592594
3 0.6221761031249999 0.12192077500000001 0.6201370140625 0.12187802777777776 0.6201531333333333 0.15105443148148148 0.6220008057291667 0.15106868055555556 0.6221761031249999 0.12192077500000001
3 0.5821881927083333 0.2849757768518519 0.5627181140625 0.2850327731481482 0.5627281885416667 0.2875064120370371 0.5821982671875 0.2876175546296296 0.5821881927083333 0.2849757768518519
3 0.6193733630208332 0.31186662870370374 0.6193028411458333 0.2850470222222222 0.6089099333333333 0.2849187805555556 0.60890791875 0.289615275 0.6173866614583333 0.28955542870370365 0.6174068104166667 0.31188942685185184 0.6193733630208332 0.31186662870370374
3 0.5823775942708332 0.3019834712962963 0.5802579083333333 0.30199772037037037 0.5802397744791666 0.31179538333333334 0.5823151317708334 0.3118495296296296 0.5823775942708332 0.3019834712962963
3 0.6187165020833334 0.2820917638888889 0.6218396130208333 0.2820917638888889 0.6218194640625 0.2759247648148148 0.62191215 0.2754830435185185 0.6219625229166666 0.22729267592592592 0.6185049364583333 0.22731547407407407 0.6185351604166667 0.27558278703703704 0.6187265765625 0.2759817611111111 0.6187165020833334 0.2820917638888889
3 0.6804009671875 0.13821031666666667 0.6884465041666666 0.13822456574074074 0.6884726979166668 0.12196352222222223 0.68649405625 0.12196352222222223 0.6865182348958334 0.13557993703703705 0.6803203708333334 0.13562268425925925 0.6802800723958333 0.12192647499999999 0.6782409833333334 0.12192647499999999 0.6782409833333334 0.1390054148148148 0.6804110416666667 0.13903391296296294 0.6804009671875 0.13821031666666667
3 0.7098307473958333 0.151917925 0.7077312109374999 0.151917925 0.7077553901041667 0.15842975185185185 0.7097158973958333 0.15847249907407407 0.7098307473958333 0.151917925
3 0.7001108203124999 0.2112311203703704 0.7069514406249999 0.21117412407407407 0.7069514406249999 0.2114790537037037 0.7105480557291667 0.21147335462962963 0.7102881322916667 0.15847249907407407 0.7069917390625 0.15841550277777777 0.7069131572916666 0.20931319444444443 0.7000906708333333 0.20914220555555554 0.7001108203124999 0.2112311203703704
3 0.6671529317708333 0.2094499861111111 0.6671529317708333 0.21112567685185185 0.6867962927083333 0.211157025 0.6868164416666667 0.20921345092592591 0.6797541807291666 0.20921345092592591 0.6797964942708333 0.16112567685185183 0.7069816640625 0.16118552314814816 0.7069917390625 0.1581875175925926 0.6783094901041667 0.15835850648148148 0.6783376989583334 0.1610829296296296 0.6784424744791667 0.20941863796296298 0.6671529317708333 0.2094499861111111
3 0.7343320572916666 0.20799373055555556 0.7218114041666667 0.20816186944444445 0.7217811807291666 0.2112311203703704 0.7366330848958333 0.21125106851851852 0.7365121901041667 0.1690766601851852 0.7434716906250001 0.16902821296296294 0.7434716906250001 0.1670817898148148 0.7365726375 0.16703904259259258 0.7365121901041667 0.15180678240740741 0.7346967562500001 0.15186377870370368 0.734626234375 0.15920775185185185 0.7102982067708333 0.1591678537037037 0.71030828125 0.16212311203703703 0.7342434010416666 0.16217725833333335 0.7343320572916666 0.20799373055555556
3 0.7610820067708333 0.16701054444444444 0.7553052588541667 0.16693929907407407 0.7552851098958333 0.1689569675925926 0.7610820067708333 0.16897121666666667 0.7610820067708333 0.16701054444444444
3 0.7635039291666667 0.23662296944444444 0.7474390489583332 0.23667996574074074 0.7474491234375 0.23912225740740745 0.7635643765625001 0.23917925370370371 0.7635039291666667 0.23662296944444444
3 0.6887467255208333 0.31595611296296294 0.6918436427083333 0.3159361638888889 0.6918355833333333 0.2884867481481482 0.6920773723958333 0.2878512398148148 0.6919524479166667 0.23655172407407407 0.6886318760416666 0.23654317500000002 0.688607696875 0.2881732685185185 0.6887829942708333 0.28833570833333333 0.6887467255208333 0.31595611296296294
3 0.7321358052083333 0.31601310925925924 0.7337618375 0.3159418638888889 0.7337376588541668 0.23662866944444444 0.7053536166666666 0.2367113138888889 0.7053455572916667 0.23915075555555557 0.73205319375 0.23923055 0.7321358052083333 0.31601310925925924
4 0.5862764458333333 0.1145226564814815 0.5726435625 0.11459390185185185 0.5727443078125 0.12299515555555555 0.5862865203125001 0.12312054722222222 0.5862764458333333 0.1145226564814815
4 0.661392303125 0.11453690555555555 0.6434031833333334 0.1145625537037037 0.6435019140624999 0.12296380740740742 0.6614023776041668 0.1230208037037037 0.661392303125 0.11453690555555555
4 0.7028833364583333 0.11457965277777778 0.6892706026041666 0.11459390185185185 0.6893109005208333 0.12304930185185185 0.7029135604166666 0.12306355092592593 0.7028833364583333 0.11457965277777778
4 0.7556276447916667 0.11911370740740741 0.742035059375 0.11912795648148149 0.7420552083333334 0.12745226574074076 0.7556679427083334 0.12745226574074076 0.7556276447916667 0.11911370740740741
4 0.7428168447916667 0.3149016814814815 0.7428168447916667 0.3232972361111111 0.7695708239583333 0.323282987037037 0.7695244812500001 0.3148959814814815 0.7428168447916667 0.3149016814814815
4 0.6955994359375001 0.31491593055555556 0.6956074953125 0.3233285833333333 0.7223131171875 0.32331148518518515 0.722343340625 0.3149016814814815 0.6955994359375001 0.31491593055555556
4 0.6305883536458333 0.3149415787037037 0.63059036875 0.32459105185185183 0.6799778359374999 0.3245483046296296 0.6798972395833334 0.31495582777777775 0.6305883536458333 0.3149415787037037
3 0.73503123125 0.6499458537037037 0.7350010072916666 0.646166999074074 0.7121700583333334 0.6462781416666667 0.7120874468749999 0.623644912962963 0.7127604270833333 0.6236135648148148 0.7127745317708333 0.6142576231481481 0.7028027401041667 0.614237675 0.7028531130208333 0.619028212962963 0.7094600041666667 0.6191251064814816 0.7096252265624999 0.649794812962963 0.73503123125 0.6499458537037037
3 0.5646363088541667 0.8117469361111112 0.562677815625 0.811758336111111 0.5627483375 0.619056711111111 0.5726334880208334 0.6190709601851851 0.5726294578125 0.6142975203703703 0.5585714286458334 0.6143887148148148 0.55867821875 0.8165146768518519 0.5646363088541667 0.8165146768518519 0.5646363088541667 0.8117469361111112
3 0.7420149104166666 0.623644912962963 0.7419746119791667 0.6187745796296297 0.7322204312499999 0.6187745796296297 0.7322566994791667 0.6271729833333333 0.7350614546875 0.6271558851851852 0.7350473505208334 0.6235736675925926 0.7420149104166666 0.623644912962963
3 0.6613258109375 0.6143288685185185 0.6613620791666667 0.6189455685185186 0.6891698567708333 0.6189142203703704 0.6891900062499999 0.6143231694444444 0.6613258109375 0.6143288685185185
3 0.7224823697916667 0.8183756055555556 0.7224521458333334 0.8233000851851852 0.7426032640625 0.823254488888889 0.7425730406250001 0.8184183527777779 0.7224823697916667 0.8183756055555556
3 0.6798367921874999 0.8185237962962963 0.6799012692708334 0.8233114851851853 0.6955329437500001 0.8233114851851853 0.6955329437500001 0.8185180962962963 0.6798367921874999 0.8185237962962963
3 0.6159318958333333 0.823268737962963 0.6306105177083333 0.8232829870370371 0.6306205921875 0.8185095472222222 0.6193995567708334 0.8185237962962963 0.6193794078125 0.8117184379629631 0.6093733630208333 0.8116899398148149 0.6093733630208333 0.816534625 0.6159016723958334 0.8166343685185184 0.6159318958333333 0.823268737962963
3 0.5780274026041667 0.8116471925925927 0.5780374770833333 0.8165916212962963 0.5823272213541667 0.8165773722222222 0.582317146875 0.8116899398148149 0.5780274026041667 0.8116471925925927
3 0.5728652026041666 0.6456825305555556 0.5627382630208333 0.6456255342592593 0.5627382630208333 0.6505044175925926 0.5728934114583333 0.6504018240740741 0.5728652026041666 0.6456825305555556
3 0.6193189604166667 0.6484952981481481 0.6193088859375 0.6426560277777777 0.6401752973958333 0.6427557712962964 0.640185371875 0.6380393277777778 0.6159943583333334 0.6379937305555555 0.6159721942708334 0.6456967796296297 0.5860830140625001 0.6456853805555555 0.586078984375 0.6504103731481482 0.5919927463541667 0.6506412083333333 0.5919524479166667 0.64845825 0.6193189604166667 0.6484952981481481
3 0.6679327020833333 0.6574066685185185 0.667973 0.6380250787037037 0.6578561354166667 0.6379680824074074 0.6578964338541666 0.6426132805555556 0.6644267578124999 0.6428583638888888 0.6646081 0.6573781703703704 0.6679327020833333 0.6574066685185185
3 0.686528309375 0.6188999712962963 0.6865665927083333 0.6354915925925926 0.6803102963541666 0.6354801935185186 0.6803102963541666 0.6189142203703704 0.6782691921875 0.6188999712962963 0.6782974005208333 0.6381419203703703 0.6884384442708333 0.6381419203703703 0.6884565786458333 0.6189142203703704 0.686528309375 0.6188999712962963
3 0.5938202697916667 0.6513109148148148 0.5937981057291667 0.6863778851851852 0.5960286119791667 0.6863778851851852 0.5960185369791666 0.6729780564814815 0.5968849484375001 0.6729581074074075 0.5968950229166666 0.6718124824074074 0.5959923432291667 0.6718153324074074 0.5960407010416666 0.6540666861111111 0.6108684265625001 0.654032487962963 0.6108966348958333 0.6718295814814815 0.6057263749999999 0.6718010833333333 0.605718315625 0.6729153601851853 0.6186157567708332 0.6729353092592593 0.6186197864583334 0.6701681388888889 0.6129135604166667 0.6700484472222222 0.612933709375 0.6536363638888889 0.6198690307291667 0.6535765175925925 0.6199314932291667 0.6701367907407407 0.6220209552083333 0.6700940435185184 0.6220431192708333 0.6511598749999999 0.5938202697916667 0.6513109148148148
3 0.6220310296875 0.6700940435185184 0.6186197864583334 0.6701681388888889 0.6185754583333334 0.7055599888888888 0.6219101348958334 0.7055029925925925 0.6220310296875 0.6700940435185184
3 0.6182329234375 0.6729495583333334 0.6182127744791667 0.7022542037037037 0.5937698973958334 0.7022770018518518 0.5938384041666667 0.7054944425925925 0.6185754583333334 0.7055599888888888 0.6186056822916667 0.6729495583333334 0.6182329234375 0.6729495583333334
3 0.6187064276041667 0.7819492731481482 0.6218396130208333 0.7819635222222223 0.6218295385416667 0.7758820175925926 0.6219363286458334 0.7755172416666667 0.6219504333333333 0.727087488888889 0.6185250854166667 0.727087488888889 0.6185109812499999 0.7754459962962963 0.6187628453124999 0.7758364203703704 0.6187064276041667 0.7819492731481482
3 0.5821478942708332 0.7847620407407407 0.5626677411458334 0.7848047879629629 0.562687890625 0.7873639212962963 0.5821478942708332 0.7873354231481482 0.5821478942708332 0.7847620407407407
3 0.5823574453125 0.8019834712962963 0.5802780578125 0.8019692222222222 0.5802256697916667 0.8116642916666666 0.582317146875 0.8116899398148149 0.5823574453125 0.8019834712962963
3 0.6309107395833333 0.7956996296296296 0.6307918598958333 0.791157025 0.6192988114583333 0.7910715305555556 0.6193290348958332 0.7848332861111111 0.608889784375 0.784799087962963 0.6089502317708334 0.7894642351851852 0.6173503927083334 0.7894642351851852 0.617348378125 0.7956597324074074 0.6309107395833333 0.7956996296296296
3 0.6811928270833333 0.6525876314814815 0.6812129760416668 0.6574351666666667 0.7067197260416667 0.6575064120370371 0.7067197260416667 0.6525933314814815 0.6811928270833333 0.6525876314814815
3 0.7097461213541667 0.6619521231481481 0.734307878125 0.6618951268518518 0.7343038484375001 0.7079509833333333 0.7217811807291666 0.7079481333333333 0.7217610317708334 0.7111313768518518 0.7365524885416667 0.7110031351851852 0.7365585333333333 0.656369336111111 0.7346403385416667 0.6563978342592592 0.7346544427083334 0.6590880592592593 0.710431190625 0.6590168138888889 0.7104573848958334 0.6518039324074074 0.7087568005208333 0.6517697351851851 0.7087809791666667 0.658840125 0.7097662703125 0.6589398685185186 0.7097461213541667 0.6619521231481481
3 0.7023816239583333 0.7110886296296296 0.7068930083333334 0.7110031351851852 0.7069514406249999 0.7113308638888889 0.7106165625 0.711359362037037 0.7107213380208334 0.6620376175925926 0.7097461213541667 0.6619521231481481 0.7097662703125 0.6589398685185186 0.7069917390625 0.6587973777777778 0.7068889786458333 0.7091222574074074 0.7023010276041667 0.7091564546296296 0.7023816239583333 0.7110886296296296
3 0.6890288130208333 0.7090994583333333 0.6841970583333333 0.709048162037037 0.68418496875 0.6608435453703704 0.6827866208333333 0.6608264462962963 0.6828228895833334 0.7110259333333333 0.6890489624999999 0.7111171277777777 0.6890288130208333 0.7090994583333333
3 0.7345395932291667 0.6534425759259259 0.7422043119791667 0.6533570814814814 0.7421640135416666 0.6488087777777778 0.7350211567708332 0.6487802796296296 0.73503123125 0.6499458537037037 0.734448921875 0.6499458537037037 0.7345395932291667 0.6534425759259259
3 0.5757283901041668 0.703656312037037 0.565127946875 0.7036392138888888 0.5651239171875001 0.7054117981481481 0.575718315625 0.7053320037037036 0.5757283901041668 0.703656312037037
3 0.7435019140625 0.6743573666666667 0.7365545031249999 0.6743602166666667 0.7365887567708334 0.6763978342592593 0.7434817651041666 0.6764747787037036 0.7435019140625 0.6743573666666667
3 0.763524078125 0.6487660305555556 0.7554563770833334 0.6487802796296296 0.7554563770833334 0.6536107157407408 0.763524078125 0.653653462962963 0.763524078125 0.6487660305555556
3 0.5938101953125 0.6777685953703704 0.5866774130208333 0.6777828444444445 0.5866753979166667 0.6796437731481482 0.5937900463541667 0.6796152750000001 0.5938101953125 0.6777685953703704
3 0.5734374369791666 0.6778540898148148 0.5651138421875 0.6778255916666667 0.5651077979166667 0.679601025925926 0.5734575859375001 0.6795867768518519 0.5734374369791666 0.6778540898148148
3 0.6956397338541667 0.7911142777777778 0.6796776145833333 0.7912282703703704 0.6797561958333334 0.7956169851851852 0.6956800322916668 0.7956169851851852 0.6956397338541667 0.7911142777777778
3 0.6887729197916667 0.7881162722222222 0.6918335682291666 0.7881162722222222 0.6918335682291666 0.7822086064814815 0.6920491640624999 0.7817013398148148 0.6920028208333334 0.7363237388888889 0.6885935927083333 0.7362838416666667 0.6885935927083333 0.7815987462962963 0.6887366510416667 0.7819549731481482 0.6887729197916667 0.7881162722222222
3 0.7552448114583333 0.6743573666666667 0.7552508562500001 0.6764975777777777 0.76109208125 0.6764605296296295 0.7611021557291667 0.674428612037037 0.7552448114583333 0.6743573666666667
3 0.7224642354166666 0.7910572814814815 0.7225246828125 0.7956882305555556 0.7428168447916667 0.7957452268518519 0.7428168447916667 0.7911285268518519 0.7224642354166666 0.7910572814814815
3 0.7320773723958334 0.7881590194444444 0.7337336286458334 0.7881704185185185 0.7336772114583333 0.7365488740740741 0.7053818255208333 0.7366001712962963 0.7054060046875 0.7389940157407408 0.7320672979166667 0.7390795101851851 0.7320773723958334 0.7881590194444444
3 0.7694600041666667 0.7909432888888889 0.7694398546875 0.7956312342592593 0.7801692526041666 0.7956882305555556 0.7801894015625 0.7910031351851852 0.7694600041666667 0.7909432888888889
3 0.7616038687500001 0.7364833287037038 0.7474591979166667 0.736537475 0.7474591979166667 0.7390225138888888 0.7616038687500001 0.739065261111111 0.7616038687500001 0.7364833287037038
4 0.5863469677083334 0.6143915648148148 0.5726334880208334 0.6144656601851852 0.5726435625 0.6189142203703704 0.5863993552083334 0.6189085212962963 0.5863469677083334 0.6143915648148148
4 0.6613217812500001 0.6144229129629629 0.6432379609375 0.6144086638888889 0.6432379609375 0.6188999712962963 0.6613419302083333 0.6188857222222222 0.6613217812500001 0.6144229129629629
4 0.702792665625 0.6144514111111111 0.6891900062499999 0.6144656601851852 0.6891900062499999 0.6188857222222222 0.7028329640625 0.6189142203703704 0.702792665625 0.6144514111111111
4 0.7556780171875 0.6189427185185185 0.7419947614583333 0.6189427185185185 0.742008865625 0.6234653750000001 0.7556981666666667 0.623459675 0.7556780171875 0.6189427185185185
2 0.5729397541666666 0.6334197777777777 0.5728934114583333 0.6543801657407408 0.5860890588541667 0.6543488175925926 0.5861857744791668 0.6335622685185185 0.5729397541666666 0.6334197777777777
2 0.5734374369791666 0.6785066972222222 0.5735180333333333 0.6816756907407407 0.5866774130208333 0.6815901962962962 0.5866673385416666 0.678478199074074 0.5734374369791666 0.6785066972222222
2 0.5968849484375001 0.6729581074074075 0.605718315625 0.6729153601851853 0.6058472697916667 0.6649073814814814 0.5970763651041667 0.6649501287037036 0.5968849484375001 0.6729581074074075
2 0.6066290552083333 0.6864776287037038 0.5936006447916667 0.6863778851851852 0.5935966151041666 0.7022570537037037 0.6066693531249999 0.7022228555555555 0.6066290552083333 0.6864776287037038
2 0.6220955067708334 0.7055599888888888 0.6046181744791668 0.7054687944444444 0.6046201895833333 0.7269449981481482 0.6221619989583334 0.727087488888889 0.6220955067708334 0.7055599888888888
4 0.608889784375 0.7808834425925926 0.58216804375 0.7807979481481482 0.58215796875 0.7862838416666666 0.6089099333333333 0.7862980907407408 0.608889784375 0.7808834425925926
4 0.5780274026041667 0.8116471925925927 0.5646363088541667 0.8117469361111112 0.564626234375 0.8162638925925927 0.5780394921875001 0.8163522370370371 0.5780274026041667 0.8116471925925927
2 0.5920934916666667 0.7873211740740741 0.580044328125 0.7873639212962963 0.5800423130208333 0.8019578231481482 0.5922244609374999 0.8020547166666667 0.5920934916666667 0.7873211740740741
4 0.6093733630208333 0.8116899398148149 0.5823473703125 0.8118010833333333 0.582317146875 0.8176147046296296 0.6094882130208333 0.8176717009259259 0.6093733630208333 0.8116899398148149
4 0.6797259723958333 0.7871644342592593 0.6307414869791667 0.7872214305555556 0.6308220833333333 0.7925904814814815 0.6796977635416667 0.7925619833333334 0.6797259723958333 0.7871644342592593
4 0.6798267177083334 0.8186377888888889 0.6306629057291667 0.818660587037037 0.630660890625 0.8243345685185185 0.6799073140625 0.8243203194444444 0.6798267177083334 0.8186377888888889
4 0.7223836390625 0.7870931888888889 0.6955833166666667 0.7871758333333333 0.695629659375 0.7925619833333334 0.7223534151041666 0.7926189796296297 0.7223836390625 0.7870931888888889
3 0.29901873854166666 0.8363978342592593 0.29904896249999996 0.8411028787037037 0.3146060848958333 0.8412168712962963 0.3146060848958333 0.8364320314814815 0.29901873854166666 0.8363978342592593
3 0.341533346875 0.8363294388888889 0.3415676 0.8412168712962963 0.3617630463541667 0.841165574074074 0.3617469270833333 0.8364263324074074 0.341533346875 0.8363294388888889
3 0.36631271406250004 0.6837817046296296 0.36631271406250004 0.7032174407407408 0.39745718333333335 0.702892562037037 0.39750554114583336 0.7121402111111111 0.39738061666666663 0.712322599074074 0.3974309890625 0.8363693361111111 0.38871247239583334 0.8363550870370371 0.38867217395833337 0.8412140212962963 0.41028007239583336 0.8412254203703704 0.4101773119791667 0.8363693361111111 0.4015273020833333 0.8364063833333333 0.40134999010416667 0.799806212962963 0.401577675 0.7993388425925926 0.40134999010416667 0.7028555148148148 0.4194136609375 0.7029638074074074 0.41923634895833334 0.6972043314814815 0.3705863390625 0.6970988888888889 0.3705359661458333 0.6779538333333334 0.35763651041666666 0.6779509833333333 0.35763651041666666 0.6806526074074074 0.35946604895833334 0.6806241092592592 0.35943784010416663 0.6837788546296296 0.36631271406250004 0.6837817046296296
3 0.21456175677083333 0.6673268740740741 0.23930284114583333 0.6673468222222222 0.23943381041666667 0.636936449074074 0.26207737239583334 0.6369734962962963 0.26206729791666666 0.6321715592592593 0.23658069739583334 0.6321858083333334 0.23653032447916666 0.6635793675925926 0.2145335484375 0.6635166712962962 0.21456175677083333 0.6673268740740741