3 0.32924239375000003 0.2850099740740741 0.3292323192708333 0.284434312037037 0.3203667135416667 0.28449415833333336 0.32038484791666666 0.2878483898148148 0.3331291557291667 0.28788828703703706 0.33309893229166665 0.28443716203703706 0.3325065484375 0.28443716203703706 0.3325065484375 0.2850099740740741 0.32924239375000003 0.2850099740740741
3 0.25022768489583336 0.28443716203703706 0.2502176104166667 0.2878455398148148 0.271497078125 0.28788828703703706 0.271470884375 0.2844656601851852 0.25022768489583336 0.28443716203703706
3 0.20599637291666667 0.28446281018518516 0.20601652239583332 0.2878597888888889 0.22838001197916666 0.287893987037037 0.22837799739583334 0.2844457111111111 0.20599637291666667 0.28446281018518516
3 0.184166834375 0.2844400111111111 0.17287124739583334 0.28442291296296296 0.17287124739583334 0.2878455398148148 0.18421519218750002 0.28787403796296296 0.184166834375 0.2844400111111111
3 0.2931996776041667 0.13711313796296296 0.2863449526041667 0.13711313796296296 0.2863449526041667 0.14173553703703703 0.2931855734375 0.14175833611111113 0.2931996776041667 0.13711313796296296
3 0.22838001197916666 0.287893987037037 0.20601652239583332 0.2878597888888889 0.20600241770833333 0.2924679398148148 0.2284203104166667 0.29244514074074074 0.22838001197916666 0.287893987037037
3 0.2502176104166667 0.2878455398148148 0.2501974614583333 0.29245084074074074 0.2715212572916667 0.29249073796296293 0.271497078125 0.28788828703703706 0.2502176104166667 0.2878455398148148
3 0.32038484791666666 0.2878483898148148 0.320404996875 0.292493587962963 0.33315937916666666 0.2925192361111111 0.3331493046875 0.28788828703703706 0.32038484791666666 0.2878483898148148
3 0.26334475104166666 0.17014249074074075 0.26 0.1701709888888889 0.26001007447916663 0.21011399259259259 0.26335482552083334 0.2100997435185185 0.26334475104166666 0.17014249074074075
3 0.33251460833333335 0.22991735555555556 0.3292645578125 0.22988885740740742 0.32924239375000003 0.2850099740740741 0.3325065484375 0.2850099740740741 0.33251460833333335 0.22991735555555556
3 0.2624863994791667 0.2353234537037037 0.25925649791666666 0.2353234537037037 0.25925649791666666 0.2844656601851852 0.2625206526041667 0.2844913083333333 0.2624863994791667 0.2353234537037037
3 0.21916582708333332 0.2844571101851852 0.21917993125 0.2379509833333333 0.2456699578125 0.23801082962962963 0.2456699578125 0.23546594444444446 0.21741688489583336 0.2354516953703704 0.2173967359375 0.2844571101851852 0.21916582708333332 0.2844571101851852
3 0.17277251666666665 0.1755542888888889 0.17276042708333333 0.1774836138888889 0.1987346364583333 0.17750641203703704 0.1987346364583333 0.16754061018518518 0.20731613958333334 0.16753491018518518 0.20730203489583332 0.16552579074074075 0.19744509375 0.1655514388888889 0.19747934739583334 0.17552579074074076 0.17277251666666665 0.1755542888888889
3 0.2661253276041667 0.11385579907407407 0.2661253276041667 0.11856369351851852 0.2908341729166667 0.11861783981481482 0.29084424739583337 0.11380735277777777 0.2661253276041667 0.11385579907407407
3 0.357374571875 0.20608150462962962 0.332546846875 0.20605300648148148 0.3325556651041667 0.1773162425925926 0.33255692135416665 0.17761185555555556 0.3400080598958333 0.17759760648148148 0.3399778359375 0.15651752592592594 0.3556961515625 0.15654602407407406 0.3556457786458333 0.189609575 0.3574249447916667 0.18960387592592592 0.3574652427083333 0.1543459675925926 0.3293411244791667 0.15436021666666666 0.3292826916666666 0.2094043888888889 0.3324984890625 0.20939298981481483 0.3324964739583333 0.20853804537037038 0.35739472083333335 0.20853804537037038 0.357374571875 0.20608150462962962
3 0.33255630208333337 0.1752408324074074 0.33835180312499996 0.17525505833333332 0.33835180312499996 0.15653177499999998 0.331251259375 0.15654602407407406 0.3312411848958333 0.17323738981481482 0.33255692135416665 0.17322314074074074 0.33255630208333337 0.1752408324074074
3 0.31056820468749996 0.13718438333333333 0.31056820468749996 0.14183813055555555 0.33120693125 0.1418096324074074 0.33122708020833336 0.15247363888888887 0.35569816666666665 0.15244229166666667 0.35568607708333333 0.14722713055555556 0.35990529895833334 0.14718438333333334 0.3599254484375 0.14259618148148148 0.35269393489583334 0.1426389287037037 0.352677815625 0.1479652324074074 0.3342474307291667 0.14799373055555554 0.33422728177083333 0.11865773703703703 0.3350292161458333 0.1186719861111111 0.33503727604166667 0.11391279537037037 0.30829135625 0.1138444 0.30831755 0.11862638888888889 0.33116461822916665 0.11865773703703703 0.33122708020833336 0.13727272685185185 0.31056820468749996 0.13718438333333333
3 0.23552488437500002 0.15641778240740742 0.23554100364583333 0.16565688240740742 0.22381422552083335 0.16565118240740742 0.22379609114583332 0.1681875175925926 0.22512996145833333 0.1681875175925926 0.22515011093749998 0.18079509814814815 0.22679629270833335 0.18079509814814815 0.22681644166666667 0.16815901944444445 0.235770703125 0.16821601574074074 0.2357928671875 0.2080136787037037 0.22677412864583332 0.20810202314814813 0.22679629270833335 0.19737817037037036 0.22515011093749998 0.19737817037037036 0.22519040885416666 0.2080136787037037 0.22387870260416667 0.20810202314814813 0.22387870260416667 0.2100142490740741 0.24324803541666667 0.2101025935185185 0.24324803541666667 0.20810202314814813 0.23720934895833334 0.20810202314814813 0.23727181145833331 0.15991165555555556 0.26009873072916667 0.15990880555555556 0.260096715625 0.1701624398148148 0.26326213958333333 0.17013109166666668 0.2632198265625 0.15988030740740738 0.27434213177083333 0.15991165555555556 0.27435220624999995 0.1417725851851852 0.2717811807291667 0.14178683425925925 0.27180132968750004 0.15638928425925927 0.23552488437500002 0.15641778240740742
2 0.20915172291666667 0.7534340268518519 0.20915978229166668 0.7699857509259259 0.22168446510416664 0.7699914509259259 0.221648196875 0.7533969796296296 0.20915172291666667 0.7534340268518519
3 0.23553495885416667 0.15641778240740742 0.2718033447916667 0.1564206324074074 0.2717872255208333 0.14178683425925925 0.2743501916666667 0.14177543425925926 0.27433205729166665 0.1371986324074074 0.26862986093749996 0.13721858055555555 0.2686560546875 0.15189512685185186 0.23550473489583332 0.15184383055555553 0.23553495885416667 0.13381875185185185 0.25188595625 0.13377600462962963 0.25189603072916666 0.11860359074074076 0.25455772708333335 0.11858934166666668 0.2545557125 0.11386149907407409 0.21302035052083335 0.11392134537037038 0.21301027604166667 0.09842405277777778 0.209780375 0.0984554 0.209780375 0.11865488703703704 0.23217005885416667 0.11863439537037036 0.23218013281250002 0.1611057277777778 0.22374773333333334 0.1611057277777778 0.22372959895833333 0.16564263333333334 0.23554503333333335 0.16567968055555557 0.23553495885416667 0.15641778240740742
3 0.23551482031249998 0.11863133333333332 0.23552488437500002 0.1314876037037037 0.25026798333333333 0.13151610185185184 0.25025790833333333 0.11861783981481482 0.23551482031249998 0.11863133333333332
3 0.371726778125 0.1425819324074074 0.3717066291666667 0.1471416361111111 0.38849083229166664 0.14713878611111111 0.38852911562500003 0.28794528333333336 0.35933306458333336 0.2878597888888889 0.35930284114583333 0.2924764888888889 0.3633407213541667 0.29249073796296293 0.3632742291666667 0.2988030777777778 0.3649989927083333 0.2988030777777778 0.3650231713541666 0.29017383888888887 0.3884787427083333 0.2901538898148148 0.38846060833333335 0.3153576518518519 0.38131775156250003 0.31540609814814813 0.3813580494791667 0.3201510398148148 0.3918839411458333 0.320193787037037 0.39192423958333333 0.11381590185185185 0.37448922031250004 0.11388714722222222 0.37450936927083334 0.11854659444444446 0.38853919010416665 0.11853234537037038 0.38851098125 0.14254488425925926 0.371726778125 0.1425819324074074
3 0.37692927656249997 0.1792191509259259 0.3769494255208333 0.18125106851851852 0.3861192828125 0.18116557407407408 0.38617973020833335 0.20616699907407407 0.37523070729166663 0.20623824444444444 0.3752206328125 0.20856654351851853 0.38603868645833334 0.2085237962962963 0.38600846250000004 0.28443716203703706 0.3593632885416667 0.28447990925925926 0.35935321354166666 0.2878597888888889 0.3885694135416667 0.28800227962962965 0.3884787427083333 0.14711313796296296 0.371726778125 0.1471558851851852 0.3717167036458333 0.15068110555555556 0.38609913333333334 0.15068110555555556 0.38609913333333334 0.1792191509259259 0.37692927656249997 0.1792191509259259
3 0.35273020364583335 0.12383870092592593 0.35578480781250005 0.12383870092592593 0.35576667343749996 0.11855799351851852 0.36300423125 0.11855799351851852 0.3629881119791667 0.11388714722222222 0.35153133177083334 0.11382160185185185 0.3515152125 0.11858364166666667 0.3527120692708333 0.11860929074074075 0.35273020364583335 0.12383870092592593
3 0.36790046354166667 0.3201709888888889 0.36792061249999997 0.3154402962962963 0.36509772291666664 0.3154545453703704 0.3651077979166667 0.31356511851851854 0.3633407213541667 0.3135879166666667 0.3633507958333333 0.3154402962962963 0.3599959703125 0.3154345962962963 0.3599959703125 0.3202080361111111 0.36790046354166667 0.3201709888888889
3 0.3205238765625 0.3154488453703704 0.320564175 0.32027643240740744 0.3333084828125 0.320193787037037 0.3333084828125 0.31542034722222223 0.3205238765625 0.3154488453703704
3 0.25039895208333335 0.31540609814814813 0.25039895208333335 0.320193787037037 0.27134999010416666 0.32016528888888884 0.27134999010416666 0.3154345962962963 0.25039895208333335 0.31540609814814813
3 0.2062159984375 0.3155200907407408 0.20620592395833331 0.3201367907407407 0.22815232708333333 0.32017953796296295 0.2281624015625 0.31542034722222223 0.2062159984375 0.3155200907407408
3 0.16871650208333333 0.1707324027777778 0.16874471093750001 0.32011684259259254 0.18391900052083335 0.3201510398148148 0.18391900052083335 0.3154773435185185 0.17286117291666667 0.3154345962962963 0.17285109791666667 0.2924764888888889 0.18422123697916665 0.2924223425925926 0.18420108802083332 0.2879025361111111 0.172881321875 0.2878597888888889 0.1728410234375 0.23763180370370374 0.20359460000000001 0.2375320601851852 0.20359258489583335 0.23543174722222224 0.174166834375 0.23543744629629632 0.17419302864583336 0.1880165287037037 0.19880314322916667 0.18793958425925925 0.19874672552083333 0.21893131944444447 0.2005420109375 0.2189085212962963 0.20048156354166666 0.16753776018518518 0.19874672552083333 0.16753776018518518 0.19872053177083335 0.18571957777777778 0.17278863593750002 0.18575947592592593 0.17277050156249998 0.17554003981481484 0.1974813619791667 0.17552009074074074 0.19743904895833334 0.16554003981481483 0.2073080796875 0.16551439166666665 0.207312109375 0.16102023333333332 0.19423332656249997 0.1609974351851852 0.19423332656249997 0.17084924444444444 0.16871650208333333 0.1707324027777778
4 0.36000604479166665 0.31556283796296297 0.3333084828125 0.31542034722222223 0.33331855729166665 0.3216842407407407 0.3599959703125 0.32166999166666665 0.36000604479166665 0.31556283796296297
3 0.7380777755208333 0.20596751203703706 0.7381180739583333 0.21389284722222224 0.7129196052083333 0.21387574814814814 0.7128893812499999 0.2113308638888889 0.7098609713541666 0.21128811666666666 0.7098609713541666 0.21383300092592591 0.6965142052083333 0.21374750648148147 0.6965383838541667 0.24617554814814815 0.6883296395833334 0.24617554814814815 0.6883296395833334 0.25103163333333334 0.69648398125 0.25103163333333334 0.6966451744791667 0.34519521203703707 0.7218597625 0.3449672268518518 0.7218597625 0.34041607314814815 0.6999173885416667 0.34041607314814815 0.6998730067708333 0.2409405648148148 0.73806165625 0.24101738425925923 0.73811404375 0.24450555740740743 0.7414950635416666 0.24450555740740743 0.7414124520833333 0.20593901388888888 0.7380777755208333 0.20596751203703706
3 0.6998710432291666 0.2365402925925926 0.73811404375 0.23638928425925926 0.7381684463541667 0.2184041037037037 0.6998629859375 0.21848104907407406 0.6998710432291666 0.2365402925925926
3 0.6913600645833333 0.1833029351851852 0.6910255895833333 0.1833029351851852 0.6911223052083333 0.13915075555555556 0.6893330645833333 0.1391764037037037 0.68933105 0.18331433425925925 0.663030425 0.18330863518518517 0.6630404994791667 0.18600740925925927 0.6913882734375 0.18590481574074072 0.6913600645833333 0.1833029351851852
3 0.58682853125 0.0859988601851852 0.5670320369791667 0.08592191481481481 0.5670844249999999 0.09063265925925926 0.58682853125 0.09070390462962963 0.58682853125 0.0859988601851852
3 0.6178641947916667 0.08597321203703703 0.5999335078125 0.0860900537037037 0.5999335078125 0.0907181537037037 0.6179065083333334 0.0907181537037037 0.6178641947916667 0.08597321203703703
3 0.7414225265625001 0.19135081203703702 0.7414728994791666 0.10349957222222222 0.7177291958333334 0.10337703055555555 0.7177191213541666 0.10805072685185185 0.7380072536458333 0.1080222287037037 0.7380979244791667 0.19135081203703702 0.7414225265625001 0.19135081203703702
3 0.7072496473958334 0.17779709351851852 0.7072677817708333 0.19251068703703703 0.7131493046874999 0.19255628425925927 0.7131231109375 0.18561983425925926 0.7282792666666666 0.18574522685185185 0.7282651619791667 0.13090624074074073 0.7176788234375 0.13093473888888887 0.7177594197916667 0.1391308064814815 0.7223916984375 0.1391336564814815 0.7224138625 0.17779709351851852 0.7072496473958334 0.17779709351851852
3 0.6801249244791666 0.13087774259259258 0.6801349989583334 0.13925049907407405 0.6959157765625 0.13912510648148146 0.6958734635416667 0.1309204898148148 0.6801249244791666 0.13087774259259258
3 0.5807717104166666 0.09072100277777778 0.5807717104166666 0.10816186944444445 0.5704150713541666 0.10816186944444445 0.5704896234375 0.09064690833333333 0.5673846463541667 0.09067540648148148 0.5674350192708334 0.11064120833333332 0.5824863994791667 0.11069250462962962 0.5824118479166667 0.09072100277777778 0.5807717104166666 0.09072100277777778
4 0.5513862583333334 0.3322257055555556 0.5480717307291666 0.3322114564814815 0.5480918796875 0.35158734722222224 0.5513862583333334 0.35158734722222224 0.5513862583333334 0.3322257055555556
3 0.6957928671875 0.10337703055555555 0.6802055208333333 0.10339127962962963 0.6802155953125 0.10810487314814815 0.6958130161458332 0.108079225 0.6957928671875 0.10337703055555555
3 0.7072637515625 0.18332288425925927 0.7049929479166667 0.18332288425925927 0.7049929479166667 0.18552579074074074 0.7072536770833333 0.18556853796296296 0.7072637515625 0.18332288425925927
3 0.6089844854166666 0.27903106296296293 0.5734172880208334 0.2789541175925926 0.5734172880208334 0.2816101453703704 0.6089844854166666 0.2816101453703704 0.6089844854166666 0.27903106296296293
3 0.6241628046875001 0.1114306074074074 0.6204755187500001 0.1114306074074074 0.6205258916666666 0.11951268148148149 0.6241728791666666 0.11952693055555556 0.6241628046875001 0.1114306074074074
3 0.5734394520833334 0.2693074953703704 0.5675720328125 0.2693502425925926 0.5675397942708333 0.2893730407407407 0.5734072135416667 0.2893274435185185 0.5734394520833334 0.2693074953703704
3 0.7523856536458333 0.3403277287037037 0.7414326010416666 0.3403277287037037 0.7414769291666666 0.294611 0.7625770703125 0.2946736962962963 0.7625770703125 0.28980621296296294 0.7414769291666666 0.28980621296296294 0.7413862583333334 0.26571387870370367 0.7380334473958333 0.26571387870370367 0.7380334473958333 0.34513251666666667 0.7524299817708333 0.3450698203703704 0.7523856536458333 0.3403277287037037
2 0.5528551281249999 0.3294015388888889 0.5634837802083333 0.3294015388888889 0.5635563166666666 0.31238244537037035 0.5528551281249999 0.3123396981481481 0.5528551281249999 0.3294015388888889
4 0.5537054203125 0.09053291574074074 0.5670844249999999 0.09063265925925926 0.5670642755208333 0.08493872870370371 0.5537013901041666 0.0849415787037037 0.5537054203125 0.09053291574074074
4 0.7414225265625001 0.19135081203703702 0.7380979244791667 0.19135081203703702 0.7380777755208333 0.20596751203703706 0.7414124520833333 0.20593901388888888 0.7414225265625001 0.19135081203703702
4 0.7177291958333334 0.10337703055555555 0.6957928671875 0.10337703055555555 0.6958130161458332 0.108079225 0.7177191213541666 0.10805072685185185 0.7177291958333334 0.10337703055555555
4 0.6802155953125 0.10339127962962963 0.65828128125 0.10350242222222222 0.65828128125 0.1079566824074074 0.6802055208333333 0.10800797962962963 0.6802155953125 0.10339127962962963
4 0.6309409630208334 0.08600171018518518 0.6178641947916667 0.08597321203703703 0.6179065083333334 0.0907181537037037 0.6309510374999999 0.09073240277777778 0.6309409630208334 0.08600171018518518
4 0.5999335078125 0.0860900537037037 0.58682853125 0.0859988601851852 0.58682853125 0.09070390462962963 0.5999335078125 0.0907181537037037 0.5999335078125 0.0860900537037037
4 0.5329558734375 0.14805072685185186 0.5285673989583334 0.148079225 0.5285271005208333 0.21797093148148147 0.5330364697916666 0.21798518055555555 0.5329558734375 0.14805072685185186
3 0.5296413458333333 0.14805072685185186 0.5329558734375 0.14805072685185186 0.5329558734375 0.13210316296296296 0.5491779166666666 0.13182958148148147 0.5491779166666666 0.1483100601851852 0.555101753125 0.1483100601851852 0.5549727989583333 0.13565403240740742 0.6073100947916666 0.13556283796296295 0.6073100947916666 0.11106868055555556 0.6015817046875 0.11106868055555556 0.6015817046875 0.12764035370370372 0.5538142255208334 0.12754915925925928 0.5536852708333334 0.08600171018518518 0.5504654442708333 0.08603020833333334 0.5505299213541667 0.12764035370370372 0.5298005239583333 0.12754915925925928 0.5296413458333333 0.14805072685185186
4 0.5514366312500001 0.2879167851851852 0.5470965140625 0.28794528333333336 0.5470461416666667 0.32637218611111113 0.5513459598958333 0.3262296953703704 0.5514366312500001 0.2879167851851852
4 0.6370380817708334 0.11107438055555555 0.6241426557291666 0.11104588240740741 0.6241728791666666 0.11952693055555556 0.6370723354166666 0.11935024259259258 0.6370380817708334 0.11107438055555555
3 0.6479347166666667 0.09078939907407407 0.6460366713541668 0.09078939907407407 0.6459500302083333 0.10335138240740742 0.6479306869791667 0.10333713333333334 0.6479347166666667 0.09078939907407407
3 0.5513358854166667 0.3262154462962963 0.5480213578124999 0.326343687962963 0.5480677010416667 0.3322086064814815 0.551366109375 0.3322114564814815 0.5513358854166667 0.3262154462962963
3 0.5514064072916667 0.2698917074074074 0.5480012088541667 0.2699344546296296 0.5480112833333333 0.28793103425925926 0.5514164817708332 0.28794528333333336 0.5514064072916667 0.2698917074074074
3 0.5513560348958334 0.3288714731481482 0.5528591578125001 0.3288771731481481 0.5528531130208333 0.3261726990740741 0.5513358854166667 0.32620119722222224 0.5513560348958334 0.3288714731481482
4 0.5513197661458332 0.23844400092592594 0.5470199473958334 0.23844400092592594 0.5470280072916667 0.2699487037037037 0.5513963328125 0.26990595648148147 0.5513197661458332 0.23844400092592594
3 0.5733326614583334 0.23480478796296295 0.6114104369791666 0.23471929351851853 0.6113761838541667 0.23015958981481482 0.5550352609375 0.23021088611111112 0.5549989927083333 0.21761755462962964 0.5491114244791666 0.21761755462962964 0.5491497078125 0.2301567398148148 0.5480314328125 0.23021088611111112 0.5481281484375 0.23387289814814816 0.5330646786458334 0.23387289814814816 0.5330465442708333 0.21797093148148147 0.5296312713541667 0.2179566824074074 0.5296534354166667 0.23854374444444446 0.5733709447916666 0.2383442574074074 0.5733326614583334 0.23480478796296295
3 0.6895164213541667 0.5869535481481482 0.6894680635416666 0.5550128240740742 0.6301390286458334 0.5550527212962963 0.6301692526041667 0.5597121685185186 0.6861434614583334 0.5597292675925926 0.6861817447916666 0.5869677972222221 0.6895164213541667 0.5869535481481482
3 0.6055933911458333 0.5694784842592592 0.6055913760416666 0.5596580222222222 0.6199335078125 0.5596523222222222 0.6199355229166666 0.5550384722222222 0.6017650614583334 0.5550555712962962 0.6017469270833333 0.5596551722222223 0.6024642354166667 0.559603875925926 0.6024581906250001 0.5694670842592593 0.6055933911458333 0.5694784842592592
3 0.5405823088541666 0.6591336564814815 0.5405702197916666 0.6636791111111111 0.5819584927083333 0.6635765175925926 0.5819987911458333 0.6760216583333333 0.5853636911458333 0.6760216583333333 0.585373765625 0.5927386722222222 0.6039069109375 0.5927614703703703 0.6039552687499999 0.6020832148148147 0.6055611526041667 0.6020832148148147 0.6055530927083334 0.5883699055555555 0.5853818255208334 0.5881191222222222 0.5853717510416666 0.5550356222222222 0.5553072739583332 0.5550299231481481 0.5552851098958332 0.5596950694444445 0.582008865625 0.5596323740740741 0.5820048359375 0.659033912962963 0.5405823088541666 0.6591336564814815
4 0.6815917791666667 0.8760045592592592 0.6326496072916666 0.8759048157407407 0.6326496072916666 0.8856796805555556 0.6815917791666667 0.8857366768518519 0.6815917791666667 0.8760045592592592
4 0.5768184567708333 0.8839355944444445 0.5768184567708333 0.8797834138888888 0.5632560953125 0.8797834138888888 0.563278259375 0.8839897407407408 0.5768184567708333 0.8839355944444445
3 0.6129055005208334 0.8519150759259259 0.6128853515625 0.8794870333333333 0.63266975625 0.8794556851851851 0.6326596817708333 0.8759048157407407 0.6146121296874999 0.875947562962963 0.6146201895833333 0.8492134509259259 0.6113943177083333 0.8492077518518518 0.6113862583333333 0.848646337962963 0.6105923838541667 0.848646337962963 0.6105863390625 0.8535166712962963 0.6108341729166666 0.8535166712962963 0.6108442473958333 0.8519435740740741 0.6129055005208334 0.8519150759259259
3 0.3120068505208333 0.6181761185185185 0.30859157760416667 0.6181903675925925 0.3085714286458333 0.6370703907407408 0.31197662708333335 0.6370418925925926 0.3120068505208333 0.6181761185185185
3 0.31197662708333335 0.5867540611111112 0.3119443885416667 0.5550612712962963 0.25255087656249997 0.555007124074074 0.25255087656249997 0.5596751212962963 0.3085875479166667 0.5596551722222223 0.30860165208333334 0.5867683101851853 0.31197662708333335 0.5867540611111112
4 0.23350594375 0.8795554287037036 0.20639734010416666 0.8794841833333333 0.206387265625 0.8857224277777779 0.23352609322916665 0.8856796805555556 0.23350594375 0.8795554287037036
4 0.3040419098958333 0.8794841833333333 0.2550594401041667 0.8794556851851851 0.25503929062499997 0.8857224277777779 0.3040217609375 0.8857081787037038 0.3040419098958333 0.8794841833333333
4 0.3294217208333333 0.8023510972222222 0.32508361874999997 0.8023653462962963 0.32509369322916665 0.8342690222222222 0.32945194427083335 0.8342690222222222 0.3294217208333333 0.8023510972222222
4 0.3129014708333333 0.6370561416666667 0.308581503125 0.6370703907407408 0.30868224843750003 0.6685351953703703 0.31295184374999996 0.6685351953703703 0.3129014708333333 0.6370561416666667
2 0.2013157364583333 0.8629068111111111 0.2013520046875 0.8776432027777777 0.21322788645833332 0.8776432027777777 0.21319161822916666 0.8628840129629629 0.2013157364583333 0.8629068111111111
4 0.1778057625 0.554990025925926 0.16622808802083336 0.5550384722222222 0.1662341328125 0.5596494731481482 0.177753375 0.5596295240740741 0.1778057625 0.554990025925926
2 0.256528309375 0.7261128527777777 0.2564718921875 0.7093644916666667 0.25236751979166666 0.7093758907407407 0.25237759427083334 0.7261100027777778 0.256528309375 0.7261128527777777
2 0.25497884322916664 0.6290567111111112 0.255075559375 0.6483756055555555 0.26925246822916665 0.648441150925926 0.269339109375 0.6291707037037038 0.25497884322916664 0.6290567111111112
2 0.25492847083333336 0.6056198342592592 0.2549909328125 0.6243317185185185 0.26934515416666666 0.6243602166666666 0.269260528125 0.605776574074074 0.25492847083333336 0.6056198342592592
2 0.23784404583333335 0.6020404675925926 0.2511525286458333 0.6021715592592592 0.2509792463541667 0.5814534055555556 0.2379206125 0.5814534055555556 0.23784404583333335 0.6020404675925926
2 0.22489220208333333 0.569612425 0.224704815625 0.5882701620370371 0.23973403177083333 0.5882701620370371 0.23973403177083333 0.5697264175925926 0.22489220208333333 0.569612425
2 0.16295184375000002 0.6360216583333334 0.16293370937499999 0.6590681101851852 0.180044328125 0.6591336564814815 0.180044328125 0.6360900537037038 0.16295184375000002 0.6360216583333334
2 0.2370521859375 0.6547506416666666 0.2370521859375 0.6383100601851852 0.22452750364583332 0.6383100601851852 0.22452750364583332 0.6547506416666666 0.2370521859375 0.6547506416666666
2 0.22830747552083333 0.6722798518518518 0.21678218802083335 0.6721858083333334 0.21681241197916667 0.6783927046296296 0.22828732604166665 0.6783528074074074 0.22830747552083333 0.6722798518518518
2 0.2062421921875 0.699435737037037 0.20615756614583333 0.676531775 0.18921418489583333 0.6766885148148147 0.189171871875 0.6996266740740741 0.2062421921875 0.699435737037037
2 0.21104170885416668 0.7422228555555556 0.22046544427083334 0.7422228555555556 0.2204533546875 0.7350726703703704 0.21104976822916666 0.7351068675925926 0.21104170885416668 0.7422228555555556
2 0.20133185572916668 0.7427073240740741 0.18957485416666667 0.7426731259259259 0.18956477916666667 0.7487004842592593 0.201339915625 0.7487175833333334 0.20133185572916668 0.7427073240740741
3 0.33122103541666664 0.1524850388888889 0.33119081197916667 0.1418153324074074 0.31056014531250004 0.14184383055555555 0.3105500703125 0.1454374462962963 0.3293028411458333 0.1454944425925926 0.32933306458333333 0.15436021666666666 0.35747531718750003 0.15436021666666666 0.35749546666666665 0.15086349351851852 0.35987507552083337 0.15086349351851852 0.35989522447916666 0.14718438333333334 0.35568607708333333 0.14722713055555556 0.35568607708333333 0.15241379351851853 0.33122103541666664 0.1524850388888889
2 0.23726576666666668 0.7939669425925926 0.23726173697916667 0.7730635509259259 0.21988515 0.7729780564814814 0.2200402984375 0.7940125388888889 0.23726576666666668 0.7939669425925926
4 0.31294176927083334 0.5867398120370371 0.30859157760416667 0.5867825592592593 0.30859157760416667 0.6182046166666666 0.31294176927083334 0.6181618694444444 0.31294176927083334 0.5867398120370371
4 0.29671368124999997 0.5889170703703703 0.2911061859375 0.5889227703703704 0.2910860364583333 0.6197834138888889 0.29671972604166663 0.6197406666666667 0.29671368124999997 0.5889170703703703
4 0.29672577083333335 0.6373952694444445 0.2910759619791667 0.6373696212962963 0.2910820067708333 0.6681390712962962 0.2966633083333334 0.6681390712962962 0.29672577083333335 0.6373952694444445
4 0.2967096515625 0.6946736962962964 0.291118275 0.6946964944444444 0.29095506770833335 0.7260957537037037 0.296810396875 0.726138500925926 0.2967096515625 0.6946736962962964
4 0.29089462031249996 0.7450185240740741 0.29092484375 0.7631433453703703 0.29668144270833335 0.7631490453703703 0.2966895020833333 0.7450470222222223 0.29089462031249996 0.7450185240740741
4 0.31034051979166666 0.8026674268518518 0.3045536973958333 0.8026446277777778 0.3045939953125 0.8340837842592592 0.31037074375 0.8340809351851852 0.31034051979166666 0.8026674268518518
4 0.25528108020833334 0.8483328583333333 0.2553193635416667 0.8566001712962963 0.3037578078125 0.8565773722222222 0.30374168854166667 0.8483984037037037 0.25528108020833334 0.8483328583333333
4 0.23253072760416668 0.8483613564814815 0.20629256510416666 0.8483927046296297 0.20632681822916668 0.8565004277777777 0.23253072760416668 0.856557424074074 0.23253072760416668 0.8483613564814815
4 0.1992766473958333 0.8797805638888889 0.1856961515625 0.8797805638888889 0.185718315625 0.8839355944444445 0.19925448333333332 0.8839355944444445 0.1992766473958333 0.8797805638888889
4 0.3283538182291667 0.7450869194444445 0.32505540989583337 0.7450555712962963 0.32506749947916663 0.7633399833333334 0.32831755 0.7633399833333334 0.3283538182291667 0.7450869194444445
4 0.328325609375 0.7052607583333332 0.3250795890625 0.7052607583333332 0.32505540989583337 0.7237731546296297 0.32832963958333333 0.7237389574074073 0.328325609375 0.7052607583333332
4 0.25255087656249997 0.555007124074074 0.24234938541666665 0.5550270731481481 0.24232923645833332 0.5597321175925926 0.25255087656249997 0.5596751212962963 0.25255087656249997 0.555007124074074
4 0.2078541203125 0.5595525787037037 0.22413862604166665 0.5595155314814815 0.22411243177083331 0.554035337962963 0.20784404583333332 0.5540410370370371 0.2078541203125 0.5595525787037037
3 0.22614950625 0.7412396694444445 0.22046544427083334 0.7412396694444445 0.22046544427083334 0.7422228555555556 0.22616361093749998 0.7422228555555556 0.22614950625 0.7412396694444445
3 0.23706024583333332 0.6997435166666667 0.23554100364583333 0.6997549157407408 0.23557928697916666 0.7089056712962962 0.23703808177083333 0.7089170703703704 0.23706024583333332 0.6997435166666667
3 0.17867217395833332 0.7337503564814815 0.18042917604166667 0.7337161583333334 0.1804191015625 0.7093958388888889 0.20913358854166667 0.7094015388888889 0.2091315734375 0.7088914222222222 0.2095547046875 0.7088885722222222 0.20947007864583334 0.6995725277777778 0.20778762864583333 0.6995753777777778 0.20778561354166666 0.706933599074074 0.17867217395833332 0.7069934453703703 0.17867217395833332 0.7337503564814815
3 0.20629256510416666 0.8483927046296297 0.18049768281249998 0.8483699055555556 0.18050775729166665 0.8518438305555556 0.20632480364583333 0.851923625 0.20629256510416666 0.8483927046296297
3 0.3037578078125 0.8565773722222222 0.31037477343750003 0.8565887712962963 0.31037074375 0.8340809351851852 0.3070723354166667 0.8340809351851852 0.3070703203125 0.8519464231481482 0.3037477333333333 0.8519464231481482 0.3037578078125 0.8565773722222222
3 0.2372556921875 0.8491792537037037 0.23387064270833333 0.8491792537037037 0.2338666130208333 0.8483471074074074 0.23253072760416668 0.8483613564814815 0.23254080208333333 0.8518837277777779 0.2552992140625 0.8519749212962964 0.25528108020833334 0.8483328583333333 0.23726173697916667 0.8483756055555555 0.2372556921875 0.8491792537037037
3 0.30374168854166667 0.8483984037037037 0.3037719119791667 0.8519692222222223 0.3070703203125 0.8519464231481482 0.30707435 0.8340837842592592 0.3045939953125 0.8340837842592592 0.3045939953125 0.8483898546296296 0.30374168854166667 0.8483984037037037
3 0.291118275 0.7850527212962963 0.30458795104166664 0.7851182675925926 0.3045536973958333 0.8026446277777778 0.30707838020833333 0.802695925 0.3070723354166667 0.7816785407407407 0.2936187791666667 0.781721287962963 0.2936087041666667 0.7631490453703703 0.2909449927083333 0.7631433453703703 0.29087245624999997 0.768258762962963 0.29115051406250003 0.768258762962963 0.291118275 0.7850527212962963
3 0.29159782395833334 0.7308691935185184 0.29087447083333334 0.7308834425925925 0.29089462031249996 0.7450185240740741 0.29360467447916666 0.7450213731481481 0.2935966151041667 0.7260957537037037 0.2915817046875 0.7260615555555555 0.29159782395833334 0.7308691935185184
3 0.2936066895833333 0.6681533203703703 0.2910820067708333 0.6681390712962962 0.291118275 0.6946964944444444 0.2936167640625 0.6946822453703704 0.2936066895833333 0.6681533203703703
3 0.2911061859375 0.5802963805555555 0.2911061859375 0.5889227703703704 0.29360467447916666 0.5889170703703703 0.2936469875 0.5766999148148149 0.2542615354166667 0.5766999148148149 0.25434817656250003 0.6021715592592592 0.2511525286458333 0.6021715592592592 0.2511404390625 0.6056625814814814 0.2567439046875 0.6056796805555555 0.256731815625 0.5801937870370371 0.2911061859375 0.5802963805555555
3 0.29159782395833334 0.6243516675925926 0.29159782395833334 0.6292020518518519 0.2910860364583333 0.6292020518518519 0.2910759619791667 0.6373696212962963 0.29360265989583334 0.6373952694444445 0.2936066895833333 0.6197691648148148 0.2910860364583333 0.6197834138888889 0.2910759619791667 0.6243431175925926 0.29159782395833334 0.6243516675925926
3 0.22830747552083333 0.6722798518518518 0.22830747552083333 0.67461385 0.23713076770833333 0.6746337990740741 0.23708039479166668 0.6569877453703704 0.23543824322916668 0.6569991453703704 0.23545234739583334 0.6722200055555556 0.22830747552083333 0.6722798518518518
3 0.20954261510416666 0.6745796527777778 0.21679830729166666 0.674599600925926 0.21679830729166666 0.6721430611111111 0.20949425729166665 0.6722285555555556 0.2090791859375 0.6050242231481481 0.237876284375 0.6050498712962963 0.2378541203125 0.6020262185185185 0.20778762864583333 0.6018808777777778 0.20786620989583332 0.676523225925926 0.20953052604166666 0.676523225925926 0.20954261510416666 0.6745796527777778
3 0.2370521859375 0.6547506416666666 0.21063671145833332 0.6547506416666666 0.21063671145833332 0.6074152175925925 0.23528913958333333 0.6074152175925925 0.23528913958333333 0.6383100601851852 0.2370521859375 0.6383100601851852 0.23701591770833333 0.6050726703703704 0.20908926041666664 0.6050213731481482 0.20898045520833333 0.6569934453703703 0.23708039479166668 0.6569877453703704 0.2370521859375 0.6547506416666666
3 0.16622808802083336 0.5550384722222222 0.162881321875 0.554987175925926 0.16295184375000002 0.6360216583333334 0.16622808802083336 0.6360729555555555 0.16622808802083336 0.5550384722222222
3 0.20916179739583332 0.745180962962963 0.20915172291666667 0.7534340268518519 0.21081805364583334 0.7534368768518518 0.21079991927083333 0.7206554574074074 0.22655248854166665 0.7206355083333333 0.2265948015625 0.7415189509259259 0.23388273229166667 0.7414762037037037 0.233884746875 0.7699145055555555 0.20915978229166668 0.7699857509259259 0.20915978229166668 0.7723168990740741 0.233884746875 0.77231405 0.23389683645833334 0.7731119981481481 0.23726173697916667 0.7730635509259259 0.23724763229166665 0.7391080083333333 0.22821680416666668 0.7391678537037037 0.22820874479166667 0.718270162037037 0.21083014322916668 0.718258762962963 0.21082611302083334 0.7112453694444444 0.2352730203125 0.711165574074074 0.23526496093750002 0.7389740666666667 0.23707435 0.7389313194444445 0.23703808177083333 0.7089170703703704 0.2091315734375 0.7088914222222222 0.20918597604166667 0.7426759759259259 0.20133185572916668 0.7427073240740741 0.20128954270833335 0.7452094611111112 0.20916179739583332 0.745180962962963
3 0.23726576666666668 0.7939669425925926 0.23387870260416666 0.7939498435185185 0.23387064270833333 0.8491792537037037 0.2372556921875 0.8491792537037037 0.23726576666666668 0.7939669425925926
3 0.23254080208333333 0.8518837277777779 0.23253072760416668 0.856557424074074 0.2553193635416667 0.8566001712962963 0.2552992140625 0.8519749212962964 0.23254080208333333 0.8518837277777779
3 0.30707838020833333 0.802695925 0.31034051979166666 0.8026674268518518 0.31037074375 0.7771758333333334 0.2966874875 0.7771843833333334 0.29668144270833335 0.7631490453703703 0.2936087041666667 0.7631490453703703 0.2936187791666667 0.781721287962963 0.3070723354166667 0.7816785407407407 0.30707838020833333 0.802695925
3 0.296669353125 0.7260815046296296 0.2935966151041667 0.7260957537037037 0.29360467447916666 0.7450213731481481 0.2966895020833333 0.7450470222222223 0.296669353125 0.7260815046296296
3 0.2549385453125 0.7261128527777777 0.2549385453125 0.7308264462962962 0.29159782395833334 0.7308691935185184 0.2915817046875 0.7260615555555555 0.2549385453125 0.7261128527777777
3 0.2966633083333334 0.6681390712962962 0.2936066895833333 0.6681533203703703 0.2936167640625 0.6946822453703704 0.2967096515625 0.6946736962962964 0.2966633083333334 0.6681390712962962
3 0.2564718921875 0.7093644916666667 0.2564718921875 0.6883528074074073 0.29111626041666666 0.688264462962963 0.29116058854166665 0.6857224277777778 0.2568426354166667 0.6857224277777778 0.25682450156250003 0.6484098037037037 0.255075559375 0.6483756055555555 0.25498085833333334 0.6883157592592593 0.2550473505208333 0.7093644916666667 0.2564718921875 0.7093644916666667
3 0.29671972604166663 0.6197406666666667 0.2936066895833333 0.6197691648148148 0.29360265989583334 0.6373952694444445 0.29672577083333335 0.6373952694444445 0.29671972604166663 0.6197406666666667
3 0.2549909328125 0.6243317185185185 0.25497884322916664 0.6290567111111112 0.29159782395833334 0.6292020518518519 0.29159782395833334 0.6243516675925926 0.2549909328125 0.6243317185185185
3 0.2936469875 0.5766999148148149 0.29360467447916666 0.5889170703703703 0.29671368124999997 0.5889170703703703 0.296669353125 0.5723653462962963 0.2511525286458333 0.5723653462962963 0.2511525286458333 0.6021715592592592 0.25434817656250003 0.6021715592592592 0.2542615354166667 0.5766999148148149 0.2936469875 0.5766999148148149
3 0.16293370937499999 0.6590681101851852 0.16293370937499999 0.663659162037037 0.2043784 0.6637076092592592 0.2044831755208333 0.676546024074074 0.20786620989583332 0.676523225925926 0.20776344947916667 0.5927443712962963 0.22633286302083333 0.5927187231481481 0.2263751765625 0.6019692222222223 0.23784404583333335 0.6020404675925926 0.23780374791666667 0.5977999425925925 0.22799919427083332 0.5977742944444444 0.22799919427083332 0.5883499574074074 0.20784807552083334 0.5881789685185186 0.20783195625 0.554990025925926 0.1778057625 0.554990025925926 0.177753375 0.5596295240740741 0.20441265364583333 0.5596551722222223 0.20444690729166667 0.6590196638888889 0.16293370937499999 0.6590681101851852
3 0.20145073541666667 0.8545397546296296 0.20149506354166666 0.862886862037037 0.20330243802083334 0.862886862037037 0.20330243802083334 0.8564833287037037 0.20632681822916668 0.8565004277777777 0.20632480364583333 0.851923625 0.18050775729166665 0.8518438305555556 0.18060447291666665 0.7726531777777778 0.18953455572916666 0.7726047305555556 0.18951642135416666 0.7700569962962963 0.18060850312500001 0.7700398972222222 0.18060447291666665 0.7452408092592593 0.18957485416666667 0.7452721574074074 0.18957485416666667 0.7426731259259259 0.18059036874999998 0.7426446277777777 0.18059036874999998 0.7337332574074074 0.17867217395833332 0.7337503564814815 0.17867217395833332 0.7069934453703703 0.20778561354166666 0.706933599074074 0.207823896875 0.6995041324074074 0.20440862395833334 0.6995041324074074 0.20443078802083334 0.7022485037037037 0.1767177109375 0.7023311481481481 0.17650211562499998 0.8577514962962963 0.1790711265625 0.8577970935185185 0.1790711265625 0.8842633231481482 0.18573040520833334 0.8843032203703703 0.18568607708333335 0.879435737037037 0.1831412453125 0.879435737037037 0.18305460416666666 0.8544799092592592 0.20145073541666667 0.8545397546296296
3 0.32832963958333333 0.7237389574074073 0.32505540989583337 0.7237731546296297 0.32505540989583337 0.7450555712962963 0.3283538182291667 0.7450869194444445 0.32832963958333333 0.7237389574074073
3 0.227991134375 0.5695839268518518 0.227991134375 0.5596722712962963 0.24232923645833332 0.5597321175925926 0.24234938541666665 0.5550270731481481 0.2241345958333333 0.554981475925926 0.22412452135416666 0.5597036194444445 0.22491235156249997 0.5597036194444445 0.22489220208333333 0.569612425 0.227991134375 0.5695839268518518
3 0.20640741510416666 0.884243374074074 0.206387265625 0.8794556851851851 0.20331452760416668 0.8795041324074074 0.20329034843750002 0.8776289537037038 0.2015676 0.8776289537037038 0.2015555109375 0.8794699342592592 0.1992766473958333 0.8794870333333333 0.19925246822916665 0.8842604731481482 0.20640741510416666 0.884243374074074
3 0.23350594375 0.8794699342592592 0.23352609322916665 0.8842576231481482 0.25503929062499997 0.8842576231481482 0.25504936510416665 0.8794699342592592 0.23350594375 0.8794699342592592
3 0.3040318354166667 0.8843146194444444 0.3283538182291667 0.8842547731481482 0.3283376989583333 0.8342690222222222 0.32509369322916665 0.8342690222222222 0.32507152916666665 0.8795126814814814 0.3040217609375 0.8794699342592592 0.3040318354166667 0.8843146194444444
3 0.32831755 0.7633399833333334 0.32506749947916663 0.7633399833333334 0.32506346979166667 0.8023795953703704 0.3283376989583333 0.8023368481481481 0.32831755 0.7633399833333334
3 0.308978440625 0.6886976342592592 0.3248841427083333 0.688660587037037 0.3249022770833333 0.6861840981481482 0.31056820468749996 0.6862353944444445 0.3105299213541667 0.6753006555555555 0.325039290625 0.6753605018518519 0.3250795890625 0.7052607583333332 0.328325609375 0.7052607583333332 0.3282933708333333 0.6706697064814814 0.31195446302083335 0.6706697064814814 0.31195647812500005 0.6685209462962963 0.3086117265625 0.6685351953703703 0.30857948802083335 0.6753149046296296 0.3089965744791667 0.6752949555555555 0.308978440625 0.6886976342592592
3 0.6815917791666667 0.8794984324074073 0.7026475921875 0.8794870333333333 0.7026274432291667 0.8340353379629629 0.7000866411458334 0.8339754916666666 0.7000866411458334 0.8758934166666666 0.6815817046875 0.875976061111111 0.6815917791666667 0.8794984324074073
3 0.5541184765625 0.7395753777777777 0.5541466854166667 0.8576945 0.5559097317708334 0.8576945 0.5558795083333333 0.8842832712962964 0.563278259375 0.8843146194444444 0.5632762442708333 0.8795126814814814 0.5599778359375001 0.8795468796296296 0.5598871651041667 0.8543944148148148 0.5792363489583334 0.8544001138888889 0.5792363489583334 0.8630122546296296 0.5808865604166668 0.8630122546296296 0.5808563369791667 0.8564804787037037 0.5839451942708334 0.8564804787037037 0.583884746875 0.8519834712962963 0.5581624015625 0.8519549731481482 0.5581462822916666 0.7725562842592593 0.5670703203124999 0.7725562842592593 0.5670703203124999 0.7701139925925926 0.5581120291666667 0.7701652888888889 0.5581684463541666 0.7450840694444444 0.5671650213541667 0.7451695638888889 0.5671650213541667 0.7426674268518518 0.5581684463541666 0.7427529212962962 0.5581664317708334 0.7337931037037037 0.5562079385416666 0.7338216018518519 0.5562663713541667 0.7070019944444444 0.5853959296875 0.7070247935185185 0.5854241385416666 0.6993616416666667 0.5819685671875 0.6993331435185185 0.5819605078125 0.7022371046296296 0.55216804375 0.7022998009259259 0.5522526697916667 0.7395012824074074 0.5541184765625 0.7395753777777777
3 0.6326596817708333 0.8794699342592592 0.6128853515625 0.8794870333333333 0.6129055005208334 0.8519150759259259 0.6108442473958333 0.8519435740740741 0.6109752166666667 0.8842718722222223 0.6326395322916666 0.8842718722222223 0.6326596817708333 0.8794699342592592
3 0.6815817046875 0.884229125 0.706000403125 0.8842861212962962 0.7059802536458334 0.8340068398148148 0.7026274432291667 0.8340353379629629 0.7026475921875 0.8794870333333333 0.6815817046875 0.8795126814814814 0.6815817046875 0.884229125
3 0.5838968364583333 0.8843003703703703 0.5838867619791667 0.8797406666666666 0.5808442473958333 0.8797549157407407 0.580854321875 0.8776432027777777 0.5792806770833334 0.8776460527777779 0.5792766473958333 0.8797406666666666 0.5768265161458334 0.8797406666666666 0.5768265161458334 0.8842861212962962 0.5838968364583333 0.8843003703703703
2 0.5838766875 0.6993103444444445 0.5838968364583333 0.6759988601851852 0.5666774130208334 0.6760729555555555 0.5666713682291667 0.6993074953703704 0.5838766875 0.6993103444444445
2 0.5405017125 0.63614705 0.5405823088541666 0.6591336564814815 0.5576727786458334 0.6590082648148148 0.5576727786458334 0.6362125962962963 0.5405017125 0.63614705
2 0.6706911140624999 0.7066600166666667 0.6707152932291667 0.7259133657407407 0.68525085625 0.725967512037037 0.6852992140624999 0.7066315185185186 0.6706911140624999 0.7066600166666667
3 0.6325609510416667 0.7308321462962963 0.6325448317708333 0.7466685666666667 0.6343159380208333 0.7466685666666667 0.6342957890625001 0.7308207462962963 0.6325609510416667 0.7308321462962963
2 0.6341426557291666 0.7260729555555555 0.6340378802083334 0.7094898833333333 0.6300423130208334 0.7094927333333334 0.6300886562500001 0.7260672555555556 0.6341426557291666 0.7260729555555555
3 0.6146403385416667 0.699786263888889 0.613145275 0.699786263888889 0.6131251260416666 0.7089085212962963 0.6146081 0.7089028212962963 0.6146403385416667 0.699786263888889
3 0.6326153536458333 0.6883471074074075 0.6326556520833333 0.7094898833333333 0.6340378802083334 0.7094898833333333 0.6340378802083334 0.6883556564814816 0.6326153536458333 0.6883471074074075
2 0.63255490625 0.6291194074074075 0.6325891598958333 0.6483642064814815 0.6469715895833333 0.6484497009259259 0.6469111427083334 0.6291308064814815 0.63255490625 0.6291194074074075
2 0.63260729375 0.6052237101851852 0.6325045333333333 0.6243602166666666 0.646925246875 0.6243915648148148 0.646925246875 0.6053035055555556 0.63260729375 0.6052237101851852
2 0.6073443479166667 0.5883015101851852 0.6073886760416667 0.5694813333333334 0.5921478942708334 0.5694955824074075 0.5921478942708334 0.5882445138888889 0.6073443479166667 0.5883015101851852
2 0.6145939953125 0.6547734398148148 0.6146141447916667 0.6382188657407407 0.6020753578125 0.6382359648148148 0.6020471489583333 0.6547278425925926 0.6145939953125 0.6547734398148148
4 0.6109449927083334 0.8797406666666666 0.5838766875 0.8797549157407407 0.5839069109375 0.8857366768518519 0.6109752166666667 0.8857366768518519 0.6109449927083334 0.8797406666666666
2 0.605937940625 0.6722485037037037 0.5941930286458333 0.6722428046296297 0.5941668343750001 0.6783642064814814 0.6059137619791667 0.6783927046296296 0.605937940625 0.6722485037037037
2 0.5886379208333333 0.7422057564814815 0.5981281484375 0.7421972074074075 0.5981301630208333 0.7350584212962963 0.588607696875 0.7350527212962963 0.5886379208333333 0.7422057564814815
4 0.5853657062500001 0.559415787962963 0.6017469270833333 0.5596551722222223 0.6017449125 0.554237675 0.5853636911458333 0.5541835277777777 0.5853657062500001 0.559415787962963
4 0.6904916380208334 0.5869535481481482 0.6836107192708333 0.5869962953703703 0.6836228088541667 0.6179880305555555 0.6905399958333334 0.6179367342592592 0.6904916380208334 0.5869535481481482
4 0.6301390286458334 0.5550527212962963 0.6199355229166666 0.5550384722222222 0.6199194036458333 0.5631889425925926 0.6301732822916667 0.5632715870370371 0.6301390286458334 0.5550527212962963
2 0.5908865604166667 0.8630436018518518 0.5789320973958334 0.8629666574074074 0.5789139635416666 0.8776574518518518 0.5908180536458333 0.8776660018518518 0.5908865604166667 0.8630436018518518
2 0.5788857546875 0.7427614703703703 0.5671650213541667 0.7426674268518518 0.5671549463541666 0.7487688796296297 0.5788857546875 0.7486833851851852 0.5788857546875 0.7427614703703703
2 0.6148418296875 0.7947021944444445 0.6147592182291667 0.7730293527777778 0.5974229296875 0.7730550018518518 0.5974773322916668 0.794799087962963 0.6148418296875 0.7947021944444445
2 0.5866975619791667 0.753468225 0.5866915171875 0.7699572527777778 0.5992585130208333 0.7699658018518519 0.5992282895833333 0.7535138212962963 0.5866975619791667 0.753468225
4 0.5553072739583332 0.5550299231481481 0.5437457182291666 0.554970076851852 0.5437960911458333 0.5597064694444445 0.5552851098958332 0.5596950694444445 0.5553072739583332 0.5550299231481481
4 0.6836107192708333 0.6373354231481482 0.6836167640624999 0.668273012037037 0.6905299213541666 0.6682359648148148 0.690519846875 0.6372698777777778 0.6836107192708333 0.6373354231481482
4 0.7001027604166666 0.7053405527777777 0.7001591781250001 0.7237047592592593 0.7060124921875001 0.723642062962963 0.7059862984374999 0.7052892564814814 0.7001027604166666 0.7053405527777777
4 0.7000201489583334 0.7450441722222222 0.699981865625 0.7633684814814815 0.7058956276041666 0.7633399833333334 0.705937940625 0.7450185240740741 0.7000201489583334 0.7450441722222222
4 0.7001027604166666 0.8026674268518518 0.7000866411458334 0.8339754916666666 0.7069413661458334 0.8339583925925926 0.7069816640625 0.8026759759259259 0.7001027604166666 0.8026674268518518
4 0.6105823088541666 0.8486320888888889 0.5838464640625 0.8487261324074075 0.5839230302083334 0.8536192648148149 0.6105863390625 0.8535166712962963 0.6105823088541666 0.8486320888888889
3 0.5562079385416666 0.7338216018518519 0.5580153135416667 0.7337902537037037 0.5580153135416667 0.7094157879629629 0.5867378604166666 0.7094157879629629 0.5867318156250001 0.7089370194444444 0.5871025588541666 0.7089256194444444 0.587118678125 0.699424337037037 0.5854241385416666 0.6993616416666667 0.5853959296875 0.7070247935185185 0.5562663713541667 0.7070019944444444 0.5562079385416666 0.7338216018518519
3 0.60368325625 0.7412909657407407 0.5981281484375 0.7412909657407407 0.5981281484375 0.7421972074074075 0.60368325625 0.7422228555555556 0.60368325625 0.7412909657407407
3 0.583884746875 0.8519834712962963 0.5838464640625 0.8487261324074075 0.5581382229166666 0.8487774296296297 0.5581624015625 0.8519549731481482 0.583884746875 0.8519834712962963
3 0.7026072937500001 0.7633684814814815 0.699981865625 0.7633684814814815 0.7001027604166666 0.8026674268518518 0.7026274432291667 0.8026645768518519 0.7026072937500001 0.7633684814814815
3 0.7025851302083334 0.7237047592592593 0.7001591781250001 0.7237047592592593 0.7000201489583334 0.7450441722222222 0.7025931895833334 0.7450185240740741 0.7025851302083334 0.7237047592592593
3 0.7006568609375 0.6885038472222222 0.7001208947916666 0.6885009972222222 0.7001027604166666 0.7053405527777777 0.7026213984375 0.7052892564814814 0.7025972192708333 0.6753747509259259 0.6861212973958334 0.6753234537037037 0.6861112229166667 0.668278712037037 0.6836167640624999 0.668273012037037 0.6836510177083334 0.6783157592592592 0.7005903687499999 0.6784126527777777 0.7006568609375 0.6885038472222222
3 0.6861313723958333 0.6179937305555555 0.6836228088541667 0.6179880305555555 0.6836107192708333 0.6373354231481482 0.6861515213541666 0.6372698777777778 0.6861313723958333 0.6179937305555555
3 0.6861777151041667 0.5869848962962962 0.6861434614583334 0.5597292675925926 0.6301692526041667 0.5597121685185186 0.6301732822916667 0.5632715870370371 0.6836409432291667 0.5632316898148148 0.6836107192708333 0.5869962953703703 0.6861777151041667 0.5869848962962962
3 0.6073886760416667 0.5694813333333334 0.60739270625 0.5632088916666668 0.6199194036458333 0.5631889425925926 0.6199335078125 0.5596523222222222 0.6055913760416666 0.5596580222222222 0.6055913760416666 0.5694813333333334 0.6073886760416667 0.5694813333333334
3 0.5853636911458333 0.6760359074074074 0.5870904692708333 0.6760359074074074 0.5871005442708334 0.6745768027777778 0.5941789239583334 0.6745768027777778 0.5941930286458333 0.6722428046296297 0.5870723354166666 0.6722456537037037 0.5866089057291667 0.6050897694444444 0.6073141244791667 0.6049700768518519 0.6073443479166667 0.5883015101851852 0.6055530927083334 0.5883699055555555 0.6055813015625 0.6020974638888889 0.5853616765624999 0.6019578231481482 0.5853636911458333 0.6760359074074074
3 0.6146846666666667 0.6746053009259259 0.6145738463541667 0.6569848962962963 0.613048559375 0.6569820462962963 0.6130183359375 0.6722228555555555 0.605937940625 0.6722485037037037 0.605937940625 0.6746793962962963 0.6146846666666667 0.6746053009259259
3 0.5866089057291667 0.6570361925925926 0.6145738463541667 0.6569848962962963 0.6145939953125 0.6547734398148148 0.5881664317708334 0.6548275861111111 0.5881744911458333 0.6073867194444444 0.6128269192708333 0.6073753203703703 0.612792665625 0.6382188657407407 0.6146141447916667 0.6382188657407407 0.6144892203125 0.6050213731481482 0.5866089057291667 0.6050897694444444 0.5866089057291667 0.6570361925925926
3 0.5375518838541667 0.5986121398148149 0.5404855932291667 0.598640637962963 0.5405017125 0.63614705 0.5437960911458333 0.6361043027777779 0.5437457182291666 0.554970076851852 0.5405319364583333 0.5550384722222222 0.5405057427083333 0.5939583925925925 0.5375740479166667 0.5939868907407407 0.5375518838541667 0.5986121398148149
3 0.6148418296875 0.7947021944444445 0.6114245416666667 0.7947021944444445 0.6113943177083333 0.8492077518518518 0.6147833973958333 0.8492077518518518 0.6148418296875 0.7947021944444445
3 0.5788656057291667 0.7452322601851852 0.5867600239583334 0.7452265601851852 0.5866975619791667 0.753468225 0.5884041911458334 0.753448275925926 0.5883981463541667 0.7206469083333333 0.6040781786458334 0.7206697064814814 0.60407011875 0.74153605 0.6112230505208333 0.74153605 0.6112552890625 0.7391336564814815 0.6057545838541666 0.7391051583333333 0.6057384645833334 0.7182929611111111 0.5884263552083334 0.7182445138888889 0.5883759822916667 0.7112795666666666 0.6128128145833334 0.7112396694444444 0.6128672171874999 0.7391678537037037 0.6113963328125 0.7391222574074073 0.611444690625 0.7699943 0.5866915171875 0.7699572527777778 0.5866915171875 0.7723596462962963 0.6114043927083334 0.7723795953703704 0.6114265567708334 0.7730293527777778 0.6147592182291667 0.7730293527777778 0.6146081 0.7089028212962963 0.5867318156250001 0.7089370194444444 0.5867298005208333 0.742693075 0.5788857546875 0.7427614703703703 0.5788656057291667 0.7452322601851852
3 0.7058956276041666 0.7633399833333334 0.7026072937500001 0.7633684814814815 0.7026274432291667 0.8026645768518519 0.7059580901041667 0.8026759759259259 0.7058956276041666 0.7633399833333334
3 0.6723493854166667 0.728073525 0.6723493854166667 0.7259019666666666 0.6707152932291667 0.7259133657407407 0.6707253677083334 0.7266657166666667 0.6691476927083334 0.7266657166666667 0.6691476927083334 0.7260558564814814 0.6325609510416667 0.7260615555555555 0.6325609510416667 0.7308321462962963 0.7002800723958333 0.7306098601851851 0.7002458192708333 0.728059275925926 0.6723493854166667 0.728073525
3 0.7060124921875001 0.723642062962963 0.7025851302083334 0.7237047592592593 0.7025931895833334 0.7450185240740741 0.705937940625 0.7450185240740741 0.7060124921875001 0.723642062962963
3 0.7026213984375 0.7052892564814814 0.7059862984374999 0.7052892564814814 0.7060084624999999 0.6706326592592593 0.6895123916666667 0.6706868055555556 0.689506346875 0.6682359648148148 0.6861112229166667 0.668278712037037 0.6861212973958334 0.6753234537037037 0.7025972192708333 0.6753747509259259 0.7026213984375 0.7052892564814814
3 0.689532540625 0.6179538333333333 0.6861313723958333 0.6179937305555555 0.6861515213541666 0.6372698777777778 0.6895466453125 0.6372698777777778 0.689532540625 0.6179538333333333
3 0.6706911140624999 0.7066600166666667 0.6723554302083333 0.7066600166666667 0.6723836390625001 0.6885921916666666 0.7006568609375 0.6885038472222222 0.7006266369791666 0.68614705 0.6855671973958334 0.6862296953703704 0.6856498083333334 0.6783015101851853 0.6839472093750001 0.6783015101851853 0.6839250453125001 0.6861812481481481 0.6343703406250001 0.6856711314814815 0.6344529520833333 0.6483642064814815 0.6325891598958333 0.6483642064814815 0.6326153536458333 0.6883471074074075 0.6706890994791667 0.6883585064814814 0.6706911140624999 0.7066600166666667
3 0.6325045333333333 0.6243602166666666 0.63255490625 0.6291194074074075 0.6836772114583333 0.6290823592592593 0.6836530322916666 0.6244713592592593 0.6325045333333333 0.6243602166666666
3 0.6343925046875001 0.5632174407407408 0.6325811 0.5632174407407408 0.63260729375 0.6052237101851852 0.6343925046875001 0.6052237101851852 0.6343925046875001 0.5632174407407408
4 0.7176687489583333 0.13093473888888887 0.6958533145833333 0.13096323703703702 0.6959157765625 0.13912510648148146 0.7177594197916667 0.1391308064814815 0.7176687489583333 0.13093473888888887
4 0.68011485 0.13089199166666665 0.65829135625 0.13114847500000001 0.6583115052083334 0.1391308064814815 0.6801349989583334 0.13925049907407405 0.68011485 0.13089199166666665
4 0.5734072135416667 0.2893274435185185 0.5675559135416666 0.28952408055555556 0.5675458390625 0.3263864351851852 0.5734918395833334 0.32644343148148147 0.5734072135416667 0.2893274435185185
4 0.5733709447916666 0.2383442574074074 0.5675559135416666 0.23841265277777776 0.5675357645833333 0.2693502425925926 0.5734394520833334 0.2693074953703704 0.5733709447916666 0.2383442574074074
4 0.555101753125 0.1483100601851852 0.5492162 0.14830721018518517 0.5491356036458334 0.21755770833333332 0.5551319765625 0.21763180370370372 0.555101753125 0.1483100601851852
3 0.6549607093750001 0.10337418055555556 0.6459500302083333 0.10335138240740742 0.6459601046875 0.11134511296296297 0.6370582307291667 0.11140210925925927 0.6370723354166666 0.11935024259259258 0.6458936125 0.11935024259259258 0.6459862984375 0.1860929037037037 0.6491779166666666 0.18605870648148148 0.6492222447916667 0.13911655740740742 0.6583115052083334 0.1391308064814815 0.6583014307291666 0.1311627240740741 0.6514104369791667 0.1311627240740741 0.6515756598958333 0.10794243333333332 0.65828128125 0.1079566824074074 0.6581744911458334 0.08603020833333334 0.6309409630208334 0.08600171018518518 0.6309510374999999 0.09073240277777778 0.6548801130208334 0.09079509814814815 0.6549607093750001 0.10337418055555556
3 0.6580233729166667 0.3584668 0.6580233729166667 0.35910800833333334 0.6712532744791667 0.35910800833333334 0.6712351401041666 0.2693302935185185 0.6708099937499999 0.2693331435185185 0.6708120088541667 0.3584354518518519 0.6580233729166667 0.3584668
3 0.5406669354166667 0.360196637037037 0.5668305458333334 0.3600997435185185 0.5668305458333334 0.3628298657407407 0.6547189197916666 0.3628469648148148 0.6547189197916666 0.3875235111111111 0.6580012088541667 0.38743231666666667 0.6580596411458333 0.31403533796296296 0.6617872255208332 0.31414363055555555 0.6617408822916667 0.26932744351851856 0.6713278260416666 0.26933599351851856 0.6713076765625 0.25098318611111115 0.6720310296875 0.25098318611111115 0.6720108807291666 0.24629524074074072 0.66811404375 0.24626674259259257 0.6680838203125 0.2648845824074074 0.658361878125 0.2648845824074074 0.6586641145833333 0.3094727842592593 0.6547692927083334 0.3094727842592593 0.6547692927083334 0.3571473351851852 0.5733910942708333 0.3570190935185185 0.5733649005208333 0.3264348814814815 0.5635220630208334 0.32648047870370367 0.5635220630208334 0.3288572240740741 0.569083215625 0.32890282129629633 0.5689240380208334 0.3543972638888889 0.5513963328125 0.3545426046296296 0.5513761838541666 0.3515588490740741 0.5480515817708334 0.3515446 0.5480697161458333 0.35452550555555556 0.5374753171875 0.35452550555555556 0.5373705421875 0.3646793962962963 0.5406931291666666 0.36463379907407406 0.5406669354166667 0.360196637037037
2 0.6442051177083333 0.33547449444444444 0.6290691114583333 0.33546309444444444 0.6290227682291667 0.3425790824074074 0.644158775 0.342496437962963 0.6442051177083333 0.33547449444444444
2 0.6091960505208333 0.23471929351851853 0.6074027807291666 0.23471929351851853 0.6074108401041667 0.279036762962963 0.6090771708333332 0.279036762962963 0.6091960505208333 0.23471929351851853
2 0.6269131572916666 0.2300940435185185 0.6113761838541667 0.23015958981481482 0.611418496875 0.2546964944444444 0.6268889786458334 0.2547335425925926 0.6269131572916666 0.2300940435185185
2 0.6403828328125001 0.3053377027777778 0.6287890390625 0.3053234537037037 0.6287709046875 0.3227643203703704 0.6404130567708334 0.3227928185185185 0.6403828328125001 0.3053377027777778
2 0.6478440458333333 0.2825078370370371 0.6358855531250001 0.28245938981481483 0.6359036875 0.2887289824074074 0.6478561354166666 0.2887289824074074 0.6478440458333333 0.2825078370370371
2 0.6533991536458333 0.21135081203703704 0.6418396130208334 0.21134796203703704 0.6418698369791667 0.2292932462962963 0.6533991536458333 0.22929039629629627 0.6533991536458333 0.21135081203703704
2 0.6883779973958333 0.24731262500000004 0.6720632682291666 0.24718438333333334 0.6721237156250001 0.27272157314814816 0.6883014307291667 0.27264747777777776 0.6883779973958333 0.24731262500000004
2 0.673356840625 0.23734112314814815 0.6733991536458334 0.21881447685185185 0.6706286520833333 0.21881447685185185 0.6706145473958334 0.22037902499999998 0.6689300828125 0.22037902499999998 0.6689482166666667 0.23658022222222222 0.6706447713541667 0.23660872037037037 0.670634696875 0.23734682222222223 0.673356840625 0.23734112314814815
2 0.7072677817708333 0.19251068703703703 0.7072718114583334 0.21128526666666667 0.7218476729166666 0.2113251638888889 0.7219081203125001 0.19249358796296298 0.7072677817708333 0.19251068703703703
2 0.6913882734375 0.18590481574074072 0.7049627239583334 0.18591051574074074 0.70508361875 0.16557993703703705 0.6914688697916667 0.1655514388888889 0.6913882734375 0.18590481574074072
2 0.6491779166666666 0.18605870648148148 0.6630404994791667 0.1860501564814815 0.6630002015625001 0.16562268425925927 0.6491819463541667 0.16561983425925925 0.6491779166666666 0.18605870648148148
2 0.6073060651041666 0.11524365925925925 0.6205138020833334 0.11534055277777777 0.6204553697916667 0.0950612712962963 0.6073100947916666 0.09516671388888889 0.6073060651041666 0.11524365925925925
2 0.5697058229166667 0.1275719574074074 0.5697158973958333 0.11067825555555556 0.5559862984374999 0.11060701018518519 0.5559601046875 0.12754345925925925 0.5697058229166667 0.1275719574074074
4 0.7414950635416666 0.24450555740740743 0.73811404375 0.24450555740740743 0.7381180739583333 0.2656853805555555 0.7413862583333334 0.26571387870370367 0.7414950635416666 0.24450555740740743
3 0.6287890390625 0.3053234537037037 0.627233528125 0.3053234537037037 0.6272214385416667 0.35709318888888886 0.6287527703125 0.35711028796296296 0.6287890390625 0.3053234537037037
3 0.6269997984375001 0.21132231388888886 0.6269131572916666 0.2850840694444445 0.6358855531250001 0.2850840694444445 0.6358855531250001 0.28245938981481483 0.6287709046875 0.28245938981481483 0.6287366510416666 0.2639498435185185 0.655462421875 0.2638757481481482 0.6554281682291666 0.28245938981481483 0.6478440458333333 0.2825078370370371 0.6478440458333333 0.2850840694444445 0.655462421875 0.2850840694444445 0.655462421875 0.30538615 0.6403828328125001 0.3053377027777778 0.6403646989583333 0.3075719574074074 0.6519222244791667 0.30754630925925924 0.6519564781249999 0.33611855185185185 0.644511384375 0.33614135092592595 0.6444952651041667 0.3571558851851852 0.6460729395833333 0.3571558851851852 0.6461434614583333 0.3383528074074074 0.6533286317708333 0.3383271583333333 0.6533467661458333 0.3571302361111111 0.6547692927083334 0.3571473351851852 0.6547692927083334 0.3094727842592593 0.6586641145833333 0.3094727842592593 0.658361878125 0.2648845824074074 0.6680838203125 0.2648845824074074 0.6681241182291667 0.24626674259259257 0.6720008057291668 0.24629524074074072 0.6719846864583333 0.24384725 0.6706326817708333 0.24387004814814817 0.6706326817708333 0.23660587037037037 0.6689482166666667 0.23658022222222222 0.6688776947916666 0.24387004814814817 0.6553757807291666 0.24387004814814817 0.6553072739583333 0.21360501574074076 0.6688776947916666 0.2135793675925926 0.6689300828125 0.22037902499999998 0.6706145473958334 0.22037902499999998 0.6706488010416667 0.21129666574074074 0.6533991536458333 0.21135081203703704 0.6534333916666667 0.261302962037037 0.6287366510416666 0.2613251638888889 0.6287003828125 0.21392419537037036 0.6418396130208334 0.21399259074074073 0.6418396130208334 0.21134796203703704 0.6269997984375001 0.21132231388888886
3 0.6548127130208333 0.2613017222222222 0.6572677817708333 0.2612995157407408 0.6572859156249999 0.26279851851851854 0.6667439046875 0.2627472212962963 0.6667096515625001 0.2464234824074074 0.6549768286458334 0.24640068425925923 0.654942575 0.2612995157407408 0.6548127130208333 0.2613017222222222
3 0.6948579489583333 0.24384155000000002 0.6884787427083333 0.24384155000000002 0.6884787427083333 0.24617269907407408 0.6965383838541667 0.24617554814814815 0.6965142052083333 0.21374750648148147 0.7098609713541666 0.21383300092592591 0.7098609713541666 0.21128811666666666 0.688492846875 0.21130806481481482 0.6884948619791668 0.21316044444444443 0.6948136208333333 0.21311769722222224 0.6948579489583333 0.24384155000000002
4 0.3205339510416667 0.3154630944444445 0.271339915625 0.3154488453703704 0.27134999010416666 0.3216414935185185 0.3205742494791667 0.3216984898148148 0.3205339510416667 0.3154630944444445
4 0.250378803125 0.3155200907407408 0.22815232708333333 0.3155200907407408 0.22814225260416665 0.32165574259259255 0.25038887760416667 0.32161299537037036 0.250378803125 0.3155200907407408
4 0.2062159984375 0.3155343398148148 0.18391900052083335 0.3155058416666667 0.18391900052083335 0.32161299537037036 0.20622607291666667 0.32165574259259255 0.2062159984375 0.3155343398148148
4 0.37448922031250004 0.11388714722222222 0.3629881119791667 0.11388714722222222 0.36300423125 0.11855799351851852 0.37451944374999996 0.11856084351851853 0.37448922031250004 0.11388714722222222
4 0.33502115677083333 0.11829011111111111 0.3515273020833333 0.11829011111111111 0.35150916770833335 0.11306355092592593 0.33502115677083333 0.11306070092592593 0.33502115677083333 0.11829011111111111
4 0.30829135625 0.1138444 0.29084424739583337 0.11380735277777777 0.2908341729166667 0.11861783981481482 0.30831755 0.11862638888888889 0.30829135625 0.1138444
4 0.2661253276041667 0.11385579907407407 0.2545557125 0.11386149907407409 0.25455772708333335 0.11856084351851853 0.2661253276041667 0.11856369351851852 0.2661253276041667 0.11385579907407407
4 0.3813096916666667 0.31571957777777776 0.36792061249999997 0.31570247962962966 0.36790852291666665 0.31989740648148146 0.38134595989583336 0.3198803074074074 0.3813096916666667 0.31571957777777776
4 0.31056014531250004 0.13712168703703703 0.2931956479166667 0.13712738703703703 0.2931593791666666 0.14535480185185184 0.31054604062499996 0.14541179814814817 0.31056014531250004 0.13712168703703703
4 0.3331090067708333 0.2841863777777778 0.33316945416666666 0.29250498703703703 0.35930284114583333 0.29249073796296293 0.35937134791666664 0.2841920777777778 0.3331090067708333 0.2841863777777778
4 0.27146483958333334 0.2841892277777778 0.27151319791666667 0.2924679398148148 0.3203929072916667 0.2925192361111111 0.3203727583333333 0.2842091768518519 0.27146483958333334 0.2841892277777778
4 0.2283739671875 0.2841949277777778 0.22843441458333333 0.29251068703703703 0.2501873864583333 0.29245084074074074 0.25022768489583336 0.2841806787037037 0.2283739671875 0.2841949277777778
4 0.20599838802083334 0.2842006268518518 0.18417287916666666 0.2841721287037037 0.1842252671875 0.29251068703703703 0.2060084625 0.2925391851851852 0.20599838802083334 0.2842006268518518
3 0.3649063067708333 0.17920205185185187 0.3574712875 0.1791678537037037 0.35745919791666664 0.1812653175925926 0.3648942171875 0.1812140212962963 0.3649063067708333 0.17920205185185187
2 0.3769453958333333 0.17878882870370372 0.36490429166666666 0.17877457962962964 0.3649264557291667 0.18491308055555555 0.3769353213541667 0.18489883148148148 0.3769453958333333 0.17878882870370372
3 0.3402579083333333 0.17720718148148148 0.3402579083333333 0.17811627222222223 0.34748942187500004 0.17811627222222223 0.34747934739583336 0.17722143055555556 0.3402579083333333 0.17720718148148148
2 0.34747733229166666 0.178082075 0.3554160791666667 0.17810772314814813 0.35542615364583335 0.1712026222222222 0.3474914364583333 0.17118837314814814 0.34747733229166666 0.178082075
2 0.3292927666666667 0.2094043888888889 0.3292927666666667 0.2299031064814815 0.34639532552083335 0.2299601027777778 0.34641547447916665 0.20934739259259258 0.3292927666666667 0.2094043888888889
2 0.3652790651041667 0.31360216574074073 0.36525690104166664 0.29881447685185186 0.35338504947916666 0.29883157592592596 0.35337698958333336 0.3136306638888889 0.3652790651041667 0.31360216574074073
2 0.35738464635416667 0.20608150462962962 0.3574229296875 0.18960387592592592 0.34495063489583333 0.189618125 0.34496675416666667 0.20607010555555555 0.35738464635416667 0.20608150462962962
2 0.21742494479166666 0.23547164444444443 0.20359460000000001 0.23541464814814814 0.20358452552083334 0.2555941861111111 0.2174189 0.25560558518518517 0.21742494479166666 0.23547164444444443
3 0.26001208958333333 0.20803362777777779 0.2550695145833333 0.20804787685185186 0.2550695145833333 0.21014819074074076 0.26001007447916663 0.2100997435185185 0.26001208958333333 0.20803362777777779
3 0.26335482552083334 0.2100997435185185 0.27442272812499996 0.21014249074074073 0.27440459375 0.20771444814814816 0.2633487807291667 0.20771444814814816 0.26335482552083334 0.2100997435185185
1 0 0 0 1 1 1 1 0 0 0
3 0.2863449526041667 0.14173553703703703 0.286334878125 0.14533770277777777 0.29315534947916666 0.14533770277777777 0.2931855734375 0.14175833611111113 0.2863449526041667 0.14173553703703703
2 0.22679830729166667 0.19737817037037036 0.22679830729166667 0.18079224814814815 0.22244811614583335 0.1808292962962963 0.2224884140625 0.19743801666666666 0.22679830729166667 0.19737817037037036
2 0.2550695145833333 0.20805642592592594 0.24325609531249998 0.20809632407407408 0.24327221458333334 0.21358506666666668 0.25504936510416665 0.21361071574074073 0.2550695145833333 0.20805642592592594
2 0.27435825104166667 0.14539469907407407 0.286334878125 0.14535195185185185 0.2863248036458333 0.1270276435185185 0.274334071875 0.1270219435185185 0.27435825104166667 0.14539469907407407
2 0.35576264375 0.14261043055555556 0.35578279270833335 0.12384725 0.3399274630208333 0.1239013962962963 0.33990731406249997 0.14268167592592593 0.35576264375 0.14261043055555556
3 0.2265061453125 0.11860359074074076 0.2260487609375 0.11860359074074076 0.2260487609375 0.1611085777777778 0.2265061453125 0.1611085777777778 0.2265061453125 0.11860359074074076
2 0.25925649791666666 0.23538615 0.24567600260416667 0.23547449444444446 0.24563570416666666 0.25564548333333337 0.2592847067708333 0.25572812777777776 0.25925649791666666 0.23538615
2 0.35989320989583334 0.15072670277777778 0.3717146885416666 0.15069250462962963 0.3717046140625 0.13227415185185187 0.3599536572916667 0.13231689907407407 0.35989320989583334 0.15072670277777778
3 0.20699375364583333 0.2080279277777778 0.20052790625 0.20805072685185186 0.20054402604166668 0.21012254166666666 0.20699375364583333 0.2100769453703704 0.20699375364583333 0.2080279277777778
2 0.20059238385416667 0.2354288972222222 0.20055208541666666 0.21891707037037036 0.18808583541666665 0.21893416944444444 0.18810396927083334 0.2353776 0.20059238385416667 0.2354288972222222
2 0.20732218437500002 0.16492732962962964 0.22372556927083334 0.16487318333333334 0.22378601666666667 0.14078084907407407 0.20730203489583332 0.14084924444444447 0.20732218437500002 0.16492732962962964