1 0 0 0 1 1 1 1 0 0 0
3 0.18354825729166666 0.44897406666666667 0.1885150109375 0.4489883157407407 0.18850695156250002 0.4326018805555556 0.18357042135416668 0.4326018805555556 0.18354825729166666 0.44897406666666667
3 0.18354422708333334 0.44903106296296297 0.1835462421875 0.4508264462962963 0.18588353802083332 0.45081219722222227 0.18587346354166667 0.44903106296296297 0.18354422708333334 0.44903106296296297
3 0.18854523489583333 0.4326018805555556 0.18855530937499998 0.4396979194444445 0.20001007447916666 0.43968367037037037 0.19997985104166668 0.4325876314814815 0.18854523489583333 0.4326018805555556
3 0.1951057828125 0.4325334851851852 0.19997179114583333 0.43250498703703705 0.20002014895833334 0.36849244814814813 0.19513600625 0.36850954722222223 0.1951057828125 0.4325334851851852
3 0.2000624619791667 0.3684696490740741 0.2000523875 0.3744428611111111 0.2923755791666667 0.3744428611111111 0.2923655046875 0.36848674814814814 0.2000624619791667 0.3684696490740741
3 0.2923856536458333 0.37449985740740743 0.28894015729166667 0.3745141064814815 0.28897441041666666 0.3907267027777778 0.29237154947916666 0.3906925046296296 0.2923856536458333 0.37449985740740743
3 0.29237356458333336 0.4236192648148148 0.28894821666666665 0.42364776296296297 0.28893814218749997 0.4510259333333333 0.29235945989583334 0.4510031351851852 0.29237356458333336 0.4236192648148148
3 0.29235744531249996 0.484052437037037 0.2889300828125 0.484052437037037 0.28892202291666663 0.49828726111111116 0.2923775942708333 0.49831575925925925 0.29235744531249996 0.484052437037037
3 0.292405803125 0.493442575925926 0.29242796718749997 0.49828726111111116 0.31707032031250004 0.49828726111111116 0.31708039479166666 0.4934140777777778 0.292405803125 0.493442575925926
3 0.31704614166666667 0.4983756055555555 0.3134998994791667 0.4983756055555555 0.31350997395833335 0.5138501000000001 0.31704614166666667 0.5138216018518519 0.31704614166666667 0.4983756055555555
3 0.31705017135416663 0.5383528074074074 0.31349385468749996 0.5383528074074074 0.313524078125 0.5648703333333334 0.3170602458333333 0.5648703333333334 0.31705017135416663 0.5383528074074074
3 0.30938746718750004 0.6202165861111112 0.30940761614583334 0.6252921055555556 0.3170642755208333 0.6252636074074075 0.3170642755208333 0.6202479342592592 0.30938746718750004 0.6202165861111112
3 0.31351803333333333 0.6201909379629629 0.3170642755208333 0.6201909379629629 0.3170521859375 0.5829467083333333 0.31350594375 0.5829467083333333 0.31351803333333333 0.6201909379629629
3 0.29694741093750004 0.5938928472222222 0.29696755989583334 0.596913650925926 0.3134696755208333 0.5968994018518519 0.31347975 0.5939070962962963 0.29694741093750004 0.5938928472222222
3 0.2736953453125 0.6487460814814815 0.2737054203125 0.6536192648148148 0.2861273421875 0.6536050157407407 0.28610719322916667 0.6487603305555556 0.2736953453125 0.6487460814814815
3 0.28259520468750005 0.6487118833333333 0.2861212973958333 0.6486833851851851 0.2861434614583333 0.5938643490740741 0.28258915989583333 0.5938643490740741 0.28259520468750005 0.6487118833333333
3 0.2861877895833333 0.6202621833333333 0.2861777151041667 0.6252636074074075 0.2893612734375 0.6252636074074075 0.28933105000000003 0.6202336851851852 0.2861877895833333 0.6202621833333333
3 0.21154543645833332 0.6487318324074074 0.21157565989583332 0.6536192648148148 0.22508563385416666 0.6535907666666666 0.22506548437499999 0.6487460814814815 0.21154543645833332 0.6487318324074074
3 0.21157968958333334 0.6216785407407407 0.21157968958333334 0.6246850953703703 0.21620390885416668 0.6246993444444444 0.21621398333333333 0.6216813907407407 0.21157968958333334 0.6216785407407407
3 0.21620995364583334 0.6247648907407407 0.21410437239583333 0.6247648907407407 0.21407414895833332 0.6487033342592593 0.21617973020833334 0.6486890851851852 0.21620995364583334 0.6247648907407407
3 0.1816340921875 0.6487603305555556 0.18165424114583334 0.6536050157407407 0.18980455364583332 0.6536192648148148 0.1897844046875 0.6487888287037037 0.1816340921875 0.6487603305555556
3 0.18738061666666667 0.6487346824074074 0.18962724166666664 0.6487204333333333 0.18961112239583333 0.6401852379629629 0.187374571875 0.6402137361111111 0.18738061666666667 0.6487346824074074
3 0.16058029427083334 0.6487403814814815 0.16058029427083334 0.6536021657407408 0.168748740625 0.653664862037037 0.16873262135416667 0.6487603305555556 0.16058029427083334 0.6487403814814815
3 0.16098730625 0.648657737037037 0.16471489010416668 0.648657737037037 0.164704815625 0.6270760898148148 0.16100141041666666 0.6270732398148148 0.16098730625 0.648657737037037
3 0.15887769479166666 0.6216557425925926 0.1588656057291667 0.6270076944444445 0.16474108385416666 0.6270247935185185 0.16470884531250002 0.6216728416666666 0.15887769479166666 0.6216557425925926
3 0.16261736875 0.5155200907407408 0.16249647395833333 0.5155371898148148 0.16250453333333334 0.506731262037037 0.15898045520833334 0.506742662037037 0.15899858958333332 0.5155200907407408 0.15884747135416666 0.5155200907407408 0.15889582916666667 0.6128640638888889 0.1589865 0.6128640638888889 0.15897441041666666 0.6216215444444444 0.16249244427083334 0.6215873472222222 0.16250251875000002 0.6128669138888888 0.16260527916666667 0.6128412657407407 0.16261736875 0.5155200907407408
3 0.15602458177083334 0.4996808203703704 0.15599637291666665 0.5066571675925926 0.16253878697916668 0.5066372185185185 0.162510578125 0.4996409231481482 0.15602458177083334 0.4996808203703704
3 0.1561696552083333 0.49962097499999997 0.16120491614583335 0.49953832962962963 0.1611505140625 0.4757566259259259 0.1561454765625 0.47573952685185183 0.1561696552083333 0.49962097499999997
3 0.16121297604166665 0.47577372500000004 0.16122305052083333 0.48277002037037037 0.18850493645833336 0.48275577129629627 0.18849486197916668 0.47571672870370363 0.16121297604166665 0.47577372500000004
3 0.18358855520833334 0.47568823055555554 0.18587547864583334 0.47567398148148143 0.185885553125 0.47365061296296296 0.18356840625 0.47365061296296296 0.18358855520833334 0.47568823055555554
3 0.16476123333333334 0.6216956398148148 0.16476324791666666 0.6246879453703703 0.18982873281249998 0.6246879453703703 0.18981865781249999 0.6217098888888889 0.16476123333333334 0.6216956398148148
3 0.21446705625 0.6130350527777778 0.21823493854166667 0.6129923055555556 0.21821478958333335 0.5699430037037038 0.21446705625 0.5699430037037038 0.21446705625 0.6130350527777778
3 0.2144630265625 0.549210600925926 0.21823090885416668 0.5491849527777778 0.21822687864583334 0.4756312342592593 0.2144892203125 0.4756312342592593 0.2144630265625 0.549210600925926
3 0.23594398541666667 0.49588771759259254 0.23595405989583332 0.5013023657407407 0.26850493645833334 0.5012881166666666 0.26850493645833334 0.49585921944444444 0.23594398541666667 0.49588771759259254
3 0.23443078802083334 0.4145597037037037 0.23818859583333335 0.4145312055555555 0.2381986703125 0.3831262472222222 0.23441063854166666 0.3831404962962963 0.23443078802083334 0.4145597037037037
3 0.6287104572916667 0.5969620972222223 0.6287285916666666 0.5909233398148148 0.6184565786458334 0.5909233398148148 0.6184565786458334 0.5969335990740741 0.6287104572916667 0.5969620972222223
3 0.6184767276041666 0.5908378453703703 0.6227181140625 0.5908520944444444 0.6226878906250001 0.489811912037037 0.6184666531249999 0.4898831574074074 0.6184767276041666 0.5908378453703703
3 0.6184747130208332 0.489820462037037 0.6247209348958334 0.4897349675925926 0.6247108604166667 0.48377885462962966 0.6184646385416667 0.48376460555555556 0.6184747130208332 0.489820462037037
3 0.6246040703125 0.39760330555555556 0.6205742494791667 0.39760330555555556 0.620572234375 0.4749045314814815 0.6206931291666666 0.47492163055555553 0.6206890994791666 0.48370760925925926 0.6247289947916667 0.48370760925925926 0.624704815625 0.4064348814814815 0.624589965625 0.40641493333333334 0.6246040703125 0.39760330555555556
3 0.6316461817708333 0.39155314907407407 0.6205661895833334 0.39154744907407407 0.620572234375 0.39755200925925926 0.6316461817708333 0.3975662583333333 0.6316461817708333 0.39155314907407407
3 0.6445617567708334 0.3915446 0.6445718317708333 0.3975719574074074 0.6611021557291666 0.39762040462962966 0.6610940963541666 0.3916015962962963 0.6445617567708334 0.3915446
3 0.6739572838541666 0.39155884907407407 0.6739794479166666 0.39760045555555557 0.6877896432291667 0.39754915925925927 0.687771509375 0.39157309814814817 0.6739572838541666 0.39155884907407407
3 0.70519846875 0.39155884907407407 0.7052004833333334 0.3975719574074074 0.7270824098958334 0.3975577083333333 0.7270824098958334 0.39155884907407407 0.70519846875 0.39155884907407407
3 0.7443582510416668 0.39155314907407407 0.7443884744791667 0.3975976064814815 0.7607193229166668 0.39761185555555556 0.7606991739583333 0.39157024814814817 0.7443582510416668 0.39155314907407407
3 0.7735825104166667 0.39154744907407407 0.773612734375 0.39759190648148146 0.7857042109375 0.3975634083333333 0.7857122708333333 0.3916357935185185 0.7735825104166667 0.39154744907407407
3 0.7856981666666666 0.39761185555555556 0.7807515614583332 0.3976261046296296 0.7807475317708333 0.4438586490740741 0.7856941364583334 0.4438444 0.7856981666666666 0.39761185555555556
3 0.7807152932291667 0.4508834425925926 0.7899435822916666 0.4508264462962963 0.789903284375 0.4438871472222222 0.7807253677083333 0.44391564537037037 0.7807152932291667 0.4508834425925926
3 0.7899455973958334 0.4438586490740741 0.7899556718749999 0.4471644342592593 0.7912452145833334 0.4471501851851852 0.7912351401041666 0.4438444 0.7899455973958334 0.4438586490740741
3 0.8087487406249999 0.44386719907407407 0.8087366510416667 0.45091194074074076 0.8444509369791666 0.45086919351851856 0.8444207130208333 0.4438757481481481 0.8087487406249999 0.44386719907407407
3 0.8074692723958333 0.4438700481481482 0.8074753171875 0.4471786833333333 0.8087104572916667 0.4471786833333333 0.8087003828125 0.4438728981481481 0.8074692723958333 0.4438700481481482
3 0.8404855932291666 0.5648532342592593 0.8444267578125 0.5648190370370371 0.8444025791666667 0.5562011972222222 0.8445234739583333 0.5561840981481481 0.84451944375 0.45966087222222224 0.8444086239583334 0.45967512129629634 0.8444529520833334 0.4509204898148148 0.8404835786458332 0.4509347388888889 0.840493653125 0.4596836703703704 0.8403727583333332 0.4596836703703704 0.8403767880208334 0.5561840981481481 0.8404976828125 0.5562182953703704 0.8404855932291666 0.5648532342592593
3 0.8404694739583333 0.5710173842592592 0.846625025 0.5709888861111111 0.846625025 0.564833286111111 0.8404896234375 0.5649045314814815 0.8404694739583333 0.5710173842592592
3 0.8298085833333333 0.5909518379629629 0.8298085833333333 0.5969649472222222 0.8469554703125 0.5969506981481482 0.8469353213541667 0.5909090907407407 0.8298085833333333 0.5909518379629629
3 0.8424118479166667 0.5908520944444444 0.8466330848958333 0.5908520944444444 0.846625025 0.5710601314814815 0.8424037880208334 0.5710601314814815 0.8424118479166667 0.5908520944444444
3 0.7848881723958333 0.5909375888888888 0.7848901875000001 0.5969392990740741 0.8065484583333333 0.5969649472222222 0.8065403989583333 0.5909546879629629 0.7848881723958333 0.5909375888888888
3 0.7421861776041666 0.5909090907407407 0.7421861776041666 0.5969079509259259 0.7616199880208333 0.5969364490740741 0.7616199880208333 0.5909945851851851 0.7421861776041666 0.5909090907407407
3 0.6750916786458333 0.5908805925925925 0.675101753125 0.5969079509259259 0.6891759015625 0.5969364490740741 0.6891759015625 0.5909518379629629 0.6750916786458333 0.5908805925925925
3 0.6750795890625 0.564796237962963 0.6750795890625 0.5680165287037037 0.6802176104166667 0.5679880305555555 0.6802176104166667 0.5648104870370371 0.6750795890625 0.564796237962963
3 0.6802337296875 0.5680393277777778 0.6780979244791666 0.5680535768518519 0.67808785 0.5908520944444444 0.6802135807291666 0.5908520944444444 0.6802337296875 0.5680393277777778
3 0.6486701593749999 0.5909204898148148 0.6486721739583333 0.5969364490740741 0.6533467661458333 0.5969222 0.6533165421875 0.5909233398148148 0.6486701593749999 0.5909204898148148
3 0.6512008864583334 0.5908520944444444 0.6533266171875 0.5908663435185185 0.6533266171875 0.5866486175925926 0.6512008864583334 0.5866486175925926 0.6512008864583334 0.5908520944444444
3 0.6512170057291667 0.5713194638888889 0.6533447510416667 0.5712738675925926 0.6533427364583333 0.564836136111111 0.6511968567708333 0.564836136111111 0.6512170057291667 0.5713194638888889
3 0.6511666333333334 0.5679994296296297 0.6511464838541666 0.5648503851851852 0.6227463229166667 0.5649073814814815 0.6227584125 0.5679965805555556 0.6511666333333334 0.5679994296296297
3 0.6780737458333334 0.55615845 0.6823453557291667 0.5562011972222222 0.6823594598958334 0.5106782555555556 0.6780677010416666 0.5106925046296297 0.6780737458333334 0.55615845
3 0.6780818052083333 0.48976061574074076 0.682343340625 0.48977486481481486 0.6823534151041667 0.4532402398148148 0.6780918796875 0.45326873796296296 0.6780818052083333 0.48976061574074076
3 0.7549486197916667 0.45536050185185184 0.7549687687500001 0.46146195462962963 0.78347975 0.4614448564814815 0.7834696755208334 0.45540609814814814 0.7549486197916667 0.45536050185185184
3 0.7532722145833334 0.5148332861111111 0.7490006046875001 0.5148304361111111 0.7490026192708333 0.582316899074074 0.7532742291666668 0.5822884009259259 0.7532722145833334 0.5148332861111111
3 0.8151742895833334 0.5120575666666666 0.8151742895833334 0.5181447703703704 0.8403304453125 0.5181305212962963 0.8403203708333333 0.5121744083333334 0.8151742895833334 0.5120575666666666