3 0.778529115625 0.30291821018518517 0.7811041708333334 0.26371330833333334 0.7781019546875 0.263456825 0.7757888375 0.30263892870370374 0.7755772718749999 0.308261612962963 0.7781986703125 0.3085921916666666 0.778529115625 0.30291821018518517
3 0.779365303125 0.2146793962962963 0.7802498489583333 0.20014249074074072 0.7778702395833333 0.1999572527777778 0.7749566796875 0.24691934999999998 0.7774571833333332 0.24720148148148147 0.7793250052083334 0.21652607592592593 0.779365303125 0.2146793962962963
3 0.8133951239583334 0.184998575 0.8137255692708333 0.1809375888888889 0.7894902276041668 0.1778113425925926 0.7900040296875 0.1687916787037037 0.7693431390625 0.16629239074074076 0.76910135 0.17045312037037036 0.7869192020833334 0.1725990314814815 0.7864275640625 0.18154744907407408 0.8133951239583334 0.184998575
4 0.6118194640625 0.29287546296296296 0.6118355833333333 0.2981134222222222 0.6298045536458333 0.29810772314814815 0.6297944791666666 0.29292391018518515 0.6118194640625 0.29287546296296296
4 0.6121902072916666 0.3168680537037037 0.6122002822916667 0.32030493055555553 0.6294458994791667 0.32030493055555553 0.629435825 0.3168823027777778 0.6121902072916666 0.3168680537037037
4 0.5729800526041667 0.31685380462962964 0.5729800526041667 0.32030493055555553 0.5902982067708333 0.3202821314814815 0.5903042515625 0.3168253064814815 0.5729800526041667 0.31685380462962964
4 0.5726798307291666 0.2929068111111111 0.5726496072916666 0.29810487314814815 0.5906387265624999 0.29810487314814815 0.5906387265624999 0.29293530925925926 0.5726798307291666 0.2929068111111111
4 0.5431996776041667 0.19296950740740743 0.5431694541666666 0.19650612685185184 0.5605863390625 0.19647762870370372 0.5605964135416667 0.19301225462962965 0.5431996776041667 0.19296950740740743
4 0.5430505744791667 0.21583927037037037 0.5430606489583333 0.22106868055555556 0.5610679026041667 0.22106868055555556 0.5610679026041667 0.2158820175925926 0.5430505744791667 0.21583927037037037
4 0.5321015515625 0.2519777712962963 0.5320713276041666 0.25672271296296295 0.5535663911458334 0.25676546018518515 0.5535482572916667 0.25204046759259263 0.5321015515625 0.2519777712962963
4 0.5323151317708333 0.27651752592592593 0.5323050572916667 0.2800968935185185 0.5532299010416666 0.2800826444444445 0.5532299010416666 0.27650327685185183 0.5323151317708333 0.27651752592592593
4 0.48352206302083334 0.29230265 0.48356236145833337 0.29738671944444445 0.5122002822916667 0.2974237675925926 0.5122305057291666 0.2923795953703704 0.48352206302083334 0.29230265
4 0.48394317968749995 0.31685380462962964 0.48394317968749995 0.32027643240740744 0.5118738666666667 0.3202906814814815 0.5118637921875 0.31685380462962964 0.48394317968749995 0.31685380462962964
4 0.4792726171875 0.161148475 0.4793028411458333 0.16458820185185186 0.48828128125 0.1646708462962963 0.4882510578125 0.16117697314814816 0.4792726171875 0.161148475
3 0.8218194640625 0.3168623537037037 0.8219705822916666 0.3146053009259259 0.79808785 0.3115844972222222 0.797868225 0.31549159259259263 0.799532540625 0.3155998861111111 0.7996030624999999 0.3140780851851852 0.8218194640625 0.3168623537037037
3 0.572959903125 0.32087489351851856 0.572959903125 0.316543175 0.5625448317708333 0.31656882314814816 0.5624743098958334 0.2761128527777778 0.5532641546875 0.27608435462962966 0.5532540802083333 0.2805158166666667 0.5594821682291666 0.28048731851851855 0.5595103765625 0.32080364814814816 0.572959903125 0.32087489351851856
3 0.7116361072916667 0.1962097462962963 0.7137215395833334 0.16364491296296296 0.751648196875 0.1681875175925926 0.7518879708333334 0.16410943333333333 0.7110719322916667 0.1590595611111111 0.7090147088541666 0.1916443435185185 0.7051037677083334 0.19108007962962964 0.7049224260416668 0.19375035648148148 0.7055994359375001 0.19376745555555555 0.7055087651041667 0.19534340277777779 0.7116361072916667 0.1962097462962963
3 0.8228652026041666 0.18196067222222223 0.8224944588541666 0.18617839814814813 0.8298267177083333 0.18703049259259258 0.8205661895833334 0.33793388425925924 0.8145698166666667 0.33713878611111114 0.8141386260416666 0.3413878601851852 0.82333870625 0.34259333148148147 0.8331613942708334 0.1832373898148148 0.8228652026041666 0.18196067222222223
3 0.7963570421875 0.33504987129629626 0.7960850291666667 0.3391564546296296 0.8026173687499999 0.3399515527777778 0.8028490833333334 0.3358050722222222 0.7963570421875 0.33504987129629626
3 0.7668204713541668 0.33130521481481484 0.7666169656249999 0.3354459962962963 0.7786681442708333 0.3369962953703704 0.779030828125 0.3329239101851852 0.7668204713541668 0.33130521481481484
3 0.7089200078125 0.32410373333333337 0.7096594802083334 0.31114562592592593 0.7067479348958333 0.31087774259259254 0.7057565989583333 0.3279395842592593 0.7172254682291667 0.3293302935185185 0.71749748125 0.32524080925925924 0.7089200078125 0.32410373333333337
3 0.7120229697916667 0.2714534055555555 0.7127362484374999 0.2622456537037037 0.704616159375 0.2611741240740741 0.7043401166666666 0.2653462527777778 0.7094620187499999 0.2660216583333333 0.7092706026041667 0.2711142777777778 0.7120229697916667 0.2714534055555555
3 0.6489703807291666 0.2585123962962963 0.6563127140625 0.25927899722222225 0.656272415625 0.2551752638888889 0.6491315734375 0.254237675 0.641648196875 0.25426617314814814 0.6417187187500001 0.3165973212962963 0.6295063468750001 0.3165574240740741 0.6294861979166666 0.3208463953703704 0.6446806364583334 0.3208321462962963 0.6446907114583333 0.25848389814814815 0.6489703807291666 0.2585123962962963
3 0.590352609375 0.3165916212962963 0.5903223854166666 0.3208121972222222 0.6121478942708334 0.3208577944444444 0.6121358052083333 0.31656882314814816 0.590352609375 0.3165916212962963
3 0.5610981260416666 0.25222000555555557 0.5610376786458333 0.274990025925926 0.5639069109375 0.2749729268518518 0.5638706427083334 0.2522513537037037 0.5610981260416666 0.25222000555555557
3 0.7122405802083333 0.18746081481481483 0.7120693130208333 0.19013109166666667 0.7496917187500001 0.19479908796296297 0.74985895625 0.1921886574074074 0.7122405802083333 0.18746081481481483
4 0.26703203697916666 0.2623909944444444 0.2670602458333333 0.26712168703703704 0.2909933510416666 0.2671530351851852 0.29102558958333336 0.26243374166666666 0.26703203697916666 0.2623909944444444
3 0.24743300416666666 0.23834995740740741 0.24757606302083335 0.18154744907407408 0.265172275 0.1815901962962963 0.2651239171875 0.21816186944444446 0.25659681666666667 0.21820461666666668 0.2565766671875 0.22098888611111112 0.265436228125 0.2210031351851852 0.2654483177083333 0.24040182407407404 0.2569212171875 0.24041607314814814 0.2569312916666667 0.2424736388888889 0.26547652604166666 0.24241949259259263 0.26547652604166666 0.2426474777777778 0.27656659270833334 0.2426474777777778 0.27656659270833334 0.24240524351851853 0.2811666333333333 0.24240524351851853 0.2811666333333333 0.2404445712962963 0.2766330848958333 0.24041607314814814 0.27660286093750003 0.21086919351851852 0.27493653020833336 0.2108834425925926 0.27493653020833336 0.24020233703703703 0.2670803947916667 0.24025363333333336 0.26708643958333333 0.18097463703703703 0.27413056614583337 0.18100598425925923 0.27412855104166667 0.17893701944444446 0.2457082411458333 0.17900541481481483 0.24570018125 0.19036762592592593 0.24260326406250002 0.1904360212962963 0.2425952046875 0.1794442861111111 0.24112835 0.17945853518518518 0.2411404390625 0.19045312037037038 0.2336167640625 0.19037617592592593 0.23361877916666665 0.1925733824074074 0.24547854114583334 0.19271302407407406 0.2454543625 0.23834995740740741 0.24743300416666666 0.23834995740740741
3 0.29702196249999996 0.28540324907407405 0.2969816640625 0.26507552037037035 0.2910356640625 0.26507552037037035 0.29102558958333336 0.2676175546296296 0.29393914947916666 0.2676318037037037 0.29394922447916666 0.2853747509259259 0.29702196249999996 0.28540324907407405
3 0.2474753171875 0.33452550555555555 0.24748539166666667 0.33708178981481485 0.26067298020833335 0.337110287962963 0.26068305468749997 0.3345540037037037 0.2474753171875 0.33452550555555555
3 0.2972516625 0.30769165 0.2972415875 0.3102479342592593 0.3056397338541667 0.3102764324074074 0.305629659375 0.3076774009259259 0.2972516625 0.30769165
3 0.328247028125 0.23974636666666668 0.3282571026041667 0.24250213703703705 0.3342937739583334 0.24250213703703705 0.3343139229166667 0.23977486481481483 0.328247028125 0.23974636666666668
3 0.29686076979166665 0.2108264462962963 0.29688091875 0.2183414074074074 0.2981362078125 0.21835280740740742 0.29811605885416664 0.2108264462962963 0.29686076979166665 0.2108264462962963
3 0.3583316541666666 0.22200911944444443 0.3583276244791667 0.2242918212962963 0.3609832760416667 0.22431176944444445 0.36097924635416667 0.2220347675925926 0.3583316541666666 0.22200911944444443
3 0.2336248234375 0.16670276388888888 0.2336046744791667 0.16877742962962963 0.241047753125 0.1687888287037037 0.241047753125 0.16673126203703703 0.2336248234375 0.16670276388888888
4 0.16655853333333334 0.25078369907407405 0.16657263749999998 0.3012054712962963 0.169877090625 0.3011912222222222 0.16985291145833334 0.25079794814814815 0.16655853333333334 0.25078369907407405
4 0.2644448921875 0.32965232222222224 0.2644448921875 0.3331262472222222 0.29354624218750003 0.3331347962962963 0.2935643765625 0.32952978055555554 0.2644448921875 0.32965232222222224
4 0.1501188796875 0.20400968981481482 0.15008865624999998 0.2285152462962963 0.15304654427083333 0.2285123962962963 0.15306669375 0.20399259074074072 0.1501188796875 0.20400968981481482
4 0.14936530312500002 0.2552778564814815 0.14936731822916668 0.30493587962962965 0.15301632083333333 0.30497862685185184 0.15301632083333333 0.2553462527777778 0.14936530312500002 0.2552778564814815
4 0.16793068697916666 0.3197663148148148 0.16792262760416668 0.3250669703703704 0.18060648802083332 0.3250869194444444 0.180546040625 0.3197520657407407 0.16793068697916666 0.3197663148148148
4 0.20800523854166666 0.35067825555555554 0.20791859739583335 0.35488743240740744 0.216862784375 0.35488743240740744 0.21682248645833332 0.35074950092592594 0.20800523854166666 0.35067825555555554
4 0.2297783598958333 0.35076375000000004 0.229814628125 0.3548817324074074 0.24711061874999998 0.3548959814814815 0.24709449947916667 0.3507352518518519 0.2297783598958333 0.35076375000000004
4 0.2702055208333333 0.28595896296296297 0.27023171458333334 0.2901225416666666 0.2935966151041667 0.2900911944444445 0.293576465625 0.2859304648148148 0.2702055208333333 0.28595896296296297
3 0.21606286510416667 0.7384781990740741 0.21605077552083335 0.7428412657407407 0.24743703385416668 0.7428270166666667 0.24745718333333333 0.7384668 0.21606286510416667 0.7384781990740741
4 0.3406044729166667 0.24182673148148148 0.3406306671875 0.24622399537037037 0.3579971791666667 0.24619549722222223 0.3580112833333333 0.24183813055555556 0.3406044729166667 0.24182673148148148
3 0.14979850885416665 0.14751211203703704 0.14979850885416665 0.15825306388888888 0.15343340729166668 0.15826446296296298 0.15347370520833334 0.14755485925925926 0.14979850885416665 0.14751211203703704
3 0.14977835989583335 0.18313194629629628 0.14976828541666667 0.2039982898148148 0.15330243802083335 0.20394129351851853 0.15345355625 0.18314619537037036 0.14977835989583335 0.18313194629629628
3 0.14981865781249998 0.22854374444444445 0.14978440468749998 0.25523795925925924 0.15340116874999998 0.25523795925925924 0.15333266145833332 0.2285693925925926 0.14981865781249998 0.22854374444444445
3 0.15332661718750001 0.3194385861111111 0.1533165421875 0.30509546851851854 0.1497118677083333 0.3050755203703704 0.14974410625 0.3245283555555556 0.16785815052083333 0.3245796527777778 0.16785815052083333 0.3195183814814815 0.15332661718750001 0.3194385861111111
3 0.20785210572916668 0.3553063546296296 0.2078017328125 0.35026218333333337 0.18540197447916668 0.3502678824074074 0.18540600468750001 0.31985180925925927 0.18064477135416668 0.3197378166666667 0.18066895 0.32443431203703704 0.18180334479166668 0.32444856111111114 0.18178319583333333 0.3552693074074074 0.20785210572916668 0.3553063546296296
3 0.2169474109375 0.3503077796296296 0.21695345572916666 0.3553719009259259 0.22978843437500002 0.35534340277777776 0.22973806145833334 0.3502564833333333 0.2169474109375 0.3503077796296296
3 0.27028410260416663 0.2970789398148148 0.27025387864583333 0.29371045925925926 0.2643179526041667 0.2937389574074074 0.2643179526041667 0.2855143916666667 0.2608039494791667 0.2855143916666667 0.26068305468749997 0.35026503240740736 0.24714688697916667 0.3502507833333333 0.24716502135416668 0.3553519518518518 0.26435220625 0.35533485277777777 0.2643481765625 0.29709318888888886 0.27028410260416663 0.2970789398148148
3 0.2971589765625 0.32842690185185186 0.29727181145833337 0.2854459962962963 0.2936429578125 0.2854003990740741 0.2936248234375 0.33349672314814816 0.30586741875 0.333468225 0.305796896875 0.32841265277777776 0.2971589765625 0.32842690185185186
3 0.34057021979166663 0.24656312314814813 0.34050977239583335 0.24154744907407405 0.3356175697916666 0.24154744907407405 0.3355933911458333 0.32862068981481485 0.3268386057291667 0.32861213981481485 0.32683457604166666 0.33363351388888884 0.33913963333333336 0.3336905101851852 0.3391436630208334 0.24657737222222223 0.34057021979166663 0.24656312314814813
3 0.21606689479166666 0.2384525509259259 0.21605480572916666 0.24281561666666665 0.2474410640625 0.2428013675925926 0.24746121302083332 0.2384411509259259 0.21606689479166666 0.2384525509259259
3 0.15348176510416664 0.15539469907407408 0.15346564583333333 0.15810772314814814 0.15720934895833333 0.15811057314814816 0.15720128958333335 0.15542319722222223 0.15348176510416664 0.15539469907407408
3 0.20050171249999998 0.19403533796296296 0.20051783177083332 0.22308634907407407 0.20196453749999999 0.22308634907407407 0.2019685671875 0.19403533796296296 0.20050171249999998 0.19403533796296296
2 0.15726576666666667 0.15541179814814815 0.1572375578125 0.17075520092592592 0.1666874875 0.1707153037037037 0.16665121927083335 0.15539184907407408 0.15726576666666667 0.15541179814814815
3 0.21788837395833335 0.23833285833333334 0.21786620989583336 0.22910515833333334 0.23348579479166667 0.2290795101851852 0.23349183958333333 0.23834995740740741 0.23527100520833333 0.23836420648148146 0.23524279687500002 0.22656027314814814 0.21818859583333333 0.22661157037037039 0.218184565625 0.19261612962962962 0.224344146875 0.19257053333333335 0.22434011666666667 0.190387575 0.21630666927083333 0.190387575 0.21632883333333333 0.2056112851851852 0.2133266171875 0.20561983425925925 0.2133266171875 0.20765175277777778 0.21630062447916665 0.20760900555555556 0.21629256510416667 0.23833285833333334 0.21788837395833335 0.23833285833333334
3 0.30995567187499995 0.2629011111111111 0.3099455973958333 0.2649615277777778 0.33423131145833335 0.2649615277777778 0.33423131145833335 0.26287261296296294 0.30995567187499995 0.2629011111111111
4 0.22956477916666668 0.33185237962962966 0.22958291354166666 0.3365659731481481 0.24743703385416668 0.3366286694444445 0.24743703385416668 0.33188372777777775 0.22956477916666668 0.33185237962962966
3 0.26702196250000004 0.26503277314814816 0.26117670781249996 0.2651040185185185 0.26114648385416667 0.28546024537037035 0.26414870052083333 0.2854374462962963 0.2641366109375 0.2676375037037037 0.2670380817708333 0.26760900555555556 0.26702196250000004 0.26503277314814816
3 0.21868023385416666 0.33456825277777774 0.21867015937499998 0.3266856657407407 0.21690308281249998 0.3266571675925926 0.21690509791666665 0.33708178981481485 0.22953858541666666 0.337110287962963 0.22953858541666666 0.3344685092592593 0.21868023385416666 0.33456825277777774
3 0.21862381614583332 0.3112254203703704 0.2185512796875 0.3038842972222222 0.16799717916666665 0.30387289814814816 0.16800725364583335 0.3012596185185185 0.166193834375 0.3012482185185185 0.166193834375 0.3062496435185185 0.21688696354166667 0.30628099166666667 0.21691517239583333 0.3112396694444445 0.21862381614583332 0.3112254203703704
3 0.3402599234375 0.22426332314814815 0.34028007239583336 0.22199202037037039 0.33659278645833335 0.22202051851851853 0.3365041307291667 0.2414819037037037 0.33829135625 0.2414819037037037 0.3382450130208333 0.2242889712962963 0.3402599234375 0.22426332314814815
3 0.3152407817708333 0.21079794814814815 0.3152911546875 0.23974636666666668 0.29805762656249996 0.23977486481481483 0.29805762656249996 0.23281561666666667 0.29690509791666664 0.23281561666666667 0.29692927656249996 0.24247933888888887 0.31682853125 0.24247933888888887 0.31684868020833334 0.21079794814814815 0.3152407817708333 0.21079794814814815
3 0.167753375 0.1264206324074074 0.1677231515625 0.15541749814814815 0.16667942760416665 0.15543174722222222 0.16668950208333333 0.15808777407407407 0.16930687083333332 0.15808207500000002 0.16936731822916667 0.12641778240740742 0.167753375 0.1264206324074074
4 0.34033044531249995 0.21925049907407407 0.34031029635416665 0.2238102027777778 0.3582772515625 0.22383870092592595 0.3582832963541666 0.21925619814814815 0.34033044531249995 0.21925049907407407
4 0.30569010677083336 0.30502137314814814 0.3056699578125 0.3097235675925926 0.3271529317708334 0.3097093185185185 0.32713278281249997 0.30506412037037034 0.30569010677083336 0.30502137314814814
4 0.30593995572916666 0.3288999712962963 0.30594600052083337 0.33312054722222223 0.32676606874999997 0.3331490453703704 0.3267600239583333 0.32884297500000004 0.30593995572916666 0.3288999712962963
3 0.1690006046875 0.7385836416666667 0.1690086640625 0.7428498148148148 0.20225266979166667 0.7428612138888889 0.20221237135416667 0.7386719861111112 0.1690006046875 0.7385836416666667
3 0.20213781979166667 0.6937190083333333 0.20210759635416667 0.6893017953703703 0.17264960729166667 0.6893673407407407 0.17237960885416664 0.6896523222222223 0.16984283697916666 0.6896523222222223 0.16983477760416665 0.6934083787037036 0.172405803125 0.6934368768518518 0.17264557708333333 0.6937760046296296 0.20213781979166667 0.6937190083333333
3 0.34059036875 0.7465089768518518 0.3405943984375 0.7414990027777778 0.3357021963541667 0.7414990027777778 0.3356780171875 0.8285722425925925 0.3269232317708333 0.8285608435185186 0.32691920208333336 0.8335822175925925 0.3392222447916666 0.8336392138888888 0.33922828958333334 0.7465260759259259 0.34059036875 0.7465089768518518
3 0.2703727583333333 0.7970789398148148 0.2703425348958334 0.7937133083333333 0.26440660885416667 0.7937389574074074 0.26440660885416667 0.7855143916666667 0.26089059062500003 0.7855143916666667 0.2608845458333333 0.8502878314814816 0.24723352812500002 0.8502507833333334 0.24718315520833334 0.8553092046296296 0.26443884739583334 0.8553348527777779 0.2644368328125 0.7970931888888889 0.2703727583333333 0.7970789398148148
3 0.21692121718750002 0.850196637037037 0.21692726197916665 0.8552607583333333 0.229762240625 0.8552322601851852 0.22971186770833332 0.8501481907407407 0.21692121718750002 0.850196637037037
3 0.2078903890625 0.8553234537037037 0.20784001614583333 0.8502792814814815 0.1854402578125 0.8502849814814815 0.18539995989583333 0.8194471361111112 0.18068909947916667 0.819427187037037 0.18070723333333336 0.8244514111111111 0.181841628125 0.8244656601851852 0.18182147916666666 0.8552864064814816 0.2078903890625 0.8553234537037037
3 0.1533084828125 0.8194870333333333 0.15337497500000002 0.8050641203703703 0.14976828541666667 0.8050441722222222 0.14980052395833335 0.8244970074074074 0.16791456770833332 0.8245483046296296 0.16791456770833332 0.8194870333333333 0.1533084828125 0.8194870333333333
3 0.14977231510416666 0.7284012537037037 0.14973806145833332 0.7550954685185185 0.15335482552083332 0.7550954685185185 0.15328631875 0.7284269018518519 0.14977231510416666 0.7284012537037037
3 0.14980253854166667 0.682892562037037 0.14979246406250002 0.7037589055555555 0.1533286317708333 0.7037019092592592 0.15347773541666668 0.6829068111111111 0.14980253854166667 0.682892562037037
3 0.14979850885416665 0.6474066685185186 0.14979850885416665 0.6581476203703704 0.15343340729166668 0.6581590194444444 0.15347370520833334 0.6474494157407408 0.14979850885416665 0.6474066685185186
3 0.16938948229166667 0.6263151898148148 0.1693511989583333 0.6244514111111111 0.24201692500000002 0.6244685092592592 0.24197662708333334 0.6781333712962964 0.2745939953125 0.6781504703703704 0.27464436822916666 0.7090880592592593 0.28244005624999996 0.7091051583333333 0.2824017729166667 0.7058335703703703 0.283163409375 0.7057965231481482 0.283163409375 0.7031803935185186 0.27876888958333335 0.7032174407407408 0.27876888958333335 0.6722086064814814 0.2461011484375 0.6722257055555556 0.24610517812500002 0.6195297805555556 0.16780777760416665 0.6195269305555555 0.16780777760416665 0.6212453694444445 0.14980455364583334 0.6212881166666667 0.14980455364583334 0.6311769731481481 0.1534757203125 0.6311769731481481 0.15345154166666666 0.6263322879629629 0.16938948229166667 0.6263151898148148
4 0.16672980052083333 0.6580079796296296 0.16670562135416667 0.6829324592592593 0.17053798125 0.6829666574074074 0.1705500703125 0.6580421768518518 0.16672980052083333 0.6580079796296296
4 0.3406306671875 0.7392362499999999 0.34062865208333337 0.7462097462962963 0.3579750151041667 0.7462268453703703 0.3579750151041667 0.7393188944444445 0.3406306671875 0.7392362499999999
4 0.3059077171875 0.8261669990740741 0.3059782390625 0.8331005981481482 0.32687084427083335 0.8331319462962963 0.3268909932291667 0.8261869481481482 0.3059077171875 0.8261669990740741
4 0.1679689703125 0.8171473351851852 0.1679871046875 0.8251011685185184 0.18066895 0.8251211166666667 0.1806387265625 0.8171729833333333 0.1679689703125 0.8171473351851852
4 0.1501450734375 0.70385295 0.15011485 0.7283585064814815 0.15491839635416668 0.7283528074074074 0.15490429166666667 0.7037959537037037 0.1501450734375 0.70385295
3 0.2702155953125 0.7936705611111111 0.27018537187499997 0.7856597324074074 0.2644207130208333 0.7856169851851852 0.2644307880208333 0.7877315472222223 0.26852710052083334 0.7877030490740741 0.2685472494791667 0.7936848101851851 0.2702155953125 0.7936705611111111
3 0.19592182135416666 0.8409888861111111 0.195911746875 0.8488030777777777 0.19761031614583333 0.8487888287037036 0.19758009270833332 0.8385465944444445 0.19285109791666669 0.8386263888888889 0.19289945572916667 0.8200085490740741 0.2204009671875 0.8199458537037037 0.22037074375000001 0.8174722138888889 0.18651219010416667 0.8173924194444444 0.18653636927083334 0.8198119120370371 0.19119081197916668 0.8198233111111111 0.19120088645833333 0.8410202333333334 0.19592182135416666 0.8409888861111111
3 0.2473967359375 0.7383984037037037 0.24753375 0.681353662037037 0.2652024984375 0.6814477055555556 0.26508361875 0.7180222287037037 0.25655651822916664 0.7180649759259259 0.25653636927083334 0.7208492444444445 0.26539391510416666 0.7208634935185185 0.2654060046875 0.7402621833333334 0.2568789036458333 0.7402764324074075 0.2568889786458333 0.7423339981481482 0.265436228125 0.7422798518518519 0.265436228125 0.742507837037037 0.2765242796875 0.742507837037037 0.2765242796875 0.7422656027777778 0.2811243197916667 0.7422656027777778 0.2811243197916667 0.7403049305555556 0.27650413072916663 0.7402906814814815 0.2765001005208333 0.7099259046296296 0.27482369531249995 0.7099259046296296 0.2748337697916667 0.7401225416666667 0.26697964947916664 0.7401082925925926 0.2670622609375 0.6808948416666667 0.2740519848958333 0.6809090907407407 0.27408220833333335 0.6787631805555556 0.245718315625 0.6787688796296296 0.24568607708333332 0.6902336851851851 0.24256095104166667 0.6902336851851851 0.2426052791666667 0.6792334000000001 0.24110417083333333 0.6792163009259259 0.24110417083333333 0.6902336851851851 0.23350594375 0.6902422342592593 0.23350594375 0.6925420351851851 0.24552689895833335 0.6925420351851851 0.245488615625 0.7384269018518518 0.2473967359375 0.7383984037037037
3 0.2970521859375 0.762886862037037 0.29709248437499997 0.7835280703703704 0.2984988916666667 0.7835280703703704 0.2984686682291667 0.7629011111111111 0.2970521859375 0.762886862037037
2 0.5744972796875001 0.7474180675925925 0.5744569817708334 0.7660986037037036 0.5859057020833334 0.7661128527777777 0.5859359260416667 0.7474608148148149 0.5744972796875001 0.7474180675925925
3 0.737003828125 0.8092106009259259 0.7369836791666666 0.8148503851851852 0.7387809791666666 0.814836136111111 0.73874068125 0.80922485 0.737003828125 0.8092106009259259
3 0.7596776145833334 0.7939070962962963 0.7596614953124999 0.7915816472222222 0.7369836791666666 0.7916101453703703 0.7369937536458333 0.7954174981481481 0.7387507557291666 0.7954174981481481 0.7387467255208333 0.7939070962962963 0.7596776145833334 0.7939070962962963
3 0.64652025 0.7929723564814816 0.6464960708333333 0.8134881731481481 0.6488253072916667 0.8134881731481481 0.6488454562499999 0.7929866055555556 0.64652025 0.7929723564814816
2 0.5455913760416667 0.7026731259259259 0.5456316744791666 0.72076945 0.5629316947916667 0.7210401824074074 0.5628873666666667 0.7026531777777778 0.5455913760416667 0.7026731259259259
2 0.5975780776041667 0.7475349101851853 0.5975377796875 0.7662154462962963 0.6089885151041667 0.7662296953703703 0.6090187385416667 0.7475776574074074 0.5975780776041667 0.7475349101851853
2 0.634898246875 0.747503562037037 0.634898246875 0.7658848675925926 0.6461172677083333 0.7661128527777777 0.6461777151041667 0.7474750638888888 0.634898246875 0.747503562037037
3 0.7191759015625 0.7956454833333333 0.7191617973958333 0.791553149074074 0.7105440260416667 0.791553149074074 0.7104876083333332 0.8148418351851852 0.7121438645833333 0.8148418351851852 0.7121116260416667 0.7956312342592593 0.7191759015625 0.7956454833333333
3 0.6092383640625 0.7519492731481482 0.6092262744791667 0.8130208037037037 0.6106729802083334 0.8130350527777778 0.6106709651041666 0.751929325 0.6092383640625 0.7519492731481482
3 0.5860507755208333 0.751909375925926 0.5860306265625 0.8129980055555555 0.5876768083333332 0.8130122546296296 0.5876808380208334 0.7518865777777778 0.5860507755208333 0.751909375925926
3 0.6881442677083334 0.6524764888888889 0.6881039692708334 0.6655314907407407 0.6901531333333334 0.6655599888888889 0.6901249244791666 0.652504987037037 0.6881442677083334 0.6524764888888889
3 0.6897179125 0.7226588768518518 0.6896977635416667 0.7161385009259259 0.6882006848958333 0.7161385009259259 0.688210759375 0.7247050444444445 0.7002538786458333 0.7246907953703704 0.700263953125 0.7226588768518518 0.6897179125 0.7226588768518518
3 0.7512714083333333 0.7232316898148149 0.7513016322916666 0.7247221435185186 0.7583921015624999 0.7246936453703704 0.7584062057291666 0.723254488888889 0.7512714083333333 0.7232316898148149
3 0.7507717104166667 0.6965203759259259 0.7507817854166666 0.6978255916666667 0.7584263552083333 0.697882587962963 0.7584263552083333 0.6965488740740741 0.7507717104166667 0.6965203759259259
3 0.6897300020833333 0.7018409805555555 0.6897783598958332 0.6952693074074074 0.7060205520833333 0.695178112962963 0.7060507755208333 0.6987859787037037 0.7108321578125001 0.6987717296296296 0.7108502921875 0.7224707898148148 0.7042111625 0.722502137037037 0.7042111625 0.7248874324074074 0.7406004432291666 0.7249159305555556 0.74053798125 0.7116699916666667 0.7386983677083333 0.7116414935185185 0.7386923234374999 0.7220632657407406 0.7125287124999999 0.7220775148148147 0.7126012494791667 0.6963807351851852 0.7078198671875 0.6963664861111111 0.7077896432291666 0.681926475 0.7386620994791666 0.6819834712962963 0.7387265765625001 0.6983528074074075 0.7405339510416666 0.6983528074074075 0.7405339510416666 0.6791849527777778 0.7228027401041667 0.6791650046296296 0.7227785614583334 0.6475320601851852 0.7211263348958333 0.6475320601851852 0.7210900666666666 0.6607096037037037 0.7139190005208333 0.6606925046296297 0.7138424338541667 0.6525106870370371 0.7121599838541666 0.6525277861111111 0.7121841630208333 0.6629267601851853 0.7211243197916667 0.6629011111111112 0.7211323796875 0.6792846962962963 0.7060487609375 0.6792761472222223 0.7060729395833333 0.6929951555555556 0.6901390286458333 0.6929695074074074 0.690149103125 0.6812767166666667 0.6880737458333334 0.6813023657407408 0.6880132984375 0.6954773435185185 0.6882027 0.6954773435185185 0.6882027 0.7018267314814814 0.6897300020833333 0.7018409805555555
3 0.6406306671875 0.6825363351851852 0.640564175 0.6624337416666667 0.6407354421875 0.6624194925925926 0.6407152932291668 0.6525477342592592 0.6390771708333334 0.6525477342592592 0.6390872458333334 0.6601196925925926 0.63385049375 0.6601424907407407 0.6338907916666667 0.6625306351851852 0.6377755390625001 0.662493587962963 0.6377674791666668 0.6825648333333334 0.6406306671875 0.6825363351851852
3 0.6408764859375 0.7259133657407407 0.6408764859375 0.7276688518518518 0.6488313520833333 0.7276688518518518 0.6488071729166667 0.7259304648148148 0.6408764859375 0.7259133657407407
3 0.6169816640625 0.7256711314814815 0.6169715895833333 0.7276745509259259 0.6374209145833334 0.72768595 0.6374209145833334 0.7256853805555556 0.6169816640625 0.7256711314814815
3 0.5842272817708333 0.7055029925925925 0.5842252671875 0.7259361638888889 0.5795144067708333 0.7259361638888889 0.5794942572916667 0.72769735 0.5945295182291667 0.72769735 0.5945395932291666 0.7256654314814814 0.5856820473958333 0.7256796805555555 0.5856880916666667 0.7055428898148148 0.5946886963541667 0.7055286407407407 0.5946584729166666 0.7029296092592593 0.5860608505208333 0.7029039611111111 0.5860668947916667 0.6644799092592593 0.6036046744791667 0.6644941583333334 0.6038243 0.7053063546296297 0.6041104171874999 0.7053177546296295 0.6041043723958333 0.72768595 0.6055813015625 0.7276574518518518 0.6055450333333333 0.7052094611111112 0.6056961515625 0.7052237101851853 0.6056860770833333 0.661726987962963 0.5841426557291667 0.661732687037037 0.5841950432291667 0.6920404675925925 0.5798670161458334 0.692114562962963 0.5798670161458334 0.6776204046296296 0.5841386260416667 0.6775976064814815 0.5841386260416667 0.6754687944444444 0.5781825510416667 0.6754687944444444 0.5782006848958333 0.6945169564814815 0.5841063875 0.6945169564814815 0.5841084020833333 0.7055029925925925 0.5842272817708333 0.7055029925925925
3 0.5624541609375 0.6925448842592593 0.5624743098958334 0.6942034768518518 0.5676465848958333 0.6941607296296296 0.5676465848958333 0.6925562842592592 0.5624541609375 0.6925448842592593
3 0.7121015515625 0.7911057277777778 0.7121116260416667 0.7872385296296297 0.7123534151041666 0.7867996583333334 0.7123453557291667 0.7412225703703704 0.7092625427083333 0.7412539185185185 0.709260528125 0.7870703907407407 0.7094499296875 0.7873553722222222 0.7094418697916667 0.7911199768518519 0.7121015515625 0.7911057277777778
3 0.7003324604166666 0.6952835564814815 0.70030828125 0.7250783694444445 0.7041648197916667 0.7250641203703704 0.7042091479166667 0.6952636074074073 0.7003324604166666 0.6952835564814815
3 0.6374733026041667 0.6826303787037037 0.6374571833333333 0.7281704185185185 0.6408220833333333 0.7281561694444445 0.6408140239583333 0.6826018805555555 0.6374733026041667 0.6826303787037037
3 0.7022123713541667 0.8149786268518519 0.702228490625 0.8200598462962962 0.719391496875 0.8200455972222221 0.7193511989583333 0.8148446851851852 0.7022123713541667 0.8149786268518519
3 0.6390973203125 0.8150641203703705 0.6390872458333334 0.8200797944444445 0.656308684375 0.8200712453703705 0.6562885354166668 0.8150270731481482 0.6390973203125 0.8150641203703705
3 0.6053395125000001 0.8150213731481482 0.6053596614583333 0.8200370472222221 0.6180253880208333 0.8200512962962963 0.617991134375 0.8150327731481481 0.6053395125000001 0.8150213731481482
3 0.5768466651041667 0.815007124074074 0.5768789036458333 0.8200797944444445 0.591470884375 0.8200370472222221 0.591462825 0.814998575 0.5768466651041667 0.815007124074074
3 0.6462180135416666 0.7476175546296296 0.6461797302083333 0.792912511111111 0.6491738869791667 0.792912511111111 0.6491416484375 0.7476318037037037 0.6462180135416666 0.7476175546296296
3 0.6090973203125 0.7476033055555555 0.60912754375 0.7518865777777778 0.6348478744791667 0.7518352805555556 0.6348579489583333 0.7476660018518518 0.6090973203125 0.7476033055555555
3 0.7547410838541667 0.8148275861111111 0.7547592182291667 0.8201082925925925 0.7632984083333334 0.8200569962962964 0.7632581098958333 0.6411085777777777 0.7518255088541667 0.6410772296296297 0.7518658067708334 0.64614705 0.7597199276041666 0.6461185518518519 0.75969171875 0.8148275861111111 0.7547410838541667 0.8148275861111111
3 0.7427483375 0.64614705 0.7427483375 0.6410914787037036 0.7090610515625 0.641134225925926 0.7090670963541666 0.6462553435185185 0.7016441666666666 0.6462125962962962 0.7016542411458333 0.6512567685185185 0.7126435625 0.6512567685185185 0.7126032640625 0.6460986037037036 0.7427483375 0.64614705
3 0.5614326010416666 0.7013166148148149 0.5614467057291667 0.6604873185185186 0.5691134395833333 0.6604673694444444 0.5690892604166666 0.6554488453703704 0.5572919604166666 0.6554659444444445 0.5572637515625 0.7026047305555556 0.5590711265625 0.7025676833333333 0.5590570218750001 0.7013166148148149 0.5614326010416666 0.7013166148148149
3 0.6483316541666666 0.6511969222222223 0.6483376989583333 0.6462182953703703 0.6294297802083333 0.6462068962962964 0.6294257505208333 0.6554659444444445 0.6282248640625 0.6554602453703704 0.6282510578125 0.6605243657407407 0.6329437838541666 0.6605158166666667 0.6329337093749999 0.6512111712962964 0.6483316541666666 0.6511969222222223
3 0.7368023375 0.8149073814814815 0.7368124119791666 0.8200512962962963 0.7431996776041667 0.8200655453703704 0.7431291557291666 0.814836136111111 0.7368023375 0.8149073814814815
3 0.5781926255208333 0.6554231972222222 0.5782027000000001 0.6604673694444444 0.6107535765625 0.6604958675925926 0.6107938744791667 0.6554374462962963 0.5781926255208333 0.6554231972222222
3 0.6657888375 0.6462097462962962 0.6658291354166667 0.6512824166666666 0.6924884140625001 0.6512339694444444 0.6924561755208334 0.6462097462962962 0.6657888375 0.6462097462962962
3 0.5558895828125 0.8200911944444444 0.5558553296875 0.8150441722222223 0.5458271208333334 0.8150270731481482 0.5457646583333333 0.7502507833333334 0.5614326010416666 0.7502849814814815 0.561444690625 0.7224878879629629 0.5589985895833334 0.722516386111111 0.5589985895833334 0.7210230833333333 0.5572919604166666 0.7210230833333333 0.5572919604166666 0.7443744657407407 0.5416240177083333 0.7443887148148148 0.5416078984375 0.8200569962962964 0.5558895828125 0.8200911944444444
3 0.5744368328125 0.7518352805555556 0.5744106385416666 0.7476346537037037 0.5646685473958333 0.7476346537037037 0.5645879510416666 0.7478341407407407 0.5619061052083333 0.7477628953703704 0.5619061052083333 0.751741237037037 0.5645174291666667 0.7516956398148148 0.5645577270833333 0.7518267314814814 0.5744368328125 0.7518352805555556
3 0.586000403125 0.7476033055555555 0.5859963729166666 0.7518637787037037 0.5975297197916666 0.7518352805555556 0.597515615625 0.7476318037037037 0.586000403125 0.7476033055555555
4 0.5691577677083333 0.6558877175925926 0.5691577677083333 0.6626617268518519 0.5781624015625 0.6626389287037037 0.5781462822916666 0.6559304648148148 0.5691577677083333 0.6558877175925926
4 0.6108482770833333 0.6559076657407407 0.6107878296875 0.662695925 0.6282006848958334 0.6627101740740741 0.6281422526041667 0.6558934166666666 0.6108482770833333 0.6559076657407407
4 0.6483981463541666 0.6467027638888889 0.6483779973958333 0.6537332574074074 0.6658029416666668 0.6537475064814815 0.6657525692708333 0.6466885148148148 0.6483981463541666 0.6467027638888889
4 0.6925085635416667 0.6466600166666667 0.6925186380208334 0.653476774074074 0.7016199880208334 0.6534340268518518 0.7015796895833333 0.6466742657407407 0.6925085635416667 0.6466600166666667
4 0.7427946807291667 0.6415474490740741 0.7428289338541667 0.6484497009259259 0.7518476729166667 0.6484781990740741 0.7517831958333333 0.6415474490740741 0.7427946807291667 0.6415474490740741
4 0.7192061255208333 0.7899344546296296 0.7192282895833333 0.7954260472222222 0.7369453958333333 0.7954260472222222 0.7369252468749999 0.7899145055555555 0.7192061255208333 0.7899344546296296
4 0.743189603125 0.8149786268518519 0.7432399760416666 0.8195525787037038 0.7547189197916667 0.8196238240740741 0.7546886963541667 0.815007124074074 0.743189603125 0.8149786268518519
4 0.7193955270833333 0.8147933888888889 0.719435825 0.8206469083333333 0.7367418901041667 0.8206469083333333 0.7367418901041667 0.8147791398148148 0.7193955270833333 0.8147933888888889
4 0.6563127140625 0.8127899685185186 0.6563530125 0.8206497574074074 0.7021922223958333 0.8206611574074074 0.7021619989583333 0.8128042175925927 0.6563127140625 0.8127899685185186
4 0.6180354625 0.8128184666666667 0.6180858354166666 0.8195668277777778 0.6390469473958333 0.8195525787037038 0.6390469473958333 0.8128042175925927 0.6180354625 0.8128184666666667
4 0.5915011083333332 0.8127757194444445 0.5915615557291667 0.8195269305555555 0.6052649609375 0.8195582787037037 0.60527705 0.8128070675925926 0.5915011083333332 0.8127757194444445
4 0.5559157765625 0.8127614703703704 0.5559460005208333 0.8195611287037038 0.5768144265624999 0.8195896268518519 0.5768144265624999 0.8128384157407408 0.5559157765625 0.8127614703703704
2 0.5676969572916666 0.6919036759259259 0.5677171067708334 0.696902250925926 0.578132178125 0.6969820462962962 0.5781624015625 0.6919521231481482 0.5676969572916666 0.6919036759259259
2 0.6865242796875 0.7018751777777777 0.6865343541666667 0.7160815046296296 0.6900785812500001 0.7160672555555555 0.6900382833333333 0.701917925 0.6865242796875 0.7018751777777777
2 0.6999919401041667 0.6812482185185185 0.69991134375 0.665579937037037 0.6879488213541667 0.6656369333333333 0.6879085229166667 0.6812197203703704 0.6999919401041667 0.6812482185185185
2 0.7409389484375001 0.6958677685185185 0.7409490229166666 0.7012795666666667 0.7507435020833333 0.7013650611111111 0.7507334276041667 0.6959247648148148 0.7409389484375001 0.6958677685185185
2 0.7409107395833333 0.7115930462962963 0.7408885755208333 0.6984126527777778 0.730404996875 0.698452550925926 0.7306246223958334 0.7114790537037037 0.7409107395833333 0.7115930462962963
2 0.7222687890625 0.7411684240740741 0.7222083416666667 0.7249729268518519 0.7091315734375 0.7249586777777778 0.7091416484375 0.7411256768518519 0.7222687890625 0.7411684240740741
2 0.7388575458333333 0.8091251064814814 0.7389119484375001 0.7954744944444444 0.728043521875 0.7955314907407407 0.7279669557291667 0.8091450555555556 0.7388575458333333 0.8091251064814814
2 0.5946745921875001 0.6908805925925926 0.5947652630208334 0.7060245083333334 0.6037578078125 0.7059874611111111 0.60368325625 0.6907950981481482 0.5946745921875001 0.6908805925925926
2 0.6056518234375 0.7110658305555556 0.6056397338541667 0.7283613564814815 0.6169212171874999 0.7283129092592593 0.6169413661458333 0.7112938157407407 0.6056518234375 0.7110658305555556
2 0.5946443682291667 0.7136791111111112 0.5945698166666666 0.7283100601851852 0.6040439249999999 0.7283414074074074 0.6040257906250001 0.7136791111111112 0.5946443682291667 0.7136791111111112
2 0.24757001822916666 0.7284611 0.24751360052083332 0.7431091481481481 0.2568305458333333 0.7431062981481481 0.25679024791666666 0.7285038472222223 0.24757001822916666 0.7284611
2 0.2833004229166667 0.6875406101851852 0.28318960312499997 0.711359362037037 0.29635704218750003 0.711359362037037 0.2964174895833333 0.6874237675925926 0.2833004229166667 0.6875406101851852
2 0.29855732395833334 0.7622741518518519 0.298607696875 0.7795497296296297 0.3098972395833333 0.779449986111111 0.30988716510416664 0.7622314046296297 0.29855732395833334 0.7622741518518519
2 0.20226878906249998 0.6910430324074074 0.202035059375 0.7083870046296296 0.2131855734375 0.7084041037037037 0.21319564791666668 0.6911285268518519 0.20226878906249998 0.6910430324074074
4 0.14936530312500002 0.7551724138888888 0.14936731822916668 0.804830436111111 0.1548901875 0.8049130805555555 0.15489623229166666 0.7551980620370371 0.14936530312500002 0.7551724138888888
2 0.1903969375 0.7231832435185186 0.19023574427083334 0.7385294953703704 0.20239774322916665 0.7385608435185185 0.20235543020833333 0.7231233972222222 0.1903969375 0.7231832435185186
2 0.2084364296875 0.820176688888889 0.20854724947916664 0.8353063546296297 0.2204896234375 0.835369050925926 0.2204896234375 0.820205187037037 0.2084364296875 0.820176688888889
4 0.15011283489583332 0.6312567685185185 0.15009873072916669 0.6473154740740741 0.1532218416666667 0.6473781703703704 0.1531936328125 0.6312567685185185 0.15011283489583332 0.6312567685185185
4 0.1493612734375 0.6582160157407407 0.14937134791666665 0.6828355657407407 0.15350594374999998 0.6828498148148148 0.15348982447916668 0.6582131657407407 0.1493612734375 0.6582160157407407
2 0.3168668145833333 0.7251154175925926 0.3168668145833333 0.7430578509259259 0.32822687864583333 0.7430436018518518 0.3281664317708334 0.7251439157407408 0.3168668145833333 0.7251154175925926
4 0.2078541203125 0.8481191222222222 0.20792665729166665 0.8549045314814815 0.21686882916666667 0.8549045314814815 0.21689300833333333 0.848062125925926 0.2078541203125 0.8481191222222222
4 0.2297400765625 0.8482188657407407 0.22980455364583333 0.8549501287037037 0.24710054427083333 0.8549643777777778 0.24720934895833332 0.8482046166666666 0.2297400765625 0.8482188657407407
2 0.22310296197916665 0.66614705 0.22313117083333334 0.6721117129629629 0.23353818229166665 0.6721430611111111 0.23358855520833333 0.6661328009259259 0.22310296197916665 0.66614705
4 0.27019544635416665 0.7833000851851852 0.2702337296875 0.7900826444444444 0.29372758437499996 0.7900341981481481 0.29372758437499996 0.7832430888888889 0.27019544635416665 0.7833000851851852
3 0.297285915625 0.8285608435185186 0.2973020348958333 0.7855314907407407 0.29377191197916663 0.7855343398148148 0.29375176302083333 0.8336306638888888 0.3059943583333334 0.8336021657407408 0.3059238364583334 0.8285465944444445 0.297285915625 0.8285608435185186
3 0.3159419708333333 0.709048162037037 0.3158633890625 0.682684525925926 0.36098932083333335 0.6826132805555556 0.36098932083333335 0.7413251638888889 0.35802740260416666 0.7413536620370371 0.35802538802083334 0.7463664861111111 0.364563771875 0.7463807351851851 0.36458392083333335 0.6767882583333333 0.3117247630208333 0.6767740092592592 0.3117146885416667 0.7032259907407408 0.29642957864583336 0.7031832435185186 0.2964195041666667 0.7059247648148148 0.2975921822916667 0.7058962666666667 0.29761233125 0.7091051583333333 0.3159419708333333 0.709048162037037
3 0.3282571026041667 0.7397321175925926 0.3282772515625 0.742516386111111 0.3342333265625 0.742516386111111 0.33424340104166667 0.7397748648148148 0.3282571026041667 0.7397321175925926
3 0.2644630265625 0.8295383296296296 0.26443884739583334 0.8331005981481482 0.29360467447916666 0.8331347962962963 0.29360467447916666 0.8295383296296296 0.2644630265625 0.8295383296296296
3 0.21826717708333332 0.8354545453703704 0.21829941562500002 0.848857224074074 0.2204090265625 0.8488429749999999 0.22035260937499998 0.8354773435185184 0.21826717708333332 0.8354545453703704
3 0.31525085625 0.7106554574074073 0.31524481145833333 0.7397520657407407 0.29800926874999994 0.7397805638888889 0.29800926874999994 0.7328213166666666 0.2968587546875 0.7328213166666666 0.29688293385416664 0.7424850388888888 0.31678017343750003 0.7424850388888888 0.31680838177083337 0.7106554574074073 0.31525085625 0.7106554574074073
3 0.33421922239583335 0.7628184666666666 0.30992343333333333 0.762861213888889 0.30992343333333333 0.7649216305555555 0.33420914791666667 0.7649216305555555 0.33421922239583335 0.7628184666666666
3 0.25963731614583335 0.7649016814814814 0.2595990328125 0.7834995722222222 0.2610356640625 0.7834853231481481 0.26098327604166666 0.7629125111111111 0.25124118489583336 0.7629125111111111 0.251251259375 0.7649016814814814 0.25963731614583335 0.7649016814814814
2 0.24760427135416666 0.7063265888888889 0.24756195833333333 0.721530350925926 0.2565323390625 0.7215958962962963 0.25650211562499997 0.706340837962963 0.24760427135416666 0.7063265888888889
2 0.22427966979166666 0.6899002564814815 0.22424944583333334 0.7052408092592592 0.23350392916666665 0.705203762037037 0.23347370520833335 0.6898746083333334 0.22427966979166666 0.6899002564814815
3 0.23362280885416667 0.666554574074074 0.23360265989583334 0.6685978907407407 0.24105178333333335 0.6686149898148148 0.24104573854166667 0.6665944712962962 0.23362280885416667 0.666554574074074
3 0.21827120677083334 0.6666372185185185 0.21830949010416667 0.6245853518518518 0.21671569635416665 0.6245882018518518 0.216784203125 0.668666287037037 0.22310296197916665 0.668666287037037 0.22308281302083335 0.6666372185185185 0.21827120677083334 0.6666372185185185
3 0.29691114270833335 0.7105927611111111 0.29691114270833335 0.7181647194444444 0.2980656859375 0.7181647194444444 0.29802538802083334 0.7105927611111111 0.29691114270833335 0.7105927611111111
2 0.15735039270833334 0.6552864064814815 0.157322184375 0.6706298092592593 0.16677211354166666 0.6705899120370371 0.1667358453125 0.6552664574074074 0.15735039270833334 0.6552864064814815
3 0.2179689703125 0.7384554 0.2179689703125 0.7291080083333333 0.233435421875 0.7291507555555555 0.23346564583333332 0.7384126527777778 0.23532339322916668 0.7384269018518518 0.23533346770833333 0.7266628666666667 0.21822889375 0.7266628666666667 0.21827926666666667 0.6925420351851851 0.22424541614583332 0.6925847824074074 0.22424541614583332 0.6902707324074074 0.21627644583333333 0.6902764324074074 0.21627040104166667 0.7055115416666666 0.21322788645833332 0.7055115416666666 0.21322788645833332 0.7075862064814814 0.21629055 0.7075719574074074 0.21627040104166667 0.7384411509259259 0.2179689703125 0.7384554
3 0.2005117869791667 0.6938130518518518 0.2005420109375 0.7230550018518519 0.2019685671875 0.7230550018518519 0.20198670156249998 0.6938273009259259 0.2005117869791667 0.6938130518518518
3 0.15445093697916665 0.7391336564814815 0.15445093697916665 0.7425021370370369 0.16894821666666668 0.7425562842592592 0.16894821666666668 0.7391194074074074 0.15445093697916665 0.7391336564814815
3 0.1665766671875 0.6829666574074074 0.16654644375000002 0.6896865203703704 0.15342937760416667 0.6896437731481482 0.15341930260416667 0.6920290685185185 0.16925851302083333 0.6920290685185185 0.16926858749999998 0.6829524083333334 0.1665766671875 0.6829666574074074
3 0.16783397135416667 0.6263237388888888 0.16783800104166666 0.6552379592592593 0.1667922625 0.6552522083333333 0.1668023375 0.6579110861111112 0.1693431390625 0.6579395842592592 0.16940963125000003 0.6263123398148148 0.16783397135416667 0.6263237388888888
3 0.15353818229166669 0.6553548018518518 0.15352206302083332 0.6580678259259259 0.15726576666666667 0.6580678259259259 0.15725770729166666 0.6553833 0.15353818229166669 0.6553548018518518
3 0.27020753593749997 0.29366771203703707 0.27016522239583335 0.285203762037037 0.2643401166666667 0.28518951296296297 0.2643401166666667 0.2876631518518518 0.2685673989583333 0.2876774009259259 0.26860769687499997 0.29365631203703707 0.27020753593749997 0.29366771203703707
3 0.166193834375 0.22892277037037037 0.1661837598958333 0.25074380185185186 0.16805158177083335 0.25072955277777775 0.1680213578125 0.22892277037037037 0.166193834375 0.22892277037037037
3 0.16805158177083335 0.20357936759259257 0.1680213578125 0.19135081203703702 0.16874471093750001 0.19133656296296295 0.16870441249999998 0.18322314074074073 0.16699576875 0.18320889166666665 0.16699375364583335 0.18875748055555555 0.1661757 0.1887916787037037 0.16619987916666668 0.2035708175925926 0.16805158177083335 0.20357936759259257
2 0.2023393109375 0.19109432870370371 0.20210558125 0.20843830185185186 0.2132560953125 0.20845255092592593 0.21326616979166665 0.19117982314814816 0.2023393109375 0.19109432870370371
3 0.20222043125000003 0.24283556574074072 0.20221035677083332 0.23864063796296298 0.1734051984375 0.23852949537037035 0.17331452760416666 0.23870048425925924 0.169788434375 0.23866913611111112 0.16979850885416664 0.24261612962962964 0.17305460416666665 0.24259333148148146 0.17315333489583334 0.24279281851851853 0.20222043125000003 0.24283556574074072
3 0.2022244609375 0.19397264166666667 0.2021942375 0.1895554287037037 0.17399758229166667 0.18957537777777778 0.17373564375 0.1898432601851852 0.17049163802083334 0.1898290111111111 0.17047148906249998 0.1936221148148148 0.17379609114583333 0.19369336018518518 0.17393713489583332 0.19399259074074074 0.2022244609375 0.19397264166666667
3 0.3159681645833333 0.20919920185185184 0.3158895828125 0.18283556574074075 0.3610155145833333 0.18276432037037038 0.3610155145833333 0.24147620370370373 0.3581019546875 0.24149045277777778 0.3580515817708333 0.2465175259259259 0.364589965625 0.246531775 0.3646101151041667 0.17693929907407407 0.31175095729166663 0.17692505 0.3117408822916667 0.20337703055555553 0.2964094296875 0.20332573425925926 0.2963993552083333 0.20605300648148148 0.2976183760416667 0.20604730648148148 0.297638525 0.20925619814814814 0.3159681645833333 0.20919920185185184
3 0.16933709427083335 0.1263750351851852 0.16932299010416668 0.1245112564814815 0.24198871666666666 0.12453120555555557 0.24195043333333333 0.1781932175925926 0.2745657869791666 0.17821316574074073 0.27461817447916664 0.20914790555555557 0.28238766875 0.2091906527777778 0.28240781770833334 0.20589626666666666 0.28317146875 0.20589626666666666 0.28319161822916666 0.2032972361111111 0.27874269583333333 0.20328013703703704 0.27874269583333333 0.17226845277777778 0.24607495468749999 0.17228840092592593 0.246078984375 0.11959247685185186 0.16777956875 0.11958962685185186 0.16777956875 0.12130806481481482 0.14977835989583335 0.12134796203703704 0.14977835989583335 0.13123966944444446 0.1534495265625 0.13123966944444446 0.15342333281249998 0.12639498425925927 0.16933709427083335 0.1263750351851852
4 0.16735845260416668 0.15812482222222224 0.16732822864583333 0.18315189537037035 0.170572234375 0.18316614444444443 0.1705420109375 0.15812482222222224 0.16735845260416668 0.15812482222222224
4 0.16658472708333333 0.20365061296296297 0.16660890572916667 0.22886862314814815 0.16987507552083334 0.22888572222222223 0.16984888177083332 0.20367911111111112 0.16658472708333333 0.20365061296296297
2 0.2986278458333333 0.26224850370370373 0.2986681442708334 0.2794813333333333 0.30990328437500003 0.27937019074074076 0.3098932098958333 0.2621544601851852 0.2986278458333333 0.26224850370370373
4 0.14921015520833333 0.15836705648148147 0.14922022968749998 0.1829837564814815 0.153356840625 0.18300085462962962 0.15334072135416665 0.15836420648148147 0.14921015520833333 0.15836705648148147
4 0.15011283489583332 0.13131946388888888 0.15009873072916669 0.14737817037037035 0.1532218416666667 0.14744086666666664 0.1531936328125 0.13131946388888888 0.15011283489583332 0.13131946388888888
2 0.19039895208333332 0.2231946425925926 0.19023574427083334 0.23854374444444446 0.20239774322916665 0.2385722425925926 0.2023574453125 0.2231376462962963 0.19039895208333332 0.2231946425925926
2 0.24757404791666668 0.22844115092592593 0.24751763020833334 0.24308919907407409 0.25683457604166665 0.24308634907407406 0.2567942776041667 0.22848389814814815 0.24757404791666668 0.22844115092592593
3 0.195885553125 0.34099173518518516 0.1958815234375 0.3502365342592592 0.19759016718750003 0.35022228518518517 0.19756195833333334 0.3386890851851852 0.19285109791666669 0.33866058703703705 0.1929296796875 0.3174095185185185 0.18283497864583334 0.31739526944444446 0.18284505364583334 0.3197520657407407 0.19119081197916668 0.319820462037037 0.19119484166666664 0.34101738425925926 0.195885553125 0.34099173518518516
2 0.2833004229166667 0.1876403537037037 0.28318960312499997 0.2114619546296296 0.29635704218750003 0.2114619546296296 0.2964174895833333 0.18752636111111112 0.2833004229166667 0.1876403537037037
2 0.316925246875 0.2251724138888889 0.316925246875 0.2431148472222222 0.3282349385416667 0.2431148472222222 0.3281644166666667 0.22520091203703704 0.316925246875 0.2251724138888889
2 0.24760628645833332 0.2063066398148148 0.24756598854166667 0.22151325185185183 0.25653636927083334 0.22157879722222223 0.2565061453125 0.2063208888888889 0.24760628645833332 0.2063066398148148
2 0.22439250468750002 0.19001424907407408 0.22436228072916667 0.20535765185185184 0.2336167640625 0.20531775462962965 0.233586540625 0.18999145092592593 0.22439250468750002 0.19001424907407408
2 0.20842836979166668 0.3113679111111111 0.20853919010416666 0.32649757777777777 0.22059036875 0.3266144203703704 0.22060044322916667 0.3112710175925926 0.20842836979166668 0.3113679111111111
2 0.2231150515625 0.16621829537037036 0.22314325989583333 0.17218295833333333 0.233550271875 0.1722143064814815 0.23360064479166667 0.1662040462962963 0.2231150515625 0.16621829537037036
1 0 0 0 1 1 1 1 0 0 0
3 0.218273221875 0.16677685925925928 0.21831150520833334 0.12472499259259259 0.2167177109375 0.1247278425925926 0.21678621822916666 0.16880592777777778 0.22310296197916665 0.16880592777777778 0.22308281302083335 0.16677685925925928 0.218273221875 0.16677685925925928
2 0.7987406812500001 0.3290738101851852 0.7995647791666667 0.31568823055555556 0.7889280677083333 0.31473639259259256 0.7879246421875 0.3283613564814815 0.7987406812500001 0.3290738101851852
3 0.5215252869791667 0.24842690185185187 0.5215373765625 0.27506127129629626 0.5244166833333334 0.27508406944444447 0.5243723552083334 0.24844970092592591 0.5215252869791667 0.24842690185185187
3 0.6519101348958334 0.18871473333333333 0.690854321875 0.19360501574074074 0.6909389484375 0.19201481944444443 0.69170864375 0.19207466481481483 0.6918658067708333 0.18943288703703703 0.6520149104166666 0.1844457111111111 0.5818899859375001 0.18441436296296296 0.5818698369791666 0.19655172407407406 0.5847854119791667 0.1966400685185185 0.5847652630208333 0.18862638888888889 0.6519101348958334 0.18871473333333333
2 0.4963469677083333 0.20623824444444444 0.4963469677083333 0.22223140462962962 0.5006649203125 0.22220290648148147 0.5005843239583333 0.20633513796296296 0.4963469677083333 0.20623824444444444
3 0.47282490416666667 0.3165574240740741 0.47283497864583335 0.16525505833333332 0.47924239375 0.16528355648148146 0.47924239375 0.16069535462962964 0.4698307473958333 0.16068110555555556 0.4698105984375 0.3208463953703704 0.48389280677083335 0.32086064444444445 0.48389280677083335 0.316543175 0.47282490416666667 0.3165574240740741
3 0.5606306671875 0.19253918518518517 0.5606205921874999 0.19683100555555555 0.5715091677083334 0.1968595037037037 0.5715393916666667 0.19256768333333332 0.5606306671875 0.19253918518518517
2 0.5246060848958334 0.2483898546296296 0.5246483979166666 0.2321915074074074 0.511444690625 0.23216870925925928 0.5113862583333334 0.24820746666666665 0.5246060848958334 0.2483898546296296
2 0.7788535161458333 0.24734112314814816 0.7779367317708333 0.26327728703703707 0.7911202901041666 0.26448560833333334 0.7920773723958334 0.24893131944444444 0.7788535161458333 0.24734112314814816
2 0.8072496473958334 0.24796523240740742 0.8080818052083334 0.2351724138888889 0.7974954666666666 0.2337959537037037 0.7964920411458334 0.24653747499999998 0.8072496473958334 0.24796523240740742
3 0.5259097317708333 0.3174465657407407 0.5259298812500001 0.2804417212962963 0.5322788635416666 0.28047021944444445 0.5322687890625001 0.2760815046296296 0.5229679630208334 0.2760815046296296 0.5229357244791667 0.3165916212962963 0.5118980453125 0.31657167314814816 0.5119081203125 0.3208463953703704 0.5310175296875 0.32086064444444445 0.53098730625 0.3174665148148148 0.5259097317708333 0.3174465657407407
4 0.8137658671875 0.18113707592592593 0.8134757203125 0.18481618703703703 0.8224944588541666 0.18583927037037037 0.8227765463541666 0.18234254814814813 0.8137658671875 0.18113707592592593
4 0.7802478338541667 0.30767455092592594 0.7801873864583333 0.31241664259259255 0.7978581505208333 0.314611 0.7981261333333334 0.30986035925925925 0.7802478338541667 0.30767455092592594
4 0.8028772921874999 0.3358677685185185 0.8026858755208334 0.3395611287037037 0.8141366109375 0.34102308333333337 0.8144972796875 0.33731547407407403 0.8028772921874999 0.3358677685185185
4 0.7790509770833334 0.3332031916666667 0.7786359057291666 0.33769165 0.7960185369791667 0.33980906203703704 0.796272415625 0.3353918490740741 0.7790509770833334 0.3332031916666667
4 0.7175095708333333 0.3256483324074074 0.7172375578125 0.3300512962962963 0.7665524885416667 0.33611570277777775 0.7667741286458334 0.33171273888888886 0.7175095708333333 0.3256483324074074
4 0.7186379208333334 0.3009888861111111 0.7184868020833334 0.3062610425925926 0.768210759375 0.31233684814814816 0.7684928468750001 0.30716443425925927 0.7186379208333334 0.3009888861111111
4 0.656272415625 0.2529438583333333 0.6563429375 0.25922200092592595 0.70429981875 0.2650897694444444 0.7047007859375001 0.2588372759259259 0.656272415625 0.2529438583333333
4 0.7499194036458333 0.19216015925925925 0.7495567197916666 0.19734397222222225 0.7676868828125 0.19968937037037038 0.7678057625 0.1944457111111111 0.7499194036458333 0.19216015925925925
4 0.7519181947916667 0.1644029638888889 0.7517167036458333 0.16786833888888888 0.7690731411458334 0.16999999999999998 0.7692826916666667 0.1665887712962963 0.7519181947916667 0.1644029638888889
3 0.538889784375 0.1559903101851852 0.5389663510416667 0.19677400925925925 0.5431352005208333 0.19681675648148148 0.5431553494791667 0.19255343425925925 0.5420108807291667 0.19255343425925925 0.5420390890625 0.1517640351851852 0.513884746875 0.1517953833333333 0.5139169859375 0.16072670277777776 0.4882953859375 0.1606668564814815 0.48831553489583335 0.16525505833333332 0.516977634375 0.16527215740740742 0.5169574854166666 0.15602450833333334 0.538889784375 0.1559903101851852
2 0.8132037072916667 0.1870732398148148 0.8119262541666666 0.20410943333333334 0.822766471875 0.2053833 0.8236490026041667 0.18823881481481483 0.8132037072916667 0.1870732398148148
2 0.6929216197916667 0.17262752962962963 0.6915555109375 0.1958250212962963 0.7046423536458334 0.19735822129629632 0.7061293572916667 0.17453120555555557 0.6929216197916667 0.17262752962962963
2 0.6396796291666667 0.21758620648148147 0.6395708239583333 0.23278426944444444 0.6489300828125 0.2328013675925926 0.6487285916666666 0.21768595000000002 0.6396796291666667 0.21758620648148147
2 0.6290550072916666 0.251923625 0.6290852307291667 0.26922485 0.6403929072916666 0.2691678537037037 0.6404231312499999 0.25189512685185184 0.6290550072916666 0.251923625
2 0.5881966552083333 0.251920775 0.5882268786458333 0.26922485 0.5995345557291666 0.2691678537037037 0.5995647791666666 0.25189227685185184 0.5881966552083333 0.251920775
2 0.5716340921874999 0.1817041888888889 0.571577675 0.19877172962962963 0.5817973 0.19878027962962963 0.5818275234375 0.18171843796296297 0.5716340921874999 0.1817041888888889
2 0.5713237958333334 0.21508406944444444 0.5713661093750001 0.2322000574074074 0.5819887166666666 0.23220575648148148 0.5818980453125 0.21510116851851852 0.5713237958333334 0.21508406944444444
2 0.5020914770833333 0.1840068398148148 0.5020310296875 0.19924764907407408 0.5113923031250001 0.19923339999999998 0.5113520046875 0.18399259074074073 0.5020914770833333 0.1840068398148148
2 0.4769232317708333 0.17215731018518518 0.4769655447916667 0.18927329722222222 0.48787829947916667 0.18927329722222222 0.48783800104166664 0.17207181574074074 0.4769232317708333 0.17215731018518518
3 0.6290328432291666 0.2545340555555555 0.6290227682291667 0.2525904814814815 0.5996151520833333 0.2525619833333333 0.5996050776041667 0.29331718425925923 0.6011424541666667 0.2932886861111111 0.6011323796875 0.2545198064814815 0.6290328432291666 0.2545340555555555
3 0.5639008666666666 0.25249073796296295 0.5639109411458333 0.2545625537037037 0.5881563572916666 0.2545910518518518 0.5881462822916668 0.25253348518518515 0.5639008666666666 0.25249073796296295
3 0.5600604473958334 0.27607295555555555 0.5600745515625001 0.25485323425925926 0.5536046744791666 0.25485038518518516 0.5536147489583333 0.2572385296296296 0.5583155348958333 0.25726417777777777 0.5583538182291666 0.27605870648148145 0.5600604473958334 0.27607295555555555
3 0.5320310296875 0.2572755768518518 0.5320411041666666 0.25481903703703707 0.5254140640625 0.25484468518518516 0.5254281682291667 0.2760444574074074 0.5272053192708334 0.2760302083333333 0.5272113640625 0.25726132777777777 0.5320310296875 0.2572755768518518
3 0.5594680635416667 0.32036192685185183 0.5594579890625 0.3169392990740741 0.5309832760416666 0.3169392990740741 0.5309631270833334 0.28048731851851855 0.5293068708333333 0.28048731851851855 0.529286721875 0.3174095185185185 0.5310276041666666 0.3174237675925926 0.5310537979166666 0.3203334287037037 0.5594680635416667 0.32036192685185183
3 0.5122566994791666 0.29520661111111113 0.512246625 0.2974351666666667 0.5228974411458334 0.2974836138888889 0.522907515625 0.2951382157407408 0.5122566994791666 0.29520661111111113
3 0.4728652026041667 0.29514961481481483 0.47285714270833334 0.29744086666666664 0.48351400364583336 0.2974836138888889 0.48350997395833334 0.2951211166666666 0.4728652026041667 0.29514961481481483
3 0.6298367921875 0.2956169851851852 0.6298569411458333 0.2981590194444444 0.641648196875 0.2981732685185185 0.6416582713541668 0.2956027361111111 0.6298367921875 0.2956169851851852
3 0.5906770098958333 0.2956169851851852 0.5906770098958333 0.2981590194444444 0.6117831958333333 0.29815332037037034 0.6117831958333333 0.295582787037037 0.5906770098958333 0.2956169851851852
3 0.5625347572916667 0.2955599888888889 0.5625448317708333 0.2981732685185185 0.5725972192708333 0.2981590194444444 0.57260729375 0.2955457398148148 0.5625347572916667 0.2955599888888889
3 0.7058996572916667 0.3241692787037037 0.6474209145833334 0.31690510092592594 0.6446907114583333 0.3168823027777778 0.6447007859375 0.3203191796296296 0.6473624822916667 0.32034767777777773 0.7057203302083334 0.3275947564814815 0.7058996572916667 0.3241692787037037
3 0.7184424744791666 0.30626389259259257 0.7184726979166667 0.3038273009259259 0.7101370140625 0.302698775 0.7120128953125 0.2714819037037037 0.7092786619791667 0.2711456259259259 0.7068627843749999 0.31080934722222225 0.7096353010416667 0.3110943287037037 0.7099758208333333 0.3052408092592593 0.7184424744791666 0.30626389259259257
3 0.7799012692708334 0.31277571944444443 0.7799194036458333 0.3103761759259259 0.776977634375 0.31020518703703703 0.7769071125 0.31085779444444445 0.7683800119791666 0.30997720185185185 0.7682389682291666 0.31239099444444446 0.7787044125 0.31365631203703703 0.7787245619791666 0.31260473055555554 0.7799012692708334 0.31277571944444443
3 0.7968930083333333 0.329042462037037 0.7965927864583333 0.33502422314814817 0.7983497885416667 0.33523510925925926 0.79873060625 0.3291564546296296 0.7968930083333333 0.329042462037037
3 0.7776465848958334 0.244237675 0.7775055411458334 0.24705044166666668 0.8067277854166667 0.2506070101851852 0.8069091276041667 0.2480336277777778 0.7776465848958334 0.244237675
3 0.7884787427083333 0.2180250787037037 0.7881966552083333 0.2230236537037037 0.7790570218749999 0.22188942685185184 0.7788776947916667 0.22424622407407407 0.7897038083333333 0.22558278703703705 0.7900161192708333 0.22060986018518516 0.8065162197916667 0.22262752962962964 0.8058009270833334 0.2347762898148148 0.80777956875 0.23497007685185187 0.8088958291666667 0.21568538055555556 0.7795305260416666 0.21200341944444445 0.7794197057291666 0.21420347685185184 0.8070904692708333 0.21765460277777776 0.8069897239583333 0.22029638055555556 0.7884787427083333 0.2180250787037037
3 0.823100946875 0.2002279851851852 0.8230002015625 0.20267027685185188 0.8287809791666666 0.20348247407407408 0.8289260526041667 0.20099458518518518 0.823100946875 0.2002279851851852
3 0.8073181541666667 0.21461955000000002 0.8081422526041667 0.2009233398148148 0.8120693130208333 0.20132231388888888 0.81222043125 0.1989056712962963 0.8065444286458334 0.19822456574074074 0.8057122708333334 0.21170703888888887 0.7825911744791667 0.20888002314814816 0.7834958692708334 0.1963636361111111 0.7678863588541667 0.19441721296296294 0.7678057625 0.19696209722222222 0.7815172276041668 0.19869478518518519 0.7807435020833334 0.21127956666666667 0.8073181541666667 0.21461955000000002
3 0.7853193635416668 0.17243944166666667 0.784396534375 0.18765460277777776 0.7724138625 0.18616129907407408 0.7734233328125 0.17102023333333333 0.7717287932291667 0.1708178972222222 0.7707374572916666 0.1882331148148148 0.7857424942708333 0.19009404351851852 0.7868768890625 0.17265317777777778 0.7853193635416668 0.17243944166666667
3 0.719929478125 0.16444571111111111 0.7192363489583333 0.17633513796296296 0.7130183359375 0.17546879444444444 0.7128571427083333 0.17762610462962963 0.7204009671875 0.1785779425925926 0.7213338708333333 0.16460245092592593 0.719929478125 0.16444571111111111
3 0.7122164015625 0.2067084638888889 0.712097521875 0.2089968648148148 0.7191678421875001 0.20980336296296298 0.7199899255208333 0.19537190092592593 0.7124783395833333 0.19436591666666667 0.7123977432291666 0.19661157037037036 0.7182228489583333 0.19732117407407407 0.7176606890625 0.20734682222222223 0.7122164015625 0.2067084638888889
3 0.7062341328125 0.20590766574074074 0.7067983072916667 0.19638073518518517 0.7051904088541666 0.1962496435185185 0.7045577270833333 0.2079680824074074 0.7091376182291668 0.20853804537037038 0.7092786619791667 0.20639213425925926 0.7062341328125 0.20590766574074074
3 0.7102861171875 0.23789968611111112 0.7102155953125 0.23959247685185187 0.7170360666666666 0.24040182407407404 0.7171670359375 0.23878027962962964 0.7102861171875 0.23789968611111112
3 0.7029538583333333 0.23691935 0.7028249041666667 0.23864063796296298 0.7072133791666667 0.23925049907407406 0.7073342734375 0.23750356203703704 0.7029538583333333 0.23691935
3 0.5820149104166668 0.22988030740740742 0.5820290145833333 0.23234539722222222 0.6395264958333333 0.23229980092592592 0.6395365708333334 0.22954402962962964 0.627374571875 0.22950128240740741 0.6273967359375 0.20447990925925927 0.6628672171875 0.20449130833333334 0.6628974411458334 0.22949843240740742 0.6489260526041666 0.22948418333333334 0.6489663510416667 0.23233969814814814 0.6506548458333333 0.23232544907407407 0.6813701390625 0.23615845000000002 0.6813802135416667 0.23591621574074073 0.6859601046874999 0.23658307222222222 0.6861313723958333 0.23500712407407406 0.681559540625 0.23433456851851853 0.6825065484375 0.21809917314814817 0.6807475317708334 0.21866628703703705 0.6798589562499999 0.23347677407407405 0.6646544427083333 0.23170988888888888 0.6646725770833334 0.2164890277777778 0.6807072333333333 0.21860074074074073 0.6825307276041667 0.2180364777777778 0.6871247229166666 0.21874893148148147 0.6876727786458333 0.2099943 0.6864436833333334 0.2098233111111111 0.6860467458333334 0.21689940185185183 0.6825871447916666 0.21645483055555556 0.6826475921875 0.21623254444444445 0.6664094296874999 0.21430322037037036 0.667902478125 0.19167854074074073 0.6660809994791667 0.19138501018518517 0.6654825708333333 0.20195497314814814 0.6256014505208333 0.20191222592592592 0.6256195848958334 0.22992305462962964 0.594563771875 0.2299344546296296 0.594563771875 0.19767455092592592 0.58215796875 0.19766315185185185 0.5821700583333332 0.19997150185185186 0.5929034859375 0.19996295277777779 0.5929417692708333 0.22990880555555557 0.5820149104166668 0.22988030740740742
3 0.5643179526041667 0.22946993425925927 0.5642957890625 0.1979652324074074 0.562343340625 0.1979680824074074 0.562238565625 0.23229695092592592 0.5713076765624999 0.23232544907407407 0.5712875276041667 0.22948418333333334 0.5643179526041667 0.22946993425925927
3 0.5951702598958334 0.18436306666666666 0.5951299614583333 0.1522656027777778 0.542061253125 0.15226275277777776 0.5420713276041667 0.15554288981481482 0.5944448921875 0.1555400398148148 0.5944469072916667 0.18436306666666666 0.5951702598958334 0.18436306666666666
3 0.49674793489583335 0.1987945287037037 0.49674591979166666 0.20620119722222222 0.4981744911458333 0.20623824444444444 0.4982228489583333 0.19881447685185186 0.49674793489583335 0.1987945287037037
3 0.4967298005208333 0.22230265 0.496739875 0.23008549444444445 0.4741869838541667 0.2300626962962963 0.47415675989583334 0.23212311203703703 0.4982168041666667 0.23211741203703704 0.4981946401041667 0.22230265 0.4967298005208333 0.22230265
3 0.54066895 0.21584781944444445 0.5407072333333333 0.19684810462962965 0.5389844854166667 0.19683670555555555 0.5389119484375 0.21841835277777777 0.5430002015625 0.21843830185185184 0.5429901270833334 0.2158193212962963 0.54066895 0.21584781944444445
3 0.4910940963541667 0.1959960101851852 0.491084021875 0.1691764037037037 0.5359883135416666 0.1693445425925926 0.5360286119791666 0.1958250212962963 0.5114527505208334 0.19596751203703705 0.5114467057291666 0.1987888287037037 0.5140842234374999 0.19878027962962963 0.5140781786458334 0.19853234537037037 0.5224461010416667 0.1985180962962963 0.5224481161458333 0.22948418333333334 0.5212109609375 0.22949843240740742 0.5212452145833333 0.20618124814814814 0.5140862380208333 0.2062040462962963 0.5141245213541666 0.19882302685185185 0.5123957286458334 0.19880877777777778 0.5124360265625 0.208851525 0.5194176911458334 0.20888002314814816 0.5194479145833334 0.23051296666666665 0.5125669958333333 0.23051296666666665 0.5125569213541666 0.23199202037037037 0.5194680635416666 0.23200626944444444 0.5194579890625 0.23210601296296296 0.5242272817708333 0.23209176388888889 0.5242575057291667 0.19878027962962963 0.5379065083333334 0.19872328333333333 0.5378964338541666 0.16670276388888888 0.4893169453125 0.1666885148148148 0.4891154541666667 0.19875178148148148 0.5019705822916667 0.1987945287037037 0.5019705822916667 0.19598176111111112 0.4910940963541667 0.1959960101851852
3 0.47688696354166665 0.1839669425925926 0.4728752770833333 0.18396409259259258 0.4728752770833333 0.18654887407407406 0.47691114270833335 0.18651182685185186 0.47688696354166665 0.1839669425925926
3 0.7093149307291667 0.20635508703703703 0.7072657666666667 0.23956397870370372 0.7101470885416667 0.23981761203703703 0.7121942375 0.20667996574074074 0.7093149307291667 0.20635508703703703