4 0.6234193026041667 0.3155200907407408 0.6011928270833333 0.3155200907407408 0.6011827526041666 0.32165574259259255 0.6234293776041666 0.32161299537037036 0.6234193026041667 0.3155200907407408
4 0.5792564979166667 0.3155343398148148 0.5569595005208333 0.3155058416666667 0.5569595005208333 0.32161299537037036 0.5792665723958332 0.32165574259259255 0.5792564979166667 0.3155343398148148
4 0.7475277052083332 0.11388714722222222 0.7360286119791667 0.11388714722222222 0.73604473125 0.11855799351851852 0.7475579286458333 0.11856084351851853 0.7475277052083332 0.11388714722222222
4 0.7080616562500001 0.11829011111111111 0.7245678015625 0.11829011111111111 0.7245496677083333 0.11306355092592593 0.7080616562500001 0.11306070092592593 0.7080616562500001 0.11829011111111111
4 0.681329840625 0.1138444 0.663884746875 0.11380735277777777 0.6638746723958333 0.11861783981481482 0.6813580494791667 0.11862638888888889 0.681329840625 0.1138444
4 0.6391658270833334 0.11385579907407407 0.6275962119791667 0.11386149907407409 0.6275982270833332 0.11856084351851853 0.6391658270833334 0.11856369351851852 0.6391658270833334 0.11385579907407407
4 0.7543501916666667 0.31571957777777776 0.7409590973958333 0.31570247962962966 0.7409470078125 0.31989740648148146 0.7543864598958333 0.3198803074074074 0.7543501916666667 0.31571957777777776
4 0.6836006447916667 0.13712168703703703 0.6662361473958334 0.13712738703703703 0.6661998791666667 0.14535480185185184 0.683586540625 0.14541179814814817 0.6836006447916667 0.13712168703703703
4 0.7061495062500001 0.2841863777777778 0.7062099536458334 0.29250498703703703 0.7323433406250001 0.29249073796296293 0.7324118479166667 0.2841920777777778 0.7061495062500001 0.2841863777777778
4 0.6445053395833333 0.2841892277777778 0.6445536973958333 0.2924679398148148 0.6934334072916666 0.2925192361111111 0.6934132583333333 0.2842091768518519 0.6445053395833333 0.2841892277777778
4 0.6014124520833334 0.2841949277777778 0.6014728994791666 0.29251068703703703 0.6232278864583333 0.29245084074074074 0.623268184375 0.2841806787037037 0.6014124520833334 0.2841949277777778
4 0.5790388880208333 0.2842006268518518 0.5572133791666667 0.2841721287037037 0.5572657666666667 0.29251068703703703 0.5790489625 0.2925391851851852 0.5790388880208333 0.2842006268518518
3 0.73794680625 0.17920205185185187 0.7305097723958334 0.1791678537037037 0.7304976828124999 0.1812653175925926 0.7379347166666667 0.1812140212962963 0.73794680625 0.17920205185185187
2 0.7499858958333333 0.17878882870370372 0.7379447916666667 0.17877457962962964 0.7379669557291667 0.18491308055555555 0.7499758208333334 0.18489883148148148 0.7499858958333333 0.17878882870370372
3 0.7132984083333334 0.17720718148148148 0.7132984083333334 0.17811627222222223 0.7205299213541667 0.17811627222222223 0.720519846875 0.17722143055555556 0.7132984083333334 0.17720718148148148
2 0.7205178317708333 0.178082075 0.7284565786458334 0.17810772314814813 0.728466653125 0.1712026222222222 0.7205319364583332 0.17118837314814814 0.7205178317708333 0.178082075
2 0.7023312510416667 0.2094043888888889 0.7023312510416667 0.2299031064814815 0.719435825 0.2299601027777778 0.7194559739583333 0.20934739259259258 0.7023312510416667 0.2094043888888889
2 0.73831755 0.31360216574074073 0.7382974005208334 0.29881447685185186 0.7264255489583333 0.29883157592592596 0.7264174895833333 0.3136306638888889 0.73831755 0.31360216574074073
2 0.7304251458333333 0.20608150462962962 0.7304614145833334 0.18960387592592592 0.717991134375 0.189618125 0.7180072536458333 0.20607010555555555 0.7304251458333333 0.20608150462962962
2 0.5904654442708334 0.23547164444444443 0.5766350994791666 0.23541464814814814 0.576625025 0.2555941861111111 0.5904593994791667 0.25560558518518517 0.5904654442708334 0.23547164444444443
3 0.6330525890625 0.20803362777777779 0.6281100140625 0.20804787685185186 0.6281100140625 0.21014819074074076 0.6330505744791667 0.2100997435185185 0.6330525890625 0.20803362777777779
3 0.6363953255208333 0.2100997435185185 0.647463228125 0.21014249074074073 0.6474450937499999 0.20771444814814816 0.6363892807291667 0.20771444814814816 0.6363953255208333 0.2100997435185185
3 0.6593834375000001 0.14173553703703703 0.6593753776041668 0.14533770277777777 0.6661958494791667 0.14533770277777777 0.6662260729166667 0.14175833611111113 0.6593834375000001 0.14173553703703703
2 0.5998388072916666 0.19737817037037036 0.5998388072916666 0.18079224814814815 0.595488615625 0.1808292962962963 0.5955268989583333 0.19743801666666666 0.5998388072916666 0.19737817037037036
2 0.6281100140625 0.20805642592592594 0.6162965947916667 0.20809632407407408 0.6163127140625 0.21358506666666668 0.6280898651041666 0.21361071574074073 0.6281100140625 0.20805642592592594
2 0.6473987505208334 0.14539469907407407 0.6593753776041668 0.14535195185185185 0.659365303125 0.1270276435185185 0.647374571875 0.1270219435185185 0.6473987505208334 0.14539469907407407
2 0.7288031432291666 0.14261043055555556 0.7288232921875 0.12384725 0.7129679630208333 0.1239013962962963 0.7129478140625001 0.14268167592592593 0.7288031432291666 0.14261043055555556
3 0.5995466453125 0.11860359074074076 0.5990892604166667 0.11860359074074076 0.5990892604166667 0.1611085777777778 0.5995466453125 0.1611085777777778 0.5995466453125 0.11860359074074076
2 0.6322969979166667 0.23538615 0.6187165020833334 0.23547449444444446 0.6186762041666667 0.25564548333333337 0.6323252067708334 0.25572812777777776 0.6322969979166667 0.23538615
2 0.732933709375 0.15072670277777778 0.7447551885416667 0.15069250462962963 0.7447451140625 0.13227415185185187 0.7329941567708332 0.13231689907407407 0.732933709375 0.15072670277777778
3 0.5800342536458333 0.2080279277777778 0.57356840625 0.20805072685185186 0.5735825104166667 0.21012254166666666 0.5800342536458333 0.2100769453703704 0.5800342536458333 0.2080279277777778
2 0.5736308682291666 0.2354288972222222 0.5735905703125 0.21891707037037036 0.5611243197916667 0.21893416944444444 0.5611424541666667 0.2353776 0.5736308682291666 0.2354288972222222
2 0.5803626838541667 0.16492732962962964 0.59676606875 0.16487318333333334 0.5968265161458334 0.14078084907407407 0.5803425348958334 0.14084924444444447 0.5803626838541667 0.16492732962962964
3 0.7022828932291667 0.2850099740740741 0.70227281875 0.284434312037037 0.6934072135416667 0.28449415833333336 0.6934253473958333 0.2878483898148148 0.7061696552083333 0.28788828703703706 0.7061394317708333 0.28443716203703706 0.7055470479166667 0.28443716203703706 0.7055470479166667 0.2850099740740741 0.7022828932291667 0.2850099740740741
3 0.623268184375 0.28443716203703706 0.6232581098958333 0.2878455398148148 0.644537578125 0.28788828703703706 0.644511384375 0.2844656601851852 0.623268184375 0.28443716203703706
3 0.5790368729166667 0.28446281018518516 0.579057021875 0.2878597888888889 0.6014205119791666 0.287893987037037 0.6014164817708333 0.2844457111111111 0.5790368729166667 0.28446281018518516
3 0.5572053192708334 0.2844400111111111 0.545911746875 0.28442291296296296 0.545911746875 0.2878455398148148 0.5572556921875 0.28787403796296296 0.5572053192708334 0.2844400111111111
3 0.6662401770833333 0.13711313796296296 0.6593834375000001 0.13711313796296296 0.6593834375000001 0.14173553703703703 0.6662260729166667 0.14175833611111113 0.6662401770833333 0.13711313796296296
3 0.6014205119791666 0.287893987037037 0.579057021875 0.2878597888888889 0.5790429177083334 0.2924679398148148 0.6014608098958333 0.29244514074074074 0.6014205119791666 0.287893987037037
3 0.6232581098958333 0.2878455398148148 0.6232379609375 0.29245084074074074 0.6445617567708334 0.29249073796296293 0.644537578125 0.28788828703703706 0.6232581098958333 0.2878455398148148
3 0.6580233729166667 0.8583243092592593 0.6580233729166667 0.8589655175925927 0.6712532744791667 0.8589655175925927 0.6712351401041666 0.7691878027777779 0.6708099937499999 0.7691906527777778 0.6708120088541667 0.8582929611111112 0.6580233729166667 0.8583243092592593
3 0.5406669354166667 0.8600541462962963 0.5668305458333334 0.8599572527777778 0.5668305458333334 0.862687375 0.6547189197916666 0.862704474074074 0.6547189197916666 0.8873810203703704 0.6580012088541667 0.8872898259259259 0.6580596411458333 0.8138928472222222 0.6617872255208332 0.8140011398148148 0.6617408822916667 0.7691849527777778 0.6713278260416666 0.7691935027777778 0.6713076765625 0.7508406953703703 0.6720310296875 0.7508406953703703 0.6720108807291666 0.74615275 0.66811404375 0.7461242518518519 0.6680838203125 0.7647420916666667 0.658361878125 0.7647420916666667 0.6586641145833333 0.8093302935185186 0.6547692927083334 0.8093302935185186 0.6547692927083334 0.8570048444444445 0.5733910942708333 0.8568766027777778 0.5733649005208333 0.8262923907407408 0.5635220630208334 0.826337987962963 0.5635220630208334 0.8287147333333333 0.569083215625 0.8287603305555555 0.5689240380208334 0.8542547731481481 0.5513963328125 0.8544001138888889 0.5513761838541666 0.8514163583333334 0.5480515817708334 0.8514021092592593 0.5480697161458333 0.8543830148148148 0.5374753171875 0.8543830148148148 0.5373705421875 0.8645369055555555 0.5406931291666666 0.8644913083333333 0.5406669354166667 0.8600541462962963
2 0.6442051177083333 0.8353320037037036 0.6290691114583333 0.8353206037037038 0.6290227682291667 0.8424365916666666 0.644158775 0.8423539472222222 0.6442051177083333 0.8353320037037036
2 0.6091960505208333 0.7345768027777778 0.6074027807291666 0.7345768027777778 0.6074108401041667 0.7788942722222223 0.6090771708333332 0.7788942722222223 0.6091960505208333 0.7345768027777778
2 0.6269131572916666 0.7299515527777778 0.6113761838541667 0.7300170990740741 0.611418496875 0.7545540037037037 0.6268889786458334 0.7545910518518519 0.6269131572916666 0.7299515527777778
2 0.6403828328125001 0.805195212037037 0.6287890390625 0.805180962962963 0.6287709046875 0.8226218296296296 0.6404130567708334 0.8226503277777778 0.6403828328125001 0.805195212037037
2 0.6478440458333333 0.7823653462962963 0.6358855531250001 0.7823168990740741 0.6359036875 0.7885864916666666 0.6478561354166666 0.7885864916666666 0.6478440458333333 0.7823653462962963
2 0.6533991536458333 0.7112083212962963 0.6418396130208334 0.7112054712962963 0.6418698369791667 0.7291507555555555 0.6533991536458333 0.7291479055555555 0.6533991536458333 0.7112083212962963
2 0.6883779973958333 0.7471701342592593 0.6720632682291666 0.7470418925925926 0.6721237156250001 0.7725790824074074 0.6883014307291667 0.7725049870370371 0.6883779973958333 0.7471701342592593
2 0.673356840625 0.7371986324074075 0.6733991536458334 0.7186719861111112 0.6706286520833333 0.7186719861111112 0.6706145473958334 0.7202365342592593 0.6689300828125 0.7202365342592593 0.6689482166666667 0.7364377314814815 0.6706447713541667 0.7364662296296296 0.670634696875 0.7372043314814815 0.673356840625 0.7371986324074075
2 0.7072677817708333 0.6923681962962963 0.7072718114583334 0.7111427759259259 0.7218476729166666 0.7111826731481481 0.7219081203125001 0.6923510972222222 0.7072677817708333 0.6923681962962963
2 0.6913882734375 0.6857623249999999 0.7049627239583334 0.685768025 0.70508361875 0.6654374462962963 0.6914688697916667 0.6654089481481481 0.6913882734375 0.6857623249999999
2 0.6491779166666666 0.6859162157407408 0.6630404994791667 0.6859076657407407 0.6630002015625001 0.6654801935185185 0.6491819463541667 0.6654773435185186 0.6491779166666666 0.6859162157407408
2 0.6073060651041666 0.6151011685185185 0.6205138020833334 0.6151980620370371 0.6204553697916667 0.5949187805555556 0.6073100947916666 0.5950242231481482 0.6073060651041666 0.6151011685185185
2 0.5697058229166667 0.6274294666666667 0.5697158973958333 0.6105357648148149 0.5559862984374999 0.6104645194444445 0.5559601046875 0.6274009685185185 0.5697058229166667 0.6274294666666667
4 0.7414950635416666 0.7443630666666666 0.73811404375 0.7443630666666666 0.7381180739583333 0.7655428898148149 0.7413862583333334 0.765571387962963 0.7414950635416666 0.7443630666666666
3 0.6287890390625 0.805180962962963 0.627233528125 0.805180962962963 0.6272214385416667 0.8569506981481482 0.6287527703125 0.8569677972222222 0.6287890390625 0.805180962962963
3 0.6269997984375001 0.7111798231481481 0.6269131572916666 0.7849415787037037 0.6358855531250001 0.7849415787037037 0.6358855531250001 0.7823168990740741 0.6287709046875 0.7823168990740741 0.6287366510416666 0.7638073527777778 0.655462421875 0.7637332574074074 0.6554281682291666 0.7823168990740741 0.6478440458333333 0.7823653462962963 0.6478440458333333 0.7849415787037037 0.655462421875 0.7849415787037037 0.655462421875 0.8052436592592592 0.6403828328125001 0.805195212037037 0.6403646989583333 0.8074294666666667 0.6519222244791667 0.8074038185185185 0.6519564781249999 0.8359760611111111 0.644511384375 0.8359988601851852 0.6444952651041667 0.8570133944444445 0.6460729395833333 0.8570133944444445 0.6461434614583333 0.8382103166666667 0.6533286317708333 0.8381846675925927 0.6533467661458333 0.8569877453703704 0.6547692927083334 0.8570048444444445 0.6547692927083334 0.8093302935185186 0.6586641145833333 0.8093302935185186 0.658361878125 0.7647420916666667 0.6680838203125 0.7647420916666667 0.6681241182291667 0.7461242518518519 0.6720008057291668 0.74615275 0.6719846864583333 0.7437047592592593 0.6706326817708333 0.7437275574074075 0.6706326817708333 0.7364633796296296 0.6689482166666667 0.7364377314814815 0.6688776947916666 0.7437275574074075 0.6553757807291666 0.7437275574074075 0.6553072739583333 0.7134625250000001 0.6688776947916666 0.7134368768518519 0.6689300828125 0.7202365342592593 0.6706145473958334 0.7202365342592593 0.6706488010416667 0.711154175 0.6533991536458333 0.7112083212962963 0.6534333916666667 0.7611604712962963 0.6287366510416666 0.7611826731481481 0.6287003828125 0.7137817046296296 0.6418396130208334 0.7138501 0.6418396130208334 0.7112054712962963 0.6269997984375001 0.7111798231481481
3 0.6548127130208333 0.7611592314814815 0.6572677817708333 0.7611570249999999 0.6572859156249999 0.7626560277777777 0.6667439046875 0.7626047305555556 0.6667096515625001 0.7462809916666667 0.6549768286458334 0.7462581935185185 0.654942575 0.7611570249999999 0.6548127130208333 0.7611592314814815
3 0.6948579489583333 0.7436990592592593 0.6884787427083333 0.7436990592592593 0.6884787427083333 0.7460302083333333 0.6965383838541667 0.7460330574074073 0.6965142052083333 0.7136050157407406 0.7098609713541666 0.7136905101851851 0.7098609713541666 0.7111456259259259 0.688492846875 0.711165574074074 0.6884948619791668 0.7130179537037037 0.6948136208333333 0.7129752064814815 0.6948579489583333 0.7436990592592593
4 0.3205339510416667 0.8153206037037037 0.271339915625 0.8153063546296296 0.27134999010416666 0.8214990027777778 0.3205742494791667 0.8215559990740741 0.3205339510416667 0.8153206037037037
4 0.250378803125 0.8153775999999999 0.22815232708333333 0.8153775999999999 0.22814225260416665 0.8215132518518519 0.25038887760416667 0.8214705046296296 0.250378803125 0.8153775999999999
4 0.2062159984375 0.815391849074074 0.18391900052083335 0.8153633509259259 0.18391900052083335 0.8214705046296296 0.20622607291666667 0.8215132518518519 0.2062159984375 0.815391849074074
4 0.37448922031250004 0.6137446564814815 0.3629881119791667 0.6137446564814815 0.36300423125 0.6184155027777778 0.37451944374999996 0.6184183527777778 0.37448922031250004 0.6137446564814815
4 0.33502115677083333 0.6181476203703704 0.3515273020833333 0.6181476203703704 0.35150916770833335 0.6129210601851852 0.33502115677083333 0.6129182101851852 0.33502115677083333 0.6181476203703704
4 0.30829135625 0.6137019092592593 0.29084424739583337 0.6136648620370371 0.2908341729166667 0.6184753490740741 0.30831755 0.6184838981481482 0.30829135625 0.6137019092592593
4 0.2661253276041667 0.6137133083333334 0.2545557125 0.6137190083333333 0.25455772708333335 0.6184183527777778 0.2661253276041667 0.6184212027777778 0.2661253276041667 0.6137133083333334
4 0.3813096916666667 0.815577087037037 0.36792061249999997 0.8155599888888889 0.36790852291666665 0.8197549157407408 0.38134595989583336 0.8197378166666667 0.3813096916666667 0.815577087037037
4 0.31056014531250004 0.6369791962962963 0.2931956479166667 0.6369848962962963 0.2931593791666666 0.6452123111111111 0.31054604062499996 0.6452693074074074 0.31056014531250004 0.6369791962962963
4 0.3331090067708333 0.784043887037037 0.33316945416666666 0.7923624962962963 0.35930284114583333 0.7923482472222222 0.35937134791666664 0.784049587037037 0.3331090067708333 0.784043887037037
4 0.27146483958333334 0.7840467370370371 0.27151319791666667 0.7923254490740741 0.3203929072916667 0.7923767453703704 0.3203727583333333 0.7840666861111111 0.27146483958333334 0.7840467370370371
4 0.2283739671875 0.784052437037037 0.22843441458333333 0.7923681962962963 0.2501873864583333 0.79230835 0.25022768489583336 0.784038187962963 0.2283739671875 0.784052437037037
4 0.6935744510416666 0.3154630944444445 0.6443804151041667 0.3154488453703704 0.6443904895833333 0.3216414935185185 0.6936147489583333 0.3216984898148148 0.6935744510416666 0.3154630944444445
4 0.68011485 0.630749500925926 0.65829135625 0.6310059842592592 0.6583115052083334 0.6389883157407408 0.6801349989583334 0.6391080083333334 0.68011485 0.630749500925926
4 0.5734072135416667 0.7891849527777778 0.5675559135416666 0.7893815898148148 0.5675458390625 0.8262439444444445 0.5734918395833334 0.8263009407407408 0.5734072135416667 0.7891849527777778
4 0.5733709447916666 0.7382017666666667 0.5675559135416666 0.738270162037037 0.5675357645833333 0.7692077518518519 0.5734394520833334 0.7691650046296297 0.5733709447916666 0.7382017666666667
4 0.555101753125 0.6481675694444444 0.5492162 0.6481647194444444 0.5491356036458334 0.7174152175925926 0.5551319765625 0.7174893129629629 0.555101753125 0.6481675694444444
3 0.6549607093750001 0.6032316898148148 0.6459500302083333 0.6032088916666667 0.6459601046875 0.6112026222222222 0.6370582307291667 0.6112596185185185 0.6370723354166666 0.6192077518518518 0.6458936125 0.6192077518518518 0.6459862984375 0.685950412962963 0.6491779166666666 0.6859162157407408 0.6492222447916667 0.6389740666666667 0.6583115052083334 0.6389883157407408 0.6583014307291666 0.6310202333333333 0.6514104369791667 0.6310202333333333 0.6515756598958333 0.6077999425925926 0.65828128125 0.6078141916666667 0.6581744911458334 0.5858877175925926 0.6309409630208334 0.5858592194444444 0.6309510374999999 0.590589912037037 0.6548801130208334 0.5906526074074074 0.6549607093750001 0.6032316898148148
4 0.20599838802083334 0.7840581361111111 0.18417287916666666 0.784029637962963 0.1842252671875 0.7923681962962963 0.2060084625 0.7923966944444444 0.20599838802083334 0.7840581361111111
3 0.3649063067708333 0.6790595611111111 0.3574712875 0.679025362962963 0.35745919791666664 0.6811228268518519 0.3648942171875 0.6810715305555555 0.3649063067708333 0.6790595611111111
2 0.3769453958333333 0.6786463379629629 0.36490429166666666 0.6786320888888888 0.3649264557291667 0.6847705898148148 0.3769353213541667 0.6847563407407407 0.3769453958333333 0.6786463379629629
3 0.3402579083333333 0.6770646907407407 0.3402579083333333 0.6779737814814815 0.34748942187500004 0.6779737814814815 0.34747934739583336 0.6770789398148148 0.3402579083333333 0.6770646907407407
2 0.34747733229166666 0.6779395842592593 0.3554160791666667 0.6779652324074074 0.35542615364583335 0.6710601314814815 0.3474914364583333 0.6710458824074074 0.34747733229166666 0.6779395842592593
2 0.3292927666666667 0.7092618981481481 0.3292927666666667 0.7297606157407408 0.34639532552083335 0.7298176120370371 0.34641547447916665 0.7092049018518518 0.3292927666666667 0.7092618981481481
2 0.3652790651041667 0.8134596749999999 0.36525690104166664 0.7986719861111111 0.35338504947916666 0.7986890851851852 0.35337698958333336 0.8134881731481481 0.3652790651041667 0.8134596749999999
2 0.35738464635416667 0.7059390138888889 0.3574229296875 0.6894613851851852 0.34495063489583333 0.6894756342592593 0.34496675416666667 0.7059276148148148 0.35738464635416667 0.7059390138888889
2 0.21742494479166666 0.7353291537037037 0.20359460000000001 0.7352721574074074 0.20358452552083334 0.7554516953703704 0.2174189 0.7554630944444444 0.21742494479166666 0.7353291537037037
3 0.26001208958333333 0.707891137037037 0.2550695145833333 0.7079053861111111 0.2550695145833333 0.7100057 0.26001007447916663 0.7099572527777778 0.26001208958333333 0.707891137037037
3 0.26335482552083334 0.7099572527777778 0.27442272812499996 0.71 0.27440459375 0.7075719574074074 0.2633487807291667 0.7075719574074074 0.26335482552083334 0.7099572527777778
3 0.2863449526041667 0.6415930462962963 0.286334878125 0.645195212037037 0.29315534947916666 0.645195212037037 0.2931855734375 0.6416158453703703 0.2863449526041667 0.6415930462962963
2 0.22679830729166667 0.6972356796296296 0.22679830729166667 0.6806497574074074 0.22244811614583335 0.6806868055555556 0.2224884140625 0.6972955259259259 0.22679830729166667 0.6972356796296296
2 0.2550695145833333 0.7079139351851852 0.24325609531249998 0.7079538333333334 0.24327221458333334 0.7134425759259259 0.25504936510416665 0.7134682250000001 0.2550695145833333 0.7079139351851852
2 0.27435825104166667 0.6452522083333333 0.286334878125 0.6452094611111111 0.2863248036458333 0.6268851527777778 0.274334071875 0.6268794527777778 0.27435825104166667 0.6452522083333333
2 0.35576264375 0.6424679398148148 0.35578279270833335 0.6237047592592593 0.3399274630208333 0.6237589055555556 0.33990731406249997 0.6425391851851852 0.35576264375 0.6424679398148148
3 0.2265061453125 0.6184611 0.2260487609375 0.6184611 0.2260487609375 0.6609660870370371 0.2265061453125 0.6609660870370371 0.2265061453125 0.6184611
2 0.25925649791666666 0.7352436592592592 0.24567600260416667 0.7353320037037037 0.24563570416666666 0.7555029925925926 0.2592847067708333 0.755585637037037 0.25925649791666666 0.7352436592592592
2 0.35989320989583334 0.650584212037037 0.3717146885416666 0.6505500138888889 0.3717046140625 0.6321316611111111 0.3599536572916667 0.6321744083333334 0.35989320989583334 0.650584212037037
3 0.20699375364583333 0.707885437037037 0.20052790625 0.7079082361111111 0.20054402604166668 0.709980050925926 0.20699375364583333 0.7099344546296296 0.20699375364583333 0.707885437037037
2 0.20059238385416667 0.7352864064814815 0.20055208541666666 0.7187745796296297 0.18808583541666665 0.7187916787037038 0.18810396927083334 0.7352351092592592 0.20059238385416667 0.7352864064814815
2 0.20732218437500002 0.6647848388888888 0.22372556927083334 0.6647306925925925 0.22378601666666667 0.6406383583333333 0.20730203489583332 0.6407067537037037 0.20732218437500002 0.6647848388888888
3 0.32924239375000003 0.7848674833333333 0.3292323192708333 0.7842918212962963 0.3203667135416667 0.7843516675925926 0.32038484791666666 0.7877058990740741 0.3331291557291667 0.7877457962962963 0.33309893229166665 0.7842946712962963 0.3325065484375 0.7842946712962963 0.3325065484375 0.7848674833333333 0.32924239375000003 0.7848674833333333
3 0.25022768489583336 0.7842946712962963 0.2502176104166667 0.7877030490740741 0.271497078125 0.7877457962962963 0.271470884375 0.7843231694444445 0.25022768489583336 0.7842946712962963
3 0.20599637291666667 0.7843203194444445 0.20601652239583332 0.7877172981481482 0.22838001197916666 0.7877514962962963 0.22837799739583334 0.7843032203703704 0.20599637291666667 0.7843203194444445
3 0.184166834375 0.7842975203703704 0.17287124739583334 0.7842804222222223 0.17287124739583334 0.7877030490740741 0.18421519218750002 0.7877315472222223 0.184166834375 0.7842975203703704
3 0.2931996776041667 0.6369706472222223 0.2863449526041667 0.6369706472222223 0.2863449526041667 0.6415930462962963 0.2931855734375 0.6416158453703703 0.2931996776041667 0.6369706472222223
3 0.22838001197916666 0.7877514962962963 0.20601652239583332 0.7877172981481482 0.20600241770833333 0.7923254490740741 0.2284203104166667 0.79230265 0.22838001197916666 0.7877514962962963
3 0.2502176104166667 0.7877030490740741 0.2501974614583333 0.79230835 0.2715212572916667 0.7923482472222222 0.271497078125 0.7877457962962963 0.2502176104166667 0.7877030490740741
3 0.32038484791666666 0.7877058990740741 0.320404996875 0.7923510972222222 0.33315937916666666 0.7923767453703704 0.3331493046875 0.7877457962962963 0.32038484791666666 0.7877058990740741
3 0.26334475104166666 0.67 0.26 0.6700284981481481 0.26001007447916663 0.7099715018518519 0.26335482552083334 0.7099572527777778 0.26334475104166666 0.67
3 0.33251460833333335 0.7297748648148148 0.3292645578125 0.7297463666666667 0.32924239375000003 0.7848674833333333 0.3325065484375 0.7848674833333333 0.33251460833333335 0.7297748648148148
3 0.2624863994791667 0.735180962962963 0.25925649791666666 0.735180962962963 0.25925649791666666 0.7843231694444445 0.2625206526041667 0.7843488175925926 0.2624863994791667 0.735180962962963
3 0.21916582708333332 0.7843146194444445 0.21917993125 0.7378084925925926 0.2456699578125 0.7378683388888888 0.2456699578125 0.7353234537037037 0.21741688489583336 0.7353092046296297 0.2173967359375 0.7843146194444445 0.21916582708333332 0.7843146194444445
3 0.17277251666666665 0.6754117981481481 0.17276042708333333 0.6773411231481481 0.1987346364583333 0.6773639212962963 0.1987346364583333 0.6673981194444445 0.20731613958333334 0.6673924194444445 0.20730203489583332 0.6653833 0.19744509375 0.6654089481481481 0.19747934739583334 0.6753833 0.17277251666666665 0.6754117981481481
3 0.2661253276041667 0.6137133083333334 0.2661253276041667 0.6184212027777778 0.2908341729166667 0.6184753490740741 0.29084424739583337 0.6136648620370371 0.2661253276041667 0.6137133083333334
3 0.357374571875 0.7059390138888889 0.332546846875 0.7059105157407408 0.3325556651041667 0.6771737518518519 0.33255692135416665 0.6774693648148148 0.3400080598958333 0.6774551157407407 0.3399778359375 0.6563750351851851 0.3556961515625 0.6564035333333332 0.3556457786458333 0.6894670842592593 0.3574249447916667 0.6894613851851852 0.3574652427083333 0.6542034768518519 0.3293411244791667 0.654217725925926 0.3292826916666666 0.7092618981481481 0.3324984890625 0.7092504990740741 0.3324964739583333 0.7083955546296296 0.35739472083333335 0.7083955546296296 0.357374571875 0.7059390138888889
3 0.33255630208333337 0.6750983416666667 0.33835180312499996 0.6751125675925926 0.33835180312499996 0.6563892842592592 0.331251259375 0.6564035333333332 0.3312411848958333 0.673094899074074 0.33255692135416665 0.67308065 0.33255630208333337 0.6750983416666667
3 0.31056820468749996 0.6370418925925926 0.31056820468749996 0.6416956398148148 0.33120693125 0.6416671416666666 0.33122708020833336 0.6523311481481482 0.35569816666666665 0.652299800925926 0.35568607708333333 0.6470846398148148 0.35990529895833334 0.6470418925925926 0.3599254484375 0.6424536907407407 0.35269393489583334 0.642496437962963 0.352677815625 0.6478227416666666 0.3342474307291667 0.6478512398148148 0.33422728177083333 0.6185152462962964 0.3350292161458333 0.6185294953703704 0.33503727604166667 0.6137703046296297 0.30829135625 0.6137019092592593 0.30831755 0.6184838981481482 0.33116461822916665 0.6185152462962964 0.33122708020833336 0.6371302361111111 0.31056820468749996 0.6370418925925926
3 0.23552488437500002 0.6562752916666668 0.23554100364583333 0.6655143916666667 0.22381422552083335 0.6655086916666666 0.22379609114583332 0.6680450268518519 0.22512996145833333 0.6680450268518519 0.22515011093749998 0.6806526074074074 0.22679629270833335 0.6806526074074074 0.22681644166666667 0.6680165287037038 0.235770703125 0.668073525 0.2357928671875 0.707871187962963 0.22677412864583332 0.7079595324074075 0.22679629270833335 0.6972356796296296 0.22515011093749998 0.6972356796296296 0.22519040885416666 0.707871187962963 0.22387870260416667 0.7079595324074075 0.22387870260416667 0.7098717583333334 0.24324803541666667 0.7099601027777778 0.24324803541666667 0.7079595324074075 0.23720934895833334 0.7079595324074075 0.23727181145833331 0.6597691648148148 0.26009873072916667 0.6597663148148148 0.260096715625 0.670019949074074 0.26326213958333333 0.6699886009259259 0.2632198265625 0.6597378166666666 0.27434213177083333 0.6597691648148148 0.27435220624999995 0.6416300944444444 0.2717811807291667 0.6416443435185185 0.27180132968750004 0.6562467935185186 0.23552488437500002 0.6562752916666668
3 0.33122103541666664 0.6523425481481482 0.33119081197916667 0.6416728416666666 0.31056014531250004 0.6417013398148148 0.3105500703125 0.6452949555555555 0.3293028411458333 0.6453519518518518 0.32933306458333333 0.654217725925926 0.35747531718750003 0.654217725925926 0.35749546666666665 0.6507210027777778 0.35987507552083337 0.6507210027777778 0.35989522447916666 0.6470418925925926 0.35568607708333333 0.6470846398148148 0.35568607708333333 0.6522713027777778 0.33122103541666664 0.6523425481481482
3 0.23553495885416667 0.6562752916666668 0.2718033447916667 0.6562781416666666 0.2717872255208333 0.6416443435185185 0.2743501916666667 0.6416329435185185 0.27433205729166665 0.6370561416666667 0.26862986093749996 0.6370760898148149 0.2686560546875 0.6517526361111111 0.23550473489583332 0.6517013398148148 0.23553495885416667 0.6336762611111111 0.25188595625 0.6336335138888889 0.25189603072916666 0.6184611 0.25455772708333335 0.6184468509259259 0.2545557125 0.6137190083333333 0.21302035052083335 0.6137788546296297 0.21301027604166667 0.5982815620370371 0.209780375 0.5983129092592593 0.209780375 0.6185123962962963 0.23217005885416667 0.6184919046296297 0.23218013281250002 0.660963237037037 0.22374773333333334 0.660963237037037 0.22372959895833333 0.6655001425925926 0.23554503333333335 0.6655371898148148 0.23553495885416667 0.6562752916666668
3 0.23551482031249998 0.6184888425925925 0.23552488437500002 0.6313451129629629 0.25026798333333333 0.6313736111111111 0.25025790833333333 0.6184753490740741 0.23551482031249998 0.6184888425925925
3 0.371726778125 0.6424394416666667 0.3717066291666667 0.6469991453703704 0.38849083229166664 0.6469962953703704 0.38852911562500003 0.7878027925925926 0.35933306458333336 0.7877172981481482 0.35930284114583333 0.7923339981481482 0.3633407213541667 0.7923482472222222 0.3632742291666667 0.798660587037037 0.3649989927083333 0.798660587037037 0.3650231713541666 0.7900313481481481 0.3884787427083333 0.790011399074074 0.38846060833333335 0.8152151611111111 0.38131775156250003 0.8152636074074074 0.3813580494791667 0.8200085490740741 0.3918839411458333 0.8200512962962963 0.39192423958333333 0.6136734111111112 0.37448922031250004 0.6137446564814815 0.37450936927083334 0.6184041037037037 0.38853919010416665 0.6183898546296296 0.38851098125 0.6424023935185185 0.371726778125 0.6424394416666667
3 0.37692927656249997 0.6790766601851852 0.3769494255208333 0.6811085777777778 0.3861192828125 0.6810230833333333 0.38617973020833335 0.7060245083333334 0.37523070729166663 0.7060957537037037 0.3752206328125 0.7084240527777778 0.38603868645833334 0.7083813055555556 0.38600846250000004 0.7842946712962963 0.3593632885416667 0.7843374185185186 0.35935321354166666 0.7877172981481482 0.3885694135416667 0.7878597888888889 0.3884787427083333 0.6469706472222222 0.371726778125 0.6470133944444444 0.3717167036458333 0.6505386148148148 0.38609913333333334 0.6505386148148148 0.38609913333333334 0.6790766601851852 0.37692927656249997 0.6790766601851852
3 0.35273020364583335 0.6236962101851852 0.35578480781250005 0.6236962101851852 0.35576667343749996 0.6184155027777778 0.36300423125 0.6184155027777778 0.3629881119791667 0.6137446564814815 0.35153133177083334 0.6136791111111112 0.3515152125 0.6184411509259259 0.3527120692708333 0.6184668000000001 0.35273020364583335 0.6236962101851852
3 0.36790046354166667 0.8200284981481482 0.36792061249999997 0.8152978055555555 0.36509772291666664 0.8153120546296296 0.3651077979166667 0.8134226277777777 0.3633407213541667 0.813445425925926 0.3633507958333333 0.8152978055555555 0.3599959703125 0.8152921055555556 0.3599959703125 0.8200655453703704 0.36790046354166667 0.8200284981481482
3 0.3205238765625 0.8153063546296296 0.320564175 0.8201339416666666 0.3333084828125 0.8200512962962963 0.3333084828125 0.8152778564814815 0.3205238765625 0.8153063546296296
3 0.25039895208333335 0.8152636074074074 0.25039895208333335 0.8200512962962963 0.27134999010416666 0.8200227981481482 0.27134999010416666 0.8152921055555556 0.25039895208333335 0.8152636074074074
3 0.2062159984375 0.8153775999999999 0.20620592395833331 0.8199943 0.22815232708333333 0.8200370472222221 0.2281624015625 0.8152778564814815 0.2062159984375 0.8153775999999999
3 0.16871650208333333 0.6705899120370371 0.16874471093750001 0.8199743518518519 0.18391900052083335 0.8200085490740741 0.18391900052083335 0.8153348527777778 0.17286117291666667 0.8152921055555556 0.17285109791666667 0.7923339981481482 0.18422123697916665 0.7922798518518519 0.18420108802083332 0.7877600453703704 0.172881321875 0.7877172981481482 0.1728410234375 0.737489312962963 0.20359460000000001 0.7373895694444444 0.20359258489583335 0.7352892564814815 0.174166834375 0.7352949555555556 0.17419302864583336 0.687874037962963 0.19880314322916667 0.6877970935185186 0.19874672552083333 0.7187888287037036 0.2005420109375 0.7187660305555555 0.20048156354166666 0.6673952694444444 0.19874672552083333 0.6673952694444444 0.19872053177083335 0.6855770870370371 0.17278863593750002 0.6856169851851852 0.17277050156249998 0.6753975490740741 0.1974813619791667 0.6753776 0.19743904895833334 0.6653975490740741 0.2073080796875 0.665371900925926 0.207312109375 0.6608777425925926 0.19423332656249997 0.6608549444444445 0.19423332656249997 0.6707067537037037 0.16871650208333333 0.6705899120370371
4 0.36000604479166665 0.8154203472222221 0.3333084828125 0.8152778564814815 0.33331855729166665 0.82154175 0.3599959703125 0.8215275009259259 0.36000604479166665 0.8154203472222221
3 0.7380777755208333 0.7058250212962963 0.7381180739583333 0.7137503564814814 0.7129196052083333 0.7137332574074073 0.7128893812499999 0.7111883731481481 0.7098609713541666 0.7111456259259259 0.7098609713541666 0.7136905101851851 0.6965142052083333 0.7136050157407406 0.6965383838541667 0.7460330574074073 0.6883296395833334 0.7460330574074073 0.6883296395833334 0.7508891425925927 0.69648398125 0.7508891425925927 0.6966451744791667 0.8450527212962963 0.7218597625 0.8448247361111111 0.7218597625 0.8402735824074073 0.6999173885416667 0.8402735824074073 0.6998730067708333 0.740798074074074 0.73806165625 0.7408748935185185 0.73811404375 0.7443630666666666 0.7414950635416666 0.7443630666666666 0.7414124520833333 0.7057965231481482 0.7380777755208333 0.7058250212962963
3 0.6998710432291666 0.7363978018518519 0.73811404375 0.7362467935185185 0.7381684463541667 0.718261612962963 0.6998629859375 0.7183385583333334 0.6998710432291666 0.7363978018518519
3 0.6913600645833333 0.6831604444444445 0.6910255895833333 0.6831604444444445 0.6911223052083333 0.6390082648148148 0.6893330645833333 0.639033912962963 0.68933105 0.6831718435185186 0.663030425 0.6831661444444445 0.6630404994791667 0.6858649185185185 0.6913882734375 0.6857623249999999 0.6913600645833333 0.6831604444444445
3 0.58682853125 0.5858563694444444 0.5670320369791667 0.5857794240740741 0.5670844249999999 0.5904901685185185 0.58682853125 0.5905614138888889 0.58682853125 0.5858563694444444
3 0.6178641947916667 0.5858307212962963 0.5999335078125 0.5859475629629629 0.5999335078125 0.590575662962963 0.6179065083333334 0.590575662962963 0.6178641947916667 0.5858307212962963
3 0.7414225265625001 0.6912083212962963 0.7414728994791666 0.6033570814814815 0.7177291958333334 0.6032345398148148 0.7177191213541666 0.6079082361111111 0.7380072536458333 0.607879737962963 0.7380979244791667 0.6912083212962963 0.7414225265625001 0.6912083212962963
3 0.7072496473958334 0.6776546027777778 0.7072677817708333 0.6923681962962963 0.7131493046874999 0.6924137935185186 0.7131231109375 0.6854773435185185 0.7282792666666666 0.6856027361111111 0.7282651619791667 0.63076375 0.7176788234375 0.6307922481481482 0.7177594197916667 0.6389883157407408 0.7223916984375 0.6389911657407408 0.7224138625 0.6776546027777778 0.7072496473958334 0.6776546027777778
3 0.6801249244791666 0.6307352518518519 0.6801349989583334 0.6391080083333334 0.6959157765625 0.6389826157407408 0.6958734635416667 0.6307779990740741 0.6801249244791666 0.6307352518518519
3 0.5807717104166666 0.590578512037037 0.5807717104166666 0.6080193787037037 0.5704150713541666 0.6080193787037037 0.5704896234375 0.5905044175925926 0.5673846463541667 0.5905329157407407 0.5674350192708334 0.6104987175925926 0.5824863994791667 0.6105500138888889 0.5824118479166667 0.590578512037037 0.5807717104166666 0.590578512037037
4 0.5513862583333334 0.8320832148148147 0.5480717307291666 0.8320689657407407 0.5480918796875 0.8514448564814815 0.5513862583333334 0.8514448564814815 0.5513862583333334 0.8320832148148147
3 0.6957928671875 0.6032345398148148 0.6802055208333333 0.6032487888888889 0.6802155953125 0.6079623824074074 0.6958130161458332 0.6079367342592593 0.6957928671875 0.6032345398148148
3 0.7072637515625 0.6831803935185186 0.7049929479166667 0.6831803935185186 0.7049929479166667 0.6853833 0.7072536770833333 0.6854260472222222 0.7072637515625 0.6831803935185186
3 0.6089844854166666 0.7788885722222222 0.5734172880208334 0.7788116268518518 0.5734172880208334 0.7814676546296296 0.6089844854166666 0.7814676546296296 0.6089844854166666 0.7788885722222222
3 0.6241628046875001 0.6112881166666666 0.6204755187500001 0.6112881166666666 0.6205258916666666 0.6193701907407407 0.6241728791666666 0.6193844398148148 0.6241628046875001 0.6112881166666666
3 0.5734394520833334 0.7691650046296297 0.5675720328125 0.7692077518518519 0.5675397942708333 0.7892305500000001 0.5734072135416667 0.7891849527777778 0.5734394520833334 0.7691650046296297
3 0.7523856536458333 0.840185237962963 0.7414326010416666 0.840185237962963 0.7414769291666666 0.7944685092592593 0.7625770703125 0.7945312055555556 0.7625770703125 0.7896637222222223 0.7414769291666666 0.7896637222222223 0.7413862583333334 0.765571387962963 0.7380334473958333 0.765571387962963 0.7380334473958333 0.844990025925926 0.7524299817708333 0.8449273296296297 0.7523856536458333 0.840185237962963
2 0.5528551281249999 0.8292590481481482 0.5634837802083333 0.8292590481481482 0.5635563166666666 0.8122399546296296 0.5528551281249999 0.8121972074074074 0.5528551281249999 0.8292590481481482
4 0.5537054203125 0.590390425 0.5670844249999999 0.5904901685185185 0.5670642755208333 0.584796237962963 0.5537013901041666 0.584799087962963 0.5537054203125 0.590390425
4 0.7414225265625001 0.6912083212962963 0.7380979244791667 0.6912083212962963 0.7380777755208333 0.7058250212962963 0.7414124520833333 0.7057965231481482 0.7414225265625001 0.6912083212962963
4 0.7177291958333334 0.6032345398148148 0.6957928671875 0.6032345398148148 0.6958130161458332 0.6079367342592593 0.7177191213541666 0.6079082361111111 0.7177291958333334 0.6032345398148148
4 0.6802155953125 0.6032487888888889 0.65828128125 0.6033599314814815 0.65828128125 0.6078141916666667 0.6802055208333333 0.6078654888888889 0.6802155953125 0.6032487888888889
4 0.6309409630208334 0.5858592194444444 0.6178641947916667 0.5858307212962963 0.6179065083333334 0.590575662962963 0.6309510374999999 0.590589912037037 0.6309409630208334 0.5858592194444444
4 0.5999335078125 0.5859475629629629 0.58682853125 0.5858563694444444 0.58682853125 0.5905614138888889 0.5999335078125 0.590575662962963 0.5999335078125 0.5859475629629629
4 0.5329558734375 0.6479082361111111 0.5285673989583334 0.6479367342592592 0.5285271005208333 0.7178284407407408 0.5330364697916666 0.7178426898148148 0.5329558734375 0.6479082361111111
3 0.5296413458333333 0.6479082361111111 0.5329558734375 0.6479082361111111 0.5329558734375 0.6319606722222222 0.5491779166666666 0.6316870907407407 0.5491779166666666 0.6481675694444444 0.555101753125 0.6481675694444444 0.5549727989583333 0.6355115416666667 0.6073100947916666 0.6354203472222222 0.6073100947916666 0.6109261898148148 0.6015817046875 0.6109261898148148 0.6015817046875 0.627497862962963 0.5538142255208334 0.6274066685185186 0.5536852708333334 0.5858592194444444 0.5504654442708333 0.5858877175925926 0.5505299213541667 0.627497862962963 0.5298005239583333 0.6274066685185186 0.5296413458333333 0.6479082361111111
4 0.5514366312500001 0.7877742944444445 0.5470965140625 0.7878027925925926 0.5470461416666667 0.8262296953703704 0.5513459598958333 0.8260872046296296 0.5514366312500001 0.7877742944444445
4 0.6370380817708334 0.6109318898148147 0.6241426557291666 0.6109033916666666 0.6241728791666666 0.6193844398148148 0.6370723354166666 0.6192077518518518 0.6370380817708334 0.6109318898148147
3 0.6479347166666667 0.5906469083333333 0.6460366713541668 0.5906469083333333 0.6459500302083333 0.6032088916666667 0.6479306869791667 0.6031946425925926 0.6479347166666667 0.5906469083333333
3 0.5513358854166667 0.8260729555555555 0.5480213578124999 0.8262011972222222 0.5480677010416667 0.8320661157407407 0.551366109375 0.8320689657407407 0.5513358854166667 0.8260729555555555
3 0.5514064072916667 0.7697492166666667 0.5480012088541667 0.7697919638888889 0.5480112833333333 0.7877885435185186 0.5514164817708332 0.7878027925925926 0.5514064072916667 0.7697492166666667
3 0.5513560348958334 0.8287289824074073 0.5528591578125001 0.8287346824074074 0.5528531130208333 0.8260302083333333 0.5513358854166667 0.8260587064814815 0.5513560348958334 0.8287289824074073
4 0.5513197661458332 0.7383015101851852 0.5470199473958334 0.7383015101851852 0.5470280072916667 0.7698062129629629 0.5513963328125 0.7697634657407407 0.5513197661458332 0.7383015101851852
3 0.5733326614583334 0.7346622972222222 0.6114104369791666 0.7345768027777778 0.6113761838541667 0.7300170990740741 0.5550352609375 0.7300683953703704 0.5549989927083333 0.7174750638888889 0.5491114244791666 0.7174750638888889 0.5491497078125 0.7300142490740741 0.5480314328125 0.7300683953703704 0.5481281484375 0.7337304074074075 0.5330646786458334 0.7337304074074075 0.5330465442708333 0.7178284407407408 0.5296312713541667 0.7178141916666667 0.5296534354166667 0.7384012537037037 0.5733709447916666 0.7382017666666667 0.5733326614583334 0.7346622972222222
3 0.6934253473958333 0.2878483898148148 0.693445496875 0.292493587962963 0.7061998791666666 0.2925192361111111 0.7061898046875 0.28788828703703706 0.6934253473958333 0.2878483898148148
3 0.6363852510416667 0.17014249074074075 0.6330404994791666 0.1701709888888889 0.6330505744791667 0.21011399259259259 0.6363953255208333 0.2100997435185185 0.6363852510416667 0.17014249074074075
3 0.7055551078125001 0.22991735555555556 0.7023050572916667 0.22988885740740742 0.7022828932291667 0.2850099740740741 0.7055470479166667 0.2850099740740741 0.7055551078125001 0.22991735555555556
3 0.635524884375 0.2353234537037037 0.6322969979166667 0.2353234537037037 0.6322969979166667 0.2844656601851852 0.6355591374999999 0.2844913083333333 0.635524884375 0.2353234537037037
3 0.5922063265625 0.2844571101851852 0.59222043125 0.2379509833333333 0.6187104572916666 0.23801082962962963 0.6187104572916666 0.23546594444444446 0.5904573848958333 0.2354516953703704 0.5904372354166667 0.2844571101851852 0.5922063265625 0.2844571101851852
3 0.5458110015625 0.1755542888888889 0.5458009270833333 0.1774836138888889 0.5717751359375 0.17750641203703704 0.5717751359375 0.16754061018518518 0.5803566390625 0.16753491018518518 0.5803425348958334 0.16552579074074075 0.5704855932291667 0.1655514388888889 0.570519846875 0.17552579074074076 0.5458110015625 0.1755542888888889
3 0.6391658270833334 0.11385579907407407 0.6391658270833334 0.11856369351851852 0.6638746723958333 0.11861783981481482 0.663884746875 0.11380735277777777 0.6391658270833334 0.11385579907407407
3 0.7304150713541666 0.20608150462962962 0.7055853312499999 0.20605300648148148 0.7055941499999999 0.1773162425925926 0.70559540625 0.17761185555555556 0.713048559375 0.17759760648148148 0.7130183359375 0.15651752592592594 0.7287366510416666 0.15654602407407406 0.7286862786458334 0.189609575 0.7304634291666667 0.18960387592592592 0.7305037276041666 0.1543459675925926 0.7023816239583333 0.15436021666666666 0.7023211765624999 0.2094043888888889 0.7055389885416666 0.20939298981481483 0.7055369734375 0.20853804537037038 0.7304352208333333 0.20853804537037038 0.7304150713541666 0.20608150462962962
3 0.7055947869791667 0.1752408324074074 0.711392303125 0.17525505833333332 0.711392303125 0.15653177499999998 0.7042897442708332 0.15654602407407406 0.7042796697916667 0.17323738981481482 0.70559540625 0.17322314074074074 0.7055947869791667 0.1752408324074074
3 0.6836087041666666 0.13718438333333333 0.6836087041666666 0.14183813055555555 0.7042474307291666 0.1418096324074074 0.7042675802083332 0.15247363888888887 0.7287386661458334 0.15244229166666667 0.7287265765625001 0.14722713055555556 0.7329457989583333 0.14718438333333334 0.7329659479166666 0.14259618148148148 0.7257344348958333 0.1426389287037037 0.725718315625 0.1479652324074074 0.707285915625 0.14799373055555554 0.7072657666666667 0.11865773703703703 0.7080697161458333 0.1186719861111111 0.7080777755208333 0.11391279537037037 0.681329840625 0.1138444 0.6813580494791667 0.11862638888888889 0.7042051177083334 0.11865773703703703 0.7042675802083332 0.13727272685185185 0.6836087041666666 0.13718438333333333
3 0.6085653838541667 0.15641778240740742 0.608581503125 0.16565688240740742 0.5968527098958333 0.16565118240740742 0.5968365906249999 0.1681875175925926 0.5981684463541667 0.1681875175925926 0.5981906104166667 0.18079509814814815 0.5998347776041667 0.18079509814814815 0.5998569411458334 0.16815901944444445 0.608811203125 0.16821601574074074 0.6088333666666668 0.2080136787037037 0.599814628125 0.20810202314814813 0.5998347776041667 0.19737817037037036 0.5981906104166667 0.19737817037037036 0.5982309088541666 0.2080136787037037 0.5969192020833333 0.20810202314814813 0.5969192020833333 0.2100142490740741 0.6162885354166666 0.2101025935185185 0.6162885354166666 0.20810202314814813 0.6102498489583332 0.20810202314814813 0.6103102963541667 0.15991165555555556 0.6331392302083334 0.15990880555555556 0.633137215625 0.1701624398148148 0.6363026395833333 0.17013109166666668 0.6362603265625 0.15988030740740738 0.6473826312500001 0.15991165555555556 0.64739270625 0.1417725851851852 0.6448216802083333 0.14178683425925925 0.6448418296875 0.15638928425925927 0.6085653838541667 0.15641778240740742
3 0.7042595203124999 0.1524850388888889 0.7042313114583333 0.1418153324074074 0.6836006447916667 0.14184383055555555 0.6835905703125 0.1454374462962963 0.7023413260416667 0.1454944425925926 0.7023715494791667 0.15436021666666666 0.7305138020833333 0.15436021666666666 0.7305339510416666 0.15086349351851852 0.732915575 0.15086349351851852 0.7329357244791667 0.14718438333333334 0.7287265765625001 0.14722713055555556 0.7287265765625001 0.15241379351851853 0.7042595203124999 0.1524850388888889
3 0.6085754583333334 0.15641778240740742 0.6448438442708333 0.1564206324074074 0.6448277250000001 0.14178683425925925 0.6473906911458334 0.14177543425925926 0.6473725567708333 0.1371986324074074 0.6416703604166667 0.13721858055555555 0.6416965546875001 0.15189512685185186 0.6085452348958333 0.15184383055555553 0.6085754583333334 0.13381875185185185 0.6249264557291667 0.13377600462962963 0.6249365302083334 0.11860359074074076 0.6275982270833332 0.11858934166666668 0.6275962119791667 0.11386149907407409 0.5860588354166667 0.11392134537037038 0.5860507755208333 0.09842405277777778 0.5828208744791666 0.0984554 0.5828208744791666 0.11865488703703704 0.6052105588541666 0.11863439537037036 0.6052206328125 0.1611057277777778 0.5967882328125 0.1611057277777778 0.5967700989583334 0.16564263333333334 0.6085855328124999 0.16567968055555557 0.6085754583333334 0.15641778240740742
3 0.6085553197916667 0.11863133333333332 0.6085653838541667 0.1314876037037037 0.6233084828125001 0.13151610185185184 0.6232984083333334 0.11861783981481482 0.6085553197916667 0.11863133333333332
3 0.7447672776041667 0.1425819324074074 0.7447471286458334 0.1471416361111111 0.7615313317708333 0.14713878611111111 0.7615696151041667 0.28794528333333336 0.7323735645833334 0.2878597888888889 0.7323433406250001 0.2924764888888889 0.73637920625 0.29249073796296293 0.7363147291666666 0.2988030777777778 0.7380394921875 0.2988030777777778 0.73806165625 0.29017383888888887 0.7615192421875 0.2901538898148148 0.7615011083333333 0.3153576518518519 0.7543582510416668 0.31540609814814813 0.7543985494791666 0.3201510398148148 0.764924440625 0.320193787037037 0.7649647390625 0.11381590185185185 0.7475277052083332 0.11388714722222222 0.7475478541666667 0.11854659444444446 0.7615796895833333 0.11853234537037038 0.7615514807291667 0.14254488425925926 0.7447672776041667 0.1425819324074074
3 0.7499697765625 0.1792191509259259 0.7499899255208333 0.18125106851851852 0.7591597822916667 0.18116557407407408 0.7592202296875 0.20616699907407407 0.7482712067708334 0.20623824444444444 0.7482611322916667 0.20856654351851853 0.7590791859375 0.2085237962962963 0.7590489625 0.28443716203703706 0.7324037880208334 0.28447990925925926 0.7323937135416667 0.2878597888888889 0.7616099135416667 0.28800227962962965 0.7615192421875 0.14711313796296296 0.7447672776041667 0.1471558851851852 0.7447572031249999 0.15068110555555556 0.7591396333333333 0.15068110555555556 0.7591396333333333 0.1792191509259259 0.7499697765625 0.1792191509259259
3 0.725770703125 0.12383870092592593 0.7288232921875 0.12383870092592593 0.7288071729166667 0.11855799351851852 0.73604473125 0.11855799351851852 0.7360286119791667 0.11388714722222222 0.7245718317708333 0.11382160185185185 0.7245557125000001 0.11858364166666667 0.7257525692708333 0.11860929074074075 0.725770703125 0.12383870092592593
3 0.7409409630208333 0.3201709888888889 0.7409611119791666 0.3154402962962963 0.7381382229166668 0.3154545453703704 0.7381482973958333 0.31356511851851854 0.73637920625 0.3135879166666667 0.7363912958333334 0.3154402962962963 0.7330364697916667 0.3154345962962963 0.7330364697916667 0.3202080361111111 0.7409409630208333 0.3201709888888889
3 0.6935643765625 0.3154488453703704 0.6936046744791666 0.32027643240740744 0.7063489822916666 0.320193787037037 0.7063489822916666 0.31542034722222223 0.6935643765625 0.3154488453703704
3 0.6234394520833334 0.31540609814814813 0.6234394520833334 0.320193787037037 0.6443904895833333 0.32016528888888884 0.6443904895833333 0.3154345962962963 0.6234394520833334 0.31540609814814813
3 0.5792564979166667 0.3155200907407408 0.5792464234375 0.3201367907407407 0.6011928270833333 0.32017953796296295 0.6012029015625 0.31542034722222223 0.5792564979166667 0.3155200907407408
3 0.5417570015625 0.1707324027777778 0.5417852104166666 0.32011684259259254 0.5569595005208333 0.3201510398148148 0.5569595005208333 0.3154773435185185 0.5459016723958333 0.3154345962962963 0.5458915979166666 0.2924764888888889 0.5572617369791666 0.2924223425925926 0.5572415875 0.2879025361111111 0.5459218213541667 0.2878597888888889 0.5458815234375 0.23763180370370374 0.5766350994791666 0.2375320601851852 0.5766330848958333 0.23543174722222224 0.547207334375 0.23543744629629632 0.547233528125 0.1880165287037037 0.5718436427083333 0.18793958425925925 0.5717872255208333 0.21893131944444447 0.5735825104166667 0.2189085212962963 0.5735220630208333 0.16753776018518518 0.5717872255208333 0.16753776018518518 0.5717610317708334 0.18571957777777778 0.5458291354166668 0.18575947592592593 0.5458089864583333 0.17554003981481484 0.5705218619791667 0.17552009074074074 0.5704795484375 0.16554003981481483 0.5803485796875001 0.16551439166666665 0.580352609375 0.16102023333333332 0.5672738265625 0.1609974351851852 0.5672738265625 0.17084924444444444 0.5417570015625 0.1707324027777778
4 0.7330465442708333 0.31556283796296297 0.7063489822916666 0.31542034722222223 0.7063590567708334 0.3216842407407407 0.7330364697916667 0.32166999166666665 0.7330465442708333 0.31556283796296297
4 0.3230606489583333 0.2882986601851852 0.3012895427083333 0.28823596481481484 0.30129961718750004 0.2963693361111111 0.3230263953125 0.296355087037037 0.3230606489583333 0.2882986601851852
4 0.3649707838541667 0.2883129092592593 0.3431573645833333 0.28825876296296293 0.3432077375 0.29641493333333335 0.3649929479166667 0.296355087037037 0.3649707838541667 0.2883129092592593
3 0.3230606489583333 0.2882986601851852 0.3230062463541667 0.2919663722222222 0.3431855734375 0.2920262185185185 0.3431573645833333 0.28825876296296293 0.3230606489583333 0.2882986601851852
3 0.3012794682291667 0.29203761759259256 0.3012895427083333 0.28823596481481484 0.29212976041666666 0.2883015101851852 0.2920793875 0.28288971203703706 0.28879911354166665 0.28287546296296295 0.28879105364583335 0.2820319175925926 0.2842232520833334 0.28204901666666665 0.28419504322916667 0.285574237962963 0.2895285109375 0.28560273611111114 0.28955873489583334 0.2920091194444444 0.3012794682291667 0.29203761759259256
3 0.22786620989583334 0.28833570833333333 0.22542212395833333 0.2884155027777778 0.22546846666666667 0.29198917037037037 0.23031634114583335 0.29195497314814817 0.23034051979166667 0.28562553425925924 0.23571428593750002 0.28562553425925924 0.23569615156249998 0.28204901666666665 0.2311142453125 0.28200057037037035 0.2311142453125 0.2828583638888889 0.22782188177083332 0.2828669138888889 0.22786620989583334 0.28833570833333333
3 0.263374975 0.16276717037037036 0.26340318333333335 0.16652607592592591 0.27010477552083334 0.16653177500000002 0.2700745515625 0.16272727314814814 0.263374975 0.16276717037037036
4 0.20842635520833333 0.13667141666666666 0.22530727395833333 0.13671416388888888 0.2253395125 0.1311627240740741 0.20841829531249997 0.1311627240740741 0.20842635520833333 0.13667141666666666
3 0.22003626822916666 0.18755770833333332 0.21434213177083333 0.1875862064814815 0.21434213177083333 0.1885380453703704 0.22003626822916666 0.18855229444444446 0.22003626822916666 0.18755770833333332
3 0.20298609687500002 0.18898261574074074 0.19966350989583334 0.18903106296296296 0.19968164427083332 0.19134511296296297 0.20298609687500002 0.19139640925925927 0.20298609687500002 0.18898261574074074
4 0.30146080989583335 0.13194357407407406 0.2895990328125 0.131929325 0.2895990328125 0.13661726944444444 0.3014507354166666 0.13660302037037036 0.30146080989583335 0.13194357407407406
4 0.26350594375 0.13182958148148147 0.24605077552083332 0.1318723287037037 0.24607092500000002 0.13666001666666666 0.2635361677083333 0.13664291851851854 0.26350594375 0.13182958148148147
3 0.39600241770833333 0.17007124537037036 0.37927866197916665 0.17011399259259258 0.379286721875 0.17086064444444443 0.39600241770833333 0.17079509814814817 0.39600241770833333 0.17007124537037036
3 0.34296191822916666 0.31842975185185185 0.3232460203125 0.3184440009259259 0.3232460203125 0.3230464518518519 0.3429820671875 0.3229923055555555 0.34296191822916666 0.31842975185185185
3 0.28437638541666665 0.31841550277777775 0.284396534375 0.32307495 0.3009490229166667 0.3230350527777778 0.30093894843749996 0.31842975185185185 0.28437638541666665 0.31841550277777775
3 0.2262945796875 0.31842975185185185 0.22628450520833335 0.3230607009259259 0.23545436250000001 0.3229780564814815 0.2354442875 0.31842975185185185 0.2262945796875 0.31842975185185185
3 0.19179931510416667 0.32309774907407407 0.19919605052083333 0.3230607009259259 0.19919605052083333 0.31841550277777775 0.19596413437500002 0.31837275555555555 0.19596413437500002 0.3165916212962963 0.19418496875000002 0.31657167314814816 0.19418496875000002 0.31843260185185185 0.1917831958333333 0.31845255092592595 0.19179931510416667 0.32309774907407407
3 0.36502720104166664 0.2920091194444444 0.3649929479166667 0.296355087037037 0.3759883135416667 0.2963864351851852 0.3760084625 0.3053120546296296 0.3765303244791667 0.3053120546296296 0.37657062239583333 0.3183613564814815 0.36522869218750004 0.31841550277777775 0.365268990625 0.32307495 0.37994559739583333 0.3230721 0.3799254484375 0.3052807064814815 0.39092081406249996 0.3052807064814815 0.3909409630208333 0.30051011666666666 0.37927866197916665 0.30051011666666666 0.3792363489583333 0.2012710175925926 0.39975216614583337 0.20133086388888888 0.39973201666666663 0.1965289259259259 0.39916784218749995 0.1965289259259259 0.39912552916666666 0.17025363333333332 0.39600241770833333 0.17025363333333332 0.3959399557291666 0.19650042777777776 0.37927866197916665 0.1965289259259259 0.37927866197916665 0.16992875462962964 0.36320169270833336 0.16992875462962964 0.3632198265625 0.17475919074074073 0.3759238364583333 0.17478768888888888 0.3759036875 0.2919663722222222 0.36502720104166664 0.2920091194444444
4 0.36524884166666666 0.31845825 0.3429316947916667 0.31842975185185185 0.34299214166666664 0.32465374722222223 0.365268990625 0.32462524907407403 0.36524884166666666 0.31845825
4 0.3232359458333333 0.31855799351851855 0.30093894843749996 0.3184440009259259 0.3009590973958333 0.32463949814814813 0.3232359458333333 0.324611 0.3232359458333333 0.31855799351851855
4 0.2354140640625 0.3184440009259259 0.23545436250000001 0.32463949814814813 0.28438645989583333 0.324611 0.28437638541666665 0.31850099722222225 0.2354140640625 0.3184440009259259
4 0.2262945796875 0.31860074074074074 0.1991759015625 0.31848674814814815 0.19919605052083333 0.324611 0.22631472916666664 0.32456825277777773 0.2262945796875 0.31860074074074074
4 0.19957888385416667 0.13187802777777777 0.1879891192708333 0.13187802777777777 0.18801128333333333 0.13666571666666666 0.19957888385416667 0.13673126203703703 0.19957888385416667 0.13187802777777777
2 0.29796494062499995 0.21393559444444446 0.2861877895833333 0.2139526935185185 0.2861656255208333 0.22014249074074074 0.2979750151041667 0.2200598462962963 0.29796494062499995 0.21393559444444446
1 0 0 0 1 1 1 1 0 0 0
2 0.3655127947916667 0.20610145370370372 0.36549264583333335 0.18951838148148148 0.36117267760416666 0.1895611287037037 0.36119685677083335 0.20607010555555555 0.3655127947916667 0.20610145370370372
4 0.2633951239583333 0.1583072101851852 0.246000403125 0.1583471074074074 0.246000403125 0.16650327685185187 0.26340318333333335 0.16652607592592591 0.2633951239583333 0.1583072101851852
2 0.30462421927083333 0.2159333138888889 0.3163368932291667 0.21605585648148148 0.31635502708333335 0.1983528074074074 0.30465242812500004 0.19838985462962963 0.30462421927083333 0.2159333138888889
2 0.19966350989583334 0.18903106296296296 0.18781986718750002 0.18909945833333333 0.18779971770833334 0.19524935833333332 0.19969574843750001 0.19524935833333332 0.19966350989583334 0.18903106296296296
2 0.34685270989583333 0.17369905925925927 0.3631754984375 0.17370190925925927 0.36317952864583336 0.1484069537037037 0.34685270989583333 0.1483414074074074 0.34685270989583333 0.17369905925925927
2 0.2701450734375 0.16222855555555554 0.2833608703125 0.16221715555555555 0.28339512395833333 0.14156454814814814 0.27008462604166666 0.14155884907407407 0.2701450734375 0.16222855555555554
2 0.20496876875 0.18849814722222222 0.21434213177083333 0.1885380453703704 0.21426153541666665 0.18139070925925924 0.20491839635416667 0.1814277574074074 0.20496876875 0.18849814722222222
3 0.3029377390625 0.2139070962962963 0.29796494062499995 0.21392134537037039 0.29796494062499995 0.21595326296296297 0.30293975416666663 0.21595611296296296 0.3029377390625 0.2139070962962963
2 0.34759218229166666 0.24160729537037037 0.3343300421875 0.24157309814814817 0.3343844447916667 0.2619777712962963 0.34754180937499995 0.2619350240740741 0.34759218229166666 0.24160729537037037
2 0.30586943385416665 0.24153604999999997 0.2921922223958333 0.24146480462962963 0.2921922223958333 0.26179823333333335 0.30593995572916666 0.2617526361111111 0.30586943385416665 0.24153604999999997
2 0.19419705833333334 0.3018153324074074 0.19418496875000002 0.31657167314814816 0.20580495677083332 0.31662581944444446 0.20573443489583332 0.30185237962962963 0.19419705833333334 0.3018153324074074
2 0.23107797708333333 0.24045882037037034 0.2311142453125 0.21885437407407407 0.21374974791666668 0.21892277037037036 0.21385049374999998 0.24047306944444444 0.23107797708333333 0.24045882037037034
2 0.20300020156249998 0.20010544351851853 0.20300020156249998 0.2154345962962963 0.21545637708333334 0.2156027361111111 0.21548660104166667 0.20010259351851853 0.20300020156249998 0.20010544351851853
3 0.3340640739583333 0.28832715833333333 0.33404392499999996 0.24403818796296295 0.33433205729166665 0.2440210888888889 0.33430586354166664 0.24152180092592593 0.30586943385416665 0.24153604999999997 0.30586943385416665 0.24400398981481483 0.33221237135416665 0.24400398981481483 0.3321599838541667 0.28832715833333333 0.3340640739583333 0.28832715833333333
3 0.20300020156249998 0.16443431203703704 0.23081200885416667 0.16449415833333333 0.230828128125 0.1664776287037037 0.246000403125 0.16650327685185187 0.246000403125 0.16271302407407406 0.1992162 0.16267027685185184 0.19892806770833332 0.16265032777777777 0.19891194843749999 0.16638073518518517 0.20300624635416667 0.16638073518518517 0.20300020156249998 0.16443431203703704
3 0.19930687083333334 0.2920233685185185 0.1992645578125 0.2883043601851852 0.17882329218749998 0.2882530638888889 0.17878702395833335 0.2186206898148148 0.1894398546875 0.2186206898148148 0.18940358645833333 0.21668851481481483 0.17878702395833335 0.21668851481481483 0.17878702395833335 0.19128811666666665 0.18781986718750002 0.19128811666666665 0.18781986718750002 0.18909945833333333 0.17875075572916668 0.18904816203703703 0.17878702395833335 0.16634653703703703 0.18594801510416667 0.16624394444444446 0.185859359375 0.16265602777777777 0.17630666927083333 0.162698775 0.17634696770833333 0.29215161018518515 0.19930687083333334 0.2920233685185185
3 0.3655127947916667 0.1771444851851852 0.37415675989583336 0.17717583333333334 0.374176909375 0.21614705 0.36553294375 0.21611570277777778 0.3655127947916667 0.20610145370370372 0.3639512390625 0.20607295555555558 0.36394720937499997 0.24402678796296295 0.37419705833333333 0.2440695351851852 0.374176909375 0.288255912962963 0.3649707838541667 0.2883129092592593 0.36502720104166664 0.2920091194444444 0.3759036875 0.2919663722222222 0.3759258510416667 0.24162439444444445 0.37591376354166667 0.2416243277777778 0.3759238364583333 0.17478768888888888 0.3632198265625 0.17475919074074073 0.3632641546875 0.1771444851851852 0.363929075 0.17717583333333334 0.3639512390625 0.18951838148148148 0.36549264583333335 0.18951838148148148 0.3655127947916667 0.1771444851851852
3 0.37459802395833336 0.24161703796296294 0.37459198072916666 0.21882587592592592 0.3656598833333333 0.2187375324074074 0.36563771927083333 0.24156739814814815 0.37459802395833336 0.24161703796296294
3 0.3462341328125 0.21380450277777777 0.3398186578125 0.21382160185185187 0.3398186578125 0.2160815046296296 0.3462260729166667 0.2160815046296296 0.3462341328125 0.21380450277777777
3 0.2921922223958333 0.24146480462962963 0.28874269583333334 0.24146480462962963 0.28879911354166665 0.28287546296296295 0.292149909375 0.2829039611111111 0.2921922223958333 0.24146480462962963
3 0.3230062463541667 0.2919663722222222 0.3230263953125 0.296355087037037 0.3432077375 0.29641493333333335 0.3431855734375 0.2920262185185185 0.3230062463541667 0.2919663722222222
3 0.34502317135416666 0.1366457675925926 0.3433467661458333 0.13662581944444444 0.3433467661458333 0.16992590462962964 0.34504130572916664 0.16992875462962964 0.34502317135416666 0.1366457675925926
3 0.3163953255208333 0.17359646666666667 0.28557525677083334 0.17366201203703702 0.28554100364583335 0.16251353703703705 0.28293975416666667 0.16252778611111113 0.2829437838541667 0.17641208333333333 0.3163953255208333 0.17644628055555556 0.3163953255208333 0.17359646666666667
3 0.28864195052083336 0.15832430925925925 0.28328631875 0.15832430925925925 0.28335281093750003 0.16251353703703705 0.28554100364583335 0.16251353703703705 0.28557525677083334 0.17366201203703702 0.3163953255208333 0.17359646666666667 0.3163953255208333 0.17644628055555556 0.28284303854166665 0.17640923333333333 0.28284908333333336 0.2163208888888889 0.28617570000000003 0.21628669166666667 0.28622204322916667 0.17889427222222223 0.3029538583333334 0.17891422037037039 0.30293975416666663 0.21595611296296296 0.30462421927083333 0.2159333138888889 0.304626234375 0.1788885722222222 0.33810396927083336 0.17895126851851853 0.33811404375 0.21354231944444446 0.3162986098958333 0.2135679685185185 0.3163368932291667 0.21605585648148148 0.3398186578125 0.2160815046296296 0.33988716510416667 0.17654887407407407 0.31811202916666664 0.17656312314814815 0.31808382031250004 0.14989740648148148 0.31934486302083337 0.14988320648148148 0.3193592583333333 0.16200057037037036 0.33260729375 0.16190082685185184 0.33262542812499996 0.17470219444444446 0.3469494255208333 0.1747734398148148 0.346899053125 0.16991450555555557 0.33597017916666666 0.16999999999999998 0.33597017916666666 0.1571444851851852 0.3226032640625 0.15724137962962964 0.3226536369791667 0.13666001666666666 0.3550332458333333 0.13661726944444444 0.35500302239583337 0.13190082685185184 0.30146080989583335 0.13194357407407406 0.3014507354166666 0.13660302037037036 0.30144872031250003 0.14975491574074073 0.3163852510416667 0.14980336296296295 0.316449728125 0.1713109148148148 0.28859762239583336 0.17127956666666666 0.28864195052083336 0.15832430925925925
3 0.2204896234375 0.18788828703703706 0.22778964322916667 0.18788828703703706 0.22778964322916667 0.21628954074074075 0.20464033854166666 0.21628954074074075 0.20464033854166666 0.2154345962962963 0.20300020156249998 0.2154345962962963 0.20304251458333333 0.2186719861111111 0.2311142453125 0.21885437407407407 0.2311142453125 0.18550584166666667 0.23090466979166668 0.18550584166666667 0.23081200885416667 0.16449415833333333 0.20300020156249998 0.16443431203703704 0.20300020156249998 0.20010544351851853 0.20468466666666665 0.20010544351851853 0.2047269796875 0.1666942148148148 0.22036066875000002 0.1667540611111111 0.2204896234375 0.18788828703703706
3 0.22914565989583335 0.18550584166666667 0.22908523072916667 0.16681675648148148 0.22204513385416666 0.16681675648148148 0.22204513385416666 0.18550584166666667 0.22914565989583335 0.18550584166666667
3 0.22758613749999998 0.15830436018518518 0.1992162 0.15821886574074073 0.1992162 0.16267027685185184 0.246000403125 0.16268452592592592 0.246000403125 0.1583471074074074 0.23079588958333333 0.1583471074074074 0.23076566614583335 0.13667141666666666 0.24607092500000002 0.13666001666666666 0.24605077552083332 0.1318723287037037 0.22533749739583334 0.131920775 0.22530727395833333 0.13671416388888888 0.22752569010416668 0.13671416388888888 0.22758613749999998 0.15830436018518518
3 0.22549264583333334 0.29626674259259256 0.2335905703125 0.29630094074074076 0.23366512187500002 0.29025648333333337 0.23571428593750002 0.29022228518518517 0.23571428593750002 0.28562553425925924 0.23034051979166667 0.28562553425925924 0.23031634114583335 0.29195497314814817 0.22546846666666667 0.29198917037037037 0.22549264583333334 0.29626674259259256
3 0.23107797708333333 0.24045882037037034 0.22773121093749998 0.24045882037037034 0.22772113645833333 0.2828469648148148 0.2311142453125 0.2828583638888889 0.23107797708333333 0.24045882037037034
3 0.36394720937499997 0.24151610185185188 0.34760225677083334 0.24155029907407408 0.34762845052083335 0.24406098611111113 0.36394720937499997 0.24402678796296295 0.36394720937499997 0.24151610185185188
3 0.284166834375 0.2900940435185185 0.2863953255208333 0.2900940435185185 0.2863731614583333 0.2963664861111111 0.30129961718750004 0.2963693361111111 0.3012794682291667 0.29203761759259256 0.28955873489583334 0.2920091194444444 0.2895285109375 0.28560273611111114 0.28419504322916667 0.285574237962963 0.284166834375 0.2900940435185185
3 0.33122103541666664 0.1764776287037037 0.3468083817708333 0.17652037592592593 0.3467882328125 0.1747734398148148 0.3326355026041667 0.1747192935185185 0.33260729375 0.16190367592592594 0.3193592583333333 0.16201481944444443 0.31934918385416666 0.14989740648148148 0.31808382031250004 0.14989740648148148 0.31811404374999996 0.16400398981481482 0.33120088645833334 0.16394699351851852 0.33122103541666664 0.1764776287037037
3 0.2633951239583333 0.1583072101851852 0.263374975 0.16276717037037036 0.2700745515625 0.16272727314814814 0.2700483578125 0.15827586203703703 0.2633951239583333 0.1583072101851852
3 0.2895990328125 0.131929325 0.2635361677083333 0.1318039324074074 0.2635361677083333 0.13664291851851854 0.2895990328125 0.13661726944444444 0.2895990328125 0.131929325
3 0.20441668333333332 0.13886577407407405 0.2078057625 0.1389028212962963 0.2078057625 0.13667141666666666 0.20842635520833333 0.13667141666666666 0.20845254895833334 0.13187802777777777 0.19957888385416667 0.13187802777777777 0.19957888385416667 0.13673126203703703 0.20441668333333332 0.13670846388888888 0.20441668333333332 0.13886577407407405
3 0.17839411666666666 0.31837560555555555 0.1762180135416667 0.31837560555555555 0.17628249062499998 0.29416357962962963 0.19417690937499998 0.29422342592592593 0.19419705833333334 0.3018153324074074 0.19597219427083334 0.30179538333333333 0.19594398541666666 0.29635793703703706 0.19928672187500002 0.2964120833333333 0.19930687083333334 0.2920233685185185 0.17634696770833333 0.29215161018518515 0.17630666927083333 0.162698775 0.185859359375 0.16265602777777777 0.18585532968750001 0.15831575925925925 0.17628249062499998 0.15831575925925925 0.17632480364583333 0.1366942148148148 0.18801128333333333 0.13666571666666666 0.1879891192708333 0.13187802777777777 0.17296191822916668 0.13187802777777777 0.17298408229166667 0.3230692509259259 0.17839411666666666 0.3231005981481481 0.17839411666666666 0.31837560555555555
2 0.20441668333333332 0.13886577407407405 0.20443481770833336 0.1581333712962963 0.21946000416666667 0.1581761185185185 0.21946403385416666 0.13891707037037038 0.20441668333333332 0.13886577407407405
2 0.185859359375 0.16265602777777777 0.1992162 0.16267027685185184 0.19915575260416668 0.14228555185185185 0.18583920989583333 0.14241094351851852 0.185859359375 0.16265602777777777
4 0.1917831958333333 0.31845255092592595 0.17839411666666666 0.31837560555555555 0.17838605677083336 0.32307495 0.1917932703125 0.3231034481481482 0.1917831958333333 0.31845255092592595
4 0.22542212395833333 0.2884155027777778 0.1992645578125 0.2883043601851852 0.1992665723958333 0.296355087037037 0.22549264583333334 0.29626674259259256 0.22542212395833333 0.2884155027777778
4 0.2842232520833334 0.28204901666666665 0.23569615156249998 0.28204901666666665 0.23571428593750002 0.29022228518518517 0.284166834375 0.2900940435185185 0.2842232520833334 0.28204901666666665
4 0.7176687489583333 0.6307922481481482 0.6958533145833333 0.6308207462962964 0.6959157765625 0.6389826157407408 0.7177594197916667 0.6389883157407408 0.7176687489583333 0.6307922481481482