3 0.6112794682291667 0.5597805638888889 0.6112532744791667 0.5629809064814815 0.6236066895833333 0.5629381592592593 0.6235804958333334 0.5597549157407408 0.6112794682291667 0.5597805638888889
3 0.6463832359375 0.5598888574074075 0.6463832359375 0.5629096611111112 0.6685009067708333 0.5629296092592593 0.6684868020833333 0.5598347111111112 0.6463832359375 0.5598888574074075
3 0.6911323796875001 0.5598974064814816 0.6911484989583333 0.5629239101851852 0.7119867015625 0.5629239101851852 0.7119605078125001 0.5598489601851853 0.6911323796875001 0.5598974064814816
3 0.7616723755208333 0.5599230546296297 0.7616723755208333 0.5629296092592593 0.7810276041666667 0.562898262037037 0.7810034255208333 0.5598404101851853 0.7616723755208333 0.5599230546296297
3 0.7033467661458332 0.5575890564814815 0.7032963932291667 0.5507039046296296 0.703435421875 0.5505243657407408 0.7034656458333333 0.5046765462962962 0.699709853125 0.5046394981481482 0.6996816442708333 0.5503391277777778 0.6998085833333333 0.5505528638888889 0.6998226880208333 0.5575976064814815 0.7033467661458332 0.5575890564814815
3 0.6193511989583332 0.5052493583333333 0.6193511989583332 0.5080307777777777 0.6431754984375 0.5080535768518518 0.6431754984375 0.5053548018518519 0.6193511989583332 0.5052493583333333
3 0.6193592583333333 0.4432402398148148 0.6193471692708333 0.4454032490740741 0.6274914364583334 0.4454402962962963 0.6275035260416666 0.44320319166666666 0.6193592583333333 0.4432402398148148
3 0.6856719723958334 0.5080022796296296 0.6856719723958334 0.5053035055555556 0.6574612130208333 0.5052493583333333 0.6574733026041667 0.5567939583333333 0.6595345557291666 0.5567939583333333 0.6595466453125 0.5080022796296296 0.6856719723958334 0.5080022796296296
3 0.7102075359375 0.41360786574074077 0.7102216401041667 0.4770732398148148 0.6900241791666667 0.47700769444444446 0.6900241791666667 0.47962667407407406 0.7120128953125 0.4796038759259259 0.7120128953125 0.41360786574074077 0.7102075359375 0.41360786574074077
2 0.6278722546875 0.4132430888888889 0.6279971791666666 0.4326332287037037 0.6398327625 0.4326702768518519 0.6397239572916666 0.4132430888888889 0.6278722546875 0.4132430888888889
3 0.8117831958333334 0.504987175925926 0.8117993151041667 0.5590909092592592 0.8139371348958334 0.5590909092592592 0.8138887770833333 0.504987175925926 0.8117831958333334 0.504987175925926
2 0.6275297197916667 0.44239954444444446 0.6275297197916667 0.4487489314814815 0.640300221875 0.44871188333333334 0.6403385046875001 0.4424707898148148 0.6275297197916667 0.44239954444444446
2 0.660546040625 0.46185807962962966 0.6605581302083333 0.4803704759259259 0.6722425953125001 0.4803704759259259 0.6722546848958333 0.46189512685185186 0.660546040625 0.46185807962962966
2 0.6760689098958333 0.4587489314814815 0.6759883135416668 0.4804075231481481 0.6899657463541666 0.4803704759259259 0.6899657463541666 0.45886007407407403 0.6760689098958333 0.4587489314814815
2 0.6432097520833333 0.5044970074074074 0.6432218416666667 0.5262638925925925 0.6574350192708334 0.5263892842592592 0.6574471088541666 0.5045141064814814 0.6432097520833333 0.5044970074074074
2 0.6856981666666666 0.504442861111111 0.6856598833333333 0.526372186111111 0.6996715697916667 0.5263892842592592 0.6996836588541666 0.5044970074074074 0.6856981666666666 0.504442861111111
2 0.7699536572916668 0.48070960370370375 0.7699919401041666 0.5012054712962963 0.7864819666666667 0.5011000287037037 0.7865383838541666 0.48070960370370375 0.7699536572916668 0.48070960370370375
2 0.8093189604166666 0.48555713888888885 0.8093048557291667 0.5049330296296296 0.8245778760416667 0.5048418351851852 0.8245315333333333 0.48559133611111105 0.8093189604166666 0.48555713888888885
2 0.79148901875 0.46210886296296294 0.7916018536458334 0.48128811666666665 0.8030848276041667 0.4812824166666667 0.8030908723958333 0.4620832148148148 0.79148901875 0.46210886296296294
2 0.8104452953125 0.39960102592592595 0.8104473098958334 0.41905671111111115 0.8256195848958333 0.41909660833333334 0.8256316744791667 0.39960102592592595 0.8104452953125 0.39960102592592595
4 0.6819927463541667 0.3810173842592593 0.6819665526041666 0.3862040462962963 0.703832359375 0.38624109444444443 0.703832359375 0.3809831861111111 0.6819927463541667 0.3810173842592593
4 0.7325367718750001 0.38096323703703705 0.7325609510416666 0.3862040462962963 0.7545657869791668 0.38618694814814813 0.7545395932291666 0.3809461388888889 0.7325367718750001 0.38096323703703705
4 0.7650272010416667 0.38097178703703705 0.7650352609375 0.3861698490740741 0.7764336088541667 0.3862097462962963 0.7764416682291666 0.3809803361111111 0.7650272010416667 0.38097178703703705
4 0.8296151520833334 0.4077315472222222 0.8295849286458333 0.42380450277777776 0.8332641546875 0.4237845537037037 0.8332883338541667 0.4077429462962963 0.8296151520833334 0.4077315472222222
4 0.8295869432291667 0.48220290648148145 0.8296252265625 0.498264462962963 0.8332923635416667 0.4982473638888889 0.8332540802083332 0.48221715555555555 0.8295869432291667 0.48220290648148145
4 0.68160386875 0.408076375 0.6815756598958332 0.4137874037037037 0.7042615354166667 0.41380165277777775 0.7042514609375 0.4080963240740741 0.68160386875 0.408076375
4 0.7322587145833332 0.40805927592592595 0.7322607291666666 0.4138444 0.7548438442708334 0.41383585092592595 0.7548176505208333 0.40807922500000005 0.7322587145833332 0.40805927592592595
2 0.6604070119791667 0.4329552583333333 0.6604573848958334 0.4521459101851852 0.6722768484375 0.45208606481481484 0.6723312510416667 0.4329552583333333 0.6604070119791667 0.4329552583333333
4 0.6236348984375 0.562123112037037 0.646334878125 0.562123112037037 0.6463731614583333 0.5563636361111112 0.6235724359375 0.556343687962963 0.6236348984375 0.562123112037037
4 0.6240761635416666 0.586340837962963 0.6240922828125 0.5915474490740741 0.6459278661458333 0.5915616981481481 0.6459157765625 0.5863066398148149 0.6240761635416666 0.586340837962963
1 0 0 0 1 1 1 1 0 0 0
2 0.5980012088541666 0.44910800833333336 0.5981402374999999 0.47205471666666665 0.6198791052083333 0.4720347675925926 0.6198650010416666 0.44905386111111106 0.5980012088541666 0.44910800833333336
3 0.3183840416666667 0.38758620648148145 0.31831150520833335 0.40301225462962964 0.35398347760416665 0.40298660555555554 0.3540378802083334 0.43399259074074076 0.4002176104166667 0.43396979166666666 0.40025387864583334 0.4199829009259259 0.4244186984375 0.41993160462962964 0.42438041510416663 0.4256511824074074 0.42423534166666665 0.4256511824074074 0.42414467031249997 0.5640552861111111 0.4146564578125 0.5640809351851852 0.4146383234375 0.5704930175925926 0.4287890390625 0.5705215157407407 0.42875075572916665 0.4127472212962963 0.39508160364583333 0.4127728694444444 0.3950090671875 0.42667996574074074 0.3592645578125 0.42667996574074074 0.3592645578125 0.3965716731481482 0.3228450536458333 0.3966001712962963 0.3228450536458333 0.3812225703703704 0.30348780989583335 0.3812225703703704 0.30348982447916667 0.418666287037037 0.29984686666666666 0.4186691361111111 0.2998105984375 0.42502992314814814 0.3079327020833333 0.42502992314814814 0.30796897031250003 0.38766315185185185 0.3183840416666667 0.38758620648148145
3 0.3088273223958333 0.4380165287037037 0.3087890390625 0.48500142500000004 0.3125569213541667 0.48502137314814814 0.3124440864583333 0.4379994296296296 0.3088273223958333 0.4380165287037037
3 0.33823493854166664 0.5175178111111111 0.33819665520833336 0.5122770018518518 0.3293451541666667 0.5122599027777778 0.32926657239583335 0.5962866916666667 0.3137255692708333 0.5962382444444445 0.3137114645833333 0.6026759759259259 0.33308684270833333 0.6026845259259259 0.33302236562500004 0.5175121120370371 0.33823493854166664 0.5175178111111111
3 0.19580898645833333 0.3797663148148148 0.19579891197916668 0.37329723611111115 0.2416965546875 0.3733057851851852 0.2417046140625 0.3870903388888889 0.3034575859375 0.38705899074074074 0.3034575859375 0.3818666287037037 0.24550876510416667 0.38187232870370375 0.24551682447916667 0.3680963240740741 0.19212170052083336 0.368082075 0.19211968541666666 0.37438301481481484 0.16179125520833332 0.3743402675925926 0.1617630463541667 0.42487033333333335 0.16546846666666667 0.4248874324074074 0.1654442875 0.3797093185185185 0.19580898645833333 0.3797663148148148
3 0.165911746875 0.45428042222222226 0.16589764270833335 0.45735822129629633 0.17648196666666666 0.4573867194444445 0.17648196666666666 0.4543260185185185 0.165911746875 0.45428042222222226
3 0.24486600833333333 0.4598717583333333 0.24491839635416665 0.45127386759259264 0.24620592395833332 0.4512710175925926 0.24620592395833332 0.4511028787037037 0.25511988697916665 0.4511028787037037 0.25513399166666667 0.44784838981481484 0.246308684375 0.4479196351851852 0.24631674375 0.42510401851851853 0.24417892395833332 0.42508691944444443 0.24419101354166667 0.44872328333333333 0.24305258906250002 0.44872328333333333 0.24302841041666667 0.4572556287037037 0.22418496875 0.4572955259259259 0.22419302864583335 0.45196352222222225 0.2229034859375 0.45194642314814815 0.22291356041666666 0.4250498712962963 0.22094096302083335 0.4250498712962963 0.22088857552083332 0.4542747222222222 0.190237759375 0.45425762314814816 0.19021358072916666 0.4573525222222222 0.22230707239583333 0.4573810203703704 0.22234535572916667 0.4599259046296296 0.24486600833333333 0.4598717583333333
3 0.3057928671875 0.42506982037037033 0.30576667343749997 0.44790823611111114 0.3002659682291667 0.4478540898148148 0.3002659682291667 0.4510914787037037 0.3079931494791667 0.4510914787037037 0.3079548661458333 0.42506982037037033 0.3057928671875 0.42506982037037033
3 0.22106790260416667 0.4620376175925926 0.22105581302083335 0.486534625 0.22285714270833334 0.486534625 0.22285714270833334 0.46201481944444445 0.22106790260416667 0.4620376175925926
3 0.24436026614583334 0.46205471666666664 0.2443501916666667 0.48223995462962965 0.23629457968749998 0.48223140462962966 0.23626838593750002 0.48421202592592594 0.24614749166666666 0.484223425925926 0.24613137239583333 0.46207181574074074 0.24436026614583334 0.46205471666666664
3 0.22107193229166666 0.5060188083333333 0.22107193229166666 0.5097093185185185 0.22284908333333334 0.5097520657407407 0.2228329640625 0.5060188083333333 0.22107193229166666 0.5060188083333333
3 0.19400967135416666 0.5166087203703703 0.1940197463541667 0.5116329435185185 0.16588353802083333 0.5115987462962963 0.16589562760416668 0.5144599601851851 0.19184767291666666 0.5144970074074074 0.19186177708333335 0.5166087203703703 0.19400967135416666 0.5166087203703703
3 0.19185774739583333 0.5329894555555555 0.19185774739583333 0.5379310342592593 0.1940822083333333 0.5379310342592593 0.194043925 0.5330065546296296 0.19185774739583333 0.5329894555555555
3 0.2163248036458333 0.5115987462962963 0.2163127140625 0.5166600166666667 0.2253576463541667 0.5165602731481481 0.22534152708333333 0.5380136787037036 0.22739069114583332 0.5380136787037036 0.22740882552083336 0.5115303509259259 0.2163248036458333 0.5115987462962963
3 0.22696353020833332 0.5702137361111111 0.22696353020833332 0.573451125925926 0.24219826718749998 0.573462525 0.24219423750000002 0.5702678824074074 0.22696353020833332 0.5702137361111111
3 0.16548257083333334 0.5969506981481482 0.1654402578125 0.544417212962963 0.1617731213541667 0.5444001138888889 0.1617731213541667 0.6020775148148148 0.22318154322916667 0.6020347675925926 0.22315534947916668 0.5968053574074075 0.16548257083333334 0.5969506981481482
3 0.314176909375 0.570179537962963 0.3141628046875 0.573465375 0.32926254270833333 0.573462525 0.32926254270833333 0.5702251351851853 0.314176909375 0.570179537962963
3 0.42468668125 0.5705443148148148 0.42468668125 0.5968737527777778 0.37839210156249997 0.5968737527777778 0.37839008645833333 0.5704930175925926 0.3745718317708333 0.5705129666666666 0.37457787604166665 0.596905100925926 0.3331090067708333 0.5968794527777778 0.3331090067708333 0.6020661157407408 0.42837396718750004 0.602094613888889 0.42834374375 0.5705272157407407 0.42468668125 0.5705443148148148
3 0.37807374583333336 0.5382103166666667 0.37807374583333336 0.5413935592592592 0.38776546458333333 0.5413023657407408 0.38773524062500003 0.5381903675925925 0.37807374583333336 0.5382103166666667
3 0.414924440625 0.5381846675925926 0.414934515625 0.5414135083333333 0.4241285510416667 0.5413935592592592 0.4241285510416667 0.5382473638888888 0.414924440625 0.5381846675925926
3 0.38821881927083335 0.5704873185185185 0.38820672968750003 0.5641037333333333 0.3780898651041667 0.5641379314814815 0.377991134375 0.512288400925926 0.36915575260416666 0.5122285555555556 0.36913157343749997 0.5175206611111112 0.37429981875 0.517495012962963 0.37431795260416667 0.5704588203703703 0.38821881927083335 0.5704873185185185
3 0.37775941979166666 0.5045397546296296 0.3777191213541667 0.5097207185185185 0.379550675 0.5097349675925926 0.3795043322916667 0.5045397546296296 0.37775941979166666 0.5045397546296296
3 0.32182752343750004 0.48423197500000004 0.3218517026041667 0.44086064444444445 0.35268184583333334 0.4408976916666667 0.35268184583333334 0.48446566018518517 0.3550715291666667 0.48446566018518517 0.35502115677083335 0.4496979194444444 0.3893794078125 0.4495896268518519 0.38942978020833335 0.4810857796296296 0.366554503125 0.4811399259259259 0.36656659270833336 0.4844286120370371 0.42419101354166666 0.4844827583333334 0.42416683437499997 0.48147905370370375 0.39157968958333333 0.4814961527777778 0.3915655854166667 0.4462809916666667 0.35479347187500004 0.44626389259259264 0.3547672776041667 0.43506697037037034 0.35266975625 0.43506697037037034 0.35266975625 0.43841265277777774 0.3200685067708333 0.4383585064814815 0.3200564177083333 0.4816215444444444 0.31258311510416664 0.4816585925925926 0.31258311510416664 0.48419777685185184 0.32182752343750004 0.48423197500000004
3 0.31710255885416666 0.4055571388888889 0.31707233541666663 0.4026018805555555 0.31116663333333333 0.4026018805555555 0.31114849895833335 0.38915930462962967 0.3092444088541667 0.3891564546296296 0.30923433385416665 0.4379851805555556 0.3121418494791667 0.4379851805555556 0.3121297604166667 0.40553149074074074 0.31710255885416666 0.4055571388888889
2 0.17651823489583332 0.43921630092592595 0.17654039895833332 0.4607039046296296 0.190149103125 0.46071530370370367 0.19017529739583333 0.4392334 0.17651823489583332 0.43921630092592595
2 0.35508361875 0.4658649185185185 0.3550977229166667 0.484998575 0.366528309375 0.48500142500000004 0.3664779369791667 0.46600740925925926 0.35508361875 0.4658649185185185
2 0.20809389479166668 0.505944713888889 0.22341930260416668 0.505944713888889 0.223445496875 0.4865574240740741 0.20825710260416666 0.4866486175925926 0.20809389479166668 0.505944713888889
2 0.19224864010416667 0.532898262037037 0.20534958697916667 0.533060700925926 0.20543824322916665 0.5167483611111111 0.1922748338541667 0.5166771157407408 0.19224864010416667 0.532898262037037
2 0.37717509583333336 0.5044628101851852 0.3923493854166667 0.5044086638888888 0.39250251875 0.48459105185185186 0.3771851703125 0.48452550555555557 0.37717509583333336 0.5044628101851852
2 0.22346967552083333 0.48124536944444446 0.22349586927083334 0.48754345925925924 0.23616562552083334 0.48768595 0.2362159984375 0.48124536944444446 0.22346967552083333 0.48124536944444446
4 0.17182550885416664 0.5379965805555555 0.17186177708333333 0.5437475064814815 0.18624622187499998 0.5437902537037037 0.18627846041666668 0.538082075 0.17182550885416664 0.5379965805555555
4 0.19436631093749998 0.5385408944444444 0.19436026614583335 0.5437560555555555 0.21618577447916668 0.5437389574074074 0.21618577447916668 0.5386235398148148 0.19436631093749998 0.5385408944444444
4 0.1940318354166667 0.5095041324074074 0.19406810416666667 0.5152322601851852 0.2162744307291667 0.5152636074074074 0.2162744307291667 0.5095041324074074 0.1940318354166667 0.5095041324074074
4 0.3882792666666666 0.5647335425925927 0.38829135625 0.5700997435185186 0.4145939953125 0.5700997435185186 0.4145939953125 0.5647335425925927 0.3882792666666666 0.5647335425925927
4 0.38773524062500003 0.5347221435185185 0.387797703125 0.5406611574074074 0.41489623229166667 0.5406782555555555 0.41489623229166667 0.5347050444444444 0.38773524062500003 0.5347221435185185
4 0.3382027 0.5095041324074074 0.3382530729166667 0.5169449981481482 0.369083215625 0.5169449981481482 0.369145678125 0.5094699342592592 0.3382027 0.5095041324074074
4 0.2551843640625 0.4478540898148148 0.25513399166666667 0.4543830148148148 0.30024178906250004 0.4543830148148148 0.3002155953125 0.44783699074074074 0.2551843640625 0.4478540898148148
4 0.25558533125 0.41922485 0.25558936145833333 0.4244599601851852 0.2997602255208333 0.4244599601851852 0.2997864192708333 0.41925619814814813 0.25558533125 0.41922485
4 0.1767922625 0.42548019351851857 0.17679629270833336 0.4310601314814815 0.18822687864583332 0.4310601314814815 0.18824098333333333 0.4255343398148148 0.1767922625 0.42548019351851857
4 0.2425831151041667 0.5968253064814815 0.24258915989583332 0.6020604157407407 0.31367116666666667 0.6020803648148149 0.31368325625 0.5968566546296297 0.2425831151041667 0.5968253064814815
4 0.24218617760416666 0.5668623537037036 0.24224864010416666 0.5726218296296296 0.3141265364583333 0.5726389287037037 0.31418899843750003 0.5668623537037036 0.24218617760416666 0.5668623537037036
3 0.24248035468749998 0.6026446277777777 0.2425065484375 0.5962952407407408 0.226977634375 0.596335137962963 0.22687285937499999 0.5380478768518518 0.2162381625 0.538084924074074 0.21622204322916666 0.5443431175925926 0.22317751354166668 0.5443174694444445 0.2232117671875 0.6026161296296296 0.24248035468749998 0.6026446277777777
3 0.16587346354166668 0.5380507268518518 0.16585935937500002 0.4313137648148148 0.1767439046875 0.4313137648148148 0.17672980052083334 0.4249216305555556 0.16139431770833335 0.4249387287037037 0.16135401979166666 0.5443317185185185 0.17182550885416664 0.5443687657407408 0.17179931510416668 0.5379538333333334 0.16587346354166668 0.5380507268518518
3 0.186308684375 0.5379737814814815 0.18627846041666668 0.5443288685185185 0.19431996770833332 0.5443288685185185 0.19428974427083334 0.5379737814814815 0.186308684375 0.5379737814814815
3 0.2555591375 0.42510116851851854 0.25554906302083336 0.4186691361111111 0.21688696354166667 0.41864063796296297 0.21687487395833335 0.42491593055555554 0.1882772515625 0.4248874324074074 0.18828934114583334 0.43132801388888886 0.22090872447916665 0.43128811666666667 0.22091879895833333 0.42500997407407404 0.2555591375 0.42510116851851854
4 0.6688192625 0.5863465370370371 0.6688313520833333 0.5915332 0.6907152932291667 0.5915474490740741 0.6907032036458334 0.5862895407407408 0.6688192625 0.5863465370370371
4 0.7124340114583333 0.5863237388888889 0.7123715494791667 0.592886862037037 0.7612411848958334 0.592886862037037 0.7612331250000001 0.5863180388888889 0.7124340114583333 0.5863237388888889
4 0.7815152125 0.5863693361111111 0.7815494661458333 0.5928498148148148 0.8033125125 0.5929581074074074 0.8033427364583333 0.5863237388888889 0.7815152125 0.5863693361111111
4 0.6684868020833333 0.556346537037037 0.6685250854166667 0.562123112037037 0.6911182749999999 0.5621772583333333 0.691084021875 0.5563835851851852 0.6684868020833333 0.556346537037037
4 0.7119504333333333 0.5563978342592593 0.7120149104166666 0.562123112037037 0.7616340921875 0.562123112037037 0.7616602859375 0.5563921342592593 0.7119504333333333 0.5563978342592593
4 0.7809933510416667 0.5563835851851852 0.7810537979166666 0.562117412037037 0.8037013901041666 0.5621117129629629 0.8036933307291666 0.5564006842592593 0.7809933510416667 0.5563835851851852
3 0.8037396734375 0.5593416925925926 0.8037295989583334 0.56230265 0.805295184375 0.56230835 0.8053113036458334 0.5593160444444445 0.8037396734375 0.5593416925925926
4 0.6242534755208333 0.38080364814814815 0.6241910135416667 0.3864719296296296 0.6386197864583333 0.3863835851851852 0.6387064276041666 0.3808207462962963 0.6242534755208333 0.38080364814814815
3 0.7927966953125 0.4225334851851852 0.792818859375 0.3949871759259259 0.794158775 0.3949700768518518 0.7941466854166667 0.3923396981481482 0.7909470078125 0.3923596462962963 0.7909893208333333 0.4027386722222222 0.7865121901041667 0.4027386722222222 0.7865142052083333 0.38681675648148145 0.7844086239583333 0.3868110574074074 0.7844025791666667 0.4057936731481481 0.7907253677083333 0.4057594759259259 0.7907918598958333 0.4225448842592593 0.7927966953125 0.4225334851851852
3 0.6722808786458334 0.4801738388888889 0.6759359260416667 0.4801738388888889 0.6760104776041668 0.386739812037037 0.6819302838541667 0.38677685925925925 0.6819544630208333 0.38039042500000003 0.6386197864583333 0.38035622685185183 0.6386439651041667 0.38695639814814814 0.6724581906249999 0.38675976018518515 0.6724078177083334 0.41975776574074075 0.6722808786458334 0.4801738388888889
3 0.6179427765625001 0.4117098888888889 0.6179427765625001 0.41460530092592596 0.6278440458333333 0.41458820185185186 0.6278440458333333 0.4116842407407408 0.6179427765625001 0.4117098888888889
3 0.6471952447916667 0.4454545453703704 0.647207334375 0.4516101453703704 0.6473584526041667 0.4515901962962963 0.6473604677083333 0.477495012962963 0.6415192421874999 0.4774779138888889 0.6415434213541666 0.47964092314814816 0.6605097723958333 0.479618125 0.6605097723958333 0.47700769444444446 0.6495446302083334 0.4770418925925926 0.6495506750000001 0.45154744907407407 0.6604110416666666 0.4515189509259259 0.6604070119791667 0.4485893416666667 0.6491940359375 0.4485893416666667 0.6491879911458334 0.401148475 0.6723957286458333 0.4010601314814815 0.6724078177083334 0.39849244814814816 0.6473564374999999 0.3984611 0.6472194239583333 0.4431832435185185 0.640378803125 0.44320034166666666 0.6403546244791667 0.4453833 0.6471952447916667 0.4454545453703704
3 0.7038686276041666 0.3803647759259259 0.7038686276041666 0.3868224564814815 0.7325307276041666 0.3868082074074074 0.7324944588541666 0.38036762592592593 0.7038686276041666 0.3803647759259259
3 0.6447148901041667 0.3869734962962963 0.6446625026041667 0.41168993981481483 0.6397561958333333 0.41168993981481483 0.6397703 0.4146252490740741 0.6465484583333333 0.41460530092592596 0.6466350994791666 0.38695639814814814 0.6447148901041667 0.3869734962962963
3 0.6777453151041667 0.4073268740740741 0.6777574046874999 0.38679395833333335 0.6773524078125 0.38679395833333335 0.6773665119791666 0.4103305787037037 0.6815393916666667 0.4103305787037037 0.6815252869791667 0.40728982592592594 0.6777453151041667 0.4073268740740741
3 0.6178782994791666 0.44685095462962965 0.6179427765625001 0.38699059537037034 0.6241527302083333 0.38695639814814814 0.6242031031249999 0.38037332592592593 0.6127966953125 0.3803391277777778 0.6128228895833333 0.44903391296296297 0.6150272010416666 0.44902821296296297 0.6150272010416666 0.44693074907407404 0.6178782994791666 0.44685095462962965
3 0.704273625 0.40728982592592594 0.7042857140625001 0.4104388712962963 0.7322325208333333 0.41036762592592596 0.7322325208333333 0.40728982592592594 0.704273625 0.40728982592592594
3 0.7545657869791668 0.38039042500000003 0.7545778760416667 0.3868110574074074 0.7649969776041666 0.38679395833333335 0.7649848880208334 0.38042747222222223 0.7545657869791668 0.38039042500000003
3 0.7643784 0.42233114814814815 0.7643280276041666 0.40728982592592594 0.7548438442708334 0.40728982592592594 0.7548559338541666 0.4103134796296296 0.7622284906250001 0.41029638055555556 0.7622164015624999 0.42233114814814815 0.7643784 0.42233114814814815
3 0.8291698567708334 0.3951296666666667 0.8291678421875001 0.4076774009259259 0.8336691515625 0.40769734999999996 0.8336691515625 0.3888800231481482 0.7986520250000001 0.3888543740740741 0.7986399354166667 0.38043887129629633 0.7764678619791667 0.3804132231481481 0.7764678619791667 0.3867455111111111 0.7941225067708333 0.3868110574074074 0.7941910135416667 0.39515816481481486 0.8291698567708334 0.3951296666666667
3 0.8109147692708334 0.39518381296296295 0.8109147692708334 0.3995611287037037 0.8130989322916666 0.3995611287037037 0.8130888572916667 0.39518381296296295 0.8109147692708334 0.39518381296296295
3 0.8117731213541667 0.4775349101851852 0.8117731213541667 0.4855115416666667 0.8139351197916667 0.48549444259259256 0.8139109411458333 0.4745112564814815 0.8070944994791667 0.47453120555555556 0.8070884546875 0.42803077777777776 0.8130324401041666 0.4280678259259259 0.8130364697916667 0.4191308064814815 0.8109147692708334 0.4191336564814815 0.810890590625 0.4250527212962963 0.8067177109375 0.42499857500000005 0.8067519645833333 0.4775007120370371 0.8117731213541667 0.4775349101851852
3 0.7740016119791666 0.4806554574074074 0.77401773125 0.43172983796296294 0.7739089260416667 0.43166714166666664 0.7738867619791667 0.42440581388888887 0.77037074375 0.42440581388888887 0.7703908927083333 0.43126816759259257 0.7702458192708334 0.43145340555555556 0.7702317145833334 0.4806554574074074 0.7740016119791666 0.4806554574074074
3 0.760018134375 0.42467369629629625 0.760018134375 0.42758335740740744 0.7703465645833333 0.4275719574074074 0.7703465645833333 0.4246224 0.760018134375 0.42467369629629625
3 0.7786036671875001 0.44354516944444444 0.7785794880208333 0.47763465370370367 0.774025790625 0.4776517527777777 0.7740398953125 0.48067540648148155 0.7915655854166667 0.4806554574074074 0.7915534958333333 0.4773667712962963 0.7809046947916667 0.4774009685185185 0.7808543218749999 0.44667426574074076 0.7851924239583333 0.44667426574074076 0.7852548859374999 0.4277685953703704 0.8031493046875 0.4277685953703704 0.8031352005208333 0.48069250462962965 0.8053113036458334 0.48069250462962965 0.8053616765625 0.42463949814814816 0.7739129557291666 0.42458535185185187 0.7739129557291666 0.4272328296296296 0.7830042312500001 0.4272328296296296 0.7830425145833334 0.44354516944444444 0.7786036671875001 0.44354516944444444
3 0.8292363489583334 0.4238444 0.8291759015625 0.48215731018518526 0.8337134796875 0.48220290648148145 0.83368325625 0.4238444 0.8292363489583334 0.4238444
3 0.7703808182291667 0.5567711601851852 0.7738766874999999 0.5567198629629629 0.773894821875 0.5503847249999999 0.7740217609375001 0.5502792814814814 0.7739875078124999 0.5012254203703703 0.7702357442708333 0.5012425194444444 0.7702518635416666 0.5506155601851852 0.7703808182291667 0.5506925046296296 0.7703808182291667 0.5567711601851852
3 0.6240580291666666 0.5921715592592592 0.6240580291666666 0.585770875 0.6112391697916667 0.5858364203703704 0.611198871875 0.5046622972222222 0.617938746875 0.5046081509259259 0.6179367317708333 0.4743231694444444 0.6150292161458334 0.4743060703703703 0.6150292161458334 0.47212311203703705 0.6128249041666667 0.472114562962963 0.6128289338541666 0.49724707870370366 0.6060306265625001 0.49724707870370366 0.6060185369791667 0.592100313888889 0.6240580291666666 0.5921715592592592
3 0.6459439854166666 0.5857309777777778 0.6459601046875 0.5921487601851853 0.6688172473958333 0.5921316611111112 0.6687910536458334 0.585785124074074 0.6459439854166666 0.5857309777777778
3 0.6907273828125 0.5857395268518519 0.6907394718750001 0.5921430611111111 0.7123634895833334 0.592108862962963 0.7124017729166667 0.5857794240740741 0.6907273828125 0.5857395268518519
3 0.7612754380208333 0.5857167287037037 0.7612754380208333 0.5921060129629631 0.7815252869791667 0.5921573101851852 0.7814870036458333 0.5856597324074074 0.7612754380208333 0.5857167287037037
3 0.8097682854166667 0.5921630092592594 0.8097461213541667 0.5654915925925925 0.8336731817708334 0.5654915925925925 0.8336953453124999 0.498270162037037 0.829171871875 0.4983328583333333 0.8291497078125 0.5590624111111111 0.8053314526041666 0.5591536046296296 0.8052891395833334 0.585765175 0.8033870640625 0.5857965231481482 0.8033427364583333 0.5921316611111112 0.8097682854166667 0.5921630092592594