4 0.2247269796875 0.34805072685185184 0.22477332239583334 0.354821887037037 0.23371549479166667 0.354821887037037 0.23370340520833333 0.3480877740740741 0.2247269796875 0.34805072685185184
4 0.18482974010416667 0.31707608981481483 0.18484787447916667 0.3250299231481481 0.19752971979166667 0.32504987129629626 0.19749949635416666 0.317101737962963 0.18482974010416667 0.31707608981481483
4 0.16626234114583335 0.25520376203703704 0.16626435625 0.30486178425925925 0.171789240625 0.3049444287037037 0.17179528489583334 0.2552294101851852 0.16626234114583335 0.25520376203703704
4 0.16701591770833335 0.20392134537037038 0.16698569427083332 0.22842690185185185 0.17179125520833333 0.22842120277777778 0.1717771510416667 0.20386434907407408 0.16701591770833335 0.20392134537037038
4 0.710326415625 0.31335993148148145 0.7103868630208333 0.32034767777777773 0.7277130765625 0.3203191796296296 0.7277332260416667 0.31335993148148145 0.710326415625 0.31335993148148145
4 0.6746423536458334 0.3133884296296296 0.6747330244791667 0.3203191796296296 0.6921478942708333 0.32036192685185183 0.6922083416666667 0.31336848148148144 0.6746423536458334 0.3133884296296296
4 0.5707193229166666 0.3074351666666667 0.5707797703125 0.31220860648148147 0.5821801328125 0.31226560277777776 0.5821942375 0.30738387037037035 0.5707193229166666 0.3074351666666667
4 0.6664759218749999 0.1522428046296296 0.6664356234375001 0.1590196638888889 0.6755349588541667 0.15894841851851851 0.6754644369791667 0.15227130277777778 0.6664759218749999 0.1522428046296296
4 0.6236107192708332 0.15221430648148146 0.623550271875 0.15900541481481484 0.6409550677083333 0.15900541481481484 0.6409046947916667 0.15222855555555553 0.6236107192708332 0.15221430648148146
4 0.5867499494791667 0.16177543425925925 0.5867197260416667 0.16853519537037037 0.6041345958333333 0.16853519537037037 0.6040640739583334 0.16183243055555555 0.5867499494791667 0.16177543425925925
4 0.5679689703124999 0.16177543425925925 0.567964940625 0.16848674814814815 0.5769574854166667 0.16853519537037037 0.576977634375 0.1618039324074074 0.5679689703124999 0.16177543425925925
4 0.5888091880208334 0.307306925 0.5888293369791667 0.313274437037037 0.6062139833333333 0.31326018796296295 0.6061938343750001 0.3072926759259259 0.5888091880208334 0.307306925
4 0.6187185171874999 0.3181903675925926 0.6187285916666667 0.3213707611111111 0.6574471088541666 0.3213707611111111 0.6574370338541667 0.3181333712962963 0.6187185171874999 0.3181903675925926
4 0.6187003828125001 0.31336848148148144 0.6187084427083334 0.31816186944444447 0.657426959375 0.31810487314814817 0.6574471088541666 0.31337418055555555 0.6187003828125001 0.31336848148148144
4 0.5887285916666667 0.2832487888888889 0.5887386661458333 0.2878455398148148 0.6062865203125 0.2878455398148148 0.6063066692708333 0.283280137037037 0.5887285916666667 0.2832487888888889
2 0.6922607291666666 0.18240239351851853 0.692369534375 0.20139355925925925 0.705013096875 0.20133656296296296 0.7049143661458334 0.18234254814814813 0.6922607291666666 0.18240239351851853
2 0.6901954463541667 0.20755485925925926 0.6901632078125 0.22159019629629628 0.6937457182291666 0.22152180092592594 0.6936711666666666 0.2075748074074074 0.6901954463541667 0.20755485925925926
3 0.6902397744791667 0.20634938703703704 0.6902397744791667 0.2075292101851852 0.6923393109375 0.2075292101851852 0.6923393109375 0.20633513796296296 0.6902397744791667 0.20634938703703704
2 0.7187366510416666 0.2182929611111111 0.7187850088541666 0.23359931574074075 0.7277332260416667 0.2336335138888889 0.7275619583333334 0.21825591296296296 0.7187366510416666 0.2182929611111111
2 0.7165766671875 0.24003134814814814 0.7165766671875 0.2534083787037037 0.7269595005208332 0.2534083787037037 0.7269292765625 0.2400740953703704 0.7165766671875 0.24003134814814814
2 0.7012875276041667 0.2530008546296296 0.7012673786458333 0.2702735824074074 0.7125166229166666 0.27024508425925925 0.71246625 0.25302935277777777 0.7012875276041667 0.2530008546296296
2 0.6675841223958333 0.2530065546296296 0.6675720328125 0.27022513518518515 0.6788394114583334 0.270205187037037 0.6786862786458333 0.2530065546296296 0.6675841223958333 0.2530065546296296
2 0.6608321578125 0.22353947037037036 0.6643763854166667 0.22353947037037036 0.6643461614583334 0.20909090925925927 0.6607918598958332 0.20907951018518517 0.6608321578125 0.22353947037037036
2 0.6622486401041667 0.17123396944444444 0.6622385656249999 0.1866486175925926 0.674370340625 0.18659162129629628 0.6741990729166666 0.17121972037037037 0.6622486401041667 0.17123396944444444
2 0.59862583125 0.2281903675925926 0.5986721739583333 0.24442006296296295 0.6118214791666666 0.24438016574074076 0.6118214791666666 0.2281903675925926 0.59862583125 0.2281903675925926
2 0.586810396875 0.28875748055555556 0.586810396875 0.30198062129629627 0.5975841223958334 0.3020148194444444 0.5975256901041667 0.2888258759259259 0.586810396875 0.28875748055555556
3 0.6161212973958333 0.19729837592592592 0.61609711875 0.1683043601851852 0.6162301026041667 0.1683043601851852 0.6162180135416667 0.15804217685185185 0.6145536973958333 0.15804217685185185 0.6145536973958333 0.16598461111111112 0.6097340317708333 0.16598461111111112 0.6097703 0.1683528074074074 0.6146745921875 0.16833570833333333 0.6146745921875 0.19729837592592592 0.6161212973958333 0.19729837592592592
3 0.6624884140624999 0.15799658055555554 0.6624682651041667 0.17119122222222222 0.6644368328125 0.17119122222222222 0.6643864598958333 0.15801082962962962 0.6624884140624999 0.15799658055555554
2 0.5800564177083333 0.1817640351851852 0.5800564177083333 0.19758620648148148 0.5923211765624999 0.19754345925925926 0.5921720734375 0.1817640351851852 0.5800564177083333 0.1817640351851852
3 0.6907414869791667 0.22160729537037038 0.6906911140625 0.23106868055555554 0.681894015625 0.2310401824074074 0.681894015625 0.23311484722222223 0.6917973 0.23308634907407408 0.691815434375 0.2215930462962963 0.6907414869791667 0.22160729537037038
2 0.5703989520833334 0.2043345685185185 0.5704090265624999 0.2097748648148148 0.5804916380208333 0.20973211759259258 0.5804916380208333 0.20430607037037035 0.5703989520833334 0.2043345685185185
2 0.5800926859375 0.2125306351851852 0.5800805963541666 0.22551439166666667 0.5908523072916666 0.2254431462962963 0.5908180536458333 0.21270162407407409 0.5800926859375 0.2125306351851852
3 0.6639935520833333 0.23108577962962965 0.6639854927083333 0.2235679685185185 0.6625831151041666 0.22358506666666667 0.6625710255208334 0.23309774907407407 0.6789139635416667 0.23308065 0.6789018739583333 0.23105158148148147 0.6639935520833333 0.23108577962962965
3 0.6640056416666666 0.20904531203703702 0.6639875078125 0.20170418888888889 0.6805279062499999 0.20170418888888889 0.680493653125 0.1993502425925926 0.6640398953125001 0.19942148796296294 0.6640056416666666 0.1890652611111111 0.6863066692708333 0.1890652611111111 0.6863026395833334 0.18660587037037035 0.6624440864583333 0.18668281574074075 0.6624440864583333 0.2017526361111111 0.6625831151041666 0.2017526361111111 0.6626012494791667 0.20904531203703702 0.6640056416666666 0.20904531203703702
3 0.7704876083333333 0.6824137935185185 0.7704473098958334 0.6844599601851852 0.7887386661458333 0.6843317185185185 0.7887386661458333 0.6824137935185185 0.7704876083333333 0.6824137935185185
3 0.6235804958333334 0.8149643777777777 0.6236107192708332 0.8200655453703704 0.6444509369791667 0.8200655453703704 0.6444710859375 0.8149501287037036 0.6235804958333334 0.8149643777777777
3 0.7330163208333332 0.6614762037037037 0.732986096875 0.6861071527777778 0.7497078380208334 0.6860216583333334 0.7496776145833334 0.6827700203703704 0.7509127541666667 0.6827557712962963 0.7509127541666667 0.6803106296296296 0.7371327828125 0.6803248787037036 0.7371428572916667 0.6564605296296295 0.7082369536458334 0.6564605296296295 0.7082168041666667 0.6442291250000001 0.6866633083333333 0.6442291250000001 0.6866633083333333 0.6492875462962963 0.7046423536458334 0.6493160444444445 0.7046826515625 0.6613907092592592 0.7330163208333332 0.6614762037037037
3 0.7472476322916666 0.6876546027777778 0.7472476322916666 0.695015674074074 0.7484726979166666 0.695015674074074 0.748502921875 0.6876403537037037 0.7472476322916666 0.6876546027777778
3 0.732061253125 0.6915474490740741 0.7320914770833333 0.7259390138888889 0.7484223249999999 0.725967512037037 0.7483921015625 0.7193188944444445 0.7488938140625 0.7193188944444445 0.7488535161458334 0.7110658305555556 0.747207334375 0.7110943287037037 0.7472174088541668 0.7243716157407407 0.7334958692708333 0.7243773157407407 0.7334857947916666 0.6869877453703704 0.7320693130208333 0.6870333425925925 0.7320592385416667 0.6895468796296297 0.7060648802083332 0.6895753777777778 0.7060729395833333 0.7239868907407407 0.7001128348958333 0.7239640925925925 0.7000926859375001 0.7259960101851852 0.7074652427083333 0.7259817611111111 0.7074652427083333 0.6915332000000001 0.732061253125 0.6915474490740741
3 0.6972093489583333 0.6667027638888889 0.6971892000000001 0.6891051583333333 0.6997904494791667 0.6890624111111111 0.6997501510416666 0.6667027638888889 0.6972093489583333 0.6667027638888889
3 0.6989885151041667 0.6593017953703704 0.6989582911458334 0.6493445425925926 0.6973000203125 0.6493302935185185 0.6972899458333334 0.661333712962963 0.704652428125 0.6612909657407408 0.704652428125 0.6593017953703704 0.6989885151041667 0.6593017953703704
3 0.6869151723958333 0.6624422916666667 0.6869252468749999 0.6648845824074073 0.6976627041666668 0.6648845824074073 0.6976627041666668 0.6624707898148148 0.6869151723958333 0.6624422916666667
3 0.7013681239583334 0.7942661731481481 0.7013479749999999 0.7968538046296296 0.7133608703125 0.7968823027777777 0.7133608703125 0.7942804222222222 0.7013681239583334 0.7942661731481481
3 0.6442172072916666 0.7968652037037037 0.6441869838541667 0.7942946712962963 0.6318517026041667 0.7942690222222223 0.6318194640625 0.7925648333333333 0.6239190005208334 0.7926189796296297 0.6239089260416667 0.7951610148148148 0.6300584322916667 0.7951068675925926 0.6300564177083333 0.7968794527777778 0.6442172072916666 0.7968652037037037
3 0.6042051177083334 0.8091536046296296 0.6041950432291666 0.814836136111111 0.6060024177083334 0.8148503851851852 0.605974209375 0.8091393555555555 0.6042051177083334 0.8091536046296296
3 0.6059883135416667 0.795195212037037 0.6059681645833332 0.7915445999999999 0.5836248234375 0.7915730981481481 0.5836449729166666 0.7939042462962963 0.6042192223958334 0.7938899972222222 0.6042091479166667 0.795195212037037 0.6059883135416667 0.795195212037037
3 0.6346584729166668 0.7229410092592593 0.6346584729166668 0.7246907953703704 0.6413862583333334 0.7247021944444444 0.6413862583333334 0.7229837564814815 0.6346584729166668 0.7229410092592593
3 0.6044872052083333 0.7220746648148149 0.6044569817708333 0.7124308916666666 0.6024884140625001 0.7124593898148148 0.6024884140625001 0.7248874324074074 0.6295667942708333 0.7248731833333333 0.6295567197916667 0.722103162962963 0.6044872052083333 0.7220746648148149
3 0.6150231713541667 0.6719008268518518 0.6150533953125 0.6820034194444444 0.6293048557291667 0.6819464231481481 0.6293149307291667 0.6914049583333334 0.6310920812499999 0.6913764601851853 0.6310618578124999 0.681547449074074 0.6422708041666667 0.681547449074074 0.6423010276041666 0.6915616981481482 0.6346181744791667 0.6915332000000001 0.6346081 0.6939355944444444 0.6439693734374999 0.6939355944444444 0.6439592989583333 0.6793302935185186 0.6168003223958334 0.6793587916666667 0.6168103968749999 0.669415787962963 0.6024783395833333 0.6694015388888889 0.6025287125 0.6991194074074074 0.6044771307291666 0.6990766601851852 0.6044569817708333 0.6718865777777778 0.6150231713541667 0.6719008268518518
3 0.6180253880208333 0.6677970935185186 0.6179951640625 0.6778113425925926 0.6422909531250001 0.6777828444444445 0.6423111020833333 0.664827586111111 0.6689059036458332 0.6648988314814814 0.6689260526041667 0.6624850388888889 0.6404735041666666 0.662499287962963 0.6404835786458333 0.6753833 0.6196937338541667 0.6753975490740741 0.6197138828125 0.6653120546296296 0.6170219625000001 0.6653120546296296 0.6170421114583333 0.6383642064814815 0.6153536166666667 0.6383642064814815 0.6153636911458332 0.6659789111111111 0.6088958291666666 0.6659646620370371 0.6088958291666666 0.6383784555555555 0.6072294984375 0.6383642064814815 0.6072194239583334 0.6652978055555555 0.6059540598958333 0.6653263037037037 0.605974209375 0.6616044453703703 0.6013137213541667 0.6616186944444444 0.6012935723958334 0.6641892277777778 0.6042353416666667 0.6641464805555556 0.6042454161458333 0.6678398407407408 0.6180253880208333 0.6677970935185186
3 0.7697642557291666 0.6860786546296297 0.7697058229166667 0.674998575 0.7889865 0.6749358796296296 0.7889502317708333 0.6793530916666667 0.7887588151041667 0.6795497296296297 0.7887950838541666 0.7459162157407407 0.7647833973958333 0.7459561129629629 0.7648035463541666 0.7503163296296296 0.7888071729166667 0.7503020805555555 0.7888071729166667 0.815007124074074 0.7816764052083334 0.814992875925926 0.7816764052083334 0.8200655453703704 0.7924138625 0.8200655453703704 0.7924037880208333 0.6692020518518518 0.7656074953124999 0.66923055 0.7655974208333334 0.6803248787037036 0.7638988515625 0.6803106296296296 0.7638887770833332 0.6827130240740741 0.7650554098958333 0.6827130240740741 0.7650251864583333 0.6861071527777778 0.7697642557291666 0.6860786546296297
3 0.2659661494791667 0.6512624675925927 0.26599637291666667 0.6600968935185185 0.25723957291666666 0.6602108861111111 0.2573080796875 0.6625847824074074 0.26768486822916665 0.6625562842592593 0.2676949427083333 0.6512624675925927 0.2659661494791667 0.6512624675925927
3 0.36970783802083335 0.64614705 0.36970783802083335 0.6410914787037036 0.3360205520833333 0.641134225925926 0.33602659687499997 0.6462553435185185 0.32860568229166665 0.6462125962962962 0.3286157567708334 0.6512567685185185 0.3391053796875 0.6512767166666668 0.33911545416666666 0.6461043027777778 0.36970783802083335 0.64614705
3 0.27529316927083336 0.6511969222222223 0.27529719947916664 0.6462182953703703 0.25638928072916667 0.6462068962962964 0.25638525104166665 0.6554659444444445 0.25514003645833333 0.6554659444444445 0.2551501109375 0.6601966370370371 0.2599496270833333 0.6601538898148148 0.2598952244791667 0.6512111712962964 0.27529316927083336 0.6511969222222223
4 0.19611726770833335 0.6558877175925926 0.19613338697916666 0.6600683953703704 0.20506145468749998 0.6600968935185185 0.2051057828125 0.6559304648148148 0.19611726770833335 0.6558877175925926
3 0.1883921015625 0.7013166148148149 0.18840620572916666 0.6604873185185186 0.19607293958333333 0.6604673694444444 0.19604876093749998 0.6554488453703704 0.1842514609375 0.6554659444444445 0.18422325208333332 0.7026047305555556 0.1860306265625 0.7025676833333333 0.18601652239583333 0.7013166148148149 0.1883921015625 0.7013166148148149
3 0.3166774130208333 0.7226588768518518 0.3166572635416667 0.7161385009259259 0.3151601854166667 0.7161385009259259 0.3151702598958333 0.7247050444444445 0.32721337916666665 0.7246907953703704 0.32722345364583333 0.7226588768518518 0.3166774130208333 0.7226588768518518
3 0.26783598645833334 0.7259133657407407 0.26783598645833334 0.7276688518518518 0.2757908520833333 0.7276688518518518 0.2757666734375 0.7259304648148148 0.26783598645833334 0.7259133657407407
3 0.24394116458333331 0.7256711314814815 0.24393109010416666 0.7276745509259259 0.26438041510416666 0.72768595 0.26438041510416666 0.7256853805555556 0.24394116458333331 0.7256711314814815
3 0.21118678229166665 0.7055029925925925 0.2111847671875 0.7259361638888889 0.20647390677083333 0.7259361638888889 0.2064537578125 0.72769735 0.22148901875 0.72769735 0.22149909322916667 0.7256654314814814 0.21264154739583332 0.7256796805555555 0.21264960729166665 0.7055428898148148 0.221648196875 0.7055286407407407 0.22161797291666666 0.7029296092592593 0.21302035052083335 0.7029039611111111 0.21302841041666667 0.6644799092592593 0.230564175 0.6644941583333334 0.2307838 0.7053063546296297 0.2310699171875 0.7053177546296295 0.23106588749999998 0.72768595 0.23254080208333333 0.7276574518518518 0.23250453333333335 0.7052094611111112 0.23265565208333333 0.7052237101851853 0.2326475921875 0.661726987962963 0.21110215572916669 0.661732687037037 0.21115454375 0.6920404675925925 0.20682651614583333 0.692114562962963 0.20682651614583333 0.6776204046296296 0.21109812604166667 0.6775976064814815 0.21109812604166667 0.6754687944444444 0.2051420510416667 0.6754687944444444 0.20516018541666667 0.6945169564814815 0.21106588750000002 0.6945169564814815 0.2110679026041667 0.7055029925925925 0.21118678229166665 0.7055029925925925
3 0.3390610515625 0.7911057277777778 0.33907314114583337 0.7872385296296297 0.33931291562500004 0.7867996583333334 0.3393048557291667 0.7412225703703704 0.33622204322916666 0.7412539185185185 0.336220028125 0.7870703907407407 0.33640942968750004 0.7873553722222222 0.3364013703125 0.7911199768518519 0.3390610515625 0.7911057277777778
3 0.17017328229166667 0.3194072388888889 0.17023977447916666 0.30498432592592595 0.16663509947916666 0.3049643777777778 0.16666733854166665 0.324420062962963 0.18478138229166668 0.3244685092592593 0.18478138229166668 0.3194072388888889 0.17017328229166667 0.3194072388888889
3 0.2644328026041667 0.6826303787037037 0.2644186984375 0.7281704185185185 0.26778158385416667 0.7281561694444445 0.26777352395833337 0.6826018805555555 0.2644328026041667 0.6826303787037037
3 0.329171871875 0.8149786268518519 0.3291879911458333 0.8200598462962962 0.3463530125 0.8200455972222221 0.34631271406249997 0.8148446851851852 0.329171871875 0.8149786268518519
3 0.2660568203125 0.8150641203703705 0.2660467458333333 0.8200797944444445 0.283268184375 0.8200712453703705 0.28324803541666665 0.8150270731481482 0.2660568203125 0.8150641203703705
3 0.23230102760416665 0.8150213731481482 0.2323211765625 0.8200370472222221 0.24498488802083335 0.8200512962962963 0.24495063489583335 0.8150327731481481 0.23230102760416665 0.8150213731481482
3 0.203806165625 0.815007124074074 0.20383840416666665 0.8200797944444445 0.21843038489583336 0.8200370472222221 0.218422325 0.814998575 0.203806165625 0.815007124074074
3 0.27317751354166664 0.7476175546296296 0.27313923020833336 0.792912511111111 0.2761333869791667 0.792912511111111 0.2761011484375 0.7476318037037037 0.27317751354166664 0.7476175546296296
3 0.2360568203125 0.7476033055555555 0.23608704427083332 0.7518865777777778 0.26180938958333333 0.7518352805555556 0.2618194640625 0.7476660018518518 0.2360568203125 0.7476033055555555
3 0.38170058437500004 0.8148275861111111 0.38172073333333334 0.8201082925925925 0.3902579083333333 0.8200569962962964 0.39021761041666664 0.6411085777777777 0.3787870239583333 0.6410772296296297 0.3788253072916667 0.64614705 0.3866794276041666 0.6461185518518519 0.38665323385416667 0.8148275861111111 0.38170058437500004 0.8148275861111111
3 0.3637618375 0.8149073814814815 0.3637719119791667 0.8200512962962963 0.370159178125 0.8200655453703704 0.37008865625 0.814836136111111 0.3637618375 0.8149073814814815
3 0.20515212552083334 0.6554231972222222 0.20516220052083334 0.6604673694444444 0.23771307656250001 0.6604958675925926 0.237753375 0.6554374462962963 0.20515212552083334 0.6554231972222222
3 0.2927483375 0.6462097462962962 0.2927886359375 0.6512824166666666 0.3194499296875 0.6512339694444444 0.31941567604166665 0.6462097462962962 0.2927483375 0.6462097462962962
2 0.31348378020833334 0.7018751777777777 0.31349385468749996 0.7160815046296296 0.3170380817708333 0.7160672555555555 0.3169977838541667 0.701917925 0.31348378020833334 0.7018751777777777
4 0.370149103125 0.8149786268518519 0.3701994760416667 0.8195525787037038 0.38168043541666663 0.8196238240740741 0.38165021145833333 0.815007124074074 0.370149103125 0.8149786268518519
3 0.212959903125 0.7476033055555555 0.2129558734375 0.7518637787037037 0.2244892203125 0.7518352805555556 0.22447713072916667 0.7476318037037037 0.212959903125 0.7476033055555555
2 0.3658170463541667 0.8091251064814814 0.3658714489583333 0.7954744944444444 0.35500302239583337 0.7955314907407407 0.35492645572916665 0.8091450555555556 0.3658170463541667 0.8091251064814814
2 0.36787023958333337 0.7115930462962963 0.3678480755208334 0.6984126527777778 0.3573644973958333 0.698452550925926 0.3575841223958333 0.7114790537037037 0.36787023958333337 0.7115930462962963
3 0.18285109791666668 0.8200911944444444 0.1828148296875 0.8150441722222223 0.17278662083333335 0.8150270731481482 0.17272415885416667 0.7502507833333334 0.1883921015625 0.7502849814814815 0.18840419114583332 0.7224878879629629 0.18595809010416667 0.722516386111111 0.18595809010416667 0.7210230833333333 0.1842514609375 0.7210230833333333 0.1842514609375 0.7443744657407407 0.16858351822916667 0.7443887148148148 0.16856739895833334 0.8200569962962964 0.18285109791666668 0.8200911944444444
3 0.2013963328125 0.7518352805555556 0.2013701390625 0.7476346537037037 0.19162804739583333 0.7476346537037037 0.19154745104166665 0.7478341407407407 0.18886560572916666 0.7477628953703704 0.18886560572916666 0.751741237037037 0.19147692916666664 0.7516956398148148 0.19151722760416667 0.7518267314814814 0.2013963328125 0.7518352805555556
2 0.34922828958333335 0.7411684240740741 0.34916784218749997 0.7249729268518519 0.3360910739583333 0.7249586777777778 0.3361011484375 0.7411256768518519 0.34922828958333335 0.7411684240740741
2 0.22163409218750002 0.6908805925925926 0.22172476302083333 0.7060245083333334 0.23071730833333334 0.7059874611111111 0.23064275625 0.6907950981481482 0.22163409218750002 0.6908805925925926
2 0.23261132395833334 0.7110658305555556 0.232599234375 0.7283613564814815 0.24388071718749998 0.7283129092592593 0.2439008666666667 0.7112938157407407 0.23261132395833334 0.7110658305555556
2 0.22160386875 0.7136791111111112 0.22152931718750002 0.7283100601851852 0.23100544010416665 0.7283414074074074 0.23098529114583333 0.7136791111111112 0.22160386875 0.7136791111111112
2 0.2618597625 0.747503562037037 0.2618597625 0.7658848675925926 0.2730767682291667 0.7661128527777777 0.273137215625 0.7474750638888888 0.2618597625 0.747503562037037
2 0.224537578125 0.7475349101851853 0.2244992947916667 0.7662154462962963 0.2359480151041667 0.7662296953703703 0.23597823906249998 0.7475776574074074 0.224537578125 0.7475349101851853
2 0.20145678020833332 0.7474180675925925 0.20141648177083335 0.7660986037037036 0.21286520260416666 0.7661128527777777 0.21289542604166664 0.7474608148148149 0.20145678020833332 0.7474180675925925
2 0.1725508765625 0.7026731259259259 0.17259117447916666 0.72076945 0.18989119479166666 0.7210401824074074 0.18984686666666667 0.7026531777777778 0.1725508765625 0.7026731259259259
3 0.38663711458333333 0.7939070962962963 0.3866209953125 0.7915816472222222 0.3639431796875 0.7916101453703703 0.3639532541666667 0.7954174981481481 0.36571025572916666 0.7954174981481481 0.36570622604166664 0.7939070962962963 0.38663711458333333 0.7939070962962963
3 0.3639633286458333 0.8092106009259259 0.3639431796875 0.8148503851851852 0.3657404796875 0.814836136111111 0.36570018125000003 0.80922485 0.3639633286458333 0.8092106009259259
2 0.3672677817708333 0.6524280425925926 0.3672274833333333 0.6697007694444445 0.3779206125 0.6697150185185186 0.37785210572916667 0.6525534342592593 0.3672677817708333 0.6524280425925926
2 0.19143260104166665 0.6683357083333333 0.19124118489583333 0.685568537962963 0.20198468645833334 0.6856226842592592 0.20191819479166667 0.6684354518518519 0.19143260104166665 0.6683357083333333
4 0.27620189427083336 0.6648532342592592 0.2761716703125 0.6696865203703704 0.2942192223958333 0.6696722712962963 0.29418496875 0.6648532342592592 0.27620189427083336 0.6648532342592592
4 0.23755389895833331 0.6792932462962963 0.237594196875 0.6839070962962962 0.25549063072916667 0.6839469935185185 0.25542010885416666 0.6793445425925926 0.23755389895833331 0.6792932462962963
4 0.28293975416666667 0.7916243944444444 0.28297199270833334 0.7962695925925927 0.3293612734375 0.7962268453703704 0.3293713479166666 0.7916956398148148 0.28293975416666667 0.7916243944444444
4 0.24476526302083332 0.7917241379629629 0.24479548645833335 0.7962553435185186 0.2662764458333333 0.7962695925925927 0.2662683859375 0.7916671416666666 0.24476526302083332 0.7917241379629629
4 0.2181543421875 0.7916842407407408 0.21817449114583332 0.7962296953703704 0.23256095104166666 0.7962695925925927 0.2325508765625 0.7916671416666666 0.2181543421875 0.7916842407407408
4 0.18260527916666666 0.7916956398148148 0.18262341302083335 0.7962695925925927 0.204114446875 0.7962239953703704 0.2040842234375 0.7917241379629629 0.18260527916666666 0.7916956398148148
3 0.345964134375 0.7952009120370371 0.345974209375 0.7926161296296297 0.33802941770833334 0.7926161296296297 0.33801934322916666 0.7943345685185186 0.3294116463541667 0.7943516675925926 0.32940157187499997 0.7968766027777777 0.3398569411458333 0.7968908518518518 0.3398569411458333 0.7951724138888889 0.345964134375 0.7952009120370371
3 0.26631875885416667 0.794437162037037 0.26633890781249997 0.7968823027777777 0.2829196052083333 0.7968965518518518 0.28290953072916664 0.794437162037037 0.26631875885416667 0.794437162037037
3 0.2325911744791667 0.7944799092592593 0.2325911744791667 0.7969022509259259 0.24475518854166667 0.7968880018518518 0.2447451140625 0.794417212962963 0.2325911744791667 0.7944799092592593
3 0.2041628046875 0.7944542601851852 0.20417287916666668 0.7968823027777777 0.2181241182291667 0.7968965518518518 0.21811404375 0.7944685092592593 0.2041628046875 0.7944542601851852
3 0.1727906510416667 0.7944514111111111 0.17280274010416666 0.7969250499999999 0.18256699583333333 0.7969421490740741 0.18255490625 0.7944514111111111 0.1727906510416667 0.7944514111111111
3 0.37794277656249997 0.664431462037037 0.37794277656249997 0.6670019944444445 0.38663106979166667 0.6670447416666667 0.38663106979166667 0.6644742092592593 0.37794277656249997 0.664431462037037
3 0.3480677010416667 0.6777087490740741 0.34808583541666666 0.6670133944444444 0.3671670359375 0.6670019944444445 0.36714890208333334 0.6644827583333334 0.34809590989583333 0.6644827583333334 0.3480757604166667 0.6628355657407407 0.34973201666666665 0.6628213166666667 0.34974209166666664 0.64615845 0.3480354625 0.64615845 0.3480334473958333 0.6607523509259259 0.340801934375 0.6607238527777778 0.34078178541666665 0.646132800925926 0.33915575260416664 0.646132800925926 0.33911746927083336 0.6631376462962963 0.34628450520833337 0.6631005981481481 0.3462482369791667 0.67769165 0.3480677010416667 0.6777087490740741
3 0.315154140625 0.6954060981481481 0.3151239171875 0.7018124824074075 0.3166995770833333 0.7018124824074075 0.31664920416666664 0.695391849074074 0.315154140625 0.6954060981481481
3 0.3185150109375 0.6930578509259259 0.3184565786458334 0.6644599601851852 0.29423735625 0.6644457111111111 0.29424743072916665 0.6670732398148148 0.31687487395833336 0.6670162435185185 0.31682651614583335 0.6930721 0.3185150109375 0.6930578509259259
3 0.2761273421875 0.6670333425925926 0.27614749166666663 0.6644884583333333 0.2642353416666667 0.6644742092592593 0.2642051177083333 0.678660587037037 0.25548660104166665 0.6786406379629629 0.25550070520833335 0.6811228268518519 0.26597219427083335 0.6811256768518519 0.26590167239583334 0.6670190935185185 0.2761273421875 0.6670333425925926
3 0.23387064270833333 0.6786691361111111 0.23387064270833333 0.681139925925926 0.23751763020833333 0.6811256768518519 0.23750755572916665 0.6786976342592592 0.23387064270833333 0.6786691361111111
3 0.20204311927083335 0.6803391277777777 0.2020491640625 0.6827842694444445 0.204448921875 0.6828127675925926 0.204448921875 0.6803533768518518 0.20204311927083335 0.6803391277777777
3 0.18843038489583333 0.6803676259259259 0.18843038489583333 0.6828127675925926 0.19120088645833333 0.6828270166666667 0.19119081197916668 0.6803818749999999 0.18843038489583333 0.6803676259259259
4 0.23780777760416666 0.6559076657407407 0.23781382239583332 0.6601253916666667 0.2551098125 0.6600826444444445 0.255101753125 0.6558934166666666 0.23780777760416666 0.6559076657407407
4 0.27535764635416665 0.6467027638888889 0.275347571875 0.6508634935185186 0.2927120692708333 0.6508064972222223 0.2927120692708333 0.6466885148148148 0.27535764635416665 0.6467027638888889
4 0.3194700786458334 0.6466600166666667 0.31951843645833333 0.6508919916666667 0.3285794880208333 0.6508777425925926 0.3285694135416667 0.6466742657407407 0.3194700786458334 0.6466600166666667
4 0.3697541807291667 0.6415474490740741 0.3697481364583333 0.6458649185185186 0.37873665104166665 0.6458506694444445 0.3787447109375 0.6415474490740741 0.3697541807291667 0.6415474490740741
4 0.34603465624999996 0.7899914509259259 0.34602458177083334 0.7947078944444445 0.36390288125 0.7947078944444445 0.363884746875 0.7899145055555555 0.34603465624999996 0.7899914509259259
4 0.3463751765625 0.8154773435185185 0.34639532552083335 0.8206469083333333 0.3637013901041667 0.8206469083333333 0.3636610921875 0.8154630944444444 0.3463751765625 0.8154773435185185
4 0.2833125125 0.8155314907407407 0.2833125125 0.8206497574074074 0.32915172291666667 0.8206611574074074 0.32906105156250004 0.8154488453703703 0.2833125125 0.8155314907407407
4 0.24501511197916667 0.8154887435185185 0.24504533541666668 0.8195668277777778 0.26600644791666667 0.8195525787037038 0.26594600052083334 0.8155457398148148 0.24501511197916667 0.8154887435185185
4 0.21852105572916666 0.8155172416666666 0.21852105572916666 0.8195269305555555 0.23222446093750002 0.8195582787037037 0.23219020729166667 0.8155457398148148 0.21852105572916666 0.8155172416666666
4 0.18287527708333334 0.8154630944444444 0.18290751562500002 0.8195611287037038 0.20377392708333333 0.8195896268518519 0.20374571822916668 0.8154773435185185 0.18287527708333334 0.8154630944444444
3 0.2361978640625 0.7519492731481482 0.23618778958333334 0.7923339981481482 0.23760427135416667 0.7923482472222222 0.237630465625 0.751929325 0.2361978640625 0.7519492731481482
3 0.21301027604166667 0.751909375925926 0.21296594791666665 0.7923482472222222 0.21460407031249998 0.7923482472222222 0.21464033854166667 0.7518865777777778 0.21301027604166667 0.751909375925926
3 0.3377916583333333 0.6987717296296296 0.33780979270833333 0.7224707898148148 0.3311706630208333 0.722502137037037 0.3311706630208333 0.7248874324074074 0.36755994375 0.7249159305555556 0.36749748125 0.7116699916666667 0.3656598833333333 0.7116414935185185 0.36565383854166666 0.7220632657407406 0.33949022760416664 0.7220775148148147 0.33956074947916665 0.6963807351851852 0.3347793671875 0.6963664861111111 0.33474914375 0.681926475 0.3656236145833333 0.6819834712962963 0.36568607708333334 0.6983528074074075 0.3674934515625 0.6983528074074075 0.3674934515625 0.6791849527777778 0.33300826093749997 0.6792761472222223 0.33296796302083337 0.6952123111111111 0.33120088645833334 0.6951838129629629 0.33119081197916667 0.6966913648148149 0.33298811197916667 0.6966685666666667 0.33295788854166664 0.6988173268518518 0.3377916583333333 0.6987717296296296
3 0.7204714890625 0.7524622398148149 0.72042313125 0.7482616129629629 0.7134213177083333 0.7482616129629629 0.7133729598958334 0.8150156740740742 0.7010175296875 0.8149814759259258 0.7010296192708334 0.8200626962962964 0.7163731614583334 0.8200968935185186 0.716361071875 0.7524565407407408 0.7204714890625 0.7524622398148149
3 0.5835865406249999 0.6616044453703703 0.5835966151041667 0.6641607296296296 0.5905138020833333 0.6642120259259259 0.5905037276041667 0.6615987462962963 0.5835865406249999 0.6616044453703703
3 0.6302760427083334 0.6383756055555555 0.6302861171875 0.6333029351851852 0.6041164619791667 0.6332658879629629 0.6041063875 0.638267312962963 0.6013983479166666 0.638273012037037 0.6013882734375 0.6433314333333333 0.6072033046875001 0.6433171842592592 0.6072133791666666 0.6383300083333333 0.6302760427083334 0.6383756055555555
3 0.5998468666666666 0.8148503851851852 0.5997763447916667 0.8200655453703704 0.6061837598958333 0.8200512962962963 0.6061736854166667 0.8148931324074074 0.5998468666666666 0.8148503851851852
3 0.7607656661458333 0.8200655453703704 0.7607656661458333 0.8149643777777777 0.7521277453124999 0.8149786268518519 0.7520773723958333 0.7482274148148148 0.7450070520833333 0.7482416638888889 0.7449969776041667 0.752476488888889 0.7491255291666667 0.7524337416666667 0.7491255291666667 0.8200655453703704 0.7607656661458333 0.8200655453703704
3 0.6691678421875 0.6493445425925926 0.6691779166666667 0.6442433740740741 0.6470622609375 0.6442433740740741 0.6470723354166666 0.6332772870370371 0.6394579890625 0.6332772870370371 0.6394579890625 0.6384069537037037 0.6434757203125 0.6384069537037037 0.6434958692708334 0.6493017953703704 0.6691678421875 0.6493445425925926
3 0.6296554505208333 0.6914477055555556 0.6295829135416666 0.7250441722222222 0.63463429375 0.7250099740740741 0.6345859359375 0.6913764601851853 0.6296554505208333 0.6914477055555556
3 0.6337034052083333 0.7911997722222223 0.6336933307291667 0.7411256768518519 0.6306105177083333 0.7411684240740741 0.6306205921875 0.7854032490740741 0.6308120088541667 0.7854032490740741 0.6308321578125 0.7911855231481482 0.6337034052083333 0.7911997722222223
3 0.5836066895833334 0.8148931324074074 0.5835563166666666 0.6433200342592592 0.5922425953125 0.6433342833333333 0.5922425953125 0.6382359648148148 0.5799899255208333 0.6382644629629629 0.5799899255208333 0.8200940435185184 0.588325609375 0.8201082925925925 0.5882974005208333 0.8148646342592593 0.5836066895833334 0.8148931324074074
3 0.6970985291666667 0.6891621546296296 0.6970985291666667 0.7264234824074074 0.7000725369791667 0.7264234824074074 0.7000826114583333 0.6891336564814815 0.6970985291666667 0.6891621546296296
4 0.7204956677083333 0.7462268453703703 0.7205218619791667 0.7519777712962963 0.7449466046875001 0.751920775 0.7449566796875 0.7460387574074074 0.7204956677083333 0.7462268453703703
4 0.7604372354166667 0.7916471925925926 0.7604352208333334 0.7968680537037036 0.7819887166666667 0.7968823027777777 0.7819282692708334 0.7916813907407407 0.7604372354166667 0.7916471925925926
4 0.6441990729166667 0.7916386435185185 0.6442595203125 0.7969108009259259 0.7013177515625001 0.7968965518518518 0.7013177515625001 0.7916243944444444 0.6441990729166667 0.7916386435185185
4 0.6445013098958333 0.8154773435185185 0.6444912348958333 0.8206896555555555 0.700995365625 0.8206469083333333 0.7009852911458334 0.8154773435185185 0.6445013098958333 0.8154773435185185
4 0.588325609375 0.815007124074074 0.5883578479166667 0.8196523222222223 0.599736046875 0.8196380731481482 0.5997864192708333 0.8149358796296297 0.588325609375 0.815007124074074
4 0.6062039088541666 0.8154887435185185 0.6062139833333333 0.8206754064814815 0.6235804958333334 0.8206611574074074 0.6235200484375 0.8154630944444444 0.6062039088541666 0.8154887435185185
4 0.6059943583333334 0.7899487037037036 0.6060225671875 0.7951325166666666 0.6238807171875 0.7951752638888888 0.6238907916666666 0.7899629527777777 0.6059943583333334 0.7899487037037036
4 0.668978440625 0.6629752064814816 0.6689361270833333 0.6676688518518519 0.6869252468749999 0.6677115990740741 0.6868647994791667 0.6629524083333334 0.668978440625 0.6629752064814816
4 0.6692081401041666 0.6447135935185184 0.6691980656250001 0.648831575925926 0.6866129359375001 0.6488030777777778 0.6866129359375001 0.6447135935185184 0.6692081401041666 0.6447135935185184
4 0.6303264156249999 0.6337332574074074 0.6303163411458333 0.6379965805555555 0.6394056015624999 0.6379680824074074 0.6393955270833334 0.6337475064814815 0.6303264156249999 0.6337332574074074
4 0.59227281875 0.6387318324074074 0.5922627442708334 0.6429951555555555 0.6013540197916666 0.6429666574074074 0.6013439453125 0.6387460814814815 0.59227281875 0.6387318324074074
2 0.7509631270833333 0.6637190083333333 0.7509933510416666 0.688267312962963 0.7638404192708333 0.688267312962963 0.7638404192708333 0.6636762611111111 0.7509631270833333 0.6637190083333333
2 0.6206971588541667 0.7252151611111112 0.6206266369791666 0.7411684240740741 0.6338343744791667 0.7410829296296296 0.6338404192708332 0.7250641203703704 0.6206971588541667 0.7252151611111112
3 0.7819947614583334 0.7943060703703704 0.7820149104166667 0.7968937018518519 0.7887729197916666 0.7968652037037037 0.7887829942708334 0.7942633231481482 0.7819947614583334 0.7943060703703704
2 0.7706488010416667 0.7113650611111111 0.7706387265625001 0.7266058703703704 0.7799093291666667 0.7266343685185186 0.7798690307291667 0.7113793101851852 0.7706488010416667 0.7113650611111111
2 0.7684062057291666 0.7328555148148148 0.7683800119791666 0.7458421203703703 0.7788253072916667 0.7458278712962964 0.7785935927083333 0.7329581074074074 0.7684062057291666 0.7328555148148148
2 0.5904654442708334 0.6496437731481481 0.5905782791666667 0.6668481046296296 0.6012613338541667 0.6668481046296296 0.601366109375 0.649618125 0.5904654442708334 0.6496437731481481
2 0.6021881927083333 0.6991507555555555 0.6021640135416667 0.7124137935185185 0.6130606489583333 0.7123966944444444 0.6129639333333333 0.6990823592592593 0.6021881927083333 0.6991507555555555
3 0.7163933104166667 0.8154630944444444 0.7164033848958333 0.8196095750000001 0.7490953052083333 0.819595325925926 0.7490953052083333 0.8154203472222221 0.7163933104166667 0.8154630944444444
2 0.7533548255208333 0.745756625925926 0.7534837802083333 0.7644656601851852 0.7647531734374999 0.7642946712962964 0.7647592182291666 0.7457395268518519 0.7533548255208333 0.745756625925926
3 0.7521337901041666 0.7942918212962963 0.7521337901041666 0.7968652037037037 0.7604110416666666 0.7968794527777778 0.7604009671875 0.7942633231481482 0.7521337901041666 0.7942918212962963
3 0.7799597015625 0.7235252212962963 0.7799697765625001 0.726138500925926 0.788766875 0.7261669990740741 0.7887568005208333 0.7235109722222222 0.7799597015625 0.7235252212962963
3 0.7687104572916666 0.725953262962963 0.7686903083333333 0.7262097462962963 0.7688515010416667 0.7262097462962963 0.7688414265625 0.7327728694444444 0.7702881322916666 0.7328013675925926 0.7702679833333334 0.7260957537037037 0.7706085031250001 0.7261100027777778 0.7705077572916667 0.6868452546296296 0.76873060625 0.6868595037037037 0.76874068125 0.7243773157407407 0.7641305661458334 0.7243915648148148 0.7641204916666666 0.7259960101851852 0.7687104572916666 0.725953262962963
3 0.7277392708333333 0.23041607314814813 0.7277634494791666 0.23322599074074074 0.7367821880208333 0.23326873796296296 0.7367922625 0.23045597037037038 0.7277392708333333 0.23041607314814813
3 0.7170259921875 0.23328298703703704 0.7170360666666666 0.23997435185185187 0.718422325 0.23998860092592592 0.7184626234375 0.2335252212962963 0.7187124723958332 0.2335252212962963 0.7186137416666667 0.19377885462962963 0.7367721135416667 0.19375035648148148 0.7367721135416667 0.19113707592592594 0.7169151723958334 0.19112282685185186 0.7168849484375 0.23088344259259258 0.7126677411458334 0.2309261898148148 0.7126475921875 0.20559703611111113 0.7109087244791666 0.20563978333333335 0.7109792463541668 0.23139355925925925 0.7063993552083333 0.23140780833333333 0.7064195041666667 0.23311484722222223 0.7109490229166667 0.23311484722222223 0.7109590973958333 0.23328298703703704 0.7170259921875 0.23328298703703704
3 0.7125266973958334 0.253456825 0.7125266973958334 0.25554288981481477 0.7368023375 0.2555286407407407 0.7368023375 0.25348532314814815 0.7125266973958334 0.253456825
3 0.7011867822916666 0.3136876601851852 0.7011968567708333 0.2535280703703704 0.6787588151041667 0.2534710740740741 0.6787688895833334 0.25555713888888887 0.699550675 0.2555143916666666 0.6995204515625001 0.31371615833333333 0.7011867822916666 0.3136876601851852
3 0.6648801130208334 0.2934710740740741 0.6649002619791666 0.3136905101851852 0.6673201692708334 0.3137332574074074 0.6673221843749999 0.2934767740740741 0.6648801130208334 0.2934710740740741
3 0.6103828328124999 0.30757765740740745 0.6103586541666667 0.28487888333333333 0.6063207739583334 0.28487603333333333 0.6063207739583334 0.2889085212962963 0.6088212776041666 0.28892277037037034 0.60884545625 0.30757765740740745 0.6103828328124999 0.30757765740740745
3 0.5868083817708333 0.3020290685185185 0.5868265161458334 0.3075263611111111 0.5886822484375 0.3075263611111111 0.5886479953125 0.3020290685185185 0.5868083817708333 0.3020290685185185
3 0.5886983677083334 0.2887432314814815 0.5886782187499999 0.28493587962962963 0.5646947411458334 0.2849216305555555 0.5647007859375001 0.2872442287037037 0.58682853125 0.2872442287037037 0.5868305458333333 0.2887289824074074 0.5886983677083334 0.2887432314814815
3 0.5805117869791666 0.22554288981481482 0.5804976828124999 0.2281333712962963 0.6133749749999999 0.22815332037037037 0.6133649005208334 0.2254944425925926 0.5805117869791666 0.22554288981481482
3 0.6133850494791666 0.19734397222222225 0.6133951239583334 0.22846964907407408 0.6163590567708332 0.22846964907407408 0.6163389078125 0.19734397222222225 0.6133850494791666 0.19734397222222225
3 0.598978440625 0.20031917962962964 0.5989804552083334 0.21036762592592592 0.6133447510416666 0.21037047592592595 0.6133447510416666 0.20785693888888887 0.6006629057291666 0.20788828703703705 0.6006266369791666 0.19986320925925924 0.6133548255208333 0.19987175833333334 0.6133548255208333 0.1976289537037037 0.5805198468749999 0.1976888 0.5804815635416667 0.21250213703703705 0.5823916984374999 0.2125306351851852 0.5823634895833333 0.20030777962962962 0.598978440625 0.20031917962962964
3 0.5625952046875 0.22662296944444443 0.5625952046875 0.2279566824074074 0.5696755994791667 0.2279566824074074 0.5696856739583332 0.22662296944444443 0.5625952046875 0.22662296944444443
3 0.5625851302083333 0.20475919074074075 0.5625750552083333 0.20623824444444444 0.5703687286458333 0.2062097462962963 0.5703687286458333 0.2047876888888889 0.5625851302083333 0.20475919074074075
3 0.5805964135416667 0.1682986601851852 0.5806125328125 0.18167569074074075 0.5820713276041667 0.18167569074074075 0.5820592385416667 0.1682958111111111 0.5805964135416667 0.1682986601851852
3 0.6922184161458333 0.3156739814814815 0.6921982671875 0.32073240277777776 0.7103465645833332 0.32074665185185186 0.7103062661458334 0.31568823055555556 0.6922184161458333 0.3156739814814815
3 0.6574672578125 0.31574522685185186 0.6574672578125 0.32074665185185186 0.6746826515625001 0.3207609009259259 0.674652428125 0.3156597324074074 0.6574672578125 0.31574522685185186
3 0.6645597421875 0.2530208037037037 0.6645678015625 0.2934539759259259 0.6675498692708334 0.2934539759259259 0.6675277052083334 0.2530037046296297 0.6645597421875 0.2530208037037037
3 0.71390288125 0.20495867777777776 0.7138928067708333 0.19034197777777778 0.7367922625 0.19025648333333334 0.7368527098958333 0.31575947592592596 0.7277634494791666 0.31580222314814815 0.727753375 0.3207609009259259 0.7402478338541666 0.32074665185185186 0.740237759375 0.18441721296296296 0.7098045536458333 0.18447420925925925 0.70974410625 0.1990766601851852 0.7050433203124999 0.19909090925925926 0.7050332458333333 0.20153605 0.7062885354166667 0.20153605 0.7063288333333334 0.20500142500000001 0.71390288125 0.20495867777777776
3 0.577003828125 0.16127671666666668 0.577003828125 0.1663094898148148 0.5866995770833333 0.16626389259259258 0.586721740625 0.1612510685185185 0.577003828125 0.16127671666666668
3 0.6235341526041667 0.15677970925925927 0.6235462421875 0.1517155888888889 0.6053113036458334 0.15180108333333334 0.6053113036458334 0.16127956666666665 0.6041164619791667 0.1612624675925926 0.6041527302083334 0.1663607861111111 0.6088656057291666 0.1663607861111111 0.6088776947916668 0.15674551111111112 0.6235341526041667 0.15677970925925927
3 0.5822103567708333 0.30756340833333334 0.5822305057291667 0.31264747777777774 0.5887991135416667 0.3126503277777778 0.5887688895833333 0.30757765740740745 0.5822103567708333 0.30756340833333334
3 0.6409550677083333 0.15175833611111111 0.6409752166666667 0.15677400925925927 0.6664154744791666 0.15680250740740742 0.6664154744791666 0.15175833611111111 0.6409550677083333 0.15175833611111111
3 0.611497078125 0.28435736666666667 0.6114708843750001 0.2804331722222222 0.6116199880208334 0.2803647759259259 0.6116179729166666 0.24442006296296295 0.6086218015625 0.24444856111111107 0.6086218015625 0.2803989740740741 0.608722546875 0.2805044175925926 0.608722546875 0.28435736666666667 0.611497078125 0.28435736666666667
3 0.6187084427083334 0.3207609009259259 0.6186580697916667 0.315773725 0.6101309692708334 0.315773725 0.6101309692708334 0.30762040462962964 0.6062240578125 0.30760615555555554 0.6062341328124999 0.31267882592592594 0.6070280072916667 0.31267882592592594 0.6070280072916667 0.32080364814814816 0.6187084427083334 0.3207609009259259
3 0.6789300828125 0.20174693611111114 0.6789200078125001 0.2334112287037037 0.6818637921874999 0.2334112287037037 0.6819040901041666 0.2048874324074074 0.6909631270833334 0.20495867777777776 0.6909933510416667 0.20152180092592592 0.6923393109375 0.20150755185185185 0.6923292364583333 0.19904816203703704 0.691084021875 0.19903391296296297 0.6910537979166667 0.15174408703703704 0.6755047348958333 0.15174408703703704 0.6755651822916667 0.15683100555555557 0.6868950229166667 0.15678825833333335 0.6869151723958333 0.20167569074074074 0.6789300828125 0.20174693611111114
3 0.5707293973958334 0.3126645768518519 0.5706890994791666 0.3074779138888889 0.5646745921874999 0.30750641203703705 0.5646645171875 0.28530350555555556 0.5613902880208334 0.2853177546296296 0.5614507354166667 0.1663208888888889 0.5679185973958333 0.1662496435185185 0.5678984484375 0.1612624675925926 0.5578843442708333 0.1612624675925926 0.5579044932291667 0.2905471648148148 0.5610880515625 0.2905471648148148 0.56112835 0.31267882592592594 0.5707293973958334 0.3126645768518519
4 0.16623211770833332 0.15832145925925925 0.1662421921875 0.18294100925925927 0.170378803125 0.18295525833333334 0.17036268385416667 0.15831860925925925 0.16623211770833332 0.15832145925925925
4 0.16701188802083333 0.1313622111111111 0.16699576875 0.1474209175925926 0.17012089479166667 0.1474836138888889 0.17009268593750002 0.1313622111111111 0.16701188802083333 0.1313622111111111
2 0.22519846875 0.3199373037037037 0.22530928854166668 0.33506697037037037 0.2372516625 0.33512966666666666 0.2372516625 0.31996580185185186 0.22519846875 0.3199373037037037
2 0.2072818859375 0.22311199814814817 0.20712069322916668 0.23846109999999998 0.21928269166666667 0.23848959814814813 0.21924037864583334 0.22305500185185187 0.2072818859375 0.22311199814814817
2 0.23996373177083333 0.1662496435185185 0.23999194010416666 0.1722143064814815 0.25039895208333335 0.17224280462962963 0.250449325 0.16623539444444443 0.23996373177083333 0.1662496435185185
2 0.2191940359375 0.19109432870370371 0.21896030625000001 0.20843830185185186 0.2301108203125 0.20845255092592593 0.23012089479166667 0.19117982314814816 0.2191940359375 0.19109432870370371
2 0.2903123109375 0.2605870620370371 0.29035260937499996 0.2655172416666667 0.3003465645833333 0.26554573981481483 0.3003465645833333 0.26050156759259263 0.2903123109375 0.2605870620370371
2 0.31541204895833336 0.26224850370370373 0.315462421875 0.27952123148148145 0.3267499494791667 0.279424337037037 0.326739875 0.2622057564814815 0.31541204895833336 0.26224850370370373
2 0.33375176302083337 0.2251724138888889 0.33375176302083337 0.2431148472222222 0.34505944010416667 0.2431148472222222 0.34499093281250004 0.22520091203703704 0.33375176302083337 0.2251724138888889
2 0.300185371875 0.1869165 0.3000745515625 0.21074095185185185 0.313241990625 0.21074095185185185 0.3133024380208333 0.18680535740740742 0.300185371875 0.1869165
2 0.26446101145833334 0.22842690185185185 0.26440459374999997 0.2430721 0.27371952447916664 0.2430721 0.27367922604166667 0.22846964907407408 0.26446101145833334 0.22842690185185185
2 0.2644106385416667 0.2062667425925926 0.26436832552083334 0.2214705046296296 0.27333870624999995 0.22153605 0.27330848281250003 0.20628099166666666 0.2644106385416667 0.2062667425925926
2 0.241233125 0.18995440277777778 0.24120491614583334 0.20529495555555555 0.2504593994791667 0.20525790833333332 0.2504291760416667 0.18992875462962963 0.241233125 0.18995440277777778
3 0.21275639739583332 0.3409147907407407 0.21278460625 0.3490652611111111 0.21444287708333334 0.34904246203703704 0.21443280260416667 0.33861213981481486 0.2097219421875 0.3385836416666667 0.20973403177083333 0.31988600740740736 0.23727382656249998 0.3198575092592592 0.2372436026041667 0.3173867194444444 0.20332057239583332 0.3174095185185185 0.20338504947916666 0.3197634657407407 0.20806165625 0.31974636666666667 0.2080656859375 0.34094043888888886 0.21275639739583332 0.3409147907407407
3 0.2579850895833333 0.17932174444444446 0.25800926875 0.19035052685185183 0.2594559739583333 0.1903334287037037 0.25941769114583335 0.17930464537037036 0.2579850895833333 0.17932174444444446
3 0.25049163802083335 0.1666885148148148 0.2504714890625 0.16873468240740738 0.2579226276041667 0.16874893148148146 0.2579145677083333 0.16673126203703703 0.25049163802083335 0.1666885148148148
3 0.23509973802083334 0.16671701296296296 0.2351400364583333 0.1246679962962963 0.2335462421875 0.12467084629629628 0.23361474895833334 0.16874893148148146 0.23993149322916668 0.16874893148148146 0.23991134374999998 0.16671701296296296 0.23509973802083334 0.16671701296296296
3 0.3268204713541667 0.26287261296296294 0.32681039687499996 0.26493302962962967 0.3510961114583333 0.26493302962962967 0.3510961114583333 0.26284411481481484 0.3268204713541667 0.26287261296296294
3 0.3153677213541667 0.28351952129629626 0.3153334677083333 0.26289541203703704 0.3003747734375 0.262884012962963 0.3003848479166667 0.2648589342592592 0.3139633286458333 0.26488743240740736 0.3139310901041667 0.28351952129629626 0.3153677213541667 0.28351952129629626
3 0.28707435000000003 0.2936192648148148 0.28705823072916664 0.285574237962963 0.2812633489583333 0.2856169851851852 0.2812834979166666 0.28769164999999997 0.2853979447916667 0.2876318037037037 0.28542816822916667 0.2936192648148148 0.28707435000000003 0.2936192648148148
3 0.33210155156250004 0.21073240277777777 0.3321136411458333 0.23971786851851853 0.3148801130208333 0.23974636666666668 0.3148801130208333 0.23278711851851852 0.313727584375 0.23278711851851852 0.3137517630208333 0.24245084074074072 0.3336490026041667 0.24245084074074072 0.3336691515625 0.21073240277777777 0.33210155156250004 0.21073240277777777
3 0.3450856338541667 0.23970076944444443 0.3450856338541667 0.24246223981481482 0.3511565583333333 0.24241949259259263 0.35114849895833333 0.23970076944444443 0.3450856338541667 0.23970076944444443
2 0.1741547453125 0.1553776 0.17412653645833334 0.17072100277777777 0.18357848072916666 0.17068110555555555 0.1835422125 0.15535765185185185 0.1741547453125 0.1553776
3 0.23474309895833334 0.23837560555555554 0.23471891979166667 0.22914790555555556 0.25034051979166666 0.2291222574074074 0.2503465645833333 0.2383927046296296 0.252123715625 0.2384069537037037 0.252097521875 0.22660302037037036 0.23504332031250003 0.2266543175925926 0.23503727604166666 0.19265887685185185 0.241198871875 0.19261328055555557 0.24119484166666666 0.19043032222222223 0.23315937916666665 0.19043032222222223 0.23318355833333332 0.20565403240740743 0.2301813421875 0.20566258148148148 0.2301813421875 0.2076945 0.23315333489583334 0.20765175277777778 0.233145275 0.23837560555555554 0.23474309895833334 0.23837560555555554
3 0.23516623020833333 0.3352265601851852 0.23521660260416669 0.34898831574074074 0.23730203489583335 0.3489740666666667 0.2372516625 0.3352493583333333 0.23516623020833333 0.3352265601851852
1 0 0 0 1 1 1 1 0 0 0
3 0.277902478125 0.28348817314814817 0.27786218020833336 0.26486463425925927 0.29028611718749997 0.26490738148148146 0.29028208749999995 0.26284411481481484 0.26812411822916665 0.26284126574074074 0.26812411822916665 0.26488743240740736 0.27651219010416667 0.2648361361111111 0.27648801145833335 0.28348247407407406 0.277902478125 0.28348817314814817
3 0.313753778125 0.21073525185185185 0.313753778125 0.21830721018518517 0.31490832135416663 0.21830721018518517 0.3148680234375 0.21073525185185185 0.313753778125 0.21073525185185185
3 0.2642836994791667 0.23837845555555556 0.2644247432291667 0.18152180092592593 0.28197058229166666 0.18149330277777778 0.2819746119791667 0.21818751759259258 0.27344751145833335 0.2182302648148148 0.2734273625 0.22101453425925927 0.28228490833333336 0.22102878333333334 0.2822969979166666 0.24042747222222224 0.2737698973958333 0.2404417212962963 0.273779971875 0.24250213703703705 0.28232722135416666 0.24244514074074075 0.28232722135416666 0.2426731259259259 0.29341527291666664 0.2426731259259259 0.29341527291666664 0.24243089166666665 0.29801531354166666 0.24243089166666665 0.29801531354166666 0.24047306944444444 0.29339512395833334 0.24045882037037034 0.2933910942708333 0.21009119444444446 0.2917146885416667 0.21009119444444446 0.29172476302083333 0.24029068148148147 0.28387064270833334 0.24027643240740737 0.28387064270833334 0.1809945851851852 0.29093088854166665 0.1809803361111111 0.2909611119791667 0.1789085212962963 0.26260930885416667 0.17893701944444446 0.26261132395833336 0.19045597037037038 0.250467459375 0.19040182407407408 0.25046947395833336 0.1925990314814815 0.26228893802083336 0.19261897962962965 0.2623050572916667 0.23837845555555556 0.2642836994791667 0.23837845555555556
3 0.21739472083333336 0.1939640925925926 0.21742494479166666 0.22297235648148148 0.21887165 0.22297235648148148 0.21887165 0.19397834166666666 0.21739472083333336 0.1939640925925926
3 0.17132178125 0.23902536296296298 0.17132178125 0.24239099444444442 0.1858190609375 0.24244514074074075 0.1858190609375 0.2390082648148148 0.17132178125 0.23902536296296298
3 0.18349183958333332 0.18310914814814816 0.18346161614583334 0.1898290111111111 0.17034454947916666 0.1897862638888889 0.170334475 0.19217155925925927 0.18617368541666668 0.19217155925925927 0.18618375989583333 0.18309489907407409 0.18349183958333332 0.18310914814814816
3 0.1846383234375 0.12646622962962964 0.18464235364583334 0.15538045 0.1835986296875 0.15539469907407408 0.18360870416666666 0.15805357685185187 0.18614950625 0.15808207500000002 0.1862159984375 0.12645483055555554 0.1846383234375 0.12646622962962964
3 0.17038081822916668 0.15539469907407408 0.1703646989583333 0.15810772314814814 0.17410638750000001 0.15811057314814816 0.17410034270833333 0.15542319722222223 0.17038081822916668 0.15539469907407408
3 0.23297602239583334 0.2384525509259259 0.23296393333333335 0.24281561666666665 0.2643501916666667 0.2428013675925926 0.264370340625 0.2384411509259259 0.23297602239583334 0.2384525509259259
3 0.18584928489583333 0.23854089444444446 0.1858573442708333 0.24280706759259257 0.21910135 0.24281846666666668 0.2190610515625 0.2386292388888889 0.18584928489583333 0.23854089444444446
3 0.2190973203125 0.19391279537037037 0.21906709635416668 0.1894955824074074 0.18960910729166666 0.1895611287037037 0.189339109375 0.1898432601851852 0.1868023375 0.1898432601851852 0.18679427760416667 0.19359931574074074 0.18936530312500002 0.1936278138888889 0.18960507760416664 0.19396979166666664 0.2190973203125 0.19391279537037037
3 0.3327966953125 0.20914790555555557 0.3327160989583334 0.18278426944444445 0.37784203125 0.18271302407407405 0.37784203125 0.2414249074074074 0.3749304854166667 0.2414391564814815 0.37488011302083335 0.24646622962962966 0.381418496875 0.2464804787037037 0.38143864583333337 0.17688800185185186 0.3285794880208333 0.17687375277777778 0.3285694135416667 0.20332573425925926 0.31333266145833333 0.20328298703703704 0.3133225869791667 0.2059960101851852 0.3144469072916667 0.2059960101851852 0.31446705625 0.20920490185185184 0.3327966953125 0.20914790555555557
3 0.35748539166666665 0.24645483055555556 0.3574249447916667 0.2414391564814815 0.35253475729166667 0.2414391564814815 0.352510578125 0.3285123962962963 0.343753778125 0.3285038472222222 0.3437497479166666 0.3335223712962963 0.35605480572916665 0.3335793675925926 0.35605883541666666 0.2464690796296296 0.35748539166666665 0.24645483055555556
3 0.3141466854166667 0.3285152462962963 0.31414467031250004 0.28544029629629625 0.3106306671875 0.2854887435185185 0.31061051770833337 0.33358506666666665 0.3228531130208333 0.3335565685185185 0.32278460625 0.3285009972222222 0.3141466854166667 0.3285152462962963
3 0.2871912151041667 0.29703619259259256 0.2871609911458333 0.2936705611111111 0.281225065625 0.29369905925925927 0.281225065625 0.28547449444444445 0.2777110619791667 0.28547449444444445 0.2777050171875 0.35024793425925926 0.2640539994791667 0.3502080361111111 0.2640036270833333 0.3552664574074074 0.28125931875 0.35529495555555557 0.2812552890625 0.29705044166666666 0.2871912151041667 0.29703619259259256
3 0.2337658671875 0.35026503240740736 0.23377191197916666 0.3553291537037037 0.24660890572916666 0.35530065555555557 0.24655853333333333 0.35021658611111106 0.2337658671875 0.35026503240740736
3 0.22475115833333334 0.3553063546296296 0.22470078593749998 0.35026218333333337 0.20230102760416668 0.3502678824074074 0.20225871458333333 0.31943003703703704 0.19754986927083334 0.31941008796296294 0.19756800312499997 0.32443431203703704 0.19870239791666666 0.32444856111111114 0.19868023385416667 0.3552693074074074 0.22475115833333334 0.3553063546296296
3 0.32729397552083334 0.6952835564814815 0.3272677817708333 0.7250783694444445 0.3311243197916667 0.7250641203703704 0.33116864791666667 0.6952636074074073 0.32729397552083334 0.6952835564814815
3 0.16669554687500002 0.22846964907407408 0.16666129375 0.2551638638888889 0.1702780578125 0.2551638638888889 0.17020955052083334 0.22849814722222223 0.16669554687500002 0.22846964907407408
3 0.1666753979166667 0.18299800555555557 0.16666532343749998 0.20386434907407408 0.17019947604166666 0.20380735277777778 0.17035059427083335 0.1830122546296296 0.1666753979166667 0.18299800555555557
3 0.16669554687500002 0.14751211203703704 0.16669554687500002 0.15825306388888888 0.1703304453125 0.15826446296296298 0.17037275833333335 0.14755485925925926 0.16669554687500002 0.14751211203703704
3 0.1862603265625 0.1264206324074074 0.18622204322916666 0.1245568537037037 0.25888776927083335 0.12457395277777779 0.2588494859375 0.17823881481481482 0.2914648395833333 0.17825591296296298 0.29151722760416665 0.20919350277777776 0.2993109005208333 0.20921060092592594 0.29927261718750003 0.20593901388888888 0.3000362682291666 0.20590196666666666 0.3000362682291666 0.2032858361111111 0.29563973385416664 0.20332288425925926 0.29563973385416664 0.17231405 0.2629719927083333 0.17233114814814815 0.26297602239583334 0.11963522407407406 0.18467862187499998 0.11963237407407408 0.18467862187499998 0.12135081203703703 0.1666753979166667 0.12139355925925925 0.1666753979166667 0.13128241666666668 0.1703485796875 0.13128241666666668 0.17032238541666667 0.1264377314814815 0.1862603265625 0.1264206324074074
4 0.18361474895833335 0.15811057314814816 0.1835905703125 0.1830322027777778 0.18742292968750002 0.18306640092592594 0.18743501927083334 0.15814192037037036 0.18361474895833335 0.15811057314814816
4 0.3574551682291667 0.23920775185185186 0.3575136005208333 0.24610715277777778 0.3748599635416667 0.24612710185185185 0.3748599635416667 0.23921630092592594 0.3574551682291667 0.23920775185185186
4 0.32282288958333333 0.3260986037037037 0.32289341145833333 0.3330322027777778 0.3437134796875 0.33306070092592593 0.3437034052083333 0.3261556 0.32282288958333333 0.3260986037037037
4 0.2870884546875 0.28369905925925926 0.28712069322916667 0.2900341981481482 0.3105943984375 0.2900341981481482 0.31058432395833335 0.2837133083333333 0.2870884546875 0.28369905925925926
4 0.24660890572916666 0.34803647777777774 0.24664920416666666 0.354799087962963 0.26394519427083335 0.35481333703703705 0.26405601458333333 0.34805072685185184 0.24660890572916666 0.34803647777777774