1 0 0 0 1 1 1 1 0 0 0
2 0.2869030828125 0.4690937592592593 0.3101813421875 0.46899971481481484 0.3101954463541666 0.4327443712962963 0.2869030828125 0.43257338240740745 0.2869030828125 0.4690937592592593
4 0.24917187187499998 0.4304331722222222 0.2341446703125 0.43045882037037037 0.23412855104166666 0.4632060416666666 0.24926455781249998 0.46332288425925927 0.24917187187499998 0.4304331722222222
2 0.4997380614583333 0.5146765462962963 0.4736449729166667 0.5146423481481481 0.4736671369791667 0.5589712166666666 0.4997783598958333 0.5591051583333333 0.4997380614583333 0.5146765462962963
2 0.5491879911458334 0.5144685092592592 0.5228289338541666 0.5147620407407407 0.5228289338541666 0.5591621546296296 0.5491436630208334 0.5591051583333333 0.5491879911458334 0.5144685092592592
2 0.5545839208333334 0.4819036759259259 0.5545033244791667 0.5144770592592592 0.5802941770833333 0.5145055574074074 0.5802075359375 0.4819464231481481 0.5545839208333334 0.4819036759259259
2 0.5472637515625001 0.46398404074074073 0.5229619182291666 0.4636392138888889 0.5230102760416666 0.4762610425925926 0.5472899458333333 0.4762895407407407 0.5472637515625001 0.46398404074074073
3 0.46944992968750004 0.4007010546296296 0.4660386864583333 0.4006497574074074 0.4660386864583333 0.41891992037037035 0.46945395937499995 0.4189227703703704 0.46944992968750004 0.4007010546296296
2 0.4660386864583333 0.41891992037037035 0.4660689098958333 0.4530293527777778 0.474934515625 0.45300655462962963 0.47497481354166665 0.4189797666666667 0.4660386864583333 0.41891992037037035
2 0.4735442270833333 0.3882388148148148 0.504511384375 0.38832145925925926 0.5047350390625 0.3433171842592593 0.47355631666666664 0.3432658879629629 0.4735442270833333 0.3882388148148148
2 0.3535744510416666 0.3471473351851852 0.3242131776041666 0.34746366481481483 0.3239875078125 0.3842462240740741 0.3535986296875 0.3842832712962963 0.3535744510416666 0.3471473351851852
4 0.30909329010416664 0.384231975 0.30904090260416667 0.3406754064814815 0.3050715291666667 0.3406269592592593 0.305057425 0.38412653148148146 0.30909329010416664 0.384231975
4 0.2790267984375 0.3796352240740741 0.2790650817708333 0.3383955546296296 0.26925649791666667 0.3383955546296296 0.26923231927083335 0.3796808203703704 0.2790267984375 0.3796352240740741
3 0.4660689098958333 0.4530293527777778 0.46608502916666666 0.4622029064814815 0.46485996354166664 0.46218295833333334 0.4648579489583333 0.46853804537037036 0.46938948229166666 0.4685038472222222 0.46938948229166666 0.4530692509259259 0.4660689098958333 0.4530293527777778
4 0.46485996354166664 0.46218295833333334 0.450916784375 0.46218295833333334 0.45093693333333335 0.46836705648148147 0.4648579489583333 0.46853804537037036 0.46485996354166664 0.46218295833333334
3 0.44948216822916665 0.4007523509259259 0.4430404994791666 0.4007010546296296 0.4430787828125 0.4684240527777778 0.45093693333333335 0.46836705648148147 0.450916784375 0.46218295833333334 0.44980858333333334 0.46212596203703704 0.44948216822916665 0.4007523509259259
3 0.24166834583333333 0.6653177546296296 0.25704614166666667 0.6652778564814815 0.2569997984375 0.6512510685185184 0.2514587953125 0.6512510685185184 0.25127946822916664 0.6036363638888889 0.24396735833333333 0.6036933601851852 0.24394519427083333 0.4632402398148148 0.23412855104166666 0.4632060416666666 0.23411243177083335 0.6173753203703704 0.2416764052083333 0.6175548592592592 0.24166834583333333 0.6653177546296296
3 0.5100302234374999 0.6512282703703705 0.5100060447916667 0.6654545453703704 0.541559540625 0.6654203472222222 0.5415111828125 0.6511940722222221 0.5100302234374999 0.6512282703703705
3 0.2341446703125 0.43045882037037037 0.2439250453125 0.4304217722222222 0.24396131354166667 0.3994984324074074 0.27894217187500003 0.3994642351851852 0.2790267984375 0.3796352240740741 0.26923231927083335 0.3796808203703704 0.26923231927083335 0.38536905092592594 0.23412049166666668 0.3853377027777778 0.2341446703125 0.43045882037037037
3 0.6030505744791667 0.3968766027777778 0.6027322182291667 0.5145910518518518 0.5491879911458334 0.5144685092592592 0.5492182145833334 0.524599600925926 0.6030626635416667 0.5246081509259259 0.6035039291666667 0.6513080648148147 0.5954866010416667 0.651325163888889 0.59553294375 0.665579937037037 0.6124722947916666 0.6655457398148148 0.6125045333333333 0.3827443712962963 0.5143461614583333 0.3827443712962963 0.5143461614583333 0.3789484185185185 0.5045355630208334 0.3790025648148148 0.504511384375 0.38832145925925926 0.5060568203125 0.38832145925925926 0.506105178125 0.39684810462962966 0.6030505744791667 0.3968766027777778
3 0.4512814828125 0.665371900925926 0.4749224260416666 0.6654687944444444 0.4749224260416666 0.6511883731481481 0.4512814828125 0.6511883731481481 0.4512814828125 0.665371900925926
3 0.26925649791666667 0.3383955546296296 0.2790650817708333 0.3383955546296296 0.27896232135416665 0.309031062962963 0.3090872458333333 0.3090624111111111 0.30910739479166666 0.3014249074074074 0.44639935520833335 0.30147050462962965 0.44639935520833335 0.3968281564814815 0.4721942375 0.3969763462962963 0.4721942375 0.3882388148148148 0.4735442270833333 0.3882388148148148 0.4735442270833333 0.3829552583333333 0.4563651015625 0.3829552583333333 0.4562603265625 0.2874494157407408 0.29889179947916666 0.2881818185185185 0.29889179947916666 0.29522941018518517 0.24392706041666665 0.29544884537037036 0.24392706041666665 0.2770988888888889 0.234273625 0.2770988888888889 0.23416884947916666 0.3091764037037037 0.26925649791666667 0.30910515833333335 0.26925649791666667 0.3383955546296296
3 0.2935422125 0.6504103731481482 0.293127140625 0.6504331722222222 0.2931069916666667 0.6456454833333333 0.2861716703125 0.6456711314814815 0.2861434614583333 0.6654915925925926 0.29361474895833334 0.6654915925925926 0.2935422125 0.6504103731481482
3 0.33829135625 0.6654146481481482 0.370598428125 0.6653320037037037 0.37064074166666666 0.6513992592592592 0.33828531145833335 0.6514306074074074 0.33829135625 0.6654146481481482
3 0.2790288130208333 0.3288087777777778 0.2790288130208333 0.33348532314814816 0.30510779791666665 0.33348532314814816 0.3050715291666667 0.3406269592592593 0.30904090260416667 0.3406754064814815 0.3090872458333333 0.3090624111111111 0.30510779791666665 0.30905956111111116 0.3050715291666667 0.3289541175925926 0.2790288130208333 0.3288087777777778
3 0.3417308078125 0.30144770555555556 0.3417690911458333 0.3472499287037037 0.3482772515625 0.34722143055555554 0.34834575885416663 0.30143915648148145 0.3417308078125 0.30144770555555556
3 0.3483860567708333 0.38430607037037035 0.2789945598958333 0.38410943333333336 0.2789945598958333 0.38923055 0.3483860567708333 0.38923055 0.3483860567708333 0.38430607037037035
3 0.32652226458333333 0.39564833240740743 0.2835079588541667 0.3956996296296296 0.28349788437499995 0.4690937592592593 0.2869030828125 0.4690937592592593 0.28690106770833335 0.4001025935185185 0.32339310885416667 0.40013109166666666 0.3234072135416667 0.4251296666666667 0.3502438041666667 0.4251239666666667 0.3502216401041667 0.46424052407407407 0.3101813421875 0.46432316944444446 0.3101813421875 0.46899971481481484 0.3537457182291667 0.4690139638888889 0.35393914947916666 0.3956397833333334 0.3501994760416667 0.3956169851851852 0.35025186354166665 0.4207124537037037 0.3265706223958333 0.4207409518518519 0.32652226458333333 0.39564833240740743
3 0.3540157161458334 0.5127557712962963 0.34722546822916667 0.5127073240740742 0.3474309890625 0.5992106009259259 0.35395929895833333 0.5991707037037037 0.3540157161458334 0.5127557712962963
3 0.2937013901041666 0.603864349074074 0.25127946822916664 0.6036363638888889 0.2513157364583333 0.6129951555555555 0.2937013901041666 0.6127899685185185 0.2937013901041666 0.603864349074074
3 0.3462945796875 0.6514192074074074 0.35018335677083334 0.6514192074074074 0.3501470885416667 0.6038159018518519 0.33791859739583335 0.6036677120370371 0.3379327020833333 0.6128469648148148 0.3462341328125 0.6128469648148148 0.3462945796875 0.6514192074074074
3 0.4650050375 0.5456882305555556 0.47365303229166666 0.5457309777777778 0.4736449729166667 0.5146423481481481 0.46087245625 0.5147249925925926 0.4610195447916666 0.6451496148148148 0.46502317135416665 0.6450270731481481 0.4650050375 0.5456882305555556
3 0.5227886359375 0.6451125675925926 0.5228289338541666 0.5147620407407407 0.4997380614583333 0.5146765462962963 0.4997783598958333 0.5246508981481481 0.5187991135416666 0.5245369055555555 0.5188797098958333 0.6451410657407407 0.5227886359375 0.6451125675925926
3 0.522996171875 0.4682701620370371 0.5227866208333334 0.436357937037037 0.5545053395833333 0.436357937037037 0.5545758614583334 0.46398404074074073 0.5472637515625001 0.46398404074074073 0.5472697963541666 0.4689655175925926 0.5544710859375 0.46900826481481483 0.5545053395833333 0.4819093759259259 0.5579528510416666 0.4819093759259259 0.5578480755208334 0.42143630648148145 0.6029719927083333 0.4214876037037037 0.6029719927083333 0.4168566546296297 0.5579185973958333 0.4169563981481481 0.5579185973958333 0.39981761203703703 0.5545416078125 0.39981761203703703 0.5545416078125 0.431926475 0.5228208744791666 0.43172983796296294 0.5228571427083334 0.4007039046296296 0.5196534354166666 0.4007039046296296 0.5197239572916666 0.4640837842592593 0.5049949625 0.46413223148148147 0.5049264557291667 0.4684668 0.522996171875 0.4682701620370371
4 0.5955268989583333 0.6668224564814815 0.5953334677083333 0.6437731546296296 0.5414870036458334 0.6437731546296296 0.541559540625 0.6668566546296296 0.5955268989583333 0.6668224564814815
4 0.5099939552083333 0.6651182675925925 0.5101108203125 0.6437475064814815 0.47492847083333334 0.6436306638888889 0.4749022770833333 0.6648703333333333 0.5099939552083333 0.6651182675925925
4 0.4512875276041666 0.6666315185185185 0.4512794682291667 0.6437332574074074 0.370634696875 0.6437361074074074 0.37059036875 0.6667512111111111 0.4512875276041666 0.6666315185185185
4 0.33832963958333334 0.6667939583333333 0.33817046145833335 0.6502450842592592 0.2935422125 0.6504103731481482 0.2936167640625 0.6668025074074074 0.33832963958333334 0.6667939583333333
4 0.25704614166666667 0.6652778564814815 0.2861434614583333 0.6654915925925926 0.2861212973958333 0.6539384444444444 0.25698569427083334 0.6539555425925926 0.25704614166666667 0.6652778564814815
4 0.2937013901041666 0.6127899685185185 0.3379327020833333 0.6128469648148148 0.33811404375 0.5984240527777778 0.29365303229166667 0.5983727555555556 0.2937013901041666 0.6127899685185185
2 0.29351198854166666 0.6456255342592593 0.2937013901041666 0.6127899685185185 0.26789441875000003 0.6129096611111111 0.26764054010416666 0.6457110287037038 0.29351198854166666 0.6456255342592593
2 0.3540157161458334 0.5127557712962963 0.3537457182291667 0.4690139638888889 0.31980052395833336 0.46900826481481483 0.3195849286458333 0.5126246796296295 0.3540157161458334 0.5127557712962963