3 0.7792000807291667 0.6211085777777778 0.7791436630208334 0.5995383296296296 0.7582510578124999 0.5995953259259259 0.7582510578124999 0.6060530064814814 0.7746685473958334 0.6059789111111111 0.7747088453125 0.6211085777777778 0.7792000807291667 0.6211085777777778
3 0.7792101552083334 0.6598033629629629 0.7746544427083334 0.6597663148148148 0.7746927260416666 0.6817697351851852 0.7883316541666667 0.6816158453703705 0.7883860567708333 0.6754545453703703 0.7792121703125 0.6755314907407408 0.7792101552083334 0.6598033629629629
3 0.8479568807291666 0.675400399074074 0.8480274026041666 0.6816756907407407 0.862484384375 0.6816756907407407 0.8624602057291667 0.675391849074074 0.8479568807291666 0.675400399074074
3 0.8874148697916666 0.675391849074074 0.88738263125 0.6710059842592593 0.8850332458333334 0.670951837962963 0.8850856338541667 0.6816699916666666 0.8898226880208333 0.6816300944444444 0.8898488817708333 0.6753519518518518 0.8874148697916666 0.675391849074074
2 0.8852105583333334 0.6550926185185185 0.8850977229166667 0.670974637037037 0.8982450130208334 0.6711655740740741 0.8981543421875 0.6551239666666666 0.8852105583333334 0.6550926185185185
3 0.9078440458333333 0.4777742944444444 0.9078823291666667 0.48434596759259263 0.9146947411458334 0.48434596759259263 0.9147209348958333 0.6754032490740741 0.91064275625 0.6753776 0.910660890625 0.6817013398148148 0.9191315734375001 0.6816329435185186 0.9191839614583334 0.4777942435185185 0.9078440458333333 0.4777742944444444
3 0.8320572234375 0.469028212962963 0.8320411041666667 0.47549729259259255 0.8592988114583334 0.4754858935185185 0.8592847067708332 0.4690823592592593 0.8320572234375 0.469028212962963
3 0.6155732421875 0.35163579351851854 0.6155994359375 0.3545711027777778 0.6240580291666666 0.35462524907407406 0.6240963125000001 0.3516728416666667 0.6155732421875 0.35163579351851854
3 0.5896151520833333 0.3516044453703704 0.5896151520833333 0.3545568537037037 0.597656659375 0.3545711027777778 0.5976163609375 0.35162154444444443 0.5896151520833333 0.3516044453703704
3 0.5882188192708333 0.3544998574074074 0.58480153125 0.3545198064814815 0.5847491437500001 0.3697292675925926 0.5881805359375 0.36978341388888886 0.5882188192708333 0.3544998574074074
3 0.5882933708333333 0.420575662962963 0.5883074755208334 0.4038985462962963 0.5848780979166667 0.4038985462962963 0.58486399375 0.420575662962963 0.5882933708333333 0.420575662962963
3 0.5701873864583333 0.4743972638888889 0.5685694135416667 0.47445141111111105 0.568607696875 0.48382730092592596 0.5678118072916667 0.4838102027777778 0.5678259119791667 0.48868338518518517 0.5261434614583334 0.4886263888888889 0.5261555510416667 0.49121117129629627 0.5677332260416666 0.4911285268518519 0.5677876286458333 0.5212881166666666 0.5477896432291666 0.5212881166666666 0.547709046875 0.5436762611111111 0.5512915572916667 0.543667712037037 0.5513358854166667 0.5261100027777778 0.5713338708333333 0.5261470500000001 0.5712774531249999 0.48825591296296295 0.5882712067708333 0.48821886574074075 0.5881906104166668 0.4544628101851852 0.5848357848958333 0.4544599601851852 0.5848680234375 0.4837902537037037 0.5701732822916666 0.4837731546296296 0.5701873864583333 0.4743972638888889
3 0.5513419302083334 0.5822114564814814 0.5478097927083333 0.5821858083333333 0.5478097927083333 0.6195297805555556 0.5513620791666667 0.6196352240740741 0.5513419302083334 0.5822114564814814
3 0.5513399156250001 0.6469279 0.5513258109375 0.6518010833333333 0.5713963328124999 0.6518751777777777 0.5714225265625 0.6469848962962963 0.5513399156250001 0.6469279
3 0.6231291557291667 0.6633941296296296 0.6231432598958333 0.6754203472222222 0.6266834578125 0.6754203472222222 0.6266512192708333 0.6661840981481482 0.6314910338541666 0.6662296953703704 0.6314910338541666 0.675400399074074 0.63347975 0.675400399074074 0.6335119885416667 0.6633941296296296 0.6270441265625001 0.6634596749999999 0.6270602458333333 0.6519663722222222 0.6405117869791667 0.6519435740740741 0.6404795484375001 0.6470475916666667 0.6270441265625001 0.6470475916666667 0.6270743499999999 0.5966600166666667 0.6225327421875 0.5966372185185185 0.6225186380208334 0.6470703907407407 0.60463429375 0.6470703907407407 0.60469675625 0.6518979768518518 0.62250251875 0.6518780277777778 0.6224702802083333 0.6634169277777777 0.6231291557291667 0.6633941296296296
3 0.6737074348958333 0.6469991453703704 0.6736893010416666 0.6518637787037037 0.6868426354166667 0.6518637787037037 0.6868426354166667 0.6469991453703704 0.6737074348958333 0.6469991453703704
3 0.6414426760416667 0.5970105444444445 0.6414426760416667 0.6003334287037037 0.6849627239583334 0.6003077796296297 0.6849828734375 0.5970105444444445 0.6414426760416667 0.5970105444444445
3 0.6081865807291666 0.597135936111111 0.5531976625 0.5970589907407408 0.5531976625 0.6003875750000001 0.608158371875 0.6003476777777778 0.6081865807291666 0.597135936111111
3 0.6064074151041667 0.5263237388888888 0.6040681041666667 0.5262581935185184 0.6040681041666667 0.5044998574074073 0.602573040625 0.5044998574074073 0.602573040625 0.5263237388888888 0.5732540802083333 0.5262581935185184 0.5732540802083333 0.529036762962963 0.6064033848958333 0.5290424620370371 0.6064074151041667 0.5263237388888888
3 0.590219625 0.4645682527777778 0.6025508765625 0.46453120555555555 0.6025246828125 0.4858677685185186 0.6040781786458334 0.48581362222222224 0.6040902682291667 0.46216870925925924 0.590219625 0.46224280462962963 0.590219625 0.4645682527777778
3 0.6244630265625 0.4384297518518519 0.6227563973958333 0.4384297518518519 0.6228369937499999 0.46422342592592597 0.6244348177083333 0.46422342592592597 0.6244630265625 0.4384297518518519
3 0.62244005625 0.5079880305555555 0.6269736046875 0.5079880305555555 0.6269897239583333 0.4921316611111111 0.6600463427083334 0.4920433175925926 0.6600624619791666 0.5098489601851852 0.6868406208333333 0.5098290111111111 0.6868265161458333 0.5223653462962963 0.68884545625 0.5223197490740741 0.6888152328125 0.5073468222222223 0.6619584927083333 0.5073240240740741 0.6620048359375 0.489051012037037 0.6562260729166667 0.48903106296296295 0.6562260729166667 0.4857081787037037 0.651277453125 0.48568538055555555 0.6512935723958333 0.4379766314814815 0.6493511989583334 0.4379538333333333 0.6493350796875 0.4857309777777778 0.6243884744791667 0.48566258148148145 0.6243884744791667 0.4827187231481482 0.622714084375 0.4827187231481482 0.6227040098958334 0.48563693333333335 0.62244005625 0.4856397833333333 0.62244005625 0.5079880305555555
3 0.6204291760416666 0.5290481620370371 0.6225246828125001 0.5290139638888889 0.6225246828125001 0.5705101166666667 0.6600947010416667 0.5706041611111111 0.6600725369791667 0.5662667425925926 0.6581765062499999 0.5663009407407407 0.6581543421874999 0.5677030490740741 0.6270582307291667 0.5676375037037037 0.6270803947916667 0.528281562037037 0.6582006848958333 0.5282502138888888 0.6581321781249999 0.5495212314814815 0.6600725369791667 0.5494898833333334 0.6601168645833333 0.546366486111111 0.6868386057291667 0.5463978342592593 0.6868386057291667 0.5434311768518518 0.6599576869791667 0.5434311768518518 0.6599576869791667 0.5256027361111111 0.6271025588541667 0.5256027361111111 0.6269937536458333 0.5237532064814815 0.6224924442708333 0.5237703046296296 0.6225186380208334 0.526318038888889 0.620404996875 0.5262410944444444 0.6204291760416666 0.5290481620370371
3 0.638942171875 0.5282587629629629 0.6389582911458334 0.5353690509259259 0.627040096875 0.5352807064814815 0.627040096875 0.5380478768518518 0.640916784375 0.538093474074074 0.6409006651041668 0.5282359648148147 0.638942171875 0.5282587629629629
3 0.8594539593749999 0.5670532916666666 0.8720350593749999 0.5670903388888889 0.8720209552083333 0.5641008833333334 0.8594418697916667 0.5641550296296296 0.8594640338541667 0.5338102027777778 0.8662764458333334 0.5338557990740741 0.8663852510416666 0.5142975203703704 0.8848337697916667 0.5143858648148149 0.8848136208333333 0.5641835277777778 0.8837437036458333 0.5641464805555555 0.8837698973958333 0.5670076944444444 0.8939613135416666 0.5669506981481481 0.8939230302083333 0.5646993444444444 0.8867439046875 0.5647563407407408 0.8867277854166667 0.5116414935185185 0.8644589963541667 0.5116414935185185 0.8644428770833333 0.5313764601851851 0.8572093489583333 0.5313764601851851 0.8572234536458333 0.5116186944444444 0.8553294380208333 0.5115730981481482 0.8551742895833333 0.5697663148148148 0.8594418697916667 0.569803362962963 0.8594539593749999 0.5670532916666666
3 0.759647390625 0.529626674074074 0.7583296395833333 0.5295896268518518 0.7583820270833334 0.5321915074074074 0.7576909125 0.5321915074074074 0.7577130765625 0.5678141916666667 0.7454060046875 0.5678141916666667 0.745410034375 0.5540410370370371 0.7438827322916667 0.5540410370370371 0.7438384041666667 0.570584212037037 0.7810235744791666 0.5705414648148148 0.7810235744791666 0.5419891703703703 0.7793794078125 0.5419692222222222 0.7794217208333334 0.5678227416666667 0.7596353010416668 0.5678056425925926 0.759647390625 0.529626674074074
3 0.85933105 0.6516585925925926 0.8625246828125 0.6516956398148148 0.8625246828125 0.6485579935185185 0.8479125531249999 0.6484041037037037 0.8479125531249999 0.653456825 0.8593370942708333 0.6535651185185185 0.85933105 0.6516585925925926
3 0.6411706630208334 0.5381761185185184 0.6406185776041667 0.5381960675925926 0.6406286520833333 0.5533485324074073 0.6411525286458333 0.5533485324074073 0.6411706630208334 0.5381761185185184
3 0.7220431192708333 0.5705414648148148 0.722016925 0.5682046166666667 0.7154402578125 0.5682046166666667 0.7152246625 0.5315389 0.7134374369791666 0.5315787972222222 0.7134656458333333 0.5577172981481482 0.6911746927083333 0.557677400925926 0.6911605885416667 0.5603163296296296 0.7137376588541666 0.5604274722222222 0.71370945 0.5706554574074074 0.7220431192708333 0.5705414648148148
3 0.7790630666666666 0.6536107157407408 0.7884384442708333 0.6535594185185185 0.78845859375 0.6485095472222222 0.7790812010416667 0.6484810490740741 0.7790670963541667 0.621151325 0.7755430182291666 0.6211142777777777 0.7755168244791667 0.6596551722222223 0.7790791859374999 0.6597093185185186 0.7790630666666666 0.6536107157407408
3 0.8554402578125 0.6456996296296296 0.8591738869791666 0.6457480759259259 0.8592726171875 0.5920575666666668 0.855242796875 0.592103162962963 0.8554402578125 0.6456996296296296
3 0.8748801130208333 0.533459675 0.8666169656249999 0.5334254777777778 0.8666169656249999 0.5339783416666667 0.8748901875 0.5339982898148149 0.8748801130208333 0.533459675
3 0.4389643359375 0.6545910518518518 0.39632278854166664 0.6545597037037038 0.3963429375 0.6196637222222222 0.39192423958333333 0.6196637222222222 0.3918335682291667 0.6568851527777778 0.3550977229166667 0.6569506981481481 0.355154140625 0.5851239666666667 0.3595526901041667 0.585178112962963 0.3596091072916667 0.5787175833333333 0.3505520854166667 0.5786890851851851 0.3504432802083333 0.6545796527777777 0.33296191822916665 0.654425762037037 0.33289744114583336 0.6607922481481481 0.4389038885416667 0.6608435453703704 0.4389643359375 0.6545910518518518
3 0.07609711875 0.6608321462962963 0.09003425364583334 0.6608007981481481 0.09005641770833334 0.6545169564814816 0.07609711875 0.6545483046296295 0.07609711875 0.6608321462962963
3 0.2514406609375 0.5787745796296296 0.23053596614583333 0.578680536111111 0.23053596614583333 0.5850897694444444 0.24690912760416667 0.585186662962963 0.2468849484375 0.6569478481481482 0.16362885364583332 0.6569791962962963 0.1636348984375 0.6391308064814815 0.15907918593749998 0.6391108574074075 0.15902881302083335 0.6545226564814814 0.1501894015625 0.6545226564814814 0.15016522239583333 0.66077515 0.2622869234375 0.6608720435185185 0.2622869234375 0.6544599601851853 0.2513721541666667 0.6546195499999999 0.2514406609375 0.5787745796296296
3 0.3089462020833333 0.6545597037037038 0.2864537578125 0.6545169564814816 0.2864537578125 0.6608720435185185 0.30888776927083333 0.6609090907407408 0.3089462020833333 0.6545597037037038
3 0.05320169270833333 0.6506098601851852 0.050890590625 0.6506098601851852 0.05087044114583333 0.6545426046296297 0.048295385937500004 0.6545967509259258 0.048295385937500004 0.6607609009259259 0.053258109895833336 0.6608919916666666 0.05320169270833333 0.6506098601851852
2 0.27509167864583334 0.5287460814814814 0.2751702598958333 0.5454260472222222 0.288492846875 0.5454630944444444 0.28815635729166666 0.5284155027777778 0.27509167864583334 0.5287460814814814
2 0.3349123515625 0.5284468509259259 0.33487003854166664 0.5470048444444444 0.33890993333333336 0.5470447416666666 0.3388293369791667 0.5284838981481481 0.3349123515625 0.5284468509259259
2 0.3937074348958333 0.5499629527777777 0.39373362864583333 0.5724422916666666 0.41103566406250003 0.5723881444444445 0.41106387291666663 0.5501681388888889 0.3937074348958333 0.5499629527777777
2 0.41611726770833335 0.5443887148148148 0.40386056822916666 0.5443317185185185 0.40386056822916666 0.5497036194444443 0.41611323802083333 0.549980050925926 0.41611726770833335 0.5443887148148148
2 0.4404191015625 0.5438016527777778 0.44044328020833334 0.5290709601851853 0.4369010677083333 0.5290396120370371 0.436969575 0.5438330009259259 0.4404191015625 0.5438016527777778
2 0.45007455156250004 0.546548874074074 0.461894015625 0.5466400685185185 0.461752971875 0.5284098037037037 0.45012089479166667 0.5284098037037037 0.45007455156250004 0.546548874074074
2 0.3486943380208333 0.5761641490740741 0.334255490625 0.5761043027777778 0.33456175677083333 0.5975406101851851 0.34863993541666666 0.5975776574074074 0.3486943380208333 0.5761641490740741
2 0.2997723151041667 0.5760758046296297 0.2855631671875 0.5760758046296297 0.285603465625 0.5983100601851852 0.2997340317708333 0.5983870046296297 0.2997723151041667 0.5760758046296297
2 0.05320169270833333 0.6506098601851852 0.053080797916666665 0.6340011398148148 0.039673584375 0.6339070962962963 0.03943784010416666 0.6504132231481482 0.05320169270833333 0.6506098601851852
2 0.053530122916666666 0.5133428324074074 0.063586540625 0.5133542324074074 0.0635281078125 0.5092932462962962 0.05357042135416667 0.5091707037037037 0.053530122916666666 0.5133428324074074
4 0.40549466041666665 0.4906526074074074 0.40538384062500005 0.46441721296296296 0.39975015104166667 0.46453975462962965 0.399788434375 0.4905101166666667 0.40549466041666665 0.4906526074074074
4 0.42258110000000004 0.41681105740740737 0.4084646385416667 0.4167825592592592 0.40849284687500004 0.42328868611111115 0.42258110000000004 0.4232430888888889 0.42258110000000004 0.41681105740740737
4 0.4315555109375 0.48337703055555553 0.43160386875 0.46430037037037036 0.4270622609375 0.4643459675925926 0.4269877088541667 0.4833969796296297 0.4315555109375 0.48337703055555553
4 0.46841023593750003 0.5864918777777778 0.4684968770833333 0.5516585925925926 0.46282490416666666 0.5517497861111111 0.46275841250000005 0.5864149333333333 0.46841023593750003 0.5864918777777778
4 0.48909933489583335 0.5854402962962963 0.48917388697916664 0.5515132518518518 0.48393713489583334 0.5516984898148148 0.48393713489583334 0.5855371898148148 0.48909933489583335 0.5854402962962963
4 0.4890932901041667 0.6447078944444444 0.48914567812500004 0.6105101166666667 0.48395929895833334 0.6106070101851852 0.4838968364583333 0.6447990879629629 0.4890932901041667 0.6447078944444444
4 0.4389038885416667 0.6608435453703704 0.46340116875 0.6608150472222222 0.4634414666666667 0.6514904527777777 0.4389965744791667 0.6516215444444444 0.4389038885416667 0.6608435453703704
4 0.3595526901041667 0.585178112962963 0.3871327828125 0.5851524648148148 0.3870501713541667 0.5757480759259259 0.35966753958333336 0.5757480759259259 0.3595526901041667 0.585178112962963
4 0.3963429375 0.6196637222222222 0.3963570421875 0.5850213731481482 0.3911787223958333 0.5850641203703704 0.3908865604166667 0.6197606157407407 0.3963429375 0.6196637222222222
4 0.30877493437500003 0.632673125925926 0.33332258697916667 0.6327358222222222 0.3332641546875 0.6246936453703703 0.3087547854166666 0.6246936453703703 0.30877493437500003 0.632673125925926
4 0.33296191822916665 0.654425762037037 0.3089462020833333 0.6545597037037038 0.30888776927083333 0.6609090907407408 0.33289744114583336 0.6607922481481481 0.33296191822916665 0.654425762037037
4 0.2864537578125 0.6545169564814816 0.2622869234375 0.6544599601851853 0.2622869234375 0.6608720435185185 0.2864537578125 0.6608720435185185 0.2864537578125 0.6545169564814816
4 0.26219625208333336 0.6326531777777779 0.2865242796875 0.6327529212962963 0.28647390677083334 0.6246594472222222 0.2621801328125 0.6247164435185185 0.26219625208333336 0.6326531777777779
4 0.17997582083333336 0.585183812962963 0.23053596614583333 0.5850897694444444 0.2304452953125 0.5756540324074074 0.1800664921875 0.5756540324074074 0.17997582083333336 0.585183812962963
4 0.1501894015625 0.6545226564814814 0.09005641770833334 0.6545169564814816 0.09005641770833334 0.6622228555555556 0.15018738645833332 0.6623197490740741 0.1501894015625 0.6545226564814814
4 0.15014305885416668 0.624636649074074 0.09015716302083333 0.6244770592592592 0.09013096927083333 0.6327586203703705 0.15005037291666667 0.6327700203703703 0.15014305885416668 0.624636649074074
4 0.05306669375 0.6311456259259259 0.07594197083333333 0.630963237037037 0.07590368750000001 0.6247164435185185 0.05306669375 0.624636649074074 0.05306669375 0.6311456259259259
4 0.07607293958333333 0.6622171555555555 0.07609711875 0.6545483046296295 0.05321781197916667 0.6547278425925926 0.053231916145833336 0.6622029064814815 0.07607293958333333 0.6622171555555555
4 0.048295385937500004 0.6545967509259258 0.027666733854166667 0.6545768027777777 0.027644569791666667 0.6607609009259259 0.048295385937500004 0.6607609009259259 0.048295385937500004 0.6545967509259258
3 0.044174894270833334 0.4837190083333333 0.04419705833333333 0.4885522944444445 0.08294176927083334 0.48844685092592594 0.08294176927083334 0.4858877175925926 0.05362079375 0.48601880833333333 0.05362079375 0.48369621018518516 0.044174894270833334 0.4837190083333333
2 0.044263550520833334 0.5438387009259259 0.031920209375 0.54385295 0.031908120312499996 0.5495383296296297 0.044227281770833335 0.5495753777777779 0.044263550520833334 0.5438387009259259
2 0.05444287708333333 0.5462581935185185 0.06630666927083334 0.5462325444444445 0.066334878125 0.5276061555555556 0.054346161458333334 0.5276831009259259 0.05444287708333333 0.5462581935185185
4 0.376272415625 0.37060986018518516 0.3762804755208334 0.3490766601851852 0.3718073744791666 0.34910230833333333 0.37178319583333336 0.37070105462962966 0.376272415625 0.37060986018518516
4 0.08294176927083334 0.4858877175925926 0.08296997760416666 0.494049587037037 0.10703405208333333 0.494049587037037 0.10703405208333333 0.48582787129629634 0.08294176927083334 0.4858877175925926
4 0.044174894270833334 0.4837190083333333 0.030537981250000002 0.4836563120370371 0.030566189583333334 0.49178113425925923 0.044201088020833335 0.49178113425925923 0.044174894270833334 0.4837190083333333
3 0.19291960520833334 0.5160359074074073 0.1928853515625 0.5108264462962963 0.19131573645833333 0.5108264462962963 0.19131573645833333 0.5160302083333334 0.19291960520833334 0.5160359074074073
3 0.04438041510416667 0.4633912796296296 0.05568204739583334 0.46337418055555557 0.055694136458333335 0.4546793962962963 0.06568003229166666 0.4547591907407407 0.0656518234375 0.448275862037037 0.0511404390625 0.44825591296296297 0.0511404390625 0.45689655185185185 0.04432802760416667 0.45689655185185185 0.04438041510416667 0.4633912796296296
4 0.07900261927083332 0.4482188657407407 0.0656518234375 0.448275862037037 0.06568003229166666 0.4547591907407407 0.07906709635416667 0.4546252490740741 0.07900261927083332 0.4482188657407407
3 0.17907314114583334 0.5115075518518518 0.18040298229166665 0.5114420064814814 0.1804191015625 0.5087603305555555 0.17711464843750002 0.5088059277777778 0.17711464843750002 0.5469250499999999 0.15882530729166666 0.5469022509259259 0.15882530729166666 0.5210971787037036 0.15732016927083334 0.5211199768518519 0.15727382656250002 0.5497378166666667 0.19285311302083336 0.5496922203703704 0.19290147083333334 0.5331262472222222 0.19133387083333334 0.5331461953703704 0.191366109375 0.5470133944444444 0.17904090260416666 0.5470133944444444 0.17907314114583334 0.5115075518518518
3 0.10613338697916667 0.45470219444444443 0.10619584947916666 0.44816756944444447 0.07900261927083332 0.4482188657407407 0.07906709635416667 0.4546252490740741 0.10613338697916667 0.45470219444444443
3 0.15879911354166668 0.5038444000000001 0.15879911354166668 0.48414933055555553 0.15720128958333335 0.48412083240740744 0.15725367708333332 0.5038728981481482 0.15879911354166668 0.5038444000000001
1 0 0 0 1 1 1 1 0 0 0
3 0.11048760833333333 0.48200057037037036 0.18121297604166667 0.4819834712962963 0.1812109609375 0.47693074907407407 0.10703606666666668 0.4767968083333334 0.10705823072916668 0.49093188981481484 0.11048760833333333 0.4908207462962963 0.11048760833333333 0.48200057037037036
4 0.030290146875 0.46337703055555557 0.04438041510416667 0.4633912796296296 0.044307878125000005 0.4555799370370371 0.03041104166666667 0.4556939296296296 0.030290146875 0.46337703055555557
4 0.1244186984375 0.44820461666666667 0.10619584947916666 0.44816756944444447 0.10613338697916667 0.45470219444444443 0.12448519062499999 0.45470219444444443 0.1244186984375 0.44820461666666667
3 0.030537981250000002 0.4836563120370371 0.023604674479166664 0.4836563120370371 0.023632883333333334 0.48858079259259257 0.030537981250000002 0.4886748361111111 0.030537981250000002 0.4836563120370371
3 0.24635905677083333 0.3928697638888889 0.24176506145833335 0.39283271574074075 0.24189603072916668 0.4208891425925926 0.246334878125 0.42100028518518523 0.24635905677083333 0.3928697638888889
3 0.31092484374999996 0.34529495555555556 0.3074330041666667 0.3452151611111111 0.3074612130208333 0.40898261574074074 0.3108422322916667 0.40898261574074074 0.31092484374999996 0.34529495555555556
3 0.3718073744791666 0.34910230833333333 0.3762804755208334 0.3490766601851852 0.3762240578125 0.33772584814814816 0.2906266369791667 0.337486462962963 0.2906266369791667 0.31824451388888886 0.286078984375 0.31808492407407407 0.28611525312499997 0.33764605277777776 0.2750090671875 0.3376717009259259 0.27504735052083334 0.34519521203703707 0.32777755364583333 0.3453263037037037 0.32777755364583333 0.4218210314814815 0.33238565364583333 0.42186662870370367 0.3323634895833333 0.34524650925925926 0.3718456578125 0.34530065555555556 0.3718073744791666 0.34910230833333333
3 0.027666733854166667 0.6545768027777777 0.023653032291666667 0.6545112564814815 0.023578480729166667 0.6309005416666666 0.05082611302083333 0.630943288888889 0.05090469479166667 0.6339783416666667 0.053080797916666665 0.6340011398148148 0.05298811197916666 0.6276004555555555 0.023673181770833333 0.6276688518518518 0.023632883333333334 0.46337703055555557 0.030290146875 0.46337703055555557 0.030380818229166665 0.45687945277777775 0.019196050520833334 0.45682530648148145 0.019187991145833336 0.6608264462962963 0.027644569791666667 0.6607609009259259 0.027666733854166667 0.6545768027777777
2 0.083260125 0.5704987175925925 0.08332057239583333 0.548845825 0.06419504322916667 0.5487403814814815 0.0639915375 0.5704873185185185 0.083260125 0.5704987175925925
2 0.19709449947916668 0.5045739527777778 0.21509167864583334 0.5044827583333333 0.214934515625 0.4784753490740741 0.19705621614583332 0.47831006018518524 0.19709449947916668 0.5045739527777778
4 0.4062482369791667 0.5848845824074074 0.4062341328125 0.6195269305555555 0.4121035661458333 0.6194870333333333 0.41209550677083334 0.5849216305555556 0.4062482369791667 0.5848845824074074
3 0.3763106989583333 0.44672841296296295 0.3763248036458334 0.45176688518518515 0.40198065677083333 0.4517155888888889 0.4019242395833333 0.46441721296296296 0.40538384062500005 0.46441721296296296 0.4054201088541667 0.4467683101851852 0.4036167640625 0.4467683101851852 0.40357848072916663 0.42332858333333334 0.40153133177083333 0.4233000851851852 0.40156759999999997 0.44666571666666666 0.3763106989583333 0.44672841296296295
3 0.4235140036458333 0.6527158731481482 0.4254442875 0.6526959250000001 0.42547048177083335 0.64308065 0.41136409427083337 0.6430236537037037 0.4111948416666667 0.6459418638888889 0.4234475114583333 0.6459048157407407 0.4235140036458333 0.6527158731481482
3 0.40994559739583336 0.6546167 0.4099274630208333 0.6196380731481481 0.40644972812499996 0.6196067259259259 0.406413459375 0.6547477916666666 0.40994559739583336 0.6546167
3 0.39637114635416665 0.58384725 0.40639129583333333 0.5839241953703704 0.40640539999999997 0.5849387287037037 0.40990126927083337 0.5848475351851852 0.4098105984375 0.578865774074074 0.396308684375 0.5789284694444444 0.39615353593749997 0.5786862351851851 0.3871005442708333 0.578663437037037 0.3871327828125 0.5851524648148148 0.3963570421875 0.5850213731481482 0.39637114635416665 0.58384725
3 0.083260125 0.5704303222222222 0.0788232921875 0.5705414648148148 0.07883739687500001 0.6184069537037037 0.07911142447916666 0.6187204333333334 0.0790973203125 0.625585637037037 0.082881321875 0.6255485888888889 0.08284706822916667 0.6187375324074074 0.08327825937500001 0.6184069537037037 0.083260125 0.5704303222222222
3 0.0319343140625 0.5461584500000001 0.031920209375 0.54385295 0.023649002604166667 0.5438244518518519 0.023711464583333335 0.5462695925925927 0.0319343140625 0.5461584500000001
3 0.051424541666666664 0.4906383583333333 0.051364094270833334 0.5438016527777778 0.044263550520833334 0.5438387009259259 0.044263550520833334 0.5461840981481482 0.05444287708333333 0.5462581935185185 0.054430788020833336 0.5432316898148148 0.053477735416666665 0.5432316898148148 0.053497884375 0.4931946425925926 0.0718718515625 0.4932145907407407 0.0718980453125 0.5126332287037036 0.063586540625 0.5125933314814816 0.063586540625 0.5133542324074074 0.07174289739583334 0.5132972361111111 0.07176909114583332 0.5129267601851852 0.07875075572916666 0.5130208037037036 0.07881724739583333 0.5431832435185185 0.06626838593750001 0.5432972361111111 0.06630666927083334 0.5462325444444445 0.07877694947916666 0.5462467935185186 0.07884747135416667 0.5488914222222222 0.08332460208333334 0.5488714731481482 0.0832198265625 0.5124280425925926 0.0829740078125 0.511923625 0.0829558734375 0.49071245370370375 0.08108200677083334 0.4906640064814815 0.08107596197916668 0.5101624398148148 0.07379407604166667 0.5101852379629629 0.07381019531250001 0.4906497574074074 0.051424541666666664 0.4906383583333333
3 0.3717167036458333 0.44538045000000004 0.2749123515625 0.44538045000000004 0.2750171265625 0.4516927898148148 0.31788635885416666 0.45182388148148145 0.31800322395833336 0.5033371333333333 0.21587346354166667 0.5033570814814814 0.21579488229166666 0.5096865203703704 0.24691920208333332 0.5096437731481481 0.24689502291666668 0.5500284981481482 0.2514487203125 0.5500826444444444 0.25152730208333335 0.5096694212962963 0.32236751979166667 0.5096437731481481 0.322476325 0.45172128796296296 0.3763248036458334 0.4517127388888889 0.3762845052083333 0.4233428324074074 0.40849284687500004 0.42328868611111115 0.4084646385416667 0.4167825592592592 0.376246221875 0.4168652037037037 0.376272415625 0.37060986018518516 0.37178319583333336 0.37070105462962966 0.3717167036458333 0.44538045000000004
3 0.19953455572916667 0.46699629537037035 0.2464054 0.46701054444444445 0.24641950416666666 0.44479623796296297 0.24177916562500001 0.4448275861111111 0.24181744895833335 0.4605528638888889 0.2040116864583333 0.46057281296296293 0.203921015625 0.35268737499999997 0.24180938958333334 0.3526503277777778 0.24180938958333334 0.3684098037037037 0.24636711666666666 0.3684098037037037 0.24638928072916666 0.3525705333333334 0.24795688072916666 0.3525705333333334 0.24795688072916666 0.34007694537037036 0.24336490052083332 0.3400968935185185 0.243304453125 0.34605870648148146 0.1995023171875 0.3460387574074074 0.19956074947916666 0.4481134222222222 0.1244186984375 0.44820461666666667 0.12448519062499999 0.45470219444444443 0.18117469270833333 0.45472214351851853 0.181251259375 0.5098717583333334 0.1963651015625 0.5096494731481481 0.1963127140625 0.5033000851851851 0.18570219635416668 0.5033941296296296 0.18567600260416667 0.45470219444444443 0.19948216822916667 0.4545540037037037 0.19953455572916667 0.46699629537037035
3 0.08424541614583334 0.46941578796296296 0.08431996770833333 0.4546907953703704 0.08238565364583333 0.4546907953703704 0.08238565364583333 0.47236534629629634 0.09369736041666667 0.47236534629629634 0.09367318177083334 0.45472214351851853 0.0914668546875 0.4546850953703704 0.0915555109375 0.4693901398148148 0.08424541614583334 0.46941578796296296
2 0.32777755364583333 0.4218210314814815 0.32779165833333335 0.44531775462962964 0.3466895020833333 0.44531775462962964 0.3464900260416667 0.42228270185185185 0.32777755364583333 0.4218210314814815
2 0.19131573645833333 0.5160302083333334 0.19133387083333334 0.5331461953703704 0.19508563385416666 0.5331775435185184 0.1953274229166667 0.5161499 0.19131573645833333 0.5160302083333334
2 0.15882530729166666 0.5210971787037036 0.15879911354166668 0.5038444000000001 0.15468265156250002 0.5038557990740741 0.15467660677083334 0.521137075925926 0.15882530729166666 0.5210971787037036
3 0.3961595807291667 0.572487887962963 0.39373362864583333 0.5724422916666666 0.3937316140625 0.5766229694444444 0.39621196875000003 0.5766600166666667 0.3961595807291667 0.572487887962963
3 0.27509167864583334 0.5287460814814814 0.2771126333333333 0.5287033342592592 0.27717509583333333 0.5133542324074074 0.31020149114583334 0.5133542324074074 0.31020149114583334 0.5467768592592592 0.27719121510416667 0.546754061111111 0.2771287526041667 0.5454687944444445 0.2751702598958333 0.5454260472222222 0.27518637916666666 0.5497207185185186 0.3365424140625 0.5497663148148147 0.3365746526041667 0.5469763462962963 0.3146504130208333 0.5470190935185185 0.3146504130208333 0.5187346824074075 0.3143985494791667 0.5183357083333333 0.3143844447916667 0.5107181537037037 0.27523272239583335 0.5107409518518519 0.27518637916666666 0.524628099074074 0.2514930484375 0.5245825018518518 0.25152327239583333 0.5273952694444445 0.2750775739583334 0.5274180675925926 0.27509167864583334 0.5287460814814814
3 0.26100342552083333 0.5472898259259259 0.2515313317708333 0.5472128814814815 0.2515313317708333 0.5497891138888888 0.26098327604166666 0.5497634657407408 0.26100342552083333 0.5472898259259259
3 0.32311102135416664 0.5089113703703704 0.32311102135416664 0.5114106583333334 0.33483779947916664 0.5114619546296296 0.3349123515625 0.5284468509259259 0.33654845833333336 0.5284468509259259 0.33654845833333336 0.45285551481481484 0.33466854739583335 0.45277856944444445 0.3346483979166667 0.5086976342592593 0.32311102135416664 0.5089113703703704
3 0.2855833166666667 0.5787603305555555 0.2855631671875 0.5760758046296297 0.2529498286458333 0.5761356509259259 0.25297602239583333 0.5788857222222222 0.2855833166666667 0.5787603305555555
3 0.334255490625 0.5761043027777778 0.2997723151041667 0.5760758046296297 0.2998267177083333 0.6256198342592593 0.3021942375 0.6255400398148149 0.3022143864583333 0.5789199203703704 0.3341990729166667 0.5787603305555555 0.334255490625 0.5761043027777778
3 0.39621196875000003 0.5467683101851851 0.40387265781250004 0.5466942148148148 0.40386056822916666 0.5443317185185185 0.39543018333333335 0.5443317185185185 0.3954160791666667 0.505571387962963 0.40050574270833333 0.505571387962963 0.4005319364583333 0.5031917925925926 0.39374571822916665 0.5032088916666666 0.3937074348958333 0.5499629527777777 0.39621196875000003 0.5498888574074073 0.39621196875000003 0.5467683101851851
3 0.4020008057291667 0.4906782555555555 0.40194438854166664 0.5028498148148148 0.427040096875 0.502903961111111 0.42701188802083334 0.4977999425925925 0.4054765260416667 0.49782844074074073 0.40549466041666665 0.4906526074074074 0.4020008057291667 0.4906782555555555
3 0.43821680416666664 0.5046622972222222 0.4381906104166667 0.514408663888889 0.41900664895833334 0.5144656601851852 0.4189804552083333 0.5046993444444444 0.41705017135416667 0.5046622972222222 0.4171206932291666 0.5173610712962963 0.42351601875 0.5173810203703704 0.42346564583333335 0.5443716157407407 0.41611726770833335 0.5443887148148148 0.416105178125 0.5467512111111111 0.42346564583333335 0.5467512111111111 0.4236731817708333 0.546531775 0.45007455156250004 0.546548874074074 0.4500866411458333 0.5438899972222222 0.425462421875 0.54385295 0.42542212395833334 0.517292675925926 0.4399073140625 0.517292675925926 0.43992141875 0.529033912962963 0.44044328020833334 0.5290709601851853 0.44041708645833333 0.5173667712962963 0.4401813421875 0.5174237675925926 0.4401813421875 0.507492162962963 0.4631432598958333 0.5075406101851853 0.4631513197916667 0.54385295 0.4618597625 0.5438700481481481 0.461894015625 0.5466400685185185 0.4650735442708333 0.546537475 0.4650997380208333 0.5046622972222222 0.43821680416666664 0.5046622972222222
3 0.46644166822916666 0.5484668 0.46486197864583334 0.5485038472222222 0.4648478744791667 0.5516813907407407 0.4684968770833333 0.5516585925925926 0.46846463854166664 0.5029552583333333 0.46636711666666664 0.5029980055555555 0.46644166822916666 0.5484668
3 0.4648780979166667 0.6544970074074073 0.46850493645833335 0.6544970074074073 0.46841023593750003 0.5864918777777778 0.464872053125 0.5864776287037037 0.4648780979166667 0.6544970074074073
3 0.35046947395833333 0.6275491592592592 0.33332258697916667 0.6276061555555555 0.33332258697916667 0.6327358222222222 0.35046947395833333 0.6326987749999999 0.35046947395833333 0.6275491592592592
3 0.30879306875 0.6277030490740741 0.2865242796875 0.6275691083333333 0.2865242796875 0.6327529212962963 0.30877493437500003 0.632673125925926 0.30879306875 0.6277030490740741
3 0.26214587968749997 0.6275947564814814 0.251392303125 0.6276318037037038 0.2514305864583333 0.6328184666666666 0.26219625208333336 0.6326531777777779 0.26214587968749997 0.6275947564814814
3 0.17997582083333336 0.585183812962963 0.1799516421875 0.5787061842592592 0.15909329010416667 0.5786748361111111 0.15922828958333335 0.62769735 0.15005037291666667 0.6275691083333333 0.15005037291666667 0.6327700203703703 0.15920612552083335 0.632704474074074 0.15915776770833334 0.6390567111111111 0.16277251666666667 0.6391108574074075 0.16270199479166667 0.6006184101851851 0.16362683854166665 0.6006184101851851 0.16367116666666667 0.5851496148148149 0.17997582083333336 0.585183812962963
3 0.07891396354166667 0.6327614703703703 0.09013096927083333 0.6327586203703705 0.09016119270833332 0.6276432027777777 0.07594197083333333 0.6275548592592592 0.07594197083333333 0.630963237037037 0.07891396354166667 0.630934738888889 0.07891396354166667 0.6327614703703703
3 0.21464235364583334 0.547301225 0.21464235364583334 0.5496352240740741 0.22286923229166666 0.5496751212962963 0.22286923229166666 0.539609575 0.24687084427083333 0.5396836703703705 0.246899053125 0.536736962037037 0.22316542395833333 0.5366600166666666 0.22315534947916668 0.5106298092592593 0.221277453125 0.5106298092592593 0.22124521458333335 0.547301225 0.21464235364583334 0.547301225
3 0.4270300223958333 0.42328868611111115 0.4270622609375 0.4643459675925926 0.43160386875 0.46430037037037036 0.4316099135416666 0.4169022509259259 0.42258110000000004 0.41681105740740737 0.42258110000000004 0.4232430888888889 0.4270300223958333 0.42328868611111115
3 0.4269877088541667 0.4833969796296297 0.427040096875 0.502903961111111 0.4838625833333333 0.5030236537037037 0.48393713489583334 0.5516984898148148 0.48917388697916664 0.5515132518518518 0.4890670963541667 0.4965118268518518 0.4315817046875 0.49655172407407405 0.4315555109375 0.48337703055555553 0.4269877088541667 0.4833969796296297
3 0.48914567812500004 0.6105101166666667 0.48909933489583335 0.5854402962962963 0.48393713489583334 0.5855371898148148 0.48395929895833334 0.6106070101851852 0.48914567812500004 0.6105101166666667
3 0.6046101151041667 0.6753833 0.6046766067708333 0.6817668851851851 0.6404271609375001 0.6817668851851851 0.6404271609375001 0.6753833 0.6046101151041667 0.6753833
3 0.54694338125 0.6815958962962962 0.5714487203124999 0.6817013398148148 0.5714487203124999 0.6754288972222222 0.551303646875 0.6753491018518518 0.55132178125 0.619612425 0.54694338125 0.6195326305555555 0.5469615151041667 0.6386691361111111 0.5261595807291667 0.638643487962963 0.5261595807291667 0.630749500925926 0.5216683458333333 0.6308292962962964 0.521611928125 0.6450755203703703 0.5469050979166667 0.6451296666666667 0.54694338125 0.6815958962962962
3 0.5261857744791667 0.5826702768518519 0.5216078984375 0.5826389287037037 0.5216522265625 0.6112168712962963 0.5261615958333333 0.6112824166666667 0.5261857744791667 0.5826702768518519
3 0.5261918192708334 0.5190510120370371 0.5216441666666667 0.5190510120370371 0.521700584375 0.5438899972222222 0.5262784604166667 0.5438956972222222 0.5261918192708334 0.5190510120370371
3 0.52160386875 0.5001424907407408 0.5261918192708334 0.5000512962962963 0.5261918192708334 0.4788771731481482 0.5685673989583333 0.47896551759259265 0.5686298609375 0.45460245092592594 0.5640257906249999 0.4546480481481482 0.5641204916666667 0.4726759759259259 0.5216340921875 0.4725876314814815 0.52160386875 0.5001424907407408
3 0.568607696875 0.40409803333333333 0.5640761635416667 0.4040638361111111 0.5640761635416667 0.42074665185185184 0.5685935927083333 0.4207267027777778 0.568607696875 0.40409803333333333
3 0.5685956072916666 0.3545711027777778 0.5896050776041667 0.3544998574074074 0.5896715697916667 0.32762325462962966 0.5975659885416668 0.32766030185185185 0.5975538989583333 0.32125391851851853 0.5852851098958334 0.32119977222222224 0.5853254078125 0.3483870046296296 0.5640539994791667 0.34833285833333333 0.5640398953125001 0.36981761203703706 0.568555309375 0.36974351666666666 0.5685956072916666 0.3545711027777778
4 0.546334878125 0.41481333703703704 0.5640660890625 0.41475919074074075 0.5640660890625 0.4111769731481481 0.5435684062499999 0.41106583055555557 0.5435784807291667 0.4725363351851852 0.5462965947916667 0.4725733824074074 0.546334878125 0.41481333703703704
2 0.6245093692708333 0.48283271574074077 0.6244710859375 0.4643345685185185 0.6207596213541666 0.46432886851851857 0.6207455166666667 0.48284126574074077 0.6245093692708333 0.48283271574074077
2 0.6063630869791666 0.4858022231481481 0.6025569213541666 0.4858392703703704 0.6025569213541666 0.5044970074074074 0.6062986098958334 0.5045369055555555 0.6063630869791666 0.4858022231481481
2 0.6064235343750001 0.5292875462962963 0.620404996875 0.5293188944444445 0.6203143260416667 0.5073753203703704 0.6064013703125001 0.5074066685185185 0.6064235343750001 0.5292875462962963
2 0.6380898651041667 0.5080393277777777 0.6226113239583333 0.5079994296296296 0.6225952046875 0.5237332574074074 0.6381120291666666 0.523861499074074 0.6380898651041667 0.5080393277777777
2 0.6598247026041667 0.5101567398148148 0.6598247026041667 0.5239897407407407 0.6627281885416667 0.5240666861111112 0.6626979651041667 0.5101111425925926 0.6598247026041667 0.5101567398148148
4 0.87260729375 0.4692504990740741 0.8592806770833333 0.4692077518518519 0.8593109005208334 0.47532060370370377 0.8726355026041667 0.47532060370370377 0.87260729375 0.4692504990740741
2 0.660404996875 0.5662268453703704 0.6603364901041666 0.5494642351851852 0.6467983072916667 0.5495554287037037 0.6467660687500001 0.5664576805555556 0.660404996875 0.5662268453703704
2 0.622458190625 0.5965973212962963 0.6081684463541667 0.5965517240740741 0.6081362078125 0.6193274435185185 0.6223916984375 0.6191935027777777 0.622458190625 0.5965973212962963
2 0.6414305864583334 0.5966429185185186 0.6270884546875001 0.5965859222222223 0.6270501713541666 0.619239099074074 0.6413902880208333 0.6191336564814814 0.6414305864583334 0.5966429185185186
2 0.8550050375 0.5697891138888889 0.8550836187499999 0.5910629805555556 0.8740942979166667 0.5910173842592592 0.8739431796874999 0.5697919638888889 0.8550050375 0.5697891138888889
2 0.883753778125 0.5672755768518518 0.8836369130208334 0.5485209462962962 0.872087446875 0.5485579935185185 0.8720370744791667 0.567321174074074 0.883753778125 0.5672755768518518
2 0.8748861578124999 0.5340153888888889 0.8846081 0.5339954407407407 0.8846081 0.5298432601851852 0.8748216802083333 0.5298803074074073 0.8748861578124999 0.5340153888888889
2 0.7454080192708333 0.5540695351851852 0.7453979447916667 0.536728412962963 0.7415474510416666 0.5367084638888888 0.7416764052083333 0.5539954407407407 0.7454080192708333 0.5540695351851852
2 0.7238263145833332 0.5274237675925926 0.7406508161458334 0.5274636648148148 0.7408422322916667 0.4994442861111111 0.7238001208333333 0.4994072388888889 0.7238263145833332 0.5274237675925926
2 0.6997561958333333 0.4747335425925926 0.7086056822916666 0.47475064166666664 0.7086097119791667 0.46842120277777777 0.6997118677083333 0.46842120277777777 0.6997561958333333 0.4747335425925926
2 0.672238565625 0.40935309166666667 0.6722103567708333 0.424611 0.6777433005208333 0.42457110277777776 0.677850090625 0.40937589074074077 0.672238565625 0.40935309166666667
2 0.6723715494791667 0.39692505 0.6723715494791667 0.3730607009259259 0.6540580291666667 0.3728355657407408 0.6541728791666667 0.39675976018518516 0.6723715494791667 0.39692505
4 0.8320491640625 0.4692390990740741 0.813973403125 0.4692390990740741 0.8139532541666666 0.47537760000000007 0.8320491640625 0.4753519518518518 0.8320491640625 0.4692390990740741
4 0.8553133187499999 0.5088942722222223 0.8312431994791667 0.5088942722222223 0.8312109609375 0.5147192935185185 0.8553274229166666 0.5147420916666667 0.8553133187499999 0.5088942722222223
2 0.6412008864583334 0.5673268740740741 0.6411666333333332 0.5533570814814814 0.6383054604166667 0.5533941296296296 0.6383276244791667 0.5672812768518518 0.6412008864583334 0.5673268740740741
4 0.90783195625 0.47685095462962956 0.8942071328125 0.476722712962963 0.8941023572916666 0.4841436305555556 0.9079004635416666 0.48412083240740744 0.90783195625 0.47685095462962956
4 0.8898347776041666 0.6814534055555556 0.9106568609375 0.6814249074074074 0.9106387265625 0.6753633509259259 0.8898529114583333 0.6754174981481482 0.8898347776041666 0.6814534055555556
4 0.862484384375 0.6825933314814815 0.8850876484375 0.6825505842592593 0.8850614546875 0.6755941861111111 0.8624581906250001 0.6756112851851851 0.862484384375 0.6825933314814815
4 0.8624259520833333 0.6511484750000001 0.8849969776041667 0.6512824166666666 0.8849969776041667 0.6455941861111111 0.8624279671875 0.6455941861111111 0.8624259520833333 0.6511484750000001
4 0.7883779973958334 0.6756625814814815 0.7883558333333334 0.6827130240740741 0.8480253880208333 0.6827130240740741 0.8479568807291666 0.6756939296296297 0.7883779973958334 0.6756625814814815
4 0.7884424744791667 0.6455400398148148 0.7884626234375 0.6512567685185185 0.8479065083333333 0.6512567685185185 0.8479065083333333 0.645579937037037 0.7884424744791667 0.6455400398148148
4 0.6912613338541667 0.6776460527777778 0.6911968567708333 0.6815018527777779 0.7746846666666667 0.6815018527777779 0.7746846666666667 0.6776460527777778 0.6912613338541667 0.6776460527777778
4 0.707823896875 0.6058221712962963 0.7582389682291667 0.6058620685185185 0.7582651619791666 0.5965602731481481 0.7077433005208333 0.5966771157407408 0.707823896875 0.6058221712962963
4 0.6404775338541667 0.6497321175925926 0.6737215395833334 0.6497321175925926 0.6736832562499999 0.6438301509259259 0.6404593994791666 0.6438301509259259 0.6404775338541667 0.6497321175925926
4 0.6737698973958334 0.6756996296296296 0.6404150713541666 0.6756198342592593 0.6404150713541666 0.6814933027777779 0.6738444489583333 0.681518950925926 0.6737698973958334 0.6756996296296296
4 0.6046363088541666 0.675582787037037 0.57143663125 0.6755371898148148 0.57143663125 0.6814733546296297 0.6046504130208333 0.6814705046296297 0.6046363088541666 0.675582787037037
3 0.4890932901041667 0.6447078944444444 0.4838968364583333 0.6447990879629629 0.4839129557291667 0.6545141064814815 0.46341124322916666 0.6545141064814815 0.46340116875 0.6608150472222222 0.48912351406250004 0.660777999074074 0.4890932901041667 0.6447078944444444
4 0.5684203104166666 0.4207067537037037 0.5641144468749999 0.42074380185185184 0.5641527302083333 0.4546679962962963 0.5684324000000001 0.45465089814814813 0.5684203104166666 0.4207067537037037
4 0.5261253276041666 0.5001196925925926 0.5218597625 0.5002279851851852 0.5218617770833334 0.5189883157407408 0.5260890588541667 0.5189655175925926 0.5261253276041666 0.5001196925925926
4 0.553445496875 0.5436962101851852 0.5495164213541667 0.5436762611111111 0.549391496875 0.5821886574074073 0.553445496875 0.5821915074074074 0.553445496875 0.5436962101851852
4 0.5208502921875 0.5438159018518519 0.520880515625 0.5826645768518518 0.5259077171875 0.5826645768518518 0.5259238364583333 0.5438159018518519 0.5208502921875 0.5438159018518519
4 0.526026596875 0.6112795666666666 0.5209288734375 0.6112482185185185 0.5210276041666667 0.630786549074074 0.526026596875 0.6307324027777779 0.526026596875 0.6112795666666666
3 0.9147471286458334 0.5044998574074073 0.9073604677083333 0.5045568537037036 0.9074209145833334 0.5093701907407407 0.9147350390625 0.5093730407407407 0.9147471286458334 0.5044998574074073
3 0.9147249645833334 0.5646337990740741 0.9063429375 0.5647107435185186 0.9063570421875 0.5669991453703703 0.9147249645833334 0.5670247935185185 0.9147249645833334 0.5646337990740741
3 0.8874209145833334 0.6518124824074074 0.9147068307291666 0.6518438305555556 0.9147289947916666 0.6484952981481481 0.8850977229166667 0.6485266453703703 0.8850977229166667 0.6550983185185185 0.8874209145833334 0.6551610148148148 0.8874209145833334 0.6518124824074074
3 0.6940056416666667 0.4900683953703704 0.6939411645833334 0.4757081787037037 0.7164255489583333 0.4756597324074074 0.7168305458333334 0.4762724425925926 0.7168688291666666 0.5242490740740741 0.7173665119791667 0.5242490740740741 0.7173725567708333 0.4758136222222222 0.7165323390625 0.4747392416666667 0.6670965140625 0.47478483888888884 0.66711061875 0.4756711314814815 0.6934051984374999 0.47568823055555554 0.6933266171875 0.49008549444444444 0.6940056416666667 0.4900683953703704
3 0.686862784375 0.5683442574074073 0.6774712875 0.5683072101851852 0.6774450937500001 0.5705414648148148 0.686862784375 0.5705813620370371 0.686862784375 0.5683442574074073
4 0.907374571875 0.5068994018518519 0.8942796697916666 0.506907950925926 0.8942111625 0.5125847824074073 0.907453153125 0.5125847824074073 0.907374571875 0.5068994018518519
3 0.660219625 0.5129723564814814 0.659814628125 0.5129723564814814 0.6598025385416667 0.5143944148148148 0.6602055208333333 0.514411512962963 0.660219625 0.5129723564814814
4 0.5904634291666666 0.36984041018518515 0.5862361473958334 0.3697862638888889 0.5862220432291667 0.4038586490740741 0.5905037276041667 0.40387574814814814 0.5904634291666666 0.36984041018518515
4 0.6157606286458334 0.3213280138888889 0.5975619583333334 0.3213280138888889 0.5975619583333334 0.32730977499999997 0.61576264375 0.32742376759259256 0.6157606286458334 0.3213280138888889
4 0.5684263552083333 0.36976061574074076 0.56418496875 0.36985465925925926 0.5641990729166667 0.4040723851851852 0.5684283697916667 0.4040723851851852 0.5684263552083333 0.36976061574074076
4 0.6155712270833333 0.3516614416666667 0.5976445697916667 0.3516728416666667 0.5976969572916667 0.3573753203703704 0.6155913760416667 0.35735537222222225 0.6155712270833333 0.3516614416666667
4 0.6574773322916666 0.28189227685185186 0.6421801328125 0.281920775 0.6421418494791666 0.2877942435185185 0.657515615625 0.2878455398148148 0.6574773322916666 0.28189227685185186
4 0.7515313317708333 0.3600883444444445 0.7515696151041666 0.38844685092592596 0.7557606286458333 0.38842120277777775 0.7557223453125 0.3601139925925926 0.7515313317708333 0.3600883444444445
4 0.7515575255208333 0.4386263888888889 0.7515494661458334 0.4669079509259259 0.7557404796875 0.46696209722222226 0.7557203302083334 0.43866343703703703 0.7515575255208333 0.4386263888888889
2 0.9063248036458333 0.5647107435185186 0.8939230302083333 0.5646879453703704 0.8940157161458333 0.570179537962963 0.9063691317708333 0.5702108861111111 0.9063248036458333 0.5647107435185186
2 0.7794176911458333 0.5247420916666666 0.7793814223958333 0.5419150759259259 0.783268184375 0.5420433175925926 0.7833467661458333 0.5246736962962963 0.7794176911458333 0.5247420916666666
2 0.7100402984374999 0.4287118833333333 0.7100402984374999 0.4176888 0.7059862984374999 0.4178056425925926 0.7061696552083333 0.4286719861111111 0.7100402984374999 0.4287118833333333
2 0.712035059375 0.36705614166666667 0.7119887166666667 0.40366771203703705 0.7303244005208334 0.4036848101851852 0.73011485 0.3669734962962963 0.712035059375 0.36705614166666667
3 0.7794056015625 0.5247306925925926 0.7810235744791666 0.5246936453703703 0.7810376786458334 0.5052750074074074 0.7793532135416666 0.5052750074074074 0.7794056015625 0.5247306925925926
3 0.8553354828124999 0.506722712962963 0.8553052588541666 0.509404388888889 0.8942675802083334 0.5094699342592592 0.894281684375 0.5045312055555555 0.8846987708333334 0.5045084074074074 0.8847148901041667 0.5067455111111111 0.8553354828124999 0.506722712962963
3 0.6626838604166667 0.43693074907407403 0.6627281885416667 0.4965745222222222 0.6896977635416667 0.49654317499999995 0.6897199276041667 0.5222171555555555 0.6868567401041666 0.5223795953703704 0.6868789036458334 0.5709860361111112 0.6912089463541666 0.570954687962963 0.6910739473958334 0.5305414648148148 0.7224178921875001 0.5304160731481482 0.7223514005208334 0.5243231694444443 0.6942756395833333 0.5242918212962964 0.6942534755208333 0.49013394166666663 0.6671247229166667 0.4901652888888889 0.6671025588541667 0.4304901685185185 0.6286097119791666 0.4306184101851852 0.6286097119791666 0.4031575944444445 0.6724924442708333 0.4031889425925926 0.6724481161458333 0.39690510092592596 0.6286318760416666 0.39687375277777776 0.6285855328125 0.28798518055555555 0.6421458796875 0.2879395842592593 0.6421841630208333 0.281732687037037 0.6240318354166666 0.281732687037037 0.6240761635416666 0.3212510685185185 0.6157767479166666 0.32118552314814813 0.6157545838541666 0.3276289537037037 0.6240761635416666 0.3276289537037037 0.6240761635416666 0.4368680537037037 0.6626838604166667 0.43693074907407403
3 0.8139391494791667 0.4755457398148148 0.8139774328125 0.469033912962963 0.7558351802083333 0.4690880592592592 0.7558714489583332 0.46696209722222226 0.7514184968750001 0.46687945277777776 0.7514003625 0.4754944425925926 0.7526032640625 0.4754944425925926 0.7526213984375 0.524266173148148 0.7418920010416666 0.5242918212962964 0.7419484182291666 0.5305357648148148 0.7571690510416667 0.5304331722222223 0.7571871854166666 0.4755457398148148 0.8139391494791667 0.4755457398148148
3 0.7514265567708333 0.43860644074074073 0.7558754786458334 0.43866343703703703 0.7558754786458334 0.38842120277777775 0.7514648395833333 0.38845825 0.7514527505208334 0.4037047592592593 0.7098226880208334 0.4036848101851852 0.7098347776041667 0.41014534074074077 0.7514789442708333 0.41014534074074077 0.7514265567708333 0.43860644074074073
3 0.7244005640625001 0.3417070388888889 0.7142252671875 0.34174693611111107 0.7142575057291667 0.2880564259259259 0.7514527505208334 0.2879395842592593 0.7514527505208334 0.34172413796296297 0.7412996171875 0.34172413796296297 0.7412996171875 0.3479253351851852 0.7514386458333333 0.3479623824074074 0.7514124520833333 0.36010829259259264 0.7558633890625 0.36010829259259264 0.7558633890625 0.2817554861111111 0.6574914364583333 0.281718437962963 0.6575055411458333 0.2879025361111111 0.6680757604166666 0.2879566824074074 0.6680233729166667 0.3729923055555555 0.6724481161458333 0.3730635509259259 0.6724602057291666 0.3479623824074074 0.6826133385416667 0.3479253351851852 0.6826133385416667 0.34172413796296297 0.6724481161458333 0.3416699916666666 0.6724863994791667 0.2879395842592593 0.7097964942708334 0.2879766314814815 0.7098226880208334 0.3417070388888889 0.6995123916666667 0.3416870907407408 0.6995264958333334 0.3479253351851852 0.7098226880208334 0.3479253351851852 0.7097964942708334 0.36706754074074077 0.7141809390625 0.3670475916666667 0.7142575057291667 0.34799088055555555 0.7243884744791667 0.34799088055555555 0.7244005640625001 0.3417070388888889
3 0.8941184765625 0.4842946712962963 0.8941869838541667 0.4777258481481481 0.8870380817708334 0.4777885435185185 0.8869937536458333 0.46898546574074074 0.8726274432291666 0.46904816203703703 0.8726274432291666 0.4754944425925926 0.8825952046875 0.47552579074074075 0.88261736875 0.4843602166666666 0.8941184765625 0.4842946712962963
3 0.8312472296875 0.5116927898148148 0.8312472296875 0.49766030185185184 0.7571690510416667 0.49766030185185184 0.7571690510416667 0.5027956685185185 0.8277513598958334 0.5028270166666666 0.827797703125 0.5116927898148148 0.8312472296875 0.5116927898148148
3 0.8559621197916666 0.4754944425925926 0.854035865625 0.4754944425925926 0.8539895223958334 0.49046451944444447 0.8468003223958332 0.4905101166666667 0.8467862182291667 0.4754716444444444 0.84468668125 0.4754944425925926 0.8446705619791667 0.4934340268518518 0.8559318958333333 0.493456825 0.8559621197916666 0.4754944425925926
4 0.571392303125 0.6499202055555555 0.6046423536458333 0.6498746083333334 0.6046423536458333 0.6439498435185185 0.571392303125 0.6439954407407408 0.571392303125 0.6499202055555555
3 0.66711061875 0.4308748935185185 0.66711061875 0.43174123703703704 0.6712996171875001 0.43166714166666664 0.6722123713541667 0.4305414648148148 0.6722264760416666 0.4032060416666667 0.6716764052083334 0.4032060416666667 0.6717287932291666 0.43013679074074074 0.6712855130208334 0.43096608703703704 0.66711061875 0.4308748935185185
3 0.7514305864583334 0.436531775 0.7514305864583334 0.4358677685185185 0.7111847671875 0.43584497037037034 0.7105742494791667 0.435004275 0.7105903687499999 0.41017668888888886 0.7100725369791667 0.41017668888888886 0.71002619375 0.43531490462962963 0.71087245625 0.4365545740740741 0.7514305864583334 0.436531775
4 0.5905258916666667 0.42056426296296295 0.5862583114583334 0.42054716481481486 0.5862965947916667 0.45447135925925924 0.59053798125 0.454417212962963 0.5905258916666667 0.42056426296296295
3 0.707797703125 0.6058820175925926 0.7077533749999999 0.5995012824074074 0.6868023375 0.5995326305555555 0.6868486802083333 0.6753776 0.6737457182291667 0.6753776 0.6738142255208334 0.6816614416666666 0.6912230505208333 0.6815958962962962 0.6911565583333333 0.6059447138888889 0.707797703125 0.6058820175925926