1 0.47634696770833335 0 0.00016119270833333334 0.00022805000000000001 0.00016119270833333334 1 1 1 1 0 0.47634696770833335 0
2 0.6480032239583333 0.6662713796296296 0.6284182953124999 0.6663283925925926 0.6283981463541667 0.6889338657407408 0.6477291958333333 0.6892103759259259 0.6480032239583333 0.6662713796296296
3 0.6440660890625 0.6964937287037036 0.6473705421875 0.6964937287037036 0.6471831552083334 0.6892901935185185 0.6440056416666666 0.6892901935185185 0.6440660890625 0.6964937287037036
2 0.5976224057291667 0.3874287342592592 0.5761394317708334 0.3879019388888889 0.5764054000000001 0.4166761685185185 0.5978238968749999 0.41641961203703703 0.5976224057291667 0.3874287342592592
2 0.5957021963541667 0.4647519953703704 0.5761172677083334 0.46480900833333333 0.57609711875 0.4874144814814815 0.5954281682291668 0.4876938425925926 0.5957021963541667 0.4647519953703704
2 0.47666733854166665 0.4513683009259259 0.4967962927083333 0.45145381944444446 0.49656659270833337 0.42042759444444444 0.4766068911458333 0.4204389962962963 0.47666733854166665 0.4513683009259259
2 0.5485452348958333 0.5361716074074074 0.5686741890625 0.5362571268518518 0.5684424744791666 0.5052309009259259 0.5484847875 0.5052423037037037 0.5485452348958333 0.5361716074074074
2 0.6275397942708333 0.5120182444444444 0.6436631067708334 0.5120296462962963 0.6438243 0.48457810740740737 0.6278057625 0.48452109444444447 0.6275397942708333 0.5120182444444444
2 0.50350594375 0.3030501712962963 0.48392101562499995 0.3031071833333333 0.48390086666666665 0.3257126564814815 0.5032319161458333 0.3259891675925926 0.50350594375 0.3030501712962963
3 0.5812210354166666 0.6566704675925926 0.5812411848958334 0.6524515388888888 0.5474773322916667 0.6517987453703703 0.5474773322916667 0.5109464083333334 0.5484606083333333 0.5109464083333334 0.54862583125 0.5060718361111112 0.5443280276041667 0.5062143675925925 0.5445254885416666 0.6522633981481482 0.5192665723958333 0.6522633981481482 0.5192665723958333 0.6564395666666667 0.5812210354166666 0.6566704675925926
3 0.3446302640625 0.5398888259259259 0.33289744114583336 0.5471607749999999 0.33289744114583336 0.5528506268518518 0.3478601651041667 0.5431527935185185 0.3477936734375 0.5162001138888889 0.33296393333333335 0.5162001138888889 0.33289744114583336 0.5208637398148148 0.3446302640625 0.5210490305555555 0.3446302640625 0.5398888259259259
3 0.40391497083333333 0.6625370583333333 0.40470683072916663 0.6642160777777778 0.4047854119791667 0.686821550925926 0.4081724765625 0.6870439 0.4081865807291667 0.6566049027777777 0.43761031614583334 0.6566049027777777 0.43765867395833336 0.6527366018518518 0.40795688072916664 0.6520153935185184 0.40795688072916664 0.547559862962963 0.4079188739583334 0.5475367962962963 0.40799919427083337 0.5027080953703704 0.4040741489583333 0.5027337518518519 0.40415273020833337 0.5152679592592593 0.39014708854166663 0.5154789055555555 0.38974410625 0.5423603194444444 0.40415273020833337 0.551077537037037 0.40391497083333333 0.6625370583333333
3 0.4040301958333333 0.5451767064814815 0.40406004427083336 0.5197576962962963 0.3933709447916666 0.5197833527777779 0.393330646875 0.5386830101851852 0.4040301958333333 0.5451767064814815
3 0.35511182760416665 0.43100342037037037 0.33304251458333334 0.43100342037037037 0.3328853515625 0.4359264537037037 0.3550272010416667 0.43580387685185185 0.35511182760416665 0.43100342037037037
3 0.49830143072916666 0.3029732037037037 0.5035663911458333 0.30299315833333335 0.5034656458333333 0.2721208666666667 0.49840822083333336 0.27203534814814817 0.49830143072916666 0.3029732037037037
3 0.49939552708333335 0.3332668185185185 0.49983276249999997 0.4461602055555556 0.49685674010416664 0.4461060435185185 0.49693330625 0.4504247435185185 0.5031513197916666 0.4504789055555556 0.503074753125 0.32586944166666665 0.4986500098958333 0.325855187962963 0.4986882932291667 0.3278107185185185 0.4799959703125 0.32818985185185184 0.4800342536458333 0.3330473203703704 0.49939552708333335 0.3332668185185185
3 0.40470683072916663 0.3330843787037037 0.40454765260416664 0.4315621435185185 0.3837457182291667 0.4311145953703704 0.3837457182291667 0.4362628277777778 0.4042776546875 0.43674743425925927 0.40409026822916666 0.476197262962963 0.408079790625 0.4761687574074074 0.40817852083333334 0.4489481185185185 0.44955470468750003 0.4495781074074074 0.4493975416666667 0.45069840370370373 0.476528309375 0.45069840370370373 0.4764477130208334 0.4457753703703704 0.40810799895833333 0.44566419629629633 0.4079488213541667 0.3330843787037037 0.42448116041666667 0.33319840370370374 0.4244005640625 0.32760262222222225 0.38105581302083336 0.32827252037037036 0.38103969375 0.28161345462962967 0.37805762656249997 0.2815279361111111 0.37820874479166666 0.3286088935185185 0.36919000625000004 0.3286088935185185 0.36899858958333337 0.33302166481481477 0.40470683072916663 0.3330843787037037
3 0.5050030223958334 0.695903649074074 0.49992746302083335 0.7014994296296296 0.492016925 0.7043899657407408 0.48120693125 0.7050427592592593 0.47204513385416663 0.7030843787037038 0.4642675802083333 0.696650512962963 0.40810799895833333 0.6964623712962963 0.4081724765625 0.6870439 0.33296393333333335 0.6872291907407407 0.3328631875 0.501197262962963 0.329339109375 0.5010946407407408 0.3295365708333333 0.6917987453703703 0.40435019166666664 0.6917075259259259 0.40454765260416664 0.7007525657407407 0.4628833364583333 0.7004732037037037 0.46769494270833334 0.7053221212962962 0.4729679630208333 0.7076539342592593 0.47876888958333336 0.70886545 0.4856236145833333 0.7092388824074074 0.49228087864583336 0.7087713796296295 0.500519846875 0.7063483462962963 0.50559540625 0.7013112888888889 0.6680112833333334 0.7007525657407407 0.66794680625 0.26702394537037033 0.6411847671875001 0.26711801574074073 0.6413157364583333 0.2724315851851852 0.6644529520833333 0.2720581527777778 0.6642554906249999 0.696650512962963 0.5050030223958334 0.695903649074074
3 0.5554946604166666 0.2674885972222222 0.5554301833333334 0.27260547314814815 0.6053919000000001 0.2722462944444445 0.6054583921875001 0.26702394537037033 0.5554946604166666 0.2674885972222222
3 0.36922627447916667 0.28145667037037037 0.48559339114583333 0.28110034166666664 0.48586137395833334 0.2717873435185185 0.5196856739583333 0.2722063851851852 0.5198045536458333 0.2675969212962963 0.48253072760416665 0.26710376296296295 0.4824904291666667 0.2767388824074074 0.36570622604166664 0.2769384268518519 0.3656941364583333 0.3281870009259259 0.32958694322916665 0.3281870009259259 0.32935925833333335 0.4751510833333334 0.33306467864583333 0.4751425314814815 0.33300423125 0.33269954351851855 0.36899858958333337 0.33302166481481477 0.36922627447916667 0.28145667037037037
3 0.6442172072916666 0.6666220064814815 0.64704815625 0.6666191564814814 0.6472496473958333 0.6569270240740741 0.6642554906249999 0.657098061111111 0.6641225067708334 0.6521664768518518 0.6349224260416667 0.6523546175925926 0.6349889182291667 0.6565507407407407 0.6442071328125 0.6569270240740741 0.6442172072916666 0.6666220064814815
3 0.6435643765625 0.5108665907407407 0.6644287729166667 0.5107582666666667 0.66446705625 0.505903649074074 0.6436792260416666 0.505795325 0.6435643765625 0.5108665907407407
3 0.577084425 0.41687286203703705 0.5772758411458334 0.4645410490740741 0.5805017125 0.4646778787037037 0.5809792463541666 0.4219783351851852 0.6223634895833333 0.42210661388888887 0.622714084375 0.5060319268518519 0.5801692526041666 0.5060433296296296 0.5802035057291667 0.48787058148148144 0.5771186781250001 0.48787058148148144 0.5771065885416667 0.5057725203703703 0.5684868020833334 0.5057183583333333 0.5684102359375001 0.5104675027777777 0.6274209145833333 0.5107383120370371 0.627463228125 0.5062713796296296 0.6260729395833333 0.5060433296296296 0.6262361473958333 0.4366790194444444 0.6644166833333334 0.4372576962962963 0.6643763854166667 0.4320410490740741 0.6373161395833333 0.4321265675925926 0.6372355463541666 0.4223208361111111 0.6373362885416667 0.4223204101851852 0.6372959901041667 0.42106613425925926 0.6644166833333334 0.42098061574074075 0.6644569817708333 0.416647662037037 0.577084425 0.41687286203703705
3 0.5761273421875 0.3875171037037037 0.5806770098958334 0.38737172222222227 0.5803042515625 0.2724315851851852 0.5766975619791667 0.2725655648148148 0.5761273421875 0.3875171037037037
4 0.43751763020833334 0.6575541620370371 0.5189723958333333 0.6572919046296296 0.5191114244791667 0.6515279361111112 0.4375982270833333 0.651824400925926 0.43751763020833334 0.6575541620370371
4 0.5811807375 0.6573546175925926 0.6349063067708334 0.6573888259259258 0.635057425 0.6515592925925926 0.5811968567708334 0.6516134546296296 0.5811807375 0.6573546175925926
2 0.3562965947916667 0.47543044444444443 0.32935925833333335 0.4751510833333334 0.329339109375 0.5010946407407408 0.355823090625 0.5020638537037038 0.3562965947916667 0.47543044444444443
2 0.4083276244791667 0.476194412962963 0.3799838807291666 0.47580672777777777 0.3804775338541667 0.502616875925926 0.40799919427083337 0.5027080953703704 0.4083276244791667 0.476194412962963