1 0 0 0 1 1 1 1 0 0 0
3 0.6849979848958333 0.5589367157407408 0.685082628125 0.5654047888888889 0.6884260380208332 0.5655587231481481 0.6884220072916667 0.5928534777777777 0.704488109375 0.5928591787037037 0.7044135427083333 0.586647662037037 0.6928859333333333 0.5868500574074074 0.6929705765624999 0.5590165333333333 0.6849979848958333 0.5589367157407408
3 0.6282607817708333 0.5830758268518519 0.6259895203125 0.5830758268518519 0.6258746473958333 0.5924030787037038 0.6282265213541667 0.5923831240740741 0.6282607817708333 0.5830758268518519
3 0.8379665458333334 0.5825855185185185 0.840368803125 0.5825855185185185 0.8401410723958332 0.470795325 0.8379222088541667 0.4708466361111111 0.8379665458333334 0.5825855185185185
3 0.8379161630208334 0.4708352333333333 0.8029383312499999 0.4708665907407407 0.8029383312499999 0.4739538194444444 0.8379020557291667 0.47375997685185184 0.8379161630208334 0.4708352333333333
3 0.8061023781250001 0.47396807314814815 0.8037847640625 0.4739937287037037 0.8037847640625 0.4906813 0.8061305927083333 0.49078107222222217 0.8061023781250001 0.47396807314814815
3 0.785552196875 0.4710689851851852 0.7831660619791666 0.4709863166666667 0.7832204755208333 0.5823546175925927 0.7854252317708333 0.5821436712962963 0.785552196875 0.4710689851851852
3 0.6958061265625 0.46332098055555554 0.6912212817708333 0.46337799351851855 0.6913945989583333 0.5550142527777778 0.6959351067708333 0.5550142527777778 0.6958061265625 0.46332098055555554
3 0.858611446875 0.4745039907407407 0.8585187421874999 0.4907582666666666 0.8607376057291667 0.49061288518518514 0.8606993145833334 0.47452679629629624 0.858611446875 0.4745039907407407
3 0.8585590489583333 0.4488568981481481 0.8608645708333333 0.4488169898148148 0.8607053609374999 0.39168757129629633 0.8585409109375 0.39167046759259255 0.8585590489583333 0.4488568981481481
3 0.8935570333333334 0.4031813 0.8607799276041667 0.402899087962963 0.8607355906249999 0.4062371722222222 0.8935530026041667 0.40594640833333334 0.8935570333333334 0.4031813
3 0.8934985890624999 0.4059720638888889 0.8912333734375 0.406023375 0.8912474807291667 0.4681984037037037 0.8935509875 0.4681527935185185 0.8934985890624999 0.4059720638888889
3 0.7830209593749999 0.4318472064814815 0.7830794036458334 0.43785062685185183 0.83512091875 0.4379218925925926 0.835203546875 0.43182440092592594 0.7830209593749999 0.4318472064814815
3 0.783204353125 0.41987457222222224 0.7830874645833333 0.4317987453703704 0.7854514307291667 0.4317759407407407 0.7852237 0.41991448148148147 0.783204353125 0.41987457222222224
3 0.8255038291666666 0.4318129990740741 0.8277992744791667 0.4318301027777778 0.8278174125 0.38555017129629626 0.8255622734375 0.38555017129629626 0.8255038291666666 0.4318129990740741
3 0.7834361145833333 0.3974002277777778 0.7851148729166667 0.39736031944444444 0.7852519145833334 0.3417702398148148 0.7830814187499999 0.3417502851851852 0.7834361145833333 0.3974002277777778
3 0.7852055625 0.3821180157407407 0.7851330109375 0.3856356898148148 0.8351874244791666 0.38550171018518514 0.835163240625 0.38204960092592594 0.7852055625 0.3821180157407407
3 0.8352619911458333 0.3820239453703704 0.8351975010416666 0.34163911018518517 0.8329060864583333 0.3415820981481481 0.8329000401041667 0.3820581527777778 0.8352619911458333 0.3820239453703704
3 0.7853244661458334 0.36053591759259257 0.7852599760416666 0.3640279361111111 0.8329141473958334 0.36393386574074077 0.832980653125 0.36065279351851853 0.7853244661458334 0.36053591759259257
3 0.7857114067708333 0.298523375 0.7829625151041667 0.29859464074074077 0.7831096333333334 0.3186716074074074 0.7853204354166666 0.3186716074074074 0.7857114067708333 0.298523375
3 0.8352337765625 0.2986858611111111 0.83287585625 0.29875427592592596 0.8329826682291667 0.3191419611111111 0.83510278125 0.31916476666666665 0.8352337765625 0.2986858611111111
3 0.8608645708333333 0.35862884814814816 0.8586215234375001 0.35861174444444444 0.8585953244791666 0.36835518796296296 0.8608484484375 0.3683295324074074 0.8608645708333333 0.35862884814814816
3 0.8877347843750001 0.3580216648148148 0.8853808947916666 0.3582611175925926 0.8852760984375 0.40313568981481485 0.8875957276041666 0.40313568981481485 0.8877347843750001 0.3580216648148148
3 0.6214490125 0.4351567842592593 0.6090225713541667 0.4351567842592593 0.6090729546875 0.4387001138888889 0.6214006447916667 0.4387001138888889 0.6214490125 0.4351567842592593
3 0.6416021765625001 0.4352252 0.64155179375 0.43856043333333333 0.6800785973958334 0.43860034166666667 0.6801269651041667 0.4352736601851852 0.6416021765625001 0.4352252
3 0.6801269651041667 0.43864595185185185 0.6845546151041667 0.4387143675925926 0.6843047156250001 0.3696550740740741 0.6802317614583333 0.3695809574074074 0.6801269651041667 0.43864595185185185
3 0.6845203546874999 0.4352736601851852 0.6845868598958333 0.43850627129629627 0.6957839583333333 0.4384749148148148 0.6957718661458333 0.43520524537037036 0.6845203546874999 0.4352736601851852
3 0.6417412333333333 0.41197548425925923 0.644161628125 0.41197548425925923 0.6441334140625 0.2984435574074074 0.6417775088541667 0.29843785648148147 0.6417412333333333 0.41197548425925923
3 0.6441979041666667 0.36671892777777776 0.6441696895833334 0.3700969212962963 0.6825614671875001 0.36963226944444444 0.6825453447916666 0.36671892777777776 0.6441979041666667 0.36671892777777776
3 0.6559613057291667 0.41065564444444447 0.655896815625 0.4122605472222222 0.6677589682291667 0.4120980611111111 0.6677549375 0.4106784490740741 0.6559613057291667 0.41065564444444447
3 0.8584300687499999 0.4681755990740741 0.8585026197916666 0.47449828981481484 0.8936074161458334 0.47449828981481484 0.8935409109375 0.46821835833333336 0.8584300687499999 0.4681755990740741
3 0.17119709791666665 0.4575883694444445 0.1734179765625 0.4576111740740741 0.17343409895833334 0.39227480000000003 0.171245465625 0.3922976055555556 0.17119709791666665 0.4575883694444445
3 0.17346634427083335 0.39227480000000003 0.17348246666666667 0.39550741203703704 0.20375050364583333 0.3955558722222222 0.20375251927083332 0.39226909907407403 0.17346634427083335 0.39227480000000003
3 0.2060701328125 0.37883409351851854 0.20380088697916668 0.37887115185185183 0.20376864166666667 0.4374087796296296 0.20607416354166666 0.4374087796296296 0.2060701328125 0.37883409351851854
3 0.23755340572916667 0.37939851759259263 0.23534864947916667 0.37942132314814814 0.2352962515625 0.42440992037037034 0.23759975833333333 0.4243871148148148 0.23755340572916667 0.37939851759259263
3 0.2352539296875 0.42117445833333333 0.22822853697916667 0.42112599814814816 0.22823055208333332 0.42437856296296295 0.23527206770833334 0.42437856296296295 0.2352539296875 0.42117445833333333
3 0.3189359130208333 0.3364794759259259 0.31645102760416666 0.33652793611111115 0.3165175333333333 0.4499087796296296 0.31875453437499995 0.44993158518518517 0.3189359130208333 0.3364794759259259
3 0.316491334375 0.44651368333333336 0.302551390625 0.44646522222222224 0.3025413140625 0.44988882592592594 0.3164752114583333 0.4498432157407407 0.316491334375 0.44651368333333336
3 0.31878677968749997 0.44669897407407405 0.3187928255208333 0.44988882592592594 0.32915155156250003 0.45004846111111113 0.32909109218750004 0.4467246296296296 0.31878677968749997 0.44669897407407405
3 0.34287585625 0.44674173333333334 0.34285771875000004 0.44990592962962966 0.3716727125 0.4499515388888889 0.37164046770833337 0.44669897407407405 0.34287585625 0.44674173333333334
3 0.37162434479166667 0.39504275925925925 0.36946997187499997 0.3950655648148148 0.3694216041666667 0.4466533638888889 0.37162434479166667 0.4466533638888889 0.37162434479166667 0.39504275925925925
3 0.34535469583333334 0.39504275925925925 0.3453708182291667 0.3982782212962963 0.3694216041666667 0.3983238314814815 0.3694216041666667 0.3950883694444445 0.34535469583333334 0.39504275925925925
3 0.3716182989583333 0.38067274814814817 0.362734784375 0.38069840370370367 0.362734784375 0.38407069537037036 0.37162434479166667 0.38401368333333336 0.3716182989583333 0.38067274814814817
3 0.365060459375 0.3841077537037037 0.362775090625 0.3841305583333333 0.36279121302083334 0.39504275925925925 0.3651108421875 0.39501995462962963 0.365060459375 0.3841077537037037
3 0.31641878281249997 0.35304446944444445 0.2969750098958333 0.3531128851851852 0.2969689640625 0.3561659064814815 0.31641878281249997 0.3562542759259259 0.31641878281249997 0.35304446944444445
3 0.29916162812499997 0.336476625 0.2969911328125 0.3364538194444444 0.2969750098958333 0.35304446944444445 0.29917775104166666 0.3530587231481482 0.29916162812499997 0.336476625
2 0.20626763385416666 0.3766847203703704 0.22745465520833333 0.37667331851851854 0.22757154375 0.3421436712962963 0.20637444583333334 0.34230900833333333 0.20626763385416666 0.3766847203703704
2 0.20612051614583335 0.4567502851851852 0.2060701328125 0.43748289629629633 0.1909693671875 0.43743728611111116 0.19087061666666666 0.4565165333333333 0.20612051614583335 0.4567502851851852
2 0.230203546875 0.45765678425925926 0.21267835572916666 0.45765393425925927 0.2128476421875 0.48409065 0.2301531640625 0.48404503981481484 0.230203546875 0.45765678425925926
2 0.3025171302083333 0.44993158518518517 0.30253325260416664 0.4747919046296296 0.3213542927083333 0.47464367129629637 0.321205159375 0.45007126574074074 0.3025171302083333 0.44993158518518517
2 0.34530431302083336 0.3945553018518519 0.3281156791666667 0.3945866592592593 0.32811366406250003 0.39902223518518515 0.34530431302083336 0.3989994296296296 0.34530431302083336 0.3945553018518519
2 0.355999596875 0.39908779907407405 0.3433313182291667 0.39909065 0.3433796854166667 0.4155188138888889 0.3559814588541667 0.41531071851851853 0.355999596875 0.39908779907407405
2 0.35604191875 0.4293614592592593 0.34337162447916664 0.42936431018518517 0.34342200729166666 0.4457924740740741 0.356021765625 0.44558152777777776 0.35604191875 0.4293614592592593
4 0.17049173697916667 0.5674971490740741 0.170489721875 0.5707668185185185 0.188123740625 0.5707668185185185 0.18810761770833334 0.5674857472222222 0.17049173697916667 0.5674971490740741
3 0.3564490125 0.5646835805555556 0.35642885937499996 0.5709948685185184 0.37374647343749995 0.5710461805555556 0.3737404270833334 0.5646550740740741 0.3564490125 0.5646835805555556
3 0.37378073333333334 0.5710461805555556 0.3782204755208333 0.5710689851851852 0.37816807760416665 0.32665621481481477 0.37382910104166667 0.3266334092592592 0.37378073333333334 0.5710461805555556
3 0.373794840625 0.33282212129629635 0.37379685625000003 0.3266334092592592 0.23105804114583334 0.32667901944444444 0.23109230156250002 0.3329389962962963 0.373794840625 0.33282212129629635
3 0.23551592083333334 0.33298745740740743 0.23109230156250002 0.33298745740740743 0.23115679166666667 0.37694127685185186 0.235552196875 0.37685860925925924 0.23551592083333334 0.33298745740740743
3 0.23112051614583334 0.3706499425925926 0.227551390625 0.3706499425925926 0.22750503854166665 0.3769156212962963 0.23112454635416665 0.3769156212962963 0.23112051614583334 0.3706499425925926
3 0.2062353890625 0.37063283888888887 0.16476219270833334 0.3706356898148148 0.164715840625 0.37684720648148146 0.20624345 0.37687571296296296 0.2062353890625 0.37063283888888887
3 0.16909915364583333 0.37687286203703707 0.16474002395833331 0.3768956666666667 0.16464933489583336 0.5709977194444444 0.16909109218750001 0.5709977194444444 0.16909915364583333 0.37687286203703707
3 0.17045546145833335 0.5675313564814815 0.1691233375 0.5675085518518518 0.16913744479166667 0.5707611175925926 0.17047359947916665 0.5707668185185185 0.17045546145833335 0.5675313564814815
3 0.2416021765625 0.5646921324074075 0.22974203958333334 0.5646693268518519 0.2297259171875 0.5710205240740741 0.2415538088541667 0.5710689851851852 0.2416021765625 0.5646921324074075
3 0.29422410312499997 0.5646892814814815 0.29417775104166666 0.5710461805555556 0.3213502619791667 0.5709492592592592 0.32129987916666664 0.564714937037037 0.29422410312499997 0.5646892814814815
3 0.21264207968749999 0.45769099166666666 0.20607819427083335 0.4576453824074074 0.20608625572916667 0.45679589537037035 0.2038250703125 0.4567844925925926 0.2038250703125 0.45769099166666666 0.1711628375 0.45763397962962965 0.1711628375 0.4609378564814815 0.21267634010416667 0.4608095777777778 0.21264207968749999 0.45769099166666666
4 0.19044336979166668 0.5330017101851852 0.1904393390625 0.5433323833333333 0.22530028229166668 0.5433323833333333 0.22528415937500001 0.5330929305555555 0.19044336979166668 0.5330017101851852
3 0.22970979427083332 0.5372833527777778 0.22535066510416665 0.5372833527777778 0.22530834322916665 0.5710148231481481 0.22969367187499998 0.5710205240740741 0.22970979427083332 0.5372833527777778
3 0.23250705364583332 0.45763397962962965 0.23028617499999998 0.45765678425925926 0.2301531640625 0.5338141388888888 0.232488915625 0.5337001138888888 0.23250705364583332 0.45763397962962965
3 0.32808141875 0.39504275925925925 0.3188915760416667 0.39509407037037036 0.31886940729166663 0.3982782212962963 0.3280713421875 0.39830387685185187 0.32808141875 0.39504275925925925
3 0.3452881901041666 0.41557582685185185 0.34440346614583334 0.41555017129629634 0.3444095125 0.42928734351851855 0.34527206770833335 0.4292702398148148 0.3452881901041666 0.41557582685185185
3 0.3453284963541667 0.42186431018518517 0.3453385729166667 0.4228477768518518 0.36900846458333336 0.42289623703703705 0.36905078593749996 0.4217645379629629 0.3453284963541667 0.42186431018518517
2 0.188123740625 0.5435233749999999 0.18809552604166668 0.5625826685185186 0.2030935109375 0.562505700925926 0.20307738802083333 0.5435661342592593 0.188123740625 0.5435233749999999
3 0.19033051197916664 0.5626767388888889 0.18814187812500002 0.5626767388888889 0.18816203125 0.5707155074074074 0.19034461927083332 0.5706955527777777 0.19033051197916664 0.5626767388888889
3 0.30478839166666666 0.47485461759259256 0.30253526822916665 0.4748774231481481 0.302551390625 0.5616904222222223 0.3048045140625 0.5617132268518519 0.30478839166666666 0.47485461759259256
3 0.19037686406249998 0.5371892814814815 0.16913945989583334 0.537212087037037 0.16913945989583334 0.5435176740740741 0.19036074166666667 0.5434264537037037 0.19037686406249998 0.5371892814814815
4 0.3213704151041667 0.5605273657407407 0.32138653749999996 0.570741162962963 0.3563583234375 0.570741162962963 0.3563583234375 0.5605501712962963 0.3213704151041667 0.5605273657407407
4 0.2941293833333333 0.5708038768518519 0.2941938734375 0.5605273657407407 0.24166868177083334 0.5604104907407408 0.2416021765625 0.5707554157407407 0.2941293833333333 0.5708038768518519
3 0.6614953645833332 0.4106784490740741 0.6624808546875 0.4106784490740741 0.6626078192708333 0.36984321574074075 0.6614389359375 0.3698888259259259 0.6614953645833332 0.4106784490740741
3 0.6801209187499999 0.3666875712962963 0.6825070536458333 0.3667331814814815 0.6824727932291667 0.3420439 0.6803204354166666 0.3420011398148148 0.6801209187499999 0.3666875712962963
3 0.6825735588541666 0.3695496009259259 0.6957900041666666 0.3696294185185185 0.6958504635416667 0.3669498287037037 0.6825453447916666 0.3667730898148148 0.6825735588541666 0.3695496009259259
3 0.6958706166666667 0.3669355759259259 0.695673115625 0.3407297601851852 0.6933635630208334 0.34067274814814813 0.6933373640625 0.36686431018518517 0.6958706166666667 0.3669355759259259
3 0.6933736395833333 0.3420496009259259 0.6824828697916666 0.34209521111111113 0.6824989921875001 0.3453534777777778 0.6933393791666667 0.3453534777777778 0.6933736395833333 0.3420496009259259
3 0.6932688432291666 0.3180444694444444 0.6955179364583334 0.318013112962963 0.6956368401041666 0.2981755990740741 0.6931318015625 0.2981870009259259 0.6932688432291666 0.3180444694444444
3 0.680163240625 0.3165592925925926 0.6932245062500001 0.31658209814814814 0.6931902458333333 0.31341790185185187 0.6801471182291666 0.3134891675925926 0.680163240625 0.3165592925925926
3 0.6800544135416666 0.2978164194444444 0.6802015317708333 0.313466362962963 0.6822591697916667 0.31345210925925926 0.6822410317708333 0.2978164194444444 0.6800544135416666 0.2978164194444444
3 0.6091455057291667 0.36663626018518514 0.6090769848958334 0.3697234888888889 0.6215961307291666 0.3699657925925926 0.6215276098958333 0.36658779907407407 0.6091455057291667 0.36663626018518514
4 0.6080552197916667 0.5891533638888888 0.6079403468750001 0.5923403648148148 0.6258907697916667 0.5922862027777778 0.6259068921875 0.5892844925925925 0.6080552197916667 0.5891533638888888
4 0.6324385328125001 0.5547576962962963 0.6326360338541667 0.564831812962963 0.6848145911458333 0.5646237175925927 0.6849476015625 0.5548261120370371 0.6324385328125001 0.5547576962962963
4 0.7042422411458333 0.5822833527777779 0.7045888755208334 0.5925228046296296 0.774304715625 0.5920324972222222 0.7743530833333333 0.5824002277777778 0.7042422411458333 0.5822833527777779
4 0.7940104796875 0.582445837962963 0.794143490625 0.5926368305555556 0.8293470374999999 0.5925912203703704 0.8293631598958334 0.5823774231481481 0.7940104796875 0.582445837962963
4 0.8490709390625 0.5824002277777778 0.8491193067708332 0.5925912203703704 0.8838613463541667 0.5923118583333333 0.8838794838541666 0.5823774231481481 0.8490709390625 0.5824002277777778
2 0.6280290203125 0.5830758268518519 0.6410257958333333 0.582958950925926 0.6409068921875 0.565510262037037 0.6279000401041667 0.5653734324074073 0.6280290203125 0.5830758268518519
2 0.8028133817708334 0.4722576962962963 0.785858525 0.4722576962962963 0.7857617895833333 0.49740022777777776 0.8029584843750001 0.4970581527777778 0.8028133817708334 0.4722576962962963
2 0.8573176140625001 0.47258836944444443 0.8403627567708334 0.4726539342592593 0.8402640062500001 0.49772805 0.8574607015625 0.49759122037037035 0.8573176140625001 0.47258836944444443
2 0.8596654572916667 0.44893671574074073 0.8597460703125 0.467331812962963 0.8733937927083333 0.4672748 0.8733534864583333 0.44910490277777776 0.8596654572916667 0.44893671574074073
2 0.83512091875 0.43391106018518516 0.8350886739583333 0.4383580388888889 0.8585126963541666 0.43820695555555556 0.8585227729166667 0.4340592925925926 0.83512091875 0.43391106018518516
2 0.861406690625 0.36840079814814813 0.8579524385416666 0.36835518796296296 0.8580270052083333 0.39167901944444444 0.8612676338541667 0.39163340925925927 0.861406690625 0.36840079814814813
2 0.785918984375 0.39741163055555556 0.7825634822916666 0.3974828962962963 0.7826783557291667 0.41996009166666665 0.7858706166666667 0.41991448148148147 0.785918984375 0.39741163055555556
2 0.8639520354166667 0.3173831240740741 0.8641575979166666 0.34671892777777774 0.8855904875 0.346422462962963 0.8853829098958333 0.3175798175925926 0.8639520354166667 0.3173831240740741
2 0.8357779119791666 0.3190706953703704 0.8323397822916667 0.3190022805555556 0.832287384375 0.34157924722222227 0.8356993145833334 0.34157924722222227 0.8357779119791666 0.3190706953703704
2 0.7859451833333334 0.31862314722222224 0.782488915625 0.3187029648148148 0.7825171302083334 0.34161060462962967 0.785999596875 0.34165051296296295 0.7859451833333334 0.31862314722222224
2 0.6959431682291667 0.31831812962962963 0.6927367994791667 0.3183523379629629 0.6926884322916667 0.34064139074074073 0.6960358723958334 0.34066134537037035 0.6959431682291667 0.31831812962962963
2 0.6937505036458333 0.4631870009259259 0.6937505036458333 0.439204675 0.6748206369791667 0.4391362601851852 0.6748690046875 0.4630530212962963 0.6937505036458333 0.4631870009259259
2 0.6679625151041667 0.4136545037037037 0.6781176942708333 0.4137685287037037 0.6781983072916666 0.3958865453703704 0.6680431276041666 0.3958865453703704 0.6679625151041667 0.4136545037037037
2 0.6456045947916667 0.4137685287037037 0.6558827083333333 0.4136003416666667 0.6560016125 0.39577252037037036 0.6456045947916667 0.3957155074074074 0.6456045947916667 0.4137685287037037
3 0.6031781541666666 0.5923147092592592 0.6079524385416666 0.5921750287037038 0.6073115677083333 0.564945837962963 0.6324385328125001 0.5649486888888889 0.6324869005208333 0.5590393388888889 0.6072692463541667 0.5589908777777778 0.6074324869791667 0.29542759444444444 0.8605965338541667 0.2955188138888889 0.8603929864583333 0.31683295370370373 0.8650483677083333 0.31683295370370373 0.8647259171874999 0.28935290740740743 0.6031378473958333 0.28935290740740743 0.6031781541666666 0.5923147092592592
3 0.8948589276041666 0.5866448120370371 0.883960096875 0.5865649944444444 0.8838835145833334 0.5925171037037037 0.899389359375 0.5924287342592592 0.8992946390625 0.34994583796296297 0.8649858927083333 0.3499116305555556 0.8650564286458333 0.34721493703703704 0.8608061265625 0.34721493703703704 0.8607819427083334 0.35612029629629627 0.8949979848958333 0.3562200685185185 0.8948589276041666 0.5866448120370371
3 0.8490709390625 0.5863797037037037 0.8294115276041667 0.5867445842592593 0.8293692057291667 0.5924771953703704 0.8490709390625 0.592614025 0.8490709390625 0.5863797037037037
3 0.7940931078125 0.5865193842592592 0.7744034661458333 0.5864709231481482 0.7743530833333333 0.592614025 0.7940286177083333 0.5925228046296296 0.7940931078125 0.5865193842592592