1 0.0005965338541666667 0 0 0.2676453824074074 0 1 0.540306328125 1 0.9958907697916667 0.9988454962962964 0.9994457880208334 0 0.0005965338541666667 0
3 0.5351934703125 0.6226425314814815 0.5593228536458333 0.6227080953703703 0.5593228536458333 0.6150028509259259 0.5351471182291667 0.6150655648148148 0.5351934703125 0.6226425314814815
3 0.6093933895833333 0.6223631694444445 0.6255743651041666 0.6225769666666666 0.62553204375 0.6148090083333334 0.6094316807291666 0.6149144814814814 0.6093933895833333 0.6223631694444445
3 0.5829907296875 0.31755986296296296 0.6072954453125 0.3173945268518519 0.6075251916666667 0.310057012962963 0.5829907296875 0.3098916759259259 0.5829907296875 0.31755986296296296
3 0.6307658203125001 0.31738027407407404 0.6647178557291666 0.3176596351851852 0.6645868598958333 0.309828962037037 0.6307658203125001 0.309828962037037 0.6307658203125001 0.31738027407407404
3 0.4681136640625 0.254714937037037 0.4679484078125 0.2992502851851852 0.4704756145833333 0.2991733185185185 0.4706852078125 0.2545895092592592 0.4681136640625 0.254714937037037
3 0.46441152760416665 0.3250684148148148 0.4670213625 0.32513397962962964 0.46697500989583335 0.3041533638888889 0.46441152760416665 0.30421607777777776 0.46441152760416665 0.3250684148148148
3 0.49455663020833335 0.3552736601851852 0.4919568723958333 0.3551966935185185 0.4920112859375 0.4033323833333333 0.49476017760416663 0.40340935 0.49455663020833335 0.3552736601851852
3 0.5754836760416667 0.40353192685185185 0.4920112859375 0.4033323833333333 0.491979040625 0.40641391111111114 0.575592503125 0.4070296462962963 0.5754836760416667 0.40353192685185185
3 0.45151148750000003 0.3840935009259259 0.46420798072916664 0.38400798148148146 0.46428859322916666 0.3807896240740741 0.45151148750000003 0.3807240592592593 0.45151148750000003 0.3840935009259259
3 0.448937928125 0.38380843796296293 0.45151148750000003 0.3840935009259259 0.4515921 0.36295325 0.4487988713541667 0.3630188138888889 0.448937928125 0.38380843796296293
3 0.5458041114583333 0.5655473203703704 0.5487162432291667 0.5654703537037037 0.5486497380208333 0.5009777648148148 0.5460137041666666 0.5009777648148148 0.5458041114583333 0.5655473203703704
3 0.5351894395833334 0.5779361462962963 0.5593027005208333 0.5779361462962963 0.5591112453125 0.5708665907407408 0.5351511489583333 0.5711374 0.5351894395833334 0.5779361462962963
3 0.5749496171874999 0.5180159638888888 0.5777106005208333 0.5180159638888888 0.5778113661458334 0.4972348916666667 0.5748488510416667 0.4972919046296296 0.5749496171874999 0.5180159638888888
3 0.5366283755208333 0.46702394537037034 0.5757154375 0.4670752564814815 0.575713421875 0.4596550740740741 0.5367009270833333 0.4595667046296296 0.5366283755208333 0.46702394537037034
4 0.5594336958333332 0.6223945268518519 0.6093712213541667 0.6221208666666667 0.6091898427083334 0.6155359175925925 0.5593329302083333 0.6154960092592593 0.5594336958333332 0.6223945268518519
4 0.5593309151041667 0.5775085518518519 0.609161628125 0.5779190425925925 0.6091898427083334 0.5651083240740741 0.5591898427083334 0.5649657925925926 0.5593309151041667 0.5775085518518519
4 0.49957678333333333 0.5777936148148148 0.5350866588541667 0.5780216648148149 0.5350261989583333 0.5650798175925926 0.49937525208333333 0.5653078675925927 0.49957678333333333 0.5777936148148148
4 0.410856509375 0.5776767388888889 0.4753567109375 0.5778249712962963 0.47527005260416666 0.5651111740740741 0.41071140677083334 0.5651111740740741 0.410856509375 0.5776767388888889
4 0.47329705781250003 0.25416191574074076 0.4947763 0.2544811861111111 0.49488109635416666 0.24726339814814813 0.47329705781250003 0.24720638518518517 0.47329705781250003 0.25416191574074076
2 0.444590890625 0.3552936148148148 0.46739822656249996 0.3554618018518519 0.4670213625 0.32513397962962964 0.44536477239583333 0.3249144814814815 0.444590890625 0.3552936148148148
2 0.6077065697916667 0.31700684166666665 0.6307658203125001 0.31738027407407404 0.6305259973958334 0.2789082101851852 0.6072732770833333 0.2780900796296296 0.6077065697916667 0.31700684166666665
3 0.6050241838541666 0.3099230333333333 0.6075251916666667 0.310057012962963 0.6073599354166667 0.2231014824074074 0.6047823458333333 0.22327252037037038 0.6050241838541666 0.3099230333333333
2 0.545878678125 0.5397405925925927 0.5460519953124999 0.5037029648148148 0.5218661828125 0.5035917898148148 0.5213623536458333 0.539367161111111 0.545878678125 0.5397405925925927
3 0.39126763385416663 0.2245610037037037 0.41077186614583333 0.22463797037037037 0.4106066104166667 0.21702394537037037 0.39115679166666667 0.21702394537037037 0.39126763385416663 0.2245610037037037
3 0.39126763385416663 0.2245610037037037 0.3911890364583333 0.6146721777777778 0.39653164062499996 0.6148090083333334 0.3965538088541667 0.22462941851851853 0.39126763385416663 0.2245610037037037
3 0.6200765817708334 0.6147548462962963 0.62553204375 0.6148090083333334 0.625266021875 0.3881470925925926 0.6202297458333333 0.3880387685185185 0.6200765817708334 0.6147548462962963
3 0.5254332932291667 0.3182041046296296 0.5308726317708333 0.3180501712962963 0.530816203125 0.22347206388888888 0.5255421203125 0.22339509722222223 0.5254332932291667 0.3182041046296296
3 0.5255421203125 0.22339509722222223 0.6073599354166667 0.2231014824074074 0.6072289401041666 0.21647947592592592 0.5254111244791667 0.21601197222222224 0.5255421203125 0.22339509722222223
3 0.5308827083333333 0.3074971490740741 0.5478033052083333 0.3073546175925926 0.5478919791666667 0.3002223490740741 0.530816203125 0.30012827777777773 0.5308827083333333 0.3074971490740741
3 0.6312615880208334 0.22327252037037038 0.6648045140625 0.22349486851851852 0.6644719869791668 0.21654789074074074 0.6310237807291668 0.21577537037037037 0.6312615880208334 0.22327252037037038
3 0.4947763 0.2544811861111111 0.5254332932291667 0.25455815277777777 0.5254332932291667 0.24733181296296297 0.4948307135416667 0.24686431018518518 0.4947763 0.2544811861111111
3 0.3964530432291667 0.26888825555555557 0.410959290625 0.2690763972222222 0.410959290625 0.2618956666666667 0.396388553125 0.2620809574074074 0.3964530432291667 0.26888825555555557
3 0.45360741614583333 0.2687856324074074 0.46811769427083333 0.2687856324074074 0.46819830729166667 0.26140250833333334 0.453490528125 0.2618244009259259 0.45360741614583333 0.2687856324074074
3 0.4921926640625 0.31680729722222223 0.49471987083333335 0.3168842648148148 0.4947763 0.30320695555555555 0.49180975416666667 0.3032839222222222 0.4921926640625 0.31680729722222223
3 0.4946654572916667 0.35869441296296295 0.5032365979166666 0.3585376287037037 0.5032910114583333 0.3552736601851852 0.49455663020833335 0.3552736601851852 0.4946654572916667 0.35869441296296295
3 0.4476803708333333 0.4663540481481481 0.46709189843750004 0.4663540481481481 0.46722894010416666 0.4597805018518519 0.4478174125 0.4597805018518519 0.4476803708333333 0.4663540481481481
3 0.46431277708333335 0.4594954388888889 0.46722894010416666 0.4597805018518519 0.466876259375 0.3629418472222222 0.46421805729166665 0.3629418472222222 0.46431277708333335 0.4594954388888889
3 0.4860519953125 0.5658124287037036 0.4886880291666667 0.5659977194444445 0.48855703333333333 0.5079931583333334 0.4859854895833333 0.5081813000000001 0.4860519953125 0.5658124287037036
3 0.4859854895833333 0.5081813000000001 0.5216848046875 0.50795325 0.5217049578125 0.5042189277777778 0.486021765625 0.5040678453703704 0.4859854895833333 0.5081813000000001
3 0.609161628125 0.5779190425925925 0.6198206369791667 0.5780758268518519 0.6201511489583333 0.5712371722222223 0.609161628125 0.5711602055555556 0.609161628125 0.5779190425925925
3 0.5730955260416667 0.4593500574074074 0.575713421875 0.4596550740740741 0.575592503125 0.4070296462962963 0.5730854494791667 0.4068500574074074 0.5730955260416667 0.4593500574074074
3 0.5777106005208333 0.5180159638888888 0.6201531640625001 0.5180729759259259 0.6201047963541666 0.5142844925925926 0.5776924625 0.5137770805555555 0.5777106005208333 0.5180159638888888
4 0.410753728125 0.2745239453703704 0.4539097140625 0.27420182407407406 0.453490528125 0.2618244009259259 0.4110036276041667 0.26167331851851855 0.410753728125 0.2745239453703704
4 0.41077186614583333 0.22463797037037037 0.45388956041666667 0.22428734351851853 0.45380894791666665 0.21730330648148147 0.41064087083333334 0.21750285092592592 0.41077186614583333 0.22463797037037037
2 0.4704756145833333 0.2991733185185185 0.4874869005208333 0.2994241731481481 0.4875856510416667 0.27374572407407405 0.4706207177083333 0.27372291944444443 0.4704756145833333 0.2991733185185185
2 0.4919568723958333 0.3551966935185185 0.4952781135416667 0.35523660185185185 0.49515114895833334 0.31746579259259256 0.49201733177083334 0.31740592962962966 0.4919568723958333 0.3551966935185185
3 0.5308141880208334 0.3712656787037037 0.6646835953125 0.3713996583333333 0.6646835953125 0.36728050185185185 0.5309572755208333 0.36728050185185185 0.5308141880208334 0.3712656787037037
3 0.6213825072916667 0.3806157351851852 0.6242845625 0.3806157351851852 0.6241394598958333 0.37140821018518516 0.6212817411458332 0.3715507407407408 0.6213825072916667 0.3806157351851852
2 0.5200161223958334 0.4658323833333333 0.5368158 0.46600912222222224 0.5366908505208333 0.43917331851851854 0.5200161223958334 0.4392901935185185 0.5200161223958334 0.4658323833333333
2 0.5460519953124999 0.46754561018518515 0.5460137041666666 0.5009777648148148 0.5715638854166667 0.5008266814814816 0.5714429666666666 0.4671778787037037 0.5460519953124999 0.46754561018518515
3 0.5255340588541667 0.3880387685185185 0.5308363562499999 0.3883608898148148 0.5308363562499999 0.35511972592592594 0.52557235 0.35495724074074075 0.5255340588541667 0.3880387685185185
3 0.5830330510416667 0.3097348916666667 0.5885711406249999 0.31010832407407407 0.5885046354166668 0.22319270277777778 0.5829665458333333 0.22328677314814813 0.5830330510416667 0.3097348916666667
3 0.5722692463541666 0.3074686435185185 0.5830693270833333 0.30751995462962967 0.5830310359375 0.29996294166666665 0.5720415156249999 0.29969498333333333 0.5722692463541666 0.3074686435185185
3 0.46801692864583333 0.25453249722222226 0.4732930270833334 0.2544042185185185 0.4731842 0.2245610037037037 0.46801894374999997 0.22463797037037037 0.46801692864583333 0.25453249722222226
3 0.4539298671875 0.22451539351851854 0.4731842 0.2245610037037037 0.4731297864583333 0.2171778787037037 0.45395405104166664 0.21702394537037037 0.4539298671875 0.22451539351851854
3 0.4874869005208333 0.29586373981481484 0.4874869005208333 0.2994241731481481 0.5253970171875 0.2992958953703704 0.5253970171875 0.29560433333333336 0.4874869005208333 0.29586373981481484
3 0.5109875052083334 0.2956556444444444 0.513917775 0.29546180185185184 0.5137706567708333 0.2548175601851852 0.5109109229166667 0.25476624814814813 0.5109875052083334 0.2956556444444444
3 0.5166041916666667 0.4067502851851852 0.516388553125 0.45921322685185184 0.5189721885416667 0.45937001111111114 0.5189560661458333 0.4067103759259259 0.5166041916666667 0.4067502851851852
3 0.4920354697916667 0.4670153935185185 0.5198508666666667 0.46714937314814814 0.520042321875 0.4598973777777778 0.4921301895833333 0.46029931574074073 0.4920354697916667 0.4670153935185185
3 0.3995868598958333 0.3629218925925926 0.46721886354166664 0.3627850629629629 0.4670354697916667 0.3554418472222222 0.39940346614583333 0.35521664722222224 0.3995868598958333 0.3629218925925926
3 0.4380955260416667 0.3552508555555556 0.4404030630208334 0.3552508555555556 0.44032648124999996 0.33566134537037035 0.4378274890625 0.3352907638888889 0.4380955260416667 0.3552508555555556
3 0.3990910921875 0.4670153935185185 0.41627569531249997 0.4668814138888889 0.41627569531249997 0.4594954388888889 0.3990910921875 0.4594954388888889 0.3990910921875 0.4670153935185185
3 0.3965417171875 0.5780758268518519 0.41071745260416664 0.5782297601851852 0.4108262796875 0.5705387685185185 0.3965417171875 0.5707696694444444 0.3965417171875 0.5780758268518519
3 0.4753567109375 0.5778249712962963 0.499407496875 0.5779361462962963 0.4993288994791667 0.5706613453703704 0.4752781135416667 0.5708865453703703 0.4753567109375 0.5778249712962963
3 0.6182587666666667 0.5142246296296297 0.6201047963541666 0.5142844925925926 0.6199516322916666 0.4153078675925926 0.6183010880208334 0.41517958981481484 0.6182587666666667 0.5142246296296297
3 0.5755743651041667 0.41513683055555556 0.6199516322916666 0.4153078675925926 0.619939540625 0.4117844925925926 0.5756146713541667 0.41163055833333334 0.5755743651041667 0.41513683055555556
4 0.4108061265625 0.6222063851851851 0.47502821458333333 0.6223318129629629 0.4750564286458333 0.6151311287037038 0.4108625552083333 0.615515963888889 0.4108061265625 0.6222063851851851
4 0.49947601770833333 0.6222633981481482 0.5350866588541667 0.6223204101851851 0.5351471182291667 0.6150655648148148 0.49937525208333333 0.6153648805555555 0.49947601770833333 0.6222633981481482
2 0.5256993145833333 0.31849201851851855 0.52557235 0.35495724074074075 0.5566303911458333 0.35487457222222224 0.5557376057291666 0.31820980648148145 0.5256993145833333 0.31849201851851855
2 0.5035046354166667 0.3597006842592593 0.5229343005208333 0.35949258796296296 0.5230028213541666 0.35408494907407406 0.5035771864583334 0.3543899657407407 0.5035046354166667 0.3597006842592593
3 0.5886336156249999 0.2687571268518519 0.604937525 0.2688141388888889 0.6048085447916667 0.2646208666666666 0.588593309375 0.2646208666666666 0.5886336156249999 0.2687571268518519
2 0.4476219265625 0.4716647666666667 0.4476844015625 0.45888255370370373 0.41663240625 0.45847491481481484 0.41648528802083334 0.47186431018518515 0.4476219265625 0.4716647666666667
2 0.48797863750000003 0.4598033064814815 0.49563280937500004 0.4598033064814815 0.4952720677083333 0.40658494907407405 0.4877629989583333 0.4066875712962963 0.48797863750000003 0.4598033064814815
3 0.39129584843750004 0.6225798175925926 0.410753728125 0.6225142527777777 0.41089076979166667 0.6148717222222222 0.39129383333333334 0.6147947546296296 0.39129584843750004 0.6225798175925926
3 0.4750947197916667 0.6226339796296296 0.4994740026041667 0.6226339796296296 0.4992845625 0.6149686435185185 0.4750564286458333 0.6151311287037038 0.4750947197916667 0.6226339796296296
3 0.531080209375 0.38830102592592597 0.6647380088541667 0.3884236027777778 0.6647843609374999 0.3809064990740741 0.5309149536458333 0.38068415092592595 0.531080209375 0.38830102592592597