1 0 0 0 1 1 1 1 0 0 0
4 0.6263308484375 0.6375142527777778 0.5802337296875 0.6373432157407408 0.5802538786458334 0.6424173314814814 0.6263530125 0.6423660203703704 0.6263308484375 0.6375142527777778
4 0.5579266572916667 0.6913255416666666 0.49802538802083335 0.6911630555555556 0.4980052385416667 0.6962941842592593 0.5579468062499999 0.6961773092592592 0.5579266572916667 0.6913255416666666
4 0.7153294380208333 0.6857297601851852 0.65323393125 0.6857240592592593 0.6531734838541666 0.6907098064814815 0.7153516020833333 0.6905815277777777 0.7153294380208333 0.6857297601851852
4 0.7155268989583334 0.6375 0.6534313921875 0.6374942990740741 0.6533689302083334 0.6424800453703704 0.7155490630208334 0.6423517675925926 0.7155268989583334 0.6375
2 0.5422949828125 0.40127708055555555 0.5391396333333333 0.4012143675925926 0.5389220229166667 0.43590079814814814 0.54227281875 0.4358608898148148 0.5422949828125 0.40127708055555555
2 0.4825811 0.3403677305555556 0.4732117671875 0.34016248611111116 0.473383034375 0.3688141388888889 0.48259117447916666 0.3688141388888889 0.4825811 0.3403677305555556
2 0.4305702197916667 0.37363454999999995 0.4507152932291667 0.3737970351851852 0.45063671145833334 0.3398175601851852 0.43045536979166665 0.3397576962962963 0.4305702197916667 0.37363454999999995
2 0.46898448541666665 0.39488882592592595 0.46559137604166667 0.39488882592592595 0.46548861562500005 0.4294355759259259 0.4691295588541667 0.4294355759259259 0.46898448541666665 0.39488882592592595
2 0.6732883338541666 0.49942417314814813 0.6976687489583333 0.4995096925925926 0.6978641947916666 0.47059293055555557 0.6734293776041667 0.4705758268518519 0.6732883338541666 0.49942417314814813
2 0.41575659895833333 0.6738882555555555 0.4401370140625 0.673973774074074 0.4403324604166666 0.6450570129629629 0.4158976427083333 0.6450399083333334 0.41575659895833333 0.6738882555555555
2 0.29440459375 0.37348346666666665 0.31466048750000003 0.3735661342592592 0.31457989114583335 0.3395866592592593 0.29439854947916666 0.3395267962962963 0.29440459375 0.37348346666666665
2 0.40279871041666665 0.4563112888888889 0.42305258906250004 0.45639395648148146 0.4229740078125 0.4224116305555556 0.402792665625 0.4223546175925926 0.40279871041666665 0.4563112888888889
2 0.494942575 0.5384834666666667 0.5151964536458333 0.5385632842592593 0.5151178723958333 0.5045838083333334 0.49493653020833334 0.5045239453703704 0.494942575 0.5384834666666667
2 0.614793471875 0.538580387962963 0.6350473505208334 0.5386630555555555 0.63496876875 0.5046807296296296 0.6147874270833333 0.5046237175925926 0.614793471875 0.538580387962963
2 0.6463227885416667 0.5385404787037038 0.6665766671875001 0.5386231472222222 0.6664980859374999 0.5046408212962963 0.64631674375 0.5045838083333334 0.6463227885416667 0.5385404787037038
2 0.5486218015625001 0.38512827777777775 0.568766875 0.3852907638888889 0.5686882932291667 0.3513112888888889 0.5485069515625 0.351251425 0.5486218015625001 0.38512827777777775
2 0.4288938140625 0.3788768527777778 0.42534958697916664 0.37882554166666665 0.4252468265625 0.41288483425925926 0.42887769479166665 0.4128876851851852 0.4288938140625 0.3788768527777778
3 0.47326213958333335 0.29720638518518516 0.4732117671875 0.34016248611111116 0.4739975822916667 0.3400798175925926 0.4740479546875 0.29720638518518516 0.47326213958333335 0.29720638518518516
3 0.5391497078125 0.3850057009259259 0.5391396333333333 0.4012143675925926 0.5422949828125 0.40127708055555555 0.5423131171875001 0.3850627138888889 0.5391497078125 0.3850057009259259
3 0.6104855932291666 0.45170752592592595 0.5770098729166667 0.4515592925925926 0.5770098729166667 0.4565621435185185 0.6733850494791667 0.4561202962962963 0.6733850494791667 0.4518557583333333 0.6138142255208333 0.45170752592592595 0.6138142255208333 0.43420467500000004 0.6260809994791666 0.43420467500000004 0.6260809994791666 0.4296436712962963 0.6104855932291666 0.4296436712962963 0.6104855932291666 0.45170752592592595
3 0.5882127744791668 0.3852907638888889 0.5884545635416667 0.4516248574074074 0.591497078125 0.4515963509259259 0.5915131979166667 0.38538198425925924 0.5882127744791668 0.3852907638888889
3 0.6732923635416667 0.43435005740740745 0.6734293776041667 0.4705758268518519 0.6765424140624999 0.4705957814814815 0.6765665927083333 0.43435005740740745 0.6732923635416667 0.43435005740740745
3 0.67333870625 0.509144812037037 0.67333870625 0.5275313564814815 0.7375337500000001 0.527445837962963 0.7375337500000001 0.5227651083333333 0.6764678619791666 0.5228506268518518 0.6765464437500001 0.4994013685185185 0.6732883338541666 0.49942417314814813 0.67333870625 0.5045496009259259 0.6664980859374999 0.5046408212962963 0.6664799515625001 0.509315849074074 0.67333870625 0.509144812037037
3 0.712818859375 0.43446978333333336 0.7129760223958334 0.5227480046296297 0.7158210760416667 0.5228249712962963 0.7158392098958333 0.43448688703703703 0.712818859375 0.43446978333333336
3 0.7272879307291666 0.685746863888889 0.7375579286458334 0.6858323833333334 0.7375659885416667 0.6375712657407407 0.7155268989583334 0.6375 0.7155490630208334 0.6423517675925926 0.7273020348958333 0.642445837962963 0.7272879307291666 0.685746863888889
3 0.6534313921875 0.6374942990740741 0.6406004432291666 0.6375142527777778 0.6406004432291666 0.6423603194444445 0.6533689302083334 0.6424800453703704 0.6534313921875 0.6374942990740741
3 0.6371750958333333 0.5094070694444445 0.6374793473958333 0.6375342074074074 0.6406004432291666 0.6375142527777778 0.6406004432291666 0.5094355759259259 0.6371750958333333 0.5094070694444445
3 0.64631674375 0.5045838083333334 0.63496876875 0.5046807296296296 0.6349788432291666 0.5094355759259259 0.6463429375 0.5094070694444445 0.64631674375 0.5045838083333334
3 0.5633507958333334 0.5093072972222222 0.563550271875 0.6373717222222222 0.5667741286458334 0.6373717222222222 0.5668224864583333 0.5093244009259259 0.5633507958333334 0.5093072972222222
3 0.6147874270833333 0.5046237175925926 0.5151178723958333 0.5045838083333334 0.5151521255208333 0.5092360314814814 0.6147975015624999 0.5093329537037038 0.6147874270833333 0.5046237175925926
3 0.4402176104166667 0.7040820981481481 0.4401370140625 0.673973774074074 0.4366874875 0.6739794759259259 0.43685270989583336 0.7041049027777778 0.4402176104166667 0.7040820981481481
3 0.4890449322916667 0.6388312425925926 0.46820471510416667 0.6386830101851851 0.4682248640625 0.6435860888888889 0.48903888802083334 0.6437001138888888 0.4890449322916667 0.6388312425925926
3 0.47368527083333334 0.7041619157407407 0.47366512187500004 0.6753705814814814 0.493189603125 0.6752565564814814 0.49323191614583334 0.691188711111111 0.49629256510416664 0.69113455 0.49627241562499996 0.675171037962963 0.5083215796875 0.6751140250000001 0.5082953859375 0.6703905361111111 0.4702800723958333 0.6705530212962963 0.47021962500000003 0.7041619157407407 0.47368527083333334 0.7041619157407407
3 0.5083014307291667 0.6425883694444445 0.5119282692708333 0.642559862962963 0.5119403588541667 0.6374087796296296 0.49255289114583334 0.6375484611111111 0.4925448317708333 0.6705245157407407 0.5082953859375 0.6703905361111111 0.5083014307291667 0.6425883694444445
3 0.48909933489583335 0.6704675027777778 0.4925448317708333 0.6705245157407407 0.4924440864583334 0.5093215509259259 0.49492242604166664 0.5092930444444445 0.49493653020833334 0.5045239453703704 0.4692726171875 0.5044469787037037 0.46929276666666664 0.5092930444444445 0.48887769479166665 0.5092360314814814 0.48909933489583335 0.6704675027777778
3 0.4435301229166667 0.5092702398148148 0.44356639114583335 0.5357240592592593 0.44683860572916667 0.535675599074074 0.44678621822916664 0.5093215509259259 0.44861978645833334 0.5092930444444445 0.4486399354166667 0.5046465222222222 0.38047551875 0.5045439 0.3804070119791667 0.535675599074074 0.3837840015625 0.535675599074074 0.38381825520833335 0.5090250851851852 0.4435301229166667 0.5092702398148148
2 0.4692726171875 0.5044469787037037 0.44861978645833334 0.5043899657407408 0.44861978645833334 0.5095781074074074 0.46929276666666664 0.5096921324074074 0.4692726171875 0.5044469787037037
3 0.43694136614583334 0.6450199546296296 0.4403324604166666 0.6450570129629629 0.4403385046875 0.6436145953703704 0.4422587145833334 0.6435718361111111 0.44225266979166666 0.6389965796296296 0.39652025 0.6392075259259259 0.3965182348958333 0.6438568981481482 0.43694136614583334 0.6436459518518518 0.43694136614583334 0.6450199546296296
3 0.297594196875 0.613010262037037 0.29773927083333335 0.6393101481481481 0.3014003625 0.6393101481481481 0.30134595989583335 0.6129732037037038 0.297594196875 0.613010262037037
3 0.297868225 0.47933295370370366 0.3012714083333333 0.4793671611111111 0.3012089463541667 0.45624287314814815 0.40279871041666665 0.4563112888888889 0.402818859375 0.4512970351851852 0.32098327604166665 0.4516989740740741 0.32101551458333333 0.4275655648148148 0.3176506145833333 0.42762257685185184 0.3176727786458333 0.45170752592592595 0.2967177109375 0.4516391101851852 0.2966633083333334 0.43054732037037036 0.2834273625 0.43054732037037036 0.28351601875000004 0.4558266814814815 0.2978843442708333 0.45598631666666667 0.297868225 0.47933295370370366
3 0.29439854947916666 0.3395267962962963 0.2835442270833333 0.3394754842592593 0.2835442270833333 0.3442531361111111 0.29440660885416664 0.3443529074074074 0.29439854947916666 0.3395267962962963
3 0.3175901671875 0.3445667046296296 0.3176707635416667 0.35285062685185187 0.3209087244791667 0.35285347777777776 0.3210497682291667 0.29381984074074075 0.31767882343750004 0.29385404814814814 0.3175901671875 0.3395866592592593 0.31457989114583335 0.3395866592592593 0.31458795104166665 0.3445838083333333 0.3175901671875 0.3445667046296296
3 0.4305702197916667 0.37363454999999995 0.430546040625 0.36830102592592595 0.428837396875 0.3682810722222222 0.4289341125 0.29740592962962964 0.4253677213541666 0.2974344351851852 0.42534958697916664 0.37882554166666665 0.4288535161458333 0.3789053592592592 0.4288837395833333 0.3736060435185185 0.4305702197916667 0.37363454999999995
3 0.4290550072916667 0.45167331851851855 0.42887769479166665 0.4128876851851852 0.4252468265625 0.41288483425925926 0.4255450333333333 0.45159065 0.423048559375 0.45161060462962965 0.42305258906250004 0.45639395648148146 0.5421922223958333 0.4562143675925926 0.54227281875 0.4358608898148148 0.5389220229166667 0.43590079814814814 0.5388877692708333 0.4516818703703704 0.5219020755208333 0.45176738888888884 0.5218577473958333 0.3850456101851852 0.537003828125 0.3849572407407408 0.5369977838541666 0.38058152777777776 0.5219081203125 0.38051026203703703 0.5219020755208333 0.2971778787037037 0.518537175 0.29712086666666665 0.5183497885416667 0.36900798148148145 0.45070723333333335 0.3687115166666667 0.4507152932291667 0.3737970351851852 0.46556518229166666 0.3737457240740741 0.46559137604166667 0.39488882592592595 0.46898448541666665 0.39488882592592595 0.46895023177083334 0.3736316990740741 0.5183699374999999 0.37369726296296296 0.5185512796875 0.43129418425925925 0.4878017328125 0.4315592925925926 0.4878097927083333 0.45156784537037037 0.49834774114583336 0.45163319074074076 0.4692182145833333 0.45151938425925925 0.4691295588541667 0.4294355759259259 0.46548861562500005 0.4294355759259259 0.4652911546875 0.4514794759259259 0.4290550072916667 0.45167331851851855
3 0.42532742291666664 0.29409920185185184 0.42532943802083334 0.29738597499999997 0.5219020755208333 0.2971493731481481 0.5218819260416666 0.29375712685185185 0.536810396875 0.29379988611111113 0.537003828125 0.3849572407407408 0.5486218015625001 0.38512827777777775 0.5486157567708333 0.3806157351851852 0.5397723151041667 0.3806157351851852 0.5400120895833334 0.2893671611111111 0.2800402984375 0.2893671611111111 0.28003223854166664 0.2992873435185185 0.28361877916666667 0.29925883703703704 0.28361273437499995 0.2938397944444444 0.42532742291666664 0.29409920185185184
3 0.2800866411458333 0.33387400185185184 0.28011283489583333 0.3529361462962963 0.28361877916666667 0.3529361462962963 0.2835321380208333 0.33387400185185184 0.2800866411458333 0.33387400185185184
3 0.28351601875000004 0.4558266814814815 0.28338706406249997 0.4276909916666667 0.27994156770833334 0.4276909916666667 0.2800866411458333 0.4512656787037037 0.25825307291666666 0.4512656787037037 0.2582450130208333 0.47899942962962966 0.261648196875 0.479036487962963 0.2615756598958333 0.45581527962962964 0.28351601875000004 0.4558266814814815
3 0.26168446510416665 0.6392417333333333 0.2617167036458333 0.6131128851851853 0.2580495666666667 0.6131413907407408 0.258210759375 0.6443557583333334 0.3204916380208333 0.6442132268518518 0.3204614145833334 0.6393443555555556 0.26168446510416665 0.6392417333333333
3 0.39652025 0.6392075259259259 0.36820471510416664 0.6392246296296297 0.36820471510416664 0.6442417333333333 0.39309087239583335 0.6442303305555556 0.3931513197916667 0.7091761685185185 0.4070320369791667 0.709264537962963 0.4070118880208333 0.7040763972222223 0.3966350994791667 0.7041904222222223 0.39652025 0.6392075259259259
3 0.43469675625 0.7090364879629629 0.44227684843750004 0.7090136833333334 0.4422889380208333 0.704036487962963 0.4346564578125 0.7041049027777778 0.43469675625 0.7090364879629629
3 0.467983075 0.7089509694444445 0.49657465260416667 0.7089509694444445 0.4966149505208334 0.6962941842592593 0.4980052385416667 0.6962941842592593 0.49802538802083335 0.6911630555555556 0.49323191614583334 0.691188711111111 0.49331049791666665 0.7041049027777778 0.46796292552083335 0.7041334092592593 0.467983075 0.7089509694444445
3 0.5580294177083334 0.6424743444444445 0.5746766067708333 0.6424059296296296 0.5746524281250001 0.6913226907407407 0.5579266572916667 0.6913255416666666 0.5579468062499999 0.6961773092592592 0.5780374770833333 0.6960376287037037 0.5781341932291666 0.642440137037037 0.5802538786458334 0.6424173314814814 0.5802337296875 0.6373432157407408 0.5579971791666666 0.6373517675925926 0.5580294177083334 0.6424743444444445
3 0.6406004432291666 0.6375142527777778 0.6263308484375 0.6375142527777778 0.6263530125 0.6423660203703704 0.6374491234375 0.6423004564814815 0.6373503927083333 0.6906755990740742 0.6531734838541666 0.6907098064814815 0.65323393125 0.6857240592592593 0.6405077572916666 0.6857098064814815 0.6406004432291666 0.6375142527777778
3 0.7375579286458334 0.6858323833333334 0.7153294380208333 0.6857297601851852 0.7153516020833333 0.6905815277777777 0.7410658875 0.6905758268518519 0.7409631270833333 0.4296436712962963 0.6289925447916667 0.4294982898148148 0.6292000807291667 0.3803705814814815 0.568748740625 0.38044469814814813 0.568766875 0.3852907638888889 0.6261857744791667 0.38537058148148146 0.6260809994791666 0.43420467500000004 0.7375317348958333 0.4344982898148148 0.7375579286458334 0.6858323833333334
4 0.28361877916666667 0.29925883703703704 0.28003223854166664 0.2992873435185185 0.2800866411458333 0.33387400185185184 0.2835321380208333 0.33387400185185184 0.28361877916666667 0.29925883703703704
4 0.28363892812499997 0.35296465185185183 0.2800725369791667 0.3529361462962963 0.27994156770833334 0.4276909916666667 0.28338706406249997 0.4276909916666667 0.28363892812499997 0.35296465185185183
4 0.3209087244791667 0.35285347777777776 0.3176909125 0.35285062685185187 0.3176506145833333 0.42762257685185184 0.32101551458333333 0.4275655648148148 0.3209087244791667 0.35285347777777776
4 0.261648196875 0.479036487962963 0.2582450130208333 0.47899942962962966 0.2580495666666667 0.6131413907407408 0.2617167036458333 0.6131128851851853 0.261648196875 0.479036487962963
4 0.3012714083333333 0.4793671611111111 0.297868225 0.47933295370370366 0.297594196875 0.613010262037037 0.30134595989583335 0.6129732037037038 0.3012714083333333 0.4793671611111111
4 0.4346564578125 0.7041049027777778 0.4070118880208333 0.7040763972222223 0.4070320369791667 0.709264537962963 0.43469675625 0.7090935009259259 0.4346564578125 0.7041049027777778
4 0.46796292552083335 0.7041334092592593 0.4422889380208333 0.704036487962963 0.44227684843750004 0.7090136833333334 0.467983075 0.7089509694444445 0.46796292552083335 0.7041334092592593
4 0.46820471510416667 0.6386830101851851 0.44227281875 0.6385974916666667 0.4422587145833334 0.6435718361111111 0.4682248640625 0.6435860888888889 0.46820471510416667 0.6386830101851851
4 0.36820471510416664 0.6392246296296297 0.3204614145833334 0.6393443555555556 0.3204916380208333 0.6441847203703704 0.36820471510416664 0.6442417333333333 0.36820471510416664 0.6392246296296297
4 0.5579971791666666 0.6373517675925926 0.5119403588541667 0.6374087796296296 0.5119282692708333 0.642559862962963 0.5580294177083334 0.6424743444444445 0.5579971791666666 0.6373517675925926