1 0.0004675536458333334 0 0.00020959270833333332 1 0.9997601776041667 1 0.9994558645833334 0 0.0004675536458333334 0
3 0.4530310359375 0.45374287314814815 0.45201531614583335 0.4537343212962963 0.4519951630208333 0.4545324972222222 0.43248286979166667 0.4543985175925926 0.43248286979166667 0.45636830092592595 0.4564550583333334 0.45620581574074076 0.4564550583333334 0.4545638537037037 0.4530229744791667 0.4545324972222222 0.4530310359375 0.45374287314814815
3 0.43245465520833337 0.454378562962963 0.4337847640625 0.4543101481481482 0.43376058020833336 0.4142189277777778 0.4324788390625 0.41428734351851854 0.43245465520833337 0.454378562962963
3 0.43379887135416667 0.4168643101851852 0.4513522770833333 0.4168586092592592 0.45147319635416666 0.41435290740740743 0.4337585651041667 0.4142388824074074 0.43379887135416667 0.4168643101851852
3 0.45178758541666664 0.4058038768518519 0.4515800078125 0.44151653333333335 0.4533212416666667 0.44151653333333335 0.4532507052083333 0.40585518796296294 0.45178758541666664 0.4058038768518519
3 0.453345425 0.43403648796296296 0.4578597338541667 0.43409350092592597 0.45781942760416666 0.4318129990740741 0.453345425 0.4318129990740741 0.453345425 0.43403648796296296
3 0.3718883515625 0.4038255416666666 0.37296251510416667 0.40575541574074075 0.3750221682291667 0.4030872296296296 0.3745586458333333 0.4002964648148148 0.3718883515625 0.4038255416666666
3 0.37504232187500003 0.40287913333333336 0.3991979041666667 0.4030558722222222 0.3992382104166667 0.4005473203703704 0.37457073750000003 0.4003734324074074 0.37504232187500003 0.40287913333333336
3 0.38645707395833334 0.4029361462962963 0.3863764609375 0.42782212129629626 0.3881096333333333 0.4307012546296296 0.3880290203125 0.4029646518518518 0.38645707395833334 0.4029361462962963
3 0.4721483270833333 0.4318985175925926 0.47374042708333336 0.4318985175925926 0.47367996770833337 0.42554161944444446 0.47218863385416665 0.42548460648148145 0.4721483270833333 0.4318985175925926
3 0.5169367192708333 0.43219498333333334 0.47220878697916663 0.4318985175925926 0.47217654166666667 0.4341049027777778 0.5170173317708333 0.43416191574074076 0.5169367192708333 0.43219498333333334
3 0.5085328494791667 0.4321778787037037 0.5096049979166667 0.4322206388888889 0.5094457880208333 0.3822548462962963 0.5084240223958333 0.3822120870370371 0.5085328494791667 0.4321778787037037
3 0.5079242239583334 0.38218643055555557 0.5163442161458334 0.38204104907407405 0.5163160015625 0.3806470925925926 0.50787585625 0.38078392222222224 0.5079242239583334 0.38218643055555557
3 0.47752922187499997 0.40615735462962965 0.5084240223958333 0.40624287314814816 0.5084643286458334 0.40436145925925926 0.47756952864583335 0.40424743425925924 0.47752922187499997 0.40615735462962965
3 0.47668681979166666 0.3797462944444444 0.4953546958333333 0.3798945268518519 0.4953546958333333 0.37802451574074075 0.47668681979166666 0.37772805000000004 0.47668681979166666 0.3797462944444444
3 0.4940870614583333 0.36602337500000004 0.49558444166666665 0.3659749148148148 0.4956187020833333 0.3509007981481482 0.4940951229166667 0.35082668148148144 0.4940870614583333 0.36602337500000004
3 0.5010681177083334 0.3617730898148148 0.496876259375 0.36168757129629625 0.4969165661458333 0.3639965796296296 0.5010681177083334 0.36393956666666666 0.5010681177083334 0.3617730898148148
3 0.5010681177083334 0.3638825537037037 0.5026078192708333 0.3638597490740741 0.502511084375 0.35263968055555556 0.5010600562499999 0.35257126574074077 0.5010681177083334 0.3638825537037037
3 0.5564006447916667 0.36532212129629626 0.5584320838541666 0.36528221203703704 0.5584623135416666 0.353295325 0.5563724307291668 0.35317274814814814 0.5564006447916667 0.36532212129629626
3 0.5566041916666666 0.39643671574074074 0.5583172109375 0.39651938425925926 0.55828698125 0.3789908777777778 0.5566344213541666 0.3789908777777778 0.5566041916666666 0.39643671574074074
3 0.556428859375 0.4318985175925926 0.5593712213541667 0.4319840361111111 0.5593954052083333 0.3964452675925926 0.5565417171875 0.3964965796296296 0.556428859375 0.4318985175925926
3 0.5594316807291667 0.39840364907407405 0.5854212010416667 0.3985062712962963 0.5853708182291667 0.39694412777777777 0.5594115276041667 0.3965792472222222 0.5594316807291667 0.39840364907407405
3 0.5769891171875 0.3967873435185185 0.5781197098958334 0.39687001111111114 0.5782769046875 0.35311003425925924 0.5765014109375 0.35301311296296295 0.5769891171875 0.3967873435185185
3 0.5830471583333333 0.4301254277777778 0.5594316807291667 0.4298175601851852 0.5594518338541667 0.4319270240740741 0.5830713421875 0.4321778787037037 0.5830471583333333 0.4301254277777778
3 0.563470375 0.42996579259259254 0.5648528817708333 0.42996009166666666 0.5647662234375 0.3985689851851852 0.563470375 0.3985689851851852 0.563470375 0.42996579259259254
3 0.5959129385416666 0.39889395648148146 0.6024183796875 0.3988882555555555 0.6024183796875 0.3966704675925926 0.5958645708333333 0.396704675 0.5959129385416666 0.39889395648148146
4 0.26585247864583333 0.49444127685185185 0.27863966145833335 0.4797234888888889 0.27550584427083336 0.4748175601851852 0.2628859333333333 0.4896522231481481 0.26585247864583333 0.49444127685185185
3 0.5962031437499999 0.4321094638888889 0.6023941958333333 0.4321094638888889 0.6023941958333333 0.4299543898148148 0.5962031437499999 0.4299201824074074 0.5962031437499999 0.4321094638888889
4 0.33925231770833336 0.5963369444444444 0.3553204354166667 0.5769384268518518 0.35269044739583333 0.5725741166666667 0.3365941151041667 0.5922234888888889 0.33925231770833336 0.5963369444444444
4 0.3650181380208333 0.5574543898148149 0.3681116484375 0.5619469787037037 0.392224909375 0.5328050166666667 0.3892160416666667 0.527899087962963 0.3650181380208333 0.5574543898148149
4 0.39871019739583335 0.516647662037037 0.4018843208333333 0.5215621435185185 0.41786981041666665 0.5018101481481482 0.4149334947916667 0.49692132314814813 0.39871019739583335 0.516647662037037
4 0.26396614270833335 0.44914481203703704 0.2718016927083333 0.4395324972222222 0.26998790833333336 0.4365564425925926 0.2621039901041667 0.4462029648148148 0.26396614270833335 0.44914481203703704
4 0.2832164447916667 0.42085518796296295 0.2862152359375 0.4256784490740741 0.3023780734375 0.4060148231481482 0.29922611875 0.40139110648148146 0.2832164447916667 0.42085518796296295
4 0.43779524375 0.5184777648148149 0.46257758958333334 0.5187229194444444 0.46257758958333334 0.5121151657407408 0.43773679947916666 0.5121151657407408 0.43779524375 0.5184777648148149
4 0.4749093109375 0.5187286203703704 0.49967754947916665 0.5187571268518518 0.49965739635416667 0.5121151657407408 0.47482869791666665 0.5120581527777778 0.4749093109375 0.5187286203703704
3 0.34052801302083335 0.44703534814814816 0.3445324463541667 0.4420296462962963 0.34263401875 0.4390393388888889 0.3385731557291667 0.4441562148148148 0.34052801302083335 0.44703534814814816
3 0.37284361145833333 0.41696123148148145 0.3907900041666667 0.4474914481481482 0.392059653125 0.44612314722222224 0.3735993552083333 0.41574116296296293 0.37284361145833333 0.41696123148148145
3 0.3775372833333333 0.4686659064814815 0.39383313177083334 0.44914481203703704 0.39209391354166667 0.4461174462962963 0.3755642885416667 0.46538198425925925 0.3775372833333333 0.4686659064814815
3 0.38222490937500003 0.476197262962963 0.3830330510416667 0.4750456101851852 0.37856307916666665 0.4674942990740741 0.37760580416666667 0.4686431018518518 0.38222490937500003 0.476197262962963
3 0.4255340588541667 0.49301596388888885 0.42954453854166663 0.4931014824074075 0.42953446197916667 0.4890022805555556 0.42327690468749996 0.4890250851851852 0.4255340588541667 0.49301596388888885
3 0.4377327692708333 0.5187371722222222 0.43765014114583334 0.514717787962963 0.4295848447916667 0.5144213231481481 0.4295848447916667 0.5187371722222222 0.4377327692708333 0.5187371722222222
3 0.4296977026041667 0.5143272518518519 0.4324969770833333 0.5143842648148148 0.43242644114583334 0.4048232611111111 0.4295848447916667 0.40481756018518517 0.4296977026041667 0.5143272518518519
3 0.4020939135416667 0.44181299907407406 0.4296049979166667 0.44186145925925924 0.42967351875 0.43752850648148145 0.40212817395833333 0.4374287342592592 0.4020939135416667 0.44181299907407406
3 0.3991535671875 0.44885974907407405 0.40217654166666666 0.4538483462962963 0.4020798067708334 0.4046094638888889 0.3991898427083333 0.4044612314814815 0.3991535671875 0.44885974907407405
3 0.3992382104166667 0.40452394537037034 0.40985892760416665 0.40467217777777775 0.40979040729166666 0.4004361462962963 0.39920193489583333 0.4005359175925926 0.3992382104166667 0.40452394537037034
3 0.42221886354166666 0.40479475462962966 0.4300544135416667 0.4048460657407407 0.43002821458333335 0.400399087962963 0.42214832708333333 0.4004618018518518 0.42221886354166666 0.40479475462962966
3 0.4300685208333333 0.40478905370370366 0.45871825885416667 0.4046636259259259 0.4587625958333333 0.40045610000000004 0.43008867395833333 0.4004275944444444 0.4300685208333333 0.40478905370370366
3 0.47189439739583333 0.40037913333333336 0.471835953125 0.4046892814814815 0.4766827890625 0.40472919074074076 0.47662434479166665 0.4004190425925926 0.47189439739583333 0.40037913333333336
3 0.4737424427083334 0.40035062685185185 0.47664449843749995 0.4004304444444444 0.4766626359375 0.35106613425925925 0.47367996770833337 0.35099771944444447 0.4737424427083334 0.40035062685185185
3 0.4736396614583333 0.35099771944444447 0.47959290625 0.35098346666666663 0.47950624739583336 0.34675598611111114 0.4736436921875 0.3466733185185185 0.4736396614583333 0.35099771944444447
3 0.4902700526041667 0.34689281666666666 0.49033857291666666 0.35083238333333333 0.5176541718750001 0.3510262259259259 0.5176058041666667 0.34669327222222224 0.4902700526041667 0.34689281666666666
3 0.5462595729166666 0.3466533638888889 0.5463119708333333 0.3511117444444445 0.5604796453124999 0.3511117444444445 0.5604393390625 0.34660775370370367 0.5462595729166666 0.3466533638888889
3 0.3297057640625 0.42257696666666666 0.3652559453125 0.3795895092592592 0.36400644895833334 0.375570125 0.32775090677083335 0.4192987453703704 0.3297057640625 0.42257696666666666
3 0.36532849635416664 0.3796123148148148 0.39228335364583333 0.3793187 0.39224103177083336 0.3754161916666666 0.3640266020833333 0.37539908796296295 0.36532849635416664 0.3796123148148148
3 0.38903466354166666 0.37531356944444444 0.3922370010416667 0.37546180185185185 0.3921342203125 0.33048745740740737 0.38911729166666664 0.33055872314814816 0.38903466354166666 0.37531356944444444
3 0.3891354291666667 0.33040763981481486 0.44537484895833335 0.33052451574074077 0.44545949218750003 0.32615450370370375 0.3891152760416666 0.32612599814814813 0.3891354291666667 0.33040763981481486
3 0.4454957677083333 0.32614880277777775 0.44520354687499997 0.37306157314814814 0.4482809348958333 0.37312713796296293 0.4482426442708333 0.3261003416666667 0.4454957677083333 0.32614880277777775
3 0.40620314375 0.37733466388888887 0.4481318015625 0.3772833527777778 0.4481862151041666 0.3730900796296296 0.40623740416666665 0.3731955527777778 0.40620314375 0.37733466388888887
3 0.44822249114583335 0.36872291944444446 0.47359129375000003 0.3688597490740741 0.47361547760416667 0.3645153935185185 0.44836759374999996 0.3645153935185185 0.44822249114583335 0.36872291944444446
3 0.5744054817708334 0.3510262259259259 0.5848448208333333 0.3510547324074074 0.5848528817708334 0.34684150555555554 0.5743712213541666 0.34684150555555554 0.5744054817708334 0.3510262259259259
3 0.5954332932291667 0.346644812037037 0.5955501812499999 0.3510376287037037 0.6068117692708334 0.35125427592592595 0.6068399838541667 0.3466875712962963 0.5954332932291667 0.346644812037037
3 0.6033857317708333 0.3511117444444445 0.6034461911458333 0.5071835805555556 0.6067311567708333 0.507212087037037 0.6066102380208334 0.3510262259259259 0.6033857317708333 0.3511117444444445
3 0.5951148729166668 0.5114025083333333 0.6067513098958333 0.5114880277777778 0.6067110036458333 0.5071835805555556 0.5950906890625001 0.5070581527777778 0.5951148729166668 0.5114025083333333
3 0.5583373640624999 0.5114652222222222 0.5698508666666666 0.5114595212962962 0.5698710197916667 0.5072690990740741 0.5583373640624999 0.5070923601851852 0.5583373640624999 0.5114652222222222
3 0.5584038692708333 0.5114709231481481 0.5583313182291667 0.5146180157407407 0.5612091895833333 0.5146522231481481 0.5612333734374999 0.5115393388888889 0.5584038692708333 0.5114709231481481
3 0.5494034661458334 0.5185547324074075 0.5611567916666667 0.5188283925925926 0.5612051593749999 0.5146550740740741 0.5494034661458334 0.5146550740740741 0.5494034661458334 0.5185547324074075
3 0.5564651348958333 0.5057611175925926 0.5594155583333333 0.5057611175925926 0.55932486875 0.44731185833333337 0.5563583234375 0.44731185833333337 0.5564651348958333 0.5057611175925926
3 0.49972390156249996 0.5188882555555555 0.5137706567708333 0.5189680731481481 0.5137706567708333 0.5147833527777778 0.49966545729166667 0.5147006842592593 0.49972390156249996 0.5188882555555555
3 0.4625957276041667 0.5188996583333334 0.4748690046875 0.5188996583333334 0.47476823854166667 0.5146522231481481 0.4625594520833333 0.5146522231481481 0.4625957276041667 0.5188996583333334
3 0.46798065312500003 0.5127964648148149 0.469653365625 0.5127964648148149 0.4695828296875 0.45654218888888887 0.4680511890625 0.45654218888888887 0.46798065312500003 0.5127964648148149
3 0.4676017734375 0.45640250833333335 0.4937222895833333 0.4564424175925926 0.49371221302083335 0.45413340925925927 0.46754534479166665 0.4541847203703704 0.4676017734375 0.45640250833333335
3 0.2895405078125 0.46245724074074074 0.29058041093750003 0.46139395648148146 0.2887182588541667 0.45865735462962964 0.2877267229166666 0.4600256555555555 0.2895405078125 0.46245724074074074
3 0.29290205572916667 0.4617702398148148 0.29539298645833334 0.4585547324074074 0.2944780328125 0.4571835805555555 0.2920556229166667 0.4601966935185185 0.29290205572916667 0.4617702398148148
3 0.28237001197916667 0.45075256574074074 0.2833857317708333 0.44972633981481486 0.27501007656250004 0.4360319268518519 0.27392180572916663 0.4371721777777778 0.28237001197916667 0.45075256574074074
3 0.3480108828125 0.47757411666666666 0.35824869010416666 0.4653107185185185 0.3572390166666667 0.4635860888888889 0.34682587656249997 0.4758010259259259 0.3480108828125 0.47757411666666666
3 0.35240628802083335 0.46911630555555556 0.35365981458333334 0.46788483425925925 0.34131398645833333 0.4477109462962963 0.3402237 0.44893101481481484 0.35240628802083335 0.46911630555555556
3 0.34207980677083333 0.44873432129629626 0.34566706979166667 0.44448688703703704 0.3449818619791667 0.4434891675925926 0.34135429270833334 0.4477366018518518 0.34207980677083333 0.44873432129629626
3 0.37008867395833334 0.4564424175925926 0.37134220052083333 0.4549173314814815 0.35601974999999997 0.43018814166666663 0.3549415557291667 0.43171607777777776 0.37008867395833334 0.4564424175925926
3 0.35856307916666663 0.4342759407407407 0.35915356718749997 0.43506556481481484 0.3736416765625 0.418070125 0.3727367994791667 0.41693842685185184 0.35856307916666663 0.4342759407407407
3 0.504939540625 0.4563141388888889 0.5051995161458334 0.45627137962962966 0.5049899234375 0.5126368305555555 0.5065941151041666 0.5127080953703703 0.5065437322916667 0.4544697833333333 0.5048367593749999 0.45427594074074074 0.504939540625 0.4563141388888889
4 0.513857315625 0.5185518814814815 0.549407496875 0.5186202962962962 0.549407496875 0.512155074074074 0.5137605802083333 0.5120182444444444 0.513857315625 0.5185518814814815
4 0.5698669890625 0.5111630555555555 0.5950906890625001 0.5112314712962963 0.5951148729166668 0.5047320407407407 0.5698186213541666 0.5048004564814814 0.5698669890625 0.5111630555555555
4 0.5848851270833334 0.35324971481481476 0.5955461505208334 0.35344925925925924 0.5954453848958334 0.34692132314814816 0.5849254333333334 0.3468358037037037 0.5848851270833334 0.35324971481481476
4 0.5604594921875 0.3534207527777778 0.5744054817708334 0.3534207527777778 0.5744377265625 0.3470695555555556 0.5605078598958334 0.3469669324074074 0.5604594921875 0.3534207527777778
4 0.5177186619791666 0.35334378518518517 0.5463018942708333 0.35328677314814816 0.5462192666666666 0.34684150555555554 0.51763401875 0.34696123148148145 0.5177186619791666 0.35334378518518517
4 0.4795646916666667 0.35091220092592595 0.49025392968750003 0.35093500555555557 0.49020556249999997 0.3470353481481482 0.47950423229166667 0.34697833518518517 0.4795646916666667 0.35091220092592595
3 0.4482124145833334 0.3770638537037037 0.4737202739583333 0.3770809574074074 0.4737807333333333 0.37480045648148147 0.4482426442708333 0.374885975 0.4482124145833334 0.3770638537037037
2 0.2816827890625 0.46716932685185186 0.2889036677083333 0.45879703518518516 0.28353688020833334 0.44964652222222223 0.2764812578125 0.457782212037037 0.2816827890625 0.46716932685185186
2 0.3162756953125 0.5158836944444445 0.3245949213541667 0.506305587037037 0.31685610625000005 0.493580387962963 0.3085046354166667 0.5025655648148148 0.3162756953125 0.5158836944444445
2 0.3247883916666667 0.5297719500000001 0.3327932286458333 0.5408209805555556 0.3402418380208333 0.5326111740740741 0.33272067708333336 0.5199201824074073 0.3247883916666667 0.5297719500000001
2 0.31263603385416666 0.547212087037037 0.31945586458333336 0.5390706953703704 0.312898025 0.5292759407407408 0.3061789598958333 0.5370524518518519 0.31263603385416666 0.547212087037037
2 0.36806932708333334 0.47728050185185183 0.375695284375 0.48969213240740744 0.38411930677083334 0.47936145925925927 0.3766021765625 0.4672748 0.36806932708333334 0.47728050185185183
2 0.3699153567708333 0.4567388824074074 0.37545344635416666 0.46539338611111114 0.38282950416666667 0.45680729722222224 0.376469165625 0.4484264537037037 0.3699153567708333 0.4567388824074074
2 0.358307134375 0.4652793611111111 0.3684401453125 0.45358038796296296 0.3670374848958333 0.45139110648148145 0.35714631197916663 0.46343215462962967 0.358307134375 0.4652793611111111
2 0.34442361927083337 0.44186145925925924 0.35427851666666665 0.43043329537037034 0.3447017333333333 0.4148688712962963 0.334429665625 0.42634549629629626 0.34442361927083337 0.44186145925925924
2 0.4587525192708333 0.40413055833333333 0.47177750885416664 0.40442702407407405 0.4719165661458333 0.38304732037037037 0.4590689239583333 0.38269669351851854 0.4587525192708333 0.40413055833333333
2 0.4437928255208333 0.4536202962962963 0.4533655786458333 0.4537343212962963 0.453345425 0.4415336370370371 0.4438532848958333 0.4414481185185185 0.4437928255208333 0.4536202962962963
2 0.45656590104166667 0.45407069537037037 0.4567835552083333 0.4710376287037037 0.4675695286458333 0.4709007981481481 0.4674969770833333 0.4541733185185185 0.45656590104166667 0.45407069537037037
2 0.4938331317708334 0.45403078703703703 0.49389359114583337 0.4709521092592593 0.5049778317708333 0.47102337499999997 0.5047742843749999 0.45423603148148145 0.4938331317708334 0.45403078703703703
2 0.556549778125 0.4320125425925926 0.5565417171875 0.447331812962963 0.5684804515625 0.4469498287037037 0.5684199921875001 0.4320980611111111 0.556549778125 0.4320125425925926
2 0.5854111244791667 0.3992531361111111 0.5957879885416666 0.3993015962962963 0.5957879885416666 0.39610034166666663 0.5854796453125 0.3960034203703704 0.5854111244791667 0.3992531361111111
2 0.55640870625 0.3789908777777778 0.5584441755208334 0.37901938425925924 0.5583837161458334 0.3653363740740741 0.556428859375 0.3653363740740741 0.55640870625 0.3789908777777778
2 0.4864389359375 0.3777765111111111 0.49563280937500004 0.37772805000000004 0.4956670697916667 0.3659549601851852 0.48661829895833336 0.3654218925925926 0.4864389359375 0.3777765111111111
2 0.4579343005208333 0.4318643101851852 0.45796453020833333 0.43469498333333334 0.4722712614583333 0.4348175601851852 0.47212615885416664 0.43157639722222224 0.4579343005208333 0.4318643101851852
3 0.3103506651041667 0.46766818703703705 0.30662434479166667 0.4720809574074074 0.30749093125000004 0.4734293046296296 0.3113905682291667 0.46889395648148147 0.3103506651041667 0.46766818703703705
3 0.300060459375 0.4507981759259259 0.31134421614583335 0.4687685287037037 0.31226320052083334 0.4677651083333333 0.30098145885416666 0.4497348916666667 0.300060459375 0.4507981759259259
3 0.2971987104166667 0.4565564425925926 0.30084643281249995 0.45210946388888884 0.300060459375 0.4508580388888889 0.29629987916666667 0.455114025 0.2971987104166667 0.4565564425925926
3 0.33870818229166666 0.44413911018518515 0.3408625552083333 0.44102907685185183 0.32618903645833336 0.41674743425925925 0.3239480046875 0.41979760555555556 0.33870818229166666 0.44413911018518515
3 0.31892382083333337 0.4257126564814815 0.32625151145833337 0.4168329537037037 0.3242744859375 0.41374287314814817 0.31690850468750004 0.4224344351851852 0.31892382083333337 0.4257126564814815
3 0.3168802901041667 0.42242303333333336 0.3191858119791667 0.4196693268518518 0.3060943166666667 0.39813854074074073 0.3037887947916667 0.4009407074074074 0.3168802901041667 0.42242303333333336
3 0.30106408697916665 0.4040820981481481 0.30602579583333334 0.39814709259259257 0.30423216458333335 0.3951824398148148 0.2992744859375 0.40122576944444444 0.30106408697916665 0.4040820981481481
3 0.2718158 0.4395068416666667 0.28490528020833333 0.4239452675925926 0.28309552604166666 0.4207069555555556 0.26994760156250003 0.43666191574074076 0.2718158 0.4395068416666667
3 0.2773115677083334 0.47761687592592594 0.27939540520833334 0.4749258833333333 0.2620435307291667 0.4462143675925926 0.2598528817708333 0.44890821018518523 0.2773115677083334 0.47761687592592594
3 0.2611467151041667 0.4973346638888889 0.2648528817708333 0.49287343240740744 0.2628698104166667 0.489712087037037 0.25924224114583333 0.4938283925925926 0.2611467151041667 0.4973346638888889
3 0.2613139864583333 0.4972320407407407 0.32723700104166664 0.6062970351851852 0.32968561041666666 0.6034492592592592 0.2636215234375 0.4944526796296297 0.2613139864583333 0.4972320407407407
3 0.329141475 0.6094640824074075 0.3394014510416667 0.5972234888888889 0.337591696875 0.5935661342592593 0.327327690625 0.6063568981481482 0.329141475 0.6094640824074075
3 0.35380894791666667 0.5745153935185185 0.3555622734375 0.5774515388888889 0.36819830729166664 0.5623432157407408 0.3662152359375 0.5594669324074074 0.35380894791666667 0.5745153935185185
3 0.3905078598958333 0.5299885972222222 0.3924244255208333 0.5329076398148148 0.40189036666666667 0.5215649944444445 0.39992543333333336 0.5184920185185184 0.3905078598958333 0.5299885972222222
3 0.416102378125 0.4988312425925926 0.41805723489583335 0.5019954388888889 0.42549375260416666 0.4930444694444444 0.4234602984375 0.4891790194444445 0.416102378125 0.4988312425925926
3 0.42116082239583336 0.4920866592592592 0.42347843593749995 0.48928164166666666 0.3737202739583333 0.4068529074074074 0.3714933494791667 0.4097947546296296 0.42116082239583336 0.4920866592592592
3 0.3542120114583333 0.4302765111111111 0.3737202739583333 0.4068500574074074 0.3718863359375 0.4039538194444445 0.35227327708333334 0.4272776509259259 0.3542120114583333 0.4302765111111111
3 0.3598629583333333 0.5649144814814814 0.36158806927083337 0.5629846064814815 0.334286578125 0.5179133407407407 0.33262797239583336 0.5199828962962963 0.3598629583333333 0.5649144814814814
3 0.32452841614583333 0.5060518814814815 0.3261668682291667 0.5043443555555556 0.2961205161458333 0.45489452685185183 0.29448206354166667 0.4570895092592593 0.32452841614583333 0.5060518814814815
3 0.39380491718750005 0.523187000925926 0.39492543333333335 0.5218443555555555 0.36802499010416667 0.47739452685185185 0.3669044739583333 0.47885689814814814 0.39380491718750005 0.523187000925926
3 0.3045062473958334 0.5568871148148148 0.31251511510416663 0.5473489166666667 0.31136638437499997 0.5454104907407407 0.30331922604166667 0.555057012962963 0.3045062473958334 0.5568871148148148
3 0.3036174927083334 0.5581927027777778 0.3046231359375 0.5571750287037036 0.29574768229166665 0.5419042185185186 0.2946997177083333 0.5432440138888889 0.3036174927083334 0.5581927027777778
3 0.29471987083333334 0.5432155074074073 0.2997178557291667 0.5369441277777778 0.29857517135416667 0.5351938425925926 0.29336960885416663 0.541419612037037 0.29471987083333334 0.5432155074074073
3 0.2975695286458333 0.5363626 0.2986457072916667 0.5352964648148149 0.2947924223958333 0.528922462962963 0.29371422812500003 0.5302394527777777 0.2975695286458333 0.5363626
3 0.28984280520833333 0.5352622574074074 0.2947601776041667 0.5289623712962963 0.29391374427083333 0.5276795898148148 0.28889560677083337 0.5335518814814815 0.28984280520833333 0.5352622574074074
3 0.29977831510416664 0.5370011398148148 0.30372027395833334 0.5318985175925925 0.3025876661458333 0.529600912037037 0.2983212416666667 0.53477195 0.29977831510416664 0.5370011398148148
3 0.2948004838541667 0.5290193842592592 0.31096332135416666 0.5100912203703704 0.3099556630208333 0.5084378564814814 0.2939097140625 0.5275883694444444 0.2948004838541667 0.5290193842592592
3 0.3236598145833333 0.5313854046296297 0.32486900468749996 0.5300741166666667 0.31098347447916663 0.507212087037037 0.3099758161458333 0.50840935 0.3236598145833333 0.5313854046296297
3 0.32488512708333334 0.5301824398148148 0.3185489723958333 0.5374344351851852 0.319367190625 0.5388825537037037 0.32565900833333333 0.5313454962962962 0.32488512708333334 0.5301824398148148
3 0.27937122135416664 0.47483466388888884 0.28952035468750004 0.4624857472222222 0.2885126963541667 0.4611174462962963 0.2785247885416667 0.473295325 0.27937122135416664 0.47483466388888884