3 0.29384847864583336 0.7279310342592593 0.28971791249999995 0.7279310342592593 0.28969373385416664 0.7303191796296297 0.29384847864583336 0.730390425 0.29384847864583336 0.7279310342592593
3 0.30572033020833334 0.7279509833333333 0.30572033020833334 0.7300883444444445 0.31022164010416664 0.7301111425925926 0.3102417890625 0.7278882870370371 0.30572033020833334 0.7279509833333333
3 0.381225065625 0.6178483898148148 0.38010276041666663 0.6178654888888888 0.380096715625 0.6841920777777778 0.38115655833333334 0.684237675 0.381225065625 0.6178483898148148
3 0.24619181927083333 0.6826161296296296 0.27307273802083337 0.6825790824074075 0.27302035052083334 0.6744571101851852 0.2706890994791667 0.6744998574074074 0.2706890994791667 0.6790054148148148 0.24617570000000003 0.6790367629629629 0.24619181927083333 0.6826161296296296
3 0.2084001609375 0.7037589055555555 0.2084001609375 0.7047335425925926 0.2139512390625 0.7047164435185185 0.21394116458333334 0.7037218583333333 0.2084001609375 0.7037589055555555
3 0.19697561979166667 0.7053348527777779 0.19556115260416668 0.7053263037037036 0.19557122708333333 0.7076574518518518 0.19697561979166667 0.7076546027777778 0.19697561979166667 0.7053348527777779
4 0.18827322187499998 0.8357537759259259 0.17465041302083334 0.8358877175925926 0.17469071145833331 0.8403505268518519 0.18824904270833331 0.8403590768518518 0.18827322187499998 0.8357537759259259
4 0.37396534375 0.8046708462962964 0.35225266979166664 0.8046480481481482 0.35231714687500004 0.8128355657407407 0.37397138802083335 0.8126332287037037 0.37396534375 0.8046708462962964
4 0.3230143057291667 0.8047107435185185 0.30129760208333334 0.8045540037037037 0.30129760208333334 0.8128355657407407 0.3231251260416667 0.8127415222222223 0.3230143057291667 0.8047107435185185
4 0.2869554703125 0.8046423481481482 0.2385855328125 0.804599600925926 0.23859762239583335 0.8128583638888889 0.2869917390625 0.8128355657407407 0.2869554703125 0.8046423481481482
4 0.22504936510416668 0.8046423481481482 0.198774934375 0.8046508981481482 0.19876485989583334 0.8128327157407408 0.22509369322916667 0.8127700203703704 0.22504936510416668 0.8046423481481482
4 0.1942857140625 0.6455941861111111 0.1828148296875 0.6456226842592593 0.1828148296875 0.6504901685185186 0.194255490625 0.6504673694444445 0.1942857140625 0.6455941861111111
4 0.218581503125 0.6449130805555555 0.20223050572916668 0.6448988314814814 0.2022788635416667 0.650390425 0.2186117265625 0.6504103731481482 0.218581503125 0.6449130805555555
4 0.24618577447916667 0.6457081787037037 0.235859359375 0.6456967796296297 0.23584525468749998 0.6504531203703704 0.24620592395833332 0.6504645194444444 0.24618577447916667 0.6457081787037037
2 0.1906387265625 0.8191279564814815 0.19068708437499998 0.8337389574074074 0.20221035677083332 0.8336876601851851 0.20221035677083332 0.8191849527777778 0.1906387265625 0.8191279564814815
2 0.23114648385416667 0.7565659731481482 0.23105178333333332 0.7352151611111111 0.213999596875 0.7352151611111111 0.2139310901041667 0.7565944712962963 0.23114648385416667 0.7565659731481482
2 0.19698770885416667 0.7161356509259259 0.19703203697916666 0.7326332287037037 0.20956074947916664 0.7325448842592592 0.20946000416666666 0.7161299518518518 0.19698770885416667 0.7161356509259259
2 0.19556115260416668 0.7053263037037036 0.18372556927083333 0.7054288972222222 0.18371952447916667 0.7114078083333333 0.19559137604166665 0.7114363064814815 0.19556115260416668 0.7053263037037036
2 0.1816078984375 0.6789455685185185 0.19501108177083332 0.6789484185185185 0.195057425 0.659031062962963 0.1815373765625 0.659036762962963 0.1816078984375 0.6789455685185185
2 0.19855329427083335 0.6557309777777778 0.19848277239583334 0.6743203194444445 0.21351198854166667 0.6743203194444445 0.21340721354166667 0.6557794240740741 0.19855329427083335 0.6557309777777778
2 0.19906508177083332 0.7046936453703704 0.2084001609375 0.7047335425925926 0.2083659078125 0.6977001990740741 0.19903687291666666 0.6976517527777778 0.19906508177083332 0.7046936453703704
2 0.2706890994791667 0.6744998574074074 0.27066895 0.66000285 0.25849486197916666 0.6600683953703704 0.258537175 0.6742462240740741 0.2706890994791667 0.6744998574074074
2 0.31029619166666667 0.755770875 0.296669353125 0.7556226842592593 0.29670763645833337 0.7759390138888889 0.3103102963541666 0.7758421203703704 0.31029619166666667 0.755770875
2 0.3522708041666667 0.7558278712962962 0.3386097119791666 0.755770875 0.33851098125 0.775956112962963 0.3523111020833333 0.775956112962963 0.3522708041666667 0.7558278712962962
2 0.37284706822916663 0.7526845259259259 0.3728631875 0.7360644055555555 0.3686903083333333 0.7360758046296296 0.3687124723958333 0.752687375 0.37284706822916663 0.7526845259259259
4 0.25112431979166666 0.6180478768518519 0.24788031458333334 0.6180478768518519 0.24782188177083334 0.6343288685185186 0.2511746927083333 0.6343288685185186 0.25112431979166666 0.6180478768518519
2 0.3727684869791667 0.7189797666666666 0.3728349786458333 0.7021573101851851 0.368660084375 0.7021487601851851 0.3687205317708333 0.7189455685185185 0.3727684869791667 0.7189797666666666
2 0.3536570625 0.6864377314814815 0.36989723958333337 0.6863778851851852 0.36993955260416667 0.6624280425925926 0.35361676406250003 0.6623710462962963 0.3536570625 0.6864377314814815
2 0.3118597625 0.7301111425925926 0.3235583317708333 0.7301111425925926 0.32343743697916666 0.7124166425925926 0.3118597625 0.7124137935185185 0.3118597625 0.7301111425925926
2 0.30572033020833334 0.7279509833333333 0.29384847864583336 0.7279310342592593 0.29386862760416665 0.7342205759259259 0.30574047968749996 0.7341778287037037 0.30572033020833334 0.7279509833333333
2 0.33726173697916667 0.6015474490740741 0.33700584322916666 0.5784867481481482 0.32022768489583336 0.5785836416666666 0.32007858125 0.6014847537037037 0.33726173697916667 0.6015474490740741
2 0.28670159166666664 0.6475149611111111 0.27316945416666666 0.6475149611111111 0.273137215625 0.6536762611111111 0.28666733854166665 0.6537190083333333 0.28670159166666664 0.6475149611111111
4 0.2461998791666667 0.6745882018518519 0.23599032864583333 0.67461955 0.23603465625 0.6825933314814815 0.24619181927083333 0.6826161296296296 0.2461998791666667 0.6745882018518519
3 0.2250795890625 0.8357623249999999 0.22511988697916668 0.8404075231481482 0.23777352395833334 0.840364775925926 0.23777352395833334 0.8357480759259259 0.2250795890625 0.8357623249999999
3 0.28678621822916667 0.8357338268518518 0.2867962927083333 0.840364775925926 0.30553898854166667 0.840393274074074 0.30553898854166667 0.8357338268518518 0.28678621822916667 0.8357338268518518
3 0.32782591197916666 0.8357623249999999 0.32781583697916666 0.840364775925926 0.34964134583333334 0.8403362777777778 0.3496494057291667 0.8357195777777777 0.32782591197916666 0.8357623249999999
3 0.38115655833333334 0.684237675 0.36984686666666666 0.6841835277777778 0.36984686666666666 0.6889370194444444 0.38311908125 0.6889598175925926 0.3830949020833333 0.755762325 0.3522708041666667 0.7558278712962962 0.35229498281250005 0.7582644629629629 0.3830868427083333 0.7582530638888889 0.3830868427083333 0.7917868342592592 0.38560548072916667 0.7917868342592592 0.38560548072916667 0.8081533203703704 0.37392504531250004 0.8081533203703704 0.37397138802083335 0.8126332287037037 0.3856457786458333 0.8127643203703704 0.3856457786458333 0.8357423768518518 0.3720471489583333 0.8357623249999999 0.3720370744791667 0.840393274074074 0.3897864192708333 0.8403305787037036 0.38973806145833334 0.7872841268518518 0.3870340520833333 0.7872841268518518 0.3872436026041666 0.6831661444444445 0.385321378125 0.6831233972222223 0.3851037677083333 0.6133599314814815 0.3829800526041666 0.6132174407407408 0.38287930677083337 0.5780450268518519 0.37978843437500004 0.5780450268518519 0.37965746510416665 0.6178483898148148 0.381225065625 0.6178483898148148 0.38115655833333334 0.684237675
3 0.1983034453125 0.8404217722222223 0.19829337083333334 0.8357623249999999 0.192476325 0.8357822740740741 0.192476325 0.8337389574074074 0.19068708437499998 0.8337389574074074 0.19067096510416667 0.8357309777777778 0.18827322187499998 0.8357537759259259 0.18824904270833331 0.8403590768518518 0.1983034453125 0.8404217722222223
4 0.2250795890625 0.8357908231481481 0.19829337083333334 0.8357908231481481 0.1983034453125 0.8419692222222223 0.22512996145833333 0.8419549731481482 0.2250795890625 0.8357908231481481
4 0.28678621822916667 0.8359162157407408 0.23777352395833334 0.835776574074074 0.23777352395833334 0.8419834712962962 0.2867962927083333 0.8419692222222223 0.28678621822916667 0.8359162157407408
3 0.20247430989583334 0.18629524074074075 0.20245214583333335 0.18859219166666666 0.20565988333333335 0.1886206898148148 0.20568003229166668 0.19730977500000002 0.20738867604166666 0.19730977500000002 0.2074309890625 0.16408378425925926 0.22313318541666666 0.16411513240740738 0.22313318541666666 0.1850555712962963 0.23046342916666665 0.18502707314814815 0.23046342916666665 0.18275862037037038 0.224757203125 0.18269877499999998 0.224757203125 0.16408378425925926 0.2318597625 0.16402678796296297 0.231867821875 0.1827557712962963 0.23371549479166667 0.1827557712962963 0.23379609114583333 0.16184383055555557 0.2056840619791667 0.16205756666666668 0.20565988333333335 0.18629524074074075 0.20247430989583334 0.18629524074074075
3 0.31930284114583335 0.1471558851851852 0.3193370942708333 0.17388714722222223 0.28886157552083336 0.1737902537037037 0.28887970989583334 0.1762695925925926 0.30569010677083336 0.17611855185185185 0.3055893614583333 0.211159875 0.3007979046875 0.21113137685185185 0.3007878296875 0.213462525 0.30736651197916665 0.21352522129629628 0.3073624822916667 0.17612140185185185 0.34084021770833334 0.17607295555555555 0.34089260520833337 0.21083214629629632 0.3190771708333333 0.21095183796296296 0.3190610515625 0.2132858361111111 0.3489119484375 0.21330863518518517 0.3489119484375 0.211151325 0.3425065484375 0.21117412407407407 0.34249042916666667 0.17381590185185183 0.3208643963541667 0.17376460555555556 0.3208482770833333 0.161148475 0.3341084020833333 0.161148475 0.3340378802083333 0.17376460555555556 0.3427160989583333 0.17356796851851852 0.3427503526041667 0.17433171851851853 0.3495184364583333 0.17440296388888887 0.3493975416666667 0.17190082685185185 0.3354664515625 0.171923625 0.33544025781250003 0.15921060092592593 0.3220854322916667 0.15919350277777777 0.322061253125 0.13397549166666667 0.3039512390625 0.13393274444444445 0.3039713880208333 0.13685665462962962 0.30550096302083335 0.13685953148148147 0.30428369947916667 0.1368709037037037 0.30429175885416665 0.1471558851851852 0.31930284114583335 0.1471558851851852
3 0.30580900677083334 0.1368601111111111 0.3058553296875 0.14476489074074073 0.3206770098958333 0.14480193796296295 0.32063469687499996 0.13688800185185185 0.30580900677083334 0.1368601111111111
3 0.2055732421875 0.15562268425925926 0.20559339114583333 0.16205756666666668 0.2337759421875 0.16184383055555557 0.2338464640625 0.13777999444444444 0.248881725 0.13762610462962963 0.24886157552083335 0.12915930462962963 0.22818255104166668 0.12921630092592593 0.22819262552083333 0.13394699351851852 0.22890590364583333 0.1339612425925926 0.22885956093749998 0.1556625814814815 0.2055732421875 0.15562268425925926
3 0.33544025781250003 0.15921060092592593 0.3354664515625 0.171923625 0.34959097343749995 0.17190367592592593 0.34961716718749997 0.16722997962962963 0.3386117265625 0.1672470787037037 0.3386117265625 0.1544428611111111 0.32543018333333334 0.1544428611111111 0.32545637708333336 0.1339583925925926 0.35788635885416664 0.13397834166666667 0.35788635885416664 0.12924479907407407 0.30393914947916667 0.12919065277777778 0.3039512390625 0.13394699351851852 0.3220411041666667 0.13397549166666667 0.3220854322916667 0.15919350277777777 0.33544025781250003 0.15921060092592593
3 0.18107394739583332 0.3202279851851852 0.1811061859375 0.3156967796296296 0.17909127552083334 0.3156967796296296 0.17905903697916664 0.29135651203703705 0.19702800729166667 0.2912624675925926 0.19702800729166667 0.2991108574074074 0.19859359270833332 0.29915360462962964 0.19857344322916667 0.29365631203703707 0.20202901458333333 0.2936278138888889 0.20198871666666665 0.2855599888888889 0.18156961510416667 0.2855599888888889 0.1815091677083333 0.13756910833333333 0.19075962135416666 0.13754061018518518 0.19075962135416666 0.12921630092592593 0.17575458385416667 0.1292846962962963 0.1757223453125 0.3203220287037037 0.18107394739583332 0.3202279851851852
4 0.30394116458333337 0.12933029351851852 0.29238162395833334 0.1292875462962963 0.2924360265625 0.13760330555555556 0.30393310520833333 0.13762040462962963 0.30394116458333337 0.12933029351851852
3 0.19235140052083333 0.2139526935185185 0.18153939166666666 0.21393559444444446 0.1815293171875 0.21595326296296297 0.19236751979166666 0.21596466203703704 0.19235140052083333 0.2139526935185185
4 0.21112029010416666 0.13381305185185186 0.22821277447916666 0.13381305185185186 0.2282027 0.12806497592592592 0.21110820052083332 0.12812197222222224 0.21112029010416666 0.13381305185185186
3 0.19461615937500001 0.32031062962962964 0.20185774739583331 0.3202906814814815 0.20185774739583331 0.31574522685185186 0.19854926458333333 0.31575092592592596 0.19854926458333333 0.3138671990740741 0.19703002239583334 0.31384725 0.1970179328125 0.31575092592592596 0.19462623437499998 0.31574522685185186 0.19461615937500001 0.32031062962962964
3 0.36832157968749996 0.17441721296296295 0.3770320369791667 0.17439726388888888 0.37704211145833333 0.2135594185185185 0.36831351979166665 0.21354516944444443 0.36831755000000005 0.2033912796296296 0.36665524895833335 0.2034112287037037 0.3666471890625 0.2388258759259259 0.3158815234375 0.23887432314814813 0.31586741875 0.24135081203703707 0.3769997984375 0.24134511296296296 0.3770018135416667 0.312128812037037 0.36799919427083333 0.31215161018518517 0.3679891192708334 0.31570247962962966 0.3794257505208333 0.31579367314814816 0.3793854526041667 0.30250783703703704 0.37872657656250003 0.30250783703703704 0.3787144880208333 0.23895124722222222 0.3787165020833333 0.2389512685185185 0.3787064276041667 0.17202051851851852 0.3659862984375 0.17194642314814815 0.36597420937499997 0.17441721296296295 0.36666129375 0.17441721296296295 0.3666592786458333 0.18675976018518517 0.36829538593750005 0.18673126203703702 0.36832157968749996 0.17441721296296295
3 0.37796735625 0.2389435111111111 0.3773403182291667 0.23893701944444445 0.37735442291666665 0.21602165833333334 0.3684444890625 0.2160815046296296 0.36836389270833336 0.23891707037037038 0.37796735625 0.2389435111111111
3 0.3259883135416667 0.3157167287037037 0.34571428593750003 0.31570247962962966 0.3456739875 0.31213736111111107 0.32597823906249995 0.31215161018518517 0.3259883135416667 0.3157167287037037
3 0.3259883135416667 0.3157167287037037 0.3259883135416667 0.32034767777777773 0.3457223453125 0.32030493055555553 0.3457042109375 0.3157167287037037 0.3259883135416667 0.3157167287037037
3 0.2871690510416667 0.31574522685185186 0.3037013901041667 0.3157167287037037 0.30369131562499996 0.3121801083333333 0.29377392708333333 0.3122029064814815 0.29379810572916665 0.2538244518518518 0.29170058437499996 0.2538016527777778 0.29173483802083333 0.31215731018518517 0.2871489020833333 0.3121943574074074 0.2871690510416667 0.31574522685185186
3 0.3793854526041667 0.30250783703703704 0.3794257505208333 0.31579367314814816 0.3679891192708334 0.3157167287037037 0.36798105989583335 0.3202906814814815 0.38278863593749995 0.32030208055555554 0.38275841250000003 0.3025904814814815 0.3936590770833333 0.30251068703703704 0.3936852708333333 0.29787688796296297 0.382097521875 0.29783984074074077 0.38206931302083336 0.1985693925925926 0.40255692135416665 0.1985807925925926 0.40254483177083333 0.19384725 0.4018839411458333 0.19384725 0.4018476729166667 0.1674266175925926 0.3988333666666667 0.1674266175925926 0.39880918802083337 0.19383585092592592 0.3820048359375 0.19383585092592592 0.38206528333333334 0.1672499287037037 0.3658895828125 0.1672556287037037 0.3658895828125 0.171926475 0.3787064276041667 0.17202051851851852 0.3787165020833333 0.30252208611111114 0.3793854526041667 0.30250783703703704
4 0.2382067296875 0.31196637222222223 0.23822687864583333 0.32191222592592594 0.28718920000000003 0.32191222592592594 0.2871489020833333 0.3120091194444444 0.2382067296875 0.31196637222222223
3 0.23199677604166666 0.2892960953703704 0.232008865625 0.3157081787037037 0.23821680416666666 0.31570247962962966 0.2382067296875 0.31216585925925927 0.23371549479166667 0.3121402111111111 0.2337396734375 0.28012824166666667 0.23055208541666666 0.28013394166666666 0.23052186197916666 0.28558278703703704 0.22888373958333333 0.28558278703703704 0.22887366510416665 0.2892732972222222 0.23199677604166666 0.2892960953703704
3 0.23039290729166667 0.31581647222222226 0.22905702187500002 0.3158307212962963 0.22908724583333334 0.3202906814814815 0.23823695364583333 0.3202906814814815 0.23822687864583333 0.31570247962962966 0.232008865625 0.3157081787037037 0.23199677604166666 0.2892960953703704 0.22887366510416665 0.2892732972222222 0.22885956093749998 0.2936135648148148 0.23037880312499998 0.2935993157407408 0.23039290729166667 0.31581647222222226
4 0.30368124114583334 0.3120233685185185 0.30373161406250004 0.3219407240740741 0.32601853697916666 0.32191222592592594 0.32596816458333333 0.3120091194444444 0.30368124114583334 0.3120233685185185
3 0.3037013901041667 0.3157167287037037 0.2871589765625 0.31574522685185186 0.28718920000000003 0.32034767777777773 0.3037114645833333 0.3202906814814815 0.3037013901041667 0.3157167287037037
1 0 0 0 1 1 1 1 0 0 0
4 0.3456739875 0.3120091194444444 0.34574249427083337 0.32195497314814814 0.3679709854166667 0.32189797685185184 0.3679891192708334 0.31198062129629633 0.3456739875 0.3120091194444444
4 0.22906709635416667 0.31581647222222226 0.20185774739583331 0.31590196666666664 0.20182752343750002 0.3219407240740741 0.22908724583333334 0.32191222592592594 0.22906709635416667 0.31581647222222226
4 0.7562663713541667 0.19083784537037038 0.7498085833333333 0.19085209444444445 0.7497179125 0.2053291537037037 0.7562965947916667 0.20530065555555554 0.7562663713541667 0.19083784537037038
3 0.7556437640625 0.20528640648148147 0.7497179125 0.2053291537037037 0.7498085833333333 0.21086919351851852 0.709030828125 0.21075520092592592 0.7090066489583333 0.24322314074074075 0.7025065484374999 0.24322314074074075 0.7025528911458333 0.25051581666666667 0.7109389484374999 0.2505072666666667 0.7106629057291667 0.344611 0.7361293572916666 0.34448275833333336 0.7361112229166668 0.3396295240740741 0.7140922828124999 0.3397663148148148 0.7140939260416667 0.2402851388888889 0.752405803125 0.24037902500000002 0.7524561755208333 0.24355086944444446 0.755796896875 0.24358791666666665 0.7556679427083334 0.2176888 0.7556437640625 0.20528640648148147
3 0.714094 0.23579967870370372 0.7523413260416666 0.2359817611111111 0.7523413260416666 0.21777999444444443 0.7140942979166667 0.21777999444444443 0.714094 0.23579967870370372
4 0.7322123713541667 0.10134511296296296 0.7098448520833334 0.10135936203703703 0.7098448520833334 0.11108862962962962 0.7322526697916667 0.11113137685185186 0.7322123713541667 0.10134511296296296
4 0.6141990729166668 0.08556283796296296 0.6011021557291667 0.08554858888888889 0.6011122307291666 0.09370190925925925 0.6141708645833333 0.09369905925925927 0.6141990729166668 0.08556283796296296
3 0.5681281484375 0.2345198064814815 0.625488615625 0.23436591666666667 0.6254704817708333 0.22966372222222223 0.5496494057291667 0.23020233703703705 0.5497179125 0.2174038185185185 0.5439230302083333 0.21737532037037036 0.5439572838541668 0.23807637499999998 0.5680979244791666 0.23804217685185186 0.5681281484375 0.2345198064814815
3 0.7666008463541666 0.3397321175925926 0.7557102557291666 0.33965802222222224 0.7557646583333334 0.2941293814814815 0.7769030828125001 0.29397834166666664 0.7768486802083333 0.289424337037037 0.7557102557291666 0.2895012824074074 0.7557102557291666 0.26514391574074075 0.7523856536458333 0.26506982037037036 0.7523312510416668 0.3445112564814815 0.7666008463541666 0.34443716203703706 0.7666008463541666 0.3397321175925926
3 0.5656074953125 0.3258877175925926 0.5623231916666668 0.3259019666666667 0.5623372958333334 0.33167854074074077 0.5655873463541667 0.3317098888888889 0.5656074953125 0.3258877175925926
3 0.5655571229166667 0.2835565685185185 0.5817650614583333 0.2834140777777778 0.5818073744791668 0.28787403796296296 0.5876727786458333 0.28788828703703706 0.5876627041666667 0.2783727555555556 0.5681180739583334 0.2783157592592593 0.5681079989583334 0.26928184629629626 0.5623231916666668 0.2693074953703704 0.5623131171875 0.2874494157407408 0.5655470479166667 0.2874351666666667 0.5655571229166667 0.2835565685185185
4 0.5499093291666667 0.14752636111111112 0.542818859375 0.14752636111111112 0.5428390088541666 0.21736107129629628 0.5499395526041667 0.21738956944444443 0.5499093291666667 0.14752636111111112
3 0.6946685473958334 0.10277856944444444 0.6947189197916667 0.11111712777777777 0.7098448520833334 0.11108862962962962 0.7098549265624999 0.10286406388888888 0.6946685473958334 0.10277856944444444
3 0.7555792869791667 0.1908748935185185 0.75570018125 0.10281561666666666 0.7322526697916667 0.10277856944444444 0.7322627442708334 0.11107438055555555 0.7498287328125 0.11106013148148149 0.7498287328125 0.1908235962962963 0.7555792869791667 0.1908748935185185
3 0.5438928067708333 0.14751211203703704 0.5497179125 0.14751211203703704 0.5497078380208333 0.13523795925925924 0.585956075 0.13523795925925924 0.5859258510416667 0.12694214907407408 0.5679750151041667 0.12690510092592594 0.5679750151041667 0.08545169537037037 0.5645597421875 0.08540894814814814 0.5645597421875 0.12703619259259258 0.5439754182291666 0.12690510092592594 0.5438928067708333 0.14751211203703704
4 0.5655571229166667 0.2874494157407408 0.561198871875 0.2874494157407408 0.561188796875 0.3259304648148148 0.5656074953125 0.3258877175925926 0.5655571229166667 0.2874494157407408
4 0.5682994156250001 0.26928184629629626 0.5682691921875 0.23802792777777776 0.561188796875 0.23802792777777776 0.561198871875 0.26929609537037036 0.5682994156250001 0.26928184629629626
2 0.6233286317708333 0.23424907407407408 0.6216018536458333 0.23424907407407408 0.6216441666666667 0.2784696490740741 0.6231996776041666 0.2784696490740741 0.6233286317708333 0.23424907407407408
2 0.6830969171875 0.22341407777777778 0.6831835583333333 0.24338557962962962 0.6872657666666666 0.24341122870370369 0.6871267380208333 0.22341122870370372 0.6830969171875 0.22341407777777778
2 0.566872859375 0.32888572222222223 0.5776304656250001 0.3289712166666666 0.57755994375 0.31184098055555554 0.5668627843749999 0.3118267314814815 0.566872859375 0.32888572222222223
3 0.5668829338541667 0.3261499 0.5656074953125 0.32607295555555554 0.5656074953125 0.32831006018518516 0.566872859375 0.3282901111111111 0.5668829338541667 0.3261499
2 0.6411646182291667 0.22948418333333334 0.6254704817708333 0.22966372222222223 0.6255309286458334 0.25409803333333336 0.6412069312500001 0.2541607296296296 0.6411646182291667 0.22948418333333334
2 0.6619806567708333 0.2819150759259259 0.6500745515625 0.28188942685185187 0.6500846260416666 0.2881875175925926 0.6619967760416666 0.2882445138888889 0.6619806567708333 0.2819150759259259
2 0.6546544427083333 0.3044827583333333 0.6430324401041666 0.3044742092592593 0.6430022161458333 0.3224536907407407 0.6546745921875 0.32239384444444447 0.6546544427083333 0.3044827583333333
3 0.6587829942708333 0.3349102305555556 0.6527160989583333 0.3349387287037037 0.6527160989583333 0.33600455925925926 0.65879306875 0.33600455925925926 0.6587829942708333 0.3349102305555556
2 0.6527160989583333 0.3349387287037037 0.6430425145833334 0.33488458240740737 0.6430344552083334 0.34206896574074075 0.65269595 0.3420974638888889 0.6527160989583333 0.3349387287037037
2 0.7024924442708333 0.24672271296296297 0.68609711875 0.2466885148148148 0.6861192828125 0.27227985185185183 0.7026637114583333 0.2720803648148148 0.7024924442708333 0.24672271296296297
2 0.6676707635416667 0.21123681944444445 0.6561454765625 0.211148475 0.6561212973958334 0.2286349388888889 0.6676808380208333 0.22869478518518518 0.6676707635416667 0.21123681944444445
2 0.7057465244791667 0.1649415787037037 0.7056760026041666 0.18558278703703704 0.7190650817708334 0.18558278703703704 0.7191356036458333 0.16502707314814816 0.7057465244791667 0.1649415787037037
2 0.6634273625 0.16500712407407409 0.663383034375 0.18552579074074074 0.6771730807291667 0.18553718981481482 0.6772214385416666 0.16496437777777778 0.6634273625 0.16500712407407409
2 0.5838928067708333 0.12700199444444443 0.583929075 0.1100512962962963 0.5701088052083333 0.11015388981481482 0.5701813421874999 0.12695069814814813 0.5838928067708333 0.12700199444444443
3 0.6231996776041666 0.2784696490740741 0.5876627041666667 0.2783727555555556 0.587656659375 0.2810344824074074 0.6231996776041666 0.2808520944444445 0.6231996776041666 0.2784696490740741
3 0.5834817651041667 0.35399544074074074 0.5850795890625 0.35399544074074074 0.5850292161458334 0.32592191481481486 0.5776344953125 0.3260359074074074 0.5776344953125 0.32833285833333337 0.5834817651041667 0.32829866018518516 0.5834817651041667 0.35399544074074074
4 0.5876828531249999 0.2878597888888889 0.5839169859375001 0.28787403796296296 0.5839552687499999 0.32589911666666666 0.5877795687499999 0.3259190648148148 0.5876828531249999 0.2878597888888889
4 0.5655873463541667 0.3317098888888889 0.5623372958333334 0.33167854074074077 0.5623735645833333 0.3508463953703704 0.5656095104166667 0.35081219722222223 0.5655873463541667 0.3317098888888889
4 0.755796896875 0.24358791666666665 0.7524561755208333 0.24355086944444446 0.7523856536458333 0.26506982037037036 0.7557102557291666 0.26514391574074075 0.755796896875 0.24358791666666665
3 0.5858432401041667 0.1077514962962963 0.5857989119791667 0.09309204907407408 0.6011122307291666 0.09310629814814815 0.60109208125 0.09033627777777778 0.5847612333333333 0.09019378703703704 0.5847370541666667 0.10769735 0.5858432401041667 0.1077514962962963
3 0.6678097927083333 0.10280421759259259 0.66917993125 0.10282701666666667 0.6691275437499999 0.09027928148148148 0.6604996979166666 0.0902650324074074 0.6605500703125 0.1029210601851852 0.6621096109375001 0.10292676018518518 0.6620652833333334 0.09211456296296296 0.6678964338541667 0.09217440833333333 0.6678097927083333 0.10280421759259259
3 0.6430324401041666 0.3044742092592593 0.6411464838541666 0.30449700740740737 0.6411444692708332 0.35652037592592595 0.6430324401041666 0.35656312314814814 0.6430324401041666 0.3044742092592593
3 0.6428410234374999 0.28188942685185187 0.6428228895833333 0.26324308888888887 0.6412210354166666 0.26326873796296296 0.6411968567708333 0.28463664907407404 0.6500644770833334 0.28459390185185185 0.6500745515625 0.28188942685185187 0.6428410234374999 0.28188942685185187
3 0.6676969572916666 0.2608492444444444 0.6428269192708334 0.26099458518518515 0.64300423125 0.21339697962962964 0.6561515213541667 0.21333998333333334 0.6561454765625 0.211148475 0.6411646182291667 0.21121972037037037 0.6412210354166666 0.26326873796296296 0.6700342536458332 0.2630407527777778 0.669850896875 0.28190937592592596 0.6619806567708333 0.2819150759259259 0.6619766270833334 0.28455115462962965 0.6698811203125 0.28459390185185185 0.6699113437499999 0.3045112564814815 0.6546443682291667 0.30449700740740737 0.6546645171875001 0.30715303518518516 0.6661051781249999 0.30721003148148146 0.6662683859374999 0.33564263333333333 0.65879306875 0.3356198342592593 0.6588232921875 0.3565004277777778 0.6603002218749999 0.3565004277777778 0.6603002218749999 0.33795668240740745 0.6676465848958333 0.3379139351851852 0.6676546442708333 0.356537475 0.6689542614583334 0.35655457407407404 0.6689925447916667 0.3089740666666667 0.6726435625 0.30892277037037036 0.6727181140624999 0.2642918212962963 0.6822184161458333 0.26418637777777776 0.6821801328125 0.24584781944444445 0.6861293572916666 0.24584781944444445 0.6861112229166667 0.24335708148148147 0.6807576062499999 0.24339697962962964 0.6809429781249999 0.26230835 0.671303646875 0.2620461666666667 0.671303646875 0.26107438055555554 0.6691879911458333 0.26089769166666665 0.6691879911458333 0.24585921944444447 0.6807475317708334 0.2458278712962963 0.6807576062499999 0.24341122870370369 0.6696695546875 0.24341122870370369 0.6695486598958333 0.2131262472222222 0.6834918395833333 0.21314049629629628 0.6836006447916667 0.22339697962962965 0.6852871244791667 0.22341122870370372 0.6852004833333333 0.21070105462962962 0.6676969572916666 0.21085494444444444 0.6676969572916666 0.2608492444444444
3 0.7090207536458333 0.21075520092592592 0.7026032640625 0.21074095185185185 0.7026133385416667 0.21288401296296297 0.7090409026041667 0.21291251111111112 0.7090207536458333 0.21075520092592592
3 0.7498307473958333 0.1829011111111111 0.7190570218750001 0.18292106018518517 0.7190670963541667 0.18552009074074075 0.7498307473958333 0.18552009074074075 0.7498307473958333 0.1829011111111111
3 0.6771730807291667 0.18553718981481482 0.7056760026041666 0.18558848703703704 0.7056760026041666 0.18283841574074072 0.7053898848958333 0.18283841574074072 0.7053898848958333 0.11111997685185185 0.7035180333333333 0.11111997685185185 0.7035180333333333 0.18294100925925927 0.6771730807291667 0.18294100925925927 0.6771730807291667 0.18553718981481482
3 0.660096715625 0.18297805648148147 0.6489885151041667 0.18304075277777776 0.6489744104166667 0.1855970361111111 0.6601188796875 0.1855542888888889 0.660096715625 0.18297805648148147
3 0.621444690625 0.13261612962962965 0.5859460005208333 0.13262467962962962 0.5859580901041667 0.1347705898148148 0.621444690625 0.13466514722222223 0.621444690625 0.13261612962962965
3 0.6197823895833333 0.09010829259259259 0.61974410625 0.11353377037037037 0.621329840625 0.11353377037037037 0.621329840625 0.09010829259259259 0.6197823895833333 0.09010829259259259
3 0.5966350994791667 0.10992590462962963 0.5966028609375 0.0930778 0.5949546645833333 0.09309204907407408 0.5949506348958333 0.10769735 0.5847370541666667 0.10769735 0.5847410838541667 0.09022228518518519 0.6010820067708333 0.0903220287037037 0.6010860364583334 0.08536905092592594 0.5813157364583332 0.08547734351851852 0.5813157364583332 0.09010259351851851 0.5814245416666667 0.11000285 0.5966350994791667 0.10992590462962963
3 0.6197582109374999 0.09372470833333334 0.6197723151041666 0.09012254166666667 0.621339915625 0.09009404351851852 0.6213358854166666 0.09374465648148149 0.6321277453125 0.0937845537037037 0.6321075963541667 0.08550584166666667 0.6142051177083334 0.08550014259259259 0.6142051177083334 0.09011399259259259 0.6141708645833333 0.09369905925925927 0.6197582109374999 0.09372470833333334
3 0.6691214989583333 0.09029638055555556 0.66917993125 0.10282701666666667 0.6601632078125 0.10293245925925926 0.6601088052083333 0.18554003981481482 0.663383034375 0.18552579074074074 0.6635039291666666 0.111159875 0.6725226677083334 0.11118837314814815 0.6725468468750001 0.08547449444444445 0.6451118276041666 0.08548874351851853 0.645154140625 0.09368766018518518 0.6605097723958333 0.09371615833333334 0.6604795484375 0.0902650324074074 0.6691214989583333 0.09029638055555556
3 0.5549163812500001 0.36393274444444446 0.5549163812500001 0.35966372222222226 0.5810699171875 0.35966372222222226 0.5811061859375 0.3622456537037037 0.6689542614583334 0.3621943574074074 0.6690288130208334 0.38701054444444444 0.6724199072916667 0.38701054444444444 0.6723836390625001 0.31361071574074073 0.6761071932291667 0.31361071574074073 0.676070925 0.26866628703703704 0.6855349588541666 0.2686121398148148 0.6856457786458333 0.2504844685185185 0.6860930890625 0.2504844685185185 0.6861293572916666 0.24584781944444445 0.6821801328125 0.24584781944444445 0.6822184161458333 0.26418637777777776 0.6727181140624999 0.2642918212962963 0.6726435625 0.30892277037037036 0.6689925447916667 0.3089740666666667 0.6689965744791666 0.35651467685185184 0.5877231515625 0.3565004277777778 0.5877231515625 0.3259019666666667 0.5850292161458334 0.32592191481481486 0.5850795890625 0.35399544074074074 0.5656095104166667 0.35392134537037034 0.5656095104166667 0.35081219722222223 0.5623735645833333 0.3508463953703704 0.5624037880208334 0.35394414351851855 0.5515373765625 0.3539583925925926 0.5515635703124999 0.36393274444444446 0.5549163812500001 0.36393274444444446
3 0.6724017729166667 0.3579680824074074 0.6723634895833333 0.35870048425925927 0.6854785411458334 0.35870048425925927 0.6855349588541666 0.2686121398148148 0.6850755593750001 0.2686121398148148 0.6851521255208334 0.357888287037037 0.6724017729166667 0.3579680824074074
2 0.7361293572916666 0.34448275833333336 0.7523312510416668 0.3445112564814815 0.7523332661458333 0.3200541462962963 0.7360165223958333 0.32018808796296294 0.7361293572916666 0.34448275833333336
2 0.5679568807291666 0.08995440277777778 0.5813157364583332 0.09010259351851851 0.5813056619791667 0.08456825277777778 0.5679568807291666 0.08463379907407408 0.5679568807291666 0.08995440277777778
4 0.6946483979166668 0.10133086388888889 0.6725528911458334 0.10127386759259259 0.6725226677083334 0.11118837314814815 0.6947189197916667 0.11114562592592593 0.6946483979166668 0.10133086388888889
4 0.6451239171875 0.0854915925925926 0.6321075963541667 0.08552009074074074 0.6320914770833334 0.09404673703703703 0.6451380213541668 0.09404673703703703 0.6451239171875 0.0854915925925926
3 0.34779165833333336 0.1340210888888889 0.346167640625 0.1340210888888889 0.346193834375 0.16721288148148147 0.3478178520833334 0.16721288148148147 0.34779165833333336 0.1340210888888889
3 0.21063671145833332 0.13685665462962962 0.21062663697916667 0.13381875185185185 0.21112029010416666 0.13381305185185186 0.21112029010416666 0.1291707037037037 0.2022788635416667 0.12919350277777777 0.20226878906249998 0.13398974074074074 0.20737255677083333 0.13397549166666667 0.20736248229166668 0.13682815648148147 0.21063671145833332 0.13685665462962962
3 0.2338243 0.23782844074074075 0.23044932499999998 0.23782844074074075 0.23048962343749999 0.28012824166666667 0.23383840416666668 0.28012824166666667 0.2338243 0.23782844074074075
3 0.28886157552083336 0.17353947037037037 0.28773725572916664 0.17353947037037037 0.28771710677083334 0.1718609287037037 0.28575861354166665 0.17183243055555555 0.28567600260416665 0.21363066388888888 0.28892403802083333 0.21363066388888888 0.28886157552083336 0.17353947037037037
3 0.23048559322916665 0.2135793675925926 0.20741285520833333 0.21359646666666665 0.20740278072916668 0.21291251111111112 0.2056840619791667 0.21291251111111112 0.2056699578125 0.21591336574074074 0.2304976828125 0.21591336574074074 0.23048559322916665 0.2135793675925926
3 0.20736248229166668 0.13682815648148147 0.20737255677083333 0.13397549166666667 0.20226878906249998 0.13398974074074074 0.2022788635416667 0.13744086666666666 0.20546443697916666 0.13745511574074074 0.20547249635416664 0.13683385555555555 0.20736248229166668 0.13682815648148147
3 0.3988333666666667 0.1674266175925926 0.3820713276041667 0.16738671944444444 0.3820713276041667 0.1679680824074074 0.3988232921875 0.16801082962962963 0.3988333666666667 0.1674266175925926
4 0.19460205520833332 0.31590766574074075 0.18110820052083335 0.3159276148148148 0.18107394739583332 0.3202279851851852 0.1946302640625 0.32014249074074075 0.19460205520833332 0.31590766574074075
4 0.22888373958333333 0.28558278703703704 0.20202901458333333 0.2856169851851852 0.202035059375 0.2910401824074074 0.228881725 0.2910401824074074 0.22888373958333333 0.28558278703703704
2 0.20547249635416664 0.13683385555555555 0.20557525677083335 0.15563123425925926 0.2203747734375 0.15563693333333334 0.22039895208333335 0.13685095462962965 0.20547249635416664 0.13683385555555555
2 0.20247430989583334 0.18629524074074075 0.19041305677083334 0.18635508703703704 0.19042917604166665 0.19258478240740742 0.20249042916666668 0.1925990314814815 0.20247430989583334 0.18629524074074075
2 0.2338243 0.23782844074074075 0.23382631458333333 0.21623824444444445 0.21659278645833335 0.21625249351851852 0.21667136822916666 0.23788543703703702 0.2338243 0.23782844074074075
2 0.19702800729166667 0.2991108574074074 0.19703002239583334 0.31384725 0.20856336875 0.3139042462962963 0.20856336875 0.2991279564814815 0.19702800729166667 0.2991108574074074
2 0.3158815234375 0.23887432314814813 0.30231513177083336 0.2389085212962963 0.30233528125000003 0.25932174444444445 0.31594398541666663 0.2593074953703704 0.3158815234375 0.23887432314814813
2 0.30736651197916665 0.21352522129629628 0.3190610515625 0.2132858361111111 0.31902679843750004 0.19573667685185187 0.3074068104166667 0.1956967796296296 0.30736651197916665 0.21352522129629628
2 0.3007979046875 0.21119407222222222 0.288915978125 0.21122257037037037 0.288915978125 0.21736107129629628 0.3007979046875 0.21741806759259258 0.3007979046875 0.21119407222222222
2 0.2857384645833333 0.15245084074074075 0.28575861354166665 0.17183243055555555 0.30045738489583335 0.17188942685185185 0.300493653125 0.15253633518518517 0.2857384645833333 0.15245084074074075
2 0.36831755000000005 0.2033912796296296 0.36829538593750005 0.18673126203703702 0.3639532541666667 0.1867683101851852 0.36404190989583335 0.20343687685185186 0.36831755000000005 0.2033912796296296
2 0.349647390625 0.16962952407407406 0.3658714489583333 0.16967227129629628 0.365841225 0.1457081787037037 0.349647390625 0.14566258148148148 0.349647390625 0.16962952407407406
3 0.22269796510416665 0.1848304361111111 0.21713479739583336 0.18484468518518518 0.21713479739583336 0.18581077222222223 0.22270803958333335 0.18585351944444445 0.22269796510416665 0.1848304361111111
2 0.20786419479166665 0.17872043333333335 0.2078541203125 0.1858250212962963 0.21713479739583336 0.18581077222222223 0.21710457395833332 0.17870618425925927 0.20786419479166665 0.17872043333333335
3 0.3022949828125 0.2386890851851852 0.2915897640625 0.2387318324074074 0.2915897640625 0.2537902537037037 0.3023252067708333 0.2538757481481482 0.3022949828125 0.2386890851851852
3 0.2449647390625 0.21383585092592594 0.23381422552083334 0.2138586490740741 0.23381624010416668 0.21622399537037038 0.2449949625 0.21618979722222223 0.2449647390625 0.21383585092592594
3 0.28775135989583334 0.13745511574074074 0.292431996875 0.13748361388888888 0.2923916984375 0.13394699351851852 0.2662381625 0.13398974074074074 0.26623010260416663 0.1375833574074074 0.28603465625 0.13765460277777777 0.2860306265625 0.1524194925925926 0.28777755364583335 0.15244799074074075 0.28775135989583334 0.13745511574074074
3 0.26621801354166663 0.12923055 0.26622808802083336 0.13398974074074074 0.29240177291666664 0.13393274444444445 0.2923775942708333 0.1291707037037037 0.26621801354166663 0.12923055
4 0.26617771510416666 0.1293445425925926 0.24886157552083335 0.12927329722222222 0.2488756802083333 0.1376318037037037 0.26623010260416663 0.1375833574074074 0.26617771510416666 0.1293445425925926
4 0.20223050572916668 0.1293445425925926 0.190739471875 0.12927329722222222 0.19074954687499998 0.13759760648148148 0.2022788635416667 0.13762610462962963 0.20223050572916668 0.1293445425925926
3 0.18146886979166668 0.1863037898148148 0.18148901874999998 0.18866628703703703 0.1904090265625 0.18866628703703703 0.19041305677083334 0.18635508703703704 0.18146886979166668 0.1863037898148148
3 0.23382631458333333 0.1827557712962963 0.23046342916666665 0.18275862037037038 0.23049163802083333 0.21622399537037038 0.23382631458333333 0.21623824444444445 0.23382631458333333 0.1827557712962963
3 0.6913600645833333 0.6831604444444445 0.6910255895833333 0.6831604444444445 0.6911223052083333 0.6390082648148148 0.6893330645833333 0.639033912962963 0.68933105 0.6831718435185186 0.663030425 0.6831661444444445 0.6630404994791667 0.6858649185185185 0.6913882734375 0.6857623249999999 0.6913600645833333 0.6831604444444445
3 0.58682853125 0.5858563694444444 0.5670320369791667 0.5857794240740741 0.5670844249999999 0.5904901685185185 0.58682853125 0.5905614138888889 0.58682853125 0.5858563694444444
3 0.6178641947916667 0.5858307212962963 0.5999335078125 0.5859475629629629 0.5999335078125 0.590575662962963 0.6179065083333334 0.590575662962963 0.6178641947916667 0.5858307212962963
3 0.7414225265625001 0.6912083212962963 0.7414728994791666 0.6033570814814815 0.7177291958333334 0.6032345398148148 0.7177191213541666 0.6079082361111111 0.7380072536458333 0.607879737962963 0.7380979244791667 0.6912083212962963 0.7414225265625001 0.6912083212962963
3 0.7072496473958334 0.6776546027777778 0.7072677817708333 0.6923681962962963 0.7131493046874999 0.6924137935185186 0.7131231109375 0.6854773435185185 0.7282792666666666 0.6856027361111111 0.7282651619791667 0.63076375 0.7176788234375 0.6307922481481482 0.7177594197916667 0.6389883157407408 0.7223916984375 0.6389911657407408 0.7224138625 0.6776546027777778 0.7072496473958334 0.6776546027777778
3 0.6801249244791666 0.6307352518518519 0.6801349989583334 0.6391080083333334 0.6959157765625 0.6389826157407408 0.6958734635416667 0.6307779990740741 0.6801249244791666 0.6307352518518519
3 0.5807717104166666 0.590578512037037 0.5807717104166666 0.6080193787037037 0.5704150713541666 0.6080193787037037 0.5704896234375 0.5905044175925926 0.5673846463541667 0.5905329157407407 0.5674350192708334 0.6104987175925926 0.5824863994791667 0.6105500138888889 0.5824118479166667 0.590578512037037 0.5807717104166666 0.590578512037037
4 0.5513862583333334 0.8320832148148147 0.5480717307291666 0.8320689657407407 0.5480918796875 0.8514448564814815 0.5513862583333334 0.8514448564814815 0.5513862583333334 0.8320832148148147
3 0.6957928671875 0.6032345398148148 0.6802055208333333 0.6032487888888889 0.6802155953125 0.6079623824074074 0.6958130161458332 0.6079367342592593 0.6957928671875 0.6032345398148148
3 0.7072637515625 0.6831803935185186 0.7049929479166667 0.6831803935185186 0.7049929479166667 0.6853833 0.7072536770833333 0.6854260472222222 0.7072637515625 0.6831803935185186
3 0.6089844854166666 0.7788885722222222 0.5734172880208334 0.7788116268518518 0.5734172880208334 0.7814676546296296 0.6089844854166666 0.7814676546296296 0.6089844854166666 0.7788885722222222
3 0.6241628046875001 0.6112881166666666 0.6204755187500001 0.6112881166666666 0.6205258916666666 0.6193701907407407 0.6241728791666666 0.6193844398148148 0.6241628046875001 0.6112881166666666
3 0.5734394520833334 0.7691650046296297 0.5675720328125 0.7692077518518519 0.5675397942708333 0.7892305500000001 0.5734072135416667 0.7891849527777778 0.5734394520833334 0.7691650046296297
3 0.7523856536458333 0.840185237962963 0.7414326010416666 0.840185237962963 0.7414769291666666 0.7944685092592593 0.7625770703125 0.7945312055555556 0.7625770703125 0.7896637222222223 0.7414769291666666 0.7896637222222223 0.7413862583333334 0.765571387962963 0.7380334473958333 0.765571387962963 0.7380334473958333 0.844990025925926 0.7524299817708333 0.8449273296296297 0.7523856536458333 0.840185237962963
2 0.5528551281249999 0.8292590481481482 0.5634837802083333 0.8292590481481482 0.5635563166666666 0.8122399546296296 0.5528551281249999 0.8121972074074074 0.5528551281249999 0.8292590481481482
4 0.5537054203125 0.590390425 0.5670844249999999 0.5904901685185185 0.5670642755208333 0.584796237962963 0.5537013901041666 0.584799087962963 0.5537054203125 0.590390425
4 0.7414225265625001 0.6912083212962963 0.7380979244791667 0.6912083212962963 0.7380777755208333 0.7058250212962963 0.7414124520833333 0.7057965231481482 0.7414225265625001 0.6912083212962963
4 0.7177291958333334 0.6032345398148148 0.6957928671875 0.6032345398148148 0.6958130161458332 0.6079367342592593 0.7177191213541666 0.6079082361111111 0.7177291958333334 0.6032345398148148
4 0.6802155953125 0.6032487888888889 0.65828128125 0.6033599314814815 0.65828128125 0.6078141916666667 0.6802055208333333 0.6078654888888889 0.6802155953125 0.6032487888888889
4 0.6309409630208334 0.5858592194444444 0.6178641947916667 0.5858307212962963 0.6179065083333334 0.590575662962963 0.6309510374999999 0.590589912037037 0.6309409630208334 0.5858592194444444
4 0.5999335078125 0.5859475629629629 0.58682853125 0.5858563694444444 0.58682853125 0.5905614138888889 0.5999335078125 0.590575662962963 0.5999335078125 0.5859475629629629
4 0.5329558734375 0.6479082361111111 0.5285673989583334 0.6479367342592592 0.5285271005208333 0.7178284407407408 0.5330364697916666 0.7178426898148148 0.5329558734375 0.6479082361111111
3 0.5296413458333333 0.6479082361111111 0.5329558734375 0.6479082361111111 0.5329558734375 0.6319606722222222 0.5491779166666666 0.6316870907407407 0.5491779166666666 0.6481675694444444 0.555101753125 0.6481675694444444 0.5549727989583333 0.6355115416666667 0.6073100947916666 0.6354203472222222 0.6073100947916666 0.6109261898148148 0.6015817046875 0.6109261898148148 0.6015817046875 0.627497862962963 0.5538142255208334 0.6274066685185186 0.5536852708333334 0.5858592194444444 0.5504654442708333 0.5858877175925926 0.5505299213541667 0.627497862962963 0.5298005239583333 0.6274066685185186 0.5296413458333333 0.6479082361111111
4 0.5514366312500001 0.7877742944444445 0.5470965140625 0.7878027925925926 0.5470461416666667 0.8262296953703704 0.5513459598958333 0.8260872046296296 0.5514366312500001 0.7877742944444445
4 0.6370380817708334 0.6109318898148147 0.6241426557291666 0.6109033916666666 0.6241728791666666 0.6193844398148148 0.6370723354166666 0.6192077518518518 0.6370380817708334 0.6109318898148147
3 0.6479347166666667 0.5906469083333333 0.6460366713541668 0.5906469083333333 0.6459500302083333 0.6032088916666667 0.6479306869791667 0.6031946425925926 0.6479347166666667 0.5906469083333333
3 0.5513358854166667 0.8260729555555555 0.5480213578124999 0.8262011972222222 0.5480677010416667 0.8320661157407407 0.551366109375 0.8320689657407407 0.5513358854166667 0.8260729555555555
3 0.5514064072916667 0.7697492166666667 0.5480012088541667 0.7697919638888889 0.5480112833333333 0.7877885435185186 0.5514164817708332 0.7878027925925926 0.5514064072916667 0.7697492166666667
3 0.5513560348958334 0.8287289824074073 0.5528591578125001 0.8287346824074074 0.5528531130208333 0.8260302083333333 0.5513358854166667 0.8260587064814815 0.5513560348958334 0.8287289824074073
4 0.5513197661458332 0.7383015101851852 0.5470199473958334 0.7383015101851852 0.5470280072916667 0.7698062129629629 0.5513963328125 0.7697634657407407 0.5513197661458332 0.7383015101851852
3 0.5733326614583334 0.7346622972222222 0.6114104369791666 0.7345768027777778 0.6113761838541667 0.7300170990740741 0.5550352609375 0.7300683953703704 0.5549989927083333 0.7174750638888889 0.5491114244791666 0.7174750638888889 0.5491497078125 0.7300142490740741 0.5480314328125 0.7300683953703704 0.5481281484375 0.7337304074074075 0.5330646786458334 0.7337304074074075 0.5330465442708333 0.7178284407407408 0.5296312713541667 0.7178141916666667 0.5296534354166667 0.7384012537037037 0.5733709447916666 0.7382017666666667 0.5733326614583334 0.7346622972222222
4 0.7176687489583333 0.6307922481481482 0.6958533145833333 0.6308207462962964 0.6959157765625 0.6389826157407408 0.7177594197916667 0.6389883157407408 0.7176687489583333 0.6307922481481482
4 0.68011485 0.630749500925926 0.65829135625 0.6310059842592592 0.6583115052083334 0.6389883157407408 0.6801349989583334 0.6391080083333334 0.68011485 0.630749500925926
4 0.5734072135416667 0.7891849527777778 0.5675559135416666 0.7893815898148148 0.5675458390625 0.8262439444444445 0.5734918395833334 0.8263009407407408 0.5734072135416667 0.7891849527777778
4 0.5733709447916666 0.7382017666666667 0.5675559135416666 0.738270162037037 0.5675357645833333 0.7692077518518519 0.5734394520833334 0.7691650046296297 0.5733709447916666 0.7382017666666667
4 0.555101753125 0.6481675694444444 0.5492162 0.6481647194444444 0.5491356036458334 0.7174152175925926 0.5551319765625 0.7174893129629629 0.555101753125 0.6481675694444444
3 0.6549607093750001 0.6032316898148148 0.6459500302083333 0.6032088916666667 0.6459601046875 0.6112026222222222 0.6370582307291667 0.6112596185185185 0.6370723354166666 0.6192077518518518 0.6458936125 0.6192077518518518 0.6459862984375 0.685950412962963 0.6491779166666666 0.6859162157407408 0.6492222447916667 0.6389740666666667 0.6583115052083334 0.6389883157407408 0.6583014307291666 0.6310202333333333 0.6514104369791667 0.6310202333333333 0.6515756598958333 0.6077999425925926 0.65828128125 0.6078141916666667 0.6581744911458334 0.5858877175925926 0.6309409630208334 0.5858592194444444 0.6309510374999999 0.590589912037037 0.6548801130208334 0.5906526074074074 0.6549607093750001 0.6032316898148148
3 0.6580233729166667 0.8583243092592593 0.6580233729166667 0.8589655175925927 0.6712532744791667 0.8589655175925927 0.6712351401041666 0.7691878027777779 0.6708099937499999 0.7691906527777778 0.6708120088541667 0.8582929611111112 0.6580233729166667 0.8583243092592593
2 0.6883779973958333 0.7471701342592593 0.6720632682291666 0.7470418925925926 0.6721237156250001 0.7725790824074074 0.6883014307291667 0.7725049870370371 0.6883779973958333 0.7471701342592593
4 0.32782591197916666 0.8358620685185185 0.3055490630208333 0.8357480759259259 0.30553898854166667 0.8419834712962962 0.3278057625 0.8419977203703704 0.32782591197916666 0.8358620685185185
3 0.22504936510416668 0.8046423481481482 0.2250614546875 0.8081590194444445 0.23859762239583335 0.8082046166666667 0.2385855328125 0.804599600925926 0.22504936510416668 0.8046423481481482
3 0.296669353125 0.7556226842592593 0.29331654218750003 0.7555799370370371 0.29330243802083333 0.8046024509259259 0.29669957708333333 0.8046252490740741 0.296669353125 0.7556226842592593
3 0.23114648385416667 0.7565659731481482 0.22787829947916668 0.7566514675925926 0.22781180729166667 0.8047392416666667 0.23112633489583334 0.8047392416666667 0.23114648385416667 0.7565659731481482
3 0.2279165828125 0.7064690796296297 0.22786218020833332 0.7326816759259259 0.223435421875 0.7327329722222222 0.2235019140625 0.7092618981481481 0.22783800104166665 0.7092618981481481 0.2278561354166667 0.7070276435185184 0.2239169859375 0.7070532916666668 0.22387265781250001 0.6808805925925926 0.19697561979166667 0.6807438018518519 0.19698770885416667 0.7161356509259259 0.19865404010416665 0.7161356509259259 0.19868829322916665 0.6830948990740741 0.21441466875 0.6831005981481482 0.21437840000000002 0.7041607296296297 0.22215595416666664 0.7041493305555555 0.22215595416666664 0.7017611851851852 0.21597622395833332 0.7017554861111112 0.21601853697916665 0.6830891990740742 0.22222647604166665 0.6830891990740742 0.22207535781249998 0.732687375 0.19703203697916666 0.7326332287037037 0.19705218593749999 0.7351097175925926 0.23105178333333332 0.7352151611111111 0.23104573854166668 0.7064690796296297 0.2279165828125 0.7064690796296297
3 0.22383840416666667 0.6827700203703704 0.23603465625 0.6825933314814815 0.23599032864583333 0.6789199203703704 0.19501108177083332 0.6789484185185185 0.19499697760416668 0.6824536907407407 0.19694741093749998 0.6824536907407407 0.19697561979166667 0.6807438018518519 0.22383840416666667 0.6827700203703704
3 0.23859762239583335 0.8082046166666667 0.2250614546875 0.8081590194444445 0.22509369322916667 0.8127700203703704 0.23859762239583335 0.8128583638888889 0.23859762239583335 0.8082046166666667
3 0.2870179328125 0.8082245657407408 0.2869917390625 0.8128355657407407 0.30129760208333334 0.8128355657407407 0.30132379583333335 0.8081504703703704 0.2870179328125 0.8082245657407408
3 0.3231251260416667 0.8081704185185186 0.3231251260416667 0.8127415222222223 0.35231714687500004 0.8128355657407407 0.35229498281250005 0.8081989166666667 0.3231251260416667 0.8081704185185186
3 0.24620592395833332 0.6504645194444444 0.2512311104166667 0.6504645194444444 0.2511746927083333 0.6343288685185186 0.24782188177083334 0.6343288685185186 0.247823896875 0.6456483324074074 0.24618577447916667 0.6457081787037037 0.24620592395833332 0.6504645194444444
3 0.26750151093749996 0.6084297518518519 0.26750151093749996 0.66000285 0.27066895 0.66000285 0.2705923838541667 0.6084297518518519 0.2884364296875 0.6084297518518519 0.28828329635416666 0.6889598175925926 0.35356236145833336 0.6887403814814814 0.35356236145833336 0.6842604731481481 0.29168245 0.6841493305555555 0.2916058833333333 0.6081020231481481 0.29855732395833334 0.6082131657407408 0.2984807578125 0.6671045879629629 0.33726173697916667 0.6668880018518519 0.3371851703125 0.6468908518518518 0.3340157161458333 0.6468908518518518 0.3340157161458333 0.6624080935185186 0.30172476302083334 0.6625163861111111 0.301648196875 0.6083214592592593 0.3340157161458333 0.6084297518518519 0.33409429791666667 0.6237275574074074 0.33733830364583334 0.6238358509259259 0.33726173697916667 0.6015474490740741 0.3340157161458333 0.6015474490740741 0.3340157161458333 0.6036249648148148 0.24788031458333334 0.60384155 0.24788031458333334 0.6180478768518519 0.25112431979166666 0.6180478768518519 0.25112431979166666 0.6084297518518519 0.26750151093749996 0.6084297518518519
3 0.2897300020833333 0.7047135935185186 0.31014708854166667 0.7046053009259259 0.31022164010416664 0.7301111425925926 0.3118597625 0.7301111425925926 0.3118597625 0.6929609574074074 0.34535361666666664 0.6929609574074074 0.34538988489583333 0.7276318037037037 0.3235583317708333 0.72768595 0.3235583317708333 0.7301111425925926 0.34688091875 0.7301111425925926 0.3469554703125 0.6907495009259259 0.31014708854166667 0.6906953546296296 0.31018335677083336 0.7022884009259259 0.28976828541666666 0.7022342546296296 0.28980455364583335 0.690589912037037 0.28656457812499997 0.690589912037037 0.2864154744791667 0.7303191796296297 0.28969373385416664 0.7303191796296297 0.2897300020833333 0.7047135935185186
3 0.3386097119791666 0.8046167 0.3386097119791666 0.755770875 0.31029619166666667 0.755770875 0.3103324604166666 0.7583528074074074 0.3368224864583333 0.7583015101851852 0.336784203125 0.8046167 0.3386097119791666 0.8046167
4 0.372027 0.8357908231481481 0.34964134583333334 0.8357480759259259 0.3496594802083333 0.8419549731481482 0.3720370744791667 0.8419834712962962 0.372027 0.8357908231481481
3 0.2870179328125 0.8082245657407408 0.30132379583333335 0.8081504703703704 0.30129760208333334 0.8045540037037037 0.2869554703125 0.8046423481481482 0.2870179328125 0.8082245657407408
3 0.3231251260416667 0.8081704185185186 0.35229498281250005 0.8081989166666667 0.35225266979166664 0.8046480481481482 0.3230143057291667 0.8047107435185185 0.3231251260416667 0.8081704185185186
3 0.37396534375 0.8046708462962964 0.37392504531250004 0.8081533203703704 0.38560548072916667 0.8081533203703704 0.38560548072916667 0.7917868342592592 0.3830868427083333 0.7917868342592592 0.3832037072916667 0.8046167 0.37396534375 0.8046708462962964
3 0.3728349786458333 0.7021573101851851 0.3728591578125 0.6913964092592593 0.3831311708333333 0.6912168712962963 0.38311908125 0.6889598175925926 0.36984686666666666 0.6889370194444444 0.36983276249999997 0.6913251638888889 0.3712814828125 0.6913622111111112 0.3712311104166667 0.7021573101851851 0.3728349786458333 0.7021573101851851
3 0.37286923229166663 0.7331547453703704 0.3830949020833333 0.7331689944444444 0.38309893229166664 0.730589912037037 0.3728168447916667 0.730589912037037 0.3727684869791667 0.7189797666666666 0.37124118489583335 0.7189797666666666 0.371303646875 0.7360843546296296 0.3728631875 0.7360644055555555 0.37286923229166663 0.7331547453703704
3 0.37284706822916663 0.7526845259259259 0.3712573041666667 0.7526845259259259 0.3712552890625 0.755785124074074 0.37284706822916663 0.755770875 0.37284706822916663 0.7526845259259259
3 0.34688091875 0.7301111425925926 0.3535643765625 0.7301567398148149 0.3535281078125 0.7281761185185185 0.34688091875 0.7282274148148148 0.34688091875 0.7301111425925926
3 0.2869635302083333 0.6103647759259259 0.28656457812499997 0.690589912037037 0.35354019739583337 0.6908720435185185 0.35356236145833336 0.6887403814814814 0.28828329635416666 0.6889598175925926 0.2884364296875 0.6084297518518519 0.2705923838541667 0.6084297518518519 0.27066895 0.66000285 0.2731875880208333 0.6599544027777778 0.27306870833333335 0.6103647759259259 0.2869635302083333 0.6103647759259259
3 0.2811444692708333 0.6282787120370371 0.2811706630208333 0.6103448277777778 0.27943784010416667 0.6103476777777778 0.27943784010416667 0.6306184101851853 0.2868869635416667 0.6305813620370371 0.2868869635416667 0.6282787120370371 0.2811444692708333 0.6282787120370371
3 0.33700584322916666 0.5784867481481482 0.3369897239583333 0.5776688518518518 0.35576264375 0.5776090055555555 0.35569816666666665 0.5732402398148149 0.3340419098958333 0.5733314333333334 0.3340398953125 0.5785522944444444 0.33700584322916666 0.5784867481481482
3 0.2985049364583333 0.6646850953703703 0.2916864802083333 0.664633799074074 0.291648196875 0.6670589907407408 0.2984807578125 0.6671045879629629 0.2985049364583333 0.6646850953703703
3 0.23105178333333332 0.7352151611111111 0.24367721145833335 0.7351695638888889 0.2436348984375 0.7329723564814815 0.2310437234375 0.7329723564814815 0.23105178333333332 0.7352151611111111
3 0.24618980468749999 0.6746451981481482 0.24617570000000003 0.6790367629629629 0.2706890994791667 0.6790054148148148 0.2706890994791667 0.6744998574074074 0.24618980468749999 0.6746451981481482
3 0.198774934375 0.8081903675925926 0.198774934375 0.8046508981481482 0.17447914583333332 0.8046138500000001 0.17447914583333332 0.7350840694444445 0.1834273625 0.7350840694444445 0.18340116875 0.7327158731481481 0.17440459375 0.7327158731481481 0.17440459375 0.7073724703703703 0.18371952447916667 0.7074009685185185 0.18372556927083333 0.7054288972222222 0.1743300421875 0.7054288972222222 0.17442877291666664 0.6825591333333333 0.1816260328125 0.6825249361111111 0.1816078984375 0.6789455685185185 0.17204110416666665 0.6790082648148148 0.17199677604166666 0.8081248222222223 0.198774934375 0.8081903675925926
3 0.17468063645833334 0.8358478194444444 0.17188797083333332 0.8358193212962963 0.17199677604166666 0.8105272157407407 0.1906387265625 0.8104018240740741 0.1906387265625 0.8191279564814815 0.19238363906249997 0.8191279564814815 0.19251662291666666 0.8128042175925927 0.19876485989583334 0.8128327157407408 0.198774934375 0.8081903675925926 0.17199677604166666 0.8081248222222223 0.17204110416666665 0.6790082648148148 0.1816078984375 0.6789455685185185 0.1816078984375 0.6746451981481482 0.17190610520833335 0.6746451981481482 0.17195244791666667 0.6505557138888889 0.1828148296875 0.6504901685185186 0.1828148296875 0.6456226842592593 0.16850896614583333 0.6456853805555555 0.1685976223958333 0.840373325925926 0.17468063645833334 0.8403362777777778 0.17468063645833334 0.8358478194444444
3 0.6948579489583333 0.7436990592592593 0.6884787427083333 0.7436990592592593 0.6884787427083333 0.7460302083333333 0.6965383838541667 0.7460330574074073 0.6965142052083333 0.7136050157407406 0.7098609713541666 0.7136905101851851 0.7098609713541666 0.7111456259259259 0.688492846875 0.711165574074074 0.6884948619791668 0.7130179537037037 0.6948136208333333 0.7129752064814815 0.6948579489583333 0.7436990592592593
3 0.6269997984375001 0.7111798231481481 0.6269131572916666 0.7849415787037037 0.6358855531250001 0.7849415787037037 0.6358855531250001 0.7823168990740741 0.6287709046875 0.7823168990740741 0.6287366510416666 0.7638073527777778 0.655462421875 0.7637332574074074 0.6554281682291666 0.7823168990740741 0.6478440458333333 0.7823653462962963 0.6478440458333333 0.7849415787037037 0.655462421875 0.7849415787037037 0.655462421875 0.8052436592592592 0.6403828328125001 0.805195212037037 0.6403646989583333 0.8074294666666667 0.6519222244791667 0.8074038185185185 0.6519564781249999 0.8359760611111111 0.644511384375 0.8359988601851852 0.6444952651041667 0.8570133944444445 0.6460729395833333 0.8570133944444445 0.6461434614583333 0.8382103166666667 0.6533286317708333 0.8381846675925927 0.6533467661458333 0.8569877453703704 0.6547692927083334 0.8570048444444445 0.6547692927083334 0.8093302935185186 0.6586641145833333 0.8093302935185186 0.658361878125 0.7647420916666667 0.6680838203125 0.7647420916666667 0.6681241182291667 0.7461242518518519 0.6720008057291668 0.74615275 0.6719846864583333 0.7437047592592593 0.6706326817708333 0.7437275574074075 0.6706326817708333 0.7364633796296296 0.6689482166666667 0.7364377314814815 0.6688776947916666 0.7437275574074075 0.6553757807291666 0.7437275574074075 0.6553072739583333 0.7134625250000001 0.6688776947916666 0.7134368768518519 0.6689300828125 0.7202365342592593 0.6706145473958334 0.7202365342592593 0.6706488010416667 0.711154175 0.6533991536458333 0.7112083212962963 0.6534333916666667 0.7611604712962963 0.6287366510416666 0.7611826731481481 0.6287003828125 0.7137817046296296 0.6418396130208334 0.7138501 0.6418396130208334 0.7112054712962963 0.6269997984375001 0.7111798231481481
3 0.6548127130208333 0.7611592314814815 0.6572677817708333 0.7611570249999999 0.6572859156249999 0.7626560277777777 0.6667439046875 0.7626047305555556 0.6667096515625001 0.7462809916666667 0.6549768286458334 0.7462581935185185 0.654942575 0.7611570249999999 0.6548127130208333 0.7611592314814815
3 0.6287890390625 0.805180962962963 0.627233528125 0.805180962962963 0.6272214385416667 0.8569506981481482 0.6287527703125 0.8569677972222222 0.6287890390625 0.805180962962963
4 0.7414950635416666 0.7443630666666666 0.73811404375 0.7443630666666666 0.7381180739583333 0.7655428898148149 0.7413862583333334 0.765571387962963 0.7414950635416666 0.7443630666666666
2 0.5697058229166667 0.6274294666666667 0.5697158973958333 0.6105357648148149 0.5559862984374999 0.6104645194444445 0.5559601046875 0.6274009685185185 0.5697058229166667 0.6274294666666667
2 0.6073060651041666 0.6151011685185185 0.6205138020833334 0.6151980620370371 0.6204553697916667 0.5949187805555556 0.6073100947916666 0.5950242231481482 0.6073060651041666 0.6151011685185185
2 0.6491779166666666 0.6859162157407408 0.6630404994791667 0.6859076657407407 0.6630002015625001 0.6654801935185185 0.6491819463541667 0.6654773435185186 0.6491779166666666 0.6859162157407408
2 0.6533991536458333 0.7112083212962963 0.6418396130208334 0.7112054712962963 0.6418698369791667 0.7291507555555555 0.6533991536458333 0.7291479055555555 0.6533991536458333 0.7112083212962963
2 0.6913882734375 0.6857623249999999 0.7049627239583334 0.685768025 0.70508361875 0.6654374462962963 0.6914688697916667 0.6654089481481481 0.6913882734375 0.6857623249999999
2 0.7072677817708333 0.6923681962962963 0.7072718114583334 0.7111427759259259 0.7218476729166666 0.7111826731481481 0.7219081203125001 0.6923510972222222 0.7072677817708333 0.6923681962962963
3 0.5406669354166667 0.8600541462962963 0.5668305458333334 0.8599572527777778 0.5668305458333334 0.862687375 0.6547189197916666 0.862704474074074 0.6547189197916666 0.8873810203703704 0.6580012088541667 0.8872898259259259 0.6580596411458333 0.8138928472222222 0.6617872255208332 0.8140011398148148 0.6617408822916667 0.7691849527777778 0.6713278260416666 0.7691935027777778 0.6713076765625 0.7508406953703703 0.6720310296875 0.7508406953703703 0.6720108807291666 0.74615275 0.66811404375 0.7461242518518519 0.6680838203125 0.7647420916666667 0.658361878125 0.7647420916666667 0.6586641145833333 0.8093302935185186 0.6547692927083334 0.8093302935185186 0.6547692927083334 0.8570048444444445 0.5733910942708333 0.8568766027777778 0.5733649005208333 0.8262923907407408 0.5635220630208334 0.826337987962963 0.5635220630208334 0.8287147333333333 0.569083215625 0.8287603305555555 0.5689240380208334 0.8542547731481481 0.5513963328125 0.8544001138888889 0.5513761838541666 0.8514163583333334 0.5480515817708334 0.8514021092592593 0.5480697161458333 0.8543830148148148 0.5374753171875 0.8543830148148148 0.5373705421875 0.8645369055555555 0.5406931291666666 0.8644913083333333 0.5406669354166667 0.8600541462962963
2 0.6442051177083333 0.8353320037037036 0.6290691114583333 0.8353206037037038 0.6290227682291667 0.8424365916666666 0.644158775 0.8423539472222222 0.6442051177083333 0.8353320037037036
2 0.6091960505208333 0.7345768027777778 0.6074027807291666 0.7345768027777778 0.6074108401041667 0.7788942722222223 0.6090771708333332 0.7788942722222223 0.6091960505208333 0.7345768027777778
2 0.6269131572916666 0.7299515527777778 0.6113761838541667 0.7300170990740741 0.611418496875 0.7545540037037037 0.6268889786458334 0.7545910518518519 0.6269131572916666 0.7299515527777778
2 0.6403828328125001 0.805195212037037 0.6287890390625 0.805180962962963 0.6287709046875 0.8226218296296296 0.6404130567708334 0.8226503277777778 0.6403828328125001 0.805195212037037
2 0.6478440458333333 0.7823653462962963 0.6358855531250001 0.7823168990740741 0.6359036875 0.7885864916666666 0.6478561354166666 0.7885864916666666 0.6478440458333333 0.7823653462962963
2 0.673356840625 0.7371986324074075 0.6733991536458334 0.7186719861111112 0.6706286520833333 0.7186719861111112 0.6706145473958334 0.7202365342592593 0.6689300828125 0.7202365342592593 0.6689482166666667 0.7364377314814815 0.6706447713541667 0.7364662296296296 0.670634696875 0.7372043314814815 0.673356840625 0.7371986324074075
3 0.7380777755208333 0.7058250212962963 0.7381180739583333 0.7137503564814814 0.7129196052083333 0.7137332574074073 0.7128893812499999 0.7111883731481481 0.7098609713541666 0.7111456259259259 0.7098609713541666 0.7136905101851851 0.6965142052083333 0.7136050157407406 0.6965383838541667 0.7460330574074073 0.6883296395833334 0.7460330574074073 0.6883296395833334 0.7508891425925927 0.69648398125 0.7508891425925927 0.6966451744791667 0.8450527212962963 0.7218597625 0.8448247361111111 0.7218597625 0.8402735824074073 0.6999173885416667 0.8402735824074073 0.6998730067708333 0.740798074074074 0.73806165625 0.7408748935185185 0.73811404375 0.7443630666666666 0.7414950635416666 0.7443630666666666 0.7414124520833333 0.7057965231481482 0.7380777755208333 0.7058250212962963
3 0.6998710432291666 0.7363978018518519 0.73811404375 0.7362467935185185 0.7381684463541667 0.718261612962963 0.6998629859375 0.7183385583333334 0.6998710432291666 0.7363978018518519
3 0.20165827135416667 0.6557309777777778 0.20167640520833335 0.6503961240740741 0.2022788635416667 0.650390425 0.202228490625 0.6456312342592593 0.1942857140625 0.6455941861111111 0.194255490625 0.6504673694444445 0.19855329427083335 0.6504987175925926 0.19855329427083335 0.6557309777777778 0.20165827135416667 0.6557309777777778
3 0.19501511197916666 0.6746309490740741 0.19501108177083332 0.6789484185185185 0.23599032864583333 0.6789199203703704 0.23599032864583333 0.67461955 0.22232520677083334 0.674602450925926 0.22241587760416665 0.6504559703703704 0.23584525468749998 0.6504531203703704 0.235859359375 0.6456967796296297 0.218581503125 0.6456654314814815 0.2186218015625 0.6503961240740741 0.21932299010416667 0.6503961240740741 0.21931896041666665 0.67461385 0.19501511197916666 0.6746309490740741