3 0.7067338302083334 0.5082758620370371 0.7072375578125 0.5798318611111111 0.7090812010416666 0.5795924768518519 0.7092464234375 0.5059048157407408 0.6973524078125001 0.5059048157407408 0.6975216604166667 0.5795924768518519 0.70120693125 0.5798318611111111 0.70137416875 0.5077999425925926 0.7067338302083334 0.5082758620370371
3 0.6241084020833333 0.469615275 0.6240278057291667 0.47281561666666666 0.6317025994791667 0.47281561666666666 0.6317025994791667 0.4698432601851852 0.6241084020833333 0.469615275
3 0.678881725 0.4728042175925926 0.6789320973958334 0.46987175833333333 0.6694479145833333 0.4696808203703704 0.6694479145833333 0.43249358796296294 0.6675861375000001 0.43249358796296294 0.6677030020833333 0.4695183814814815 0.6542071328125 0.4695183814814815 0.6540922828125001 0.47231405 0.678881725 0.4728042175925926
3 0.7057666734375 0.46191222592592596 0.7057868223958333 0.47277002037037036 0.7440822083333334 0.472496437962963 0.7439431796875 0.46670561388888887 0.7080173281250001 0.46701054444444445 0.7083074755208333 0.4349244796296296 0.7416582713541667 0.43478768888888886 0.7417549869791666 0.44548304351851853 0.7440822083333334 0.44548304351851853 0.7439834776041666 0.43108577962962963 0.7058835380208334 0.43190937592592593 0.7057404796875001 0.45883727592592594 0.6964094296875001 0.4589085212962963 0.6966733828125 0.4319891703703703 0.6942091479166667 0.4320091194444444 0.6943844447916666 0.4721972074074074 0.6964799515625 0.47222285555555554 0.6965222645833333 0.4620005703703704 0.7057666734375 0.46191222592592596
3 0.8265927864583333 0.4195411796296296 0.8265927864583333 0.4247819888888889 0.827709046875 0.42461669999999996 0.8277694942708334 0.4195411796296296 0.8265927864583333 0.4195411796296296
3 0.848581503125 0.4377087490740741 0.8483014307291667 0.4249330296296296 0.8501511182291667 0.42485323425925925 0.8502095505208334 0.4192989453703704 0.8416240177083334 0.4193787407407407 0.8416240177083334 0.42469364537037035 0.8443723552083333 0.42485323425925925 0.844485190625 0.4376289537037037 0.848581503125 0.4377087490740741
3 0.8446443682291667 0.4572983759259259 0.8445617567708333 0.4623254490740741 0.8789320973958333 0.4628612138888889 0.8789824703125 0.45717298333333334 0.8446443682291667 0.4572983759259259
3 0.8420048359375 0.46593616388888887 0.8421176708333333 0.48005984629629633 0.844025790625 0.48021943611111106 0.8443098932291666 0.4658478194444444 0.8420048359375 0.46593616388888887
3 0.8639431796875 0.4658620685185185 0.863999596875 0.4800683953703704 0.8665242796875 0.480384725 0.8664678619791667 0.4658620685185185 0.8639431796875 0.4658620685185185
3 0.8640862380208334 0.5016899398148149 0.8639875078125 0.553245938888889 0.8660245817708333 0.553245938888889 0.866413459375 0.5018238814814815 0.8640862380208334 0.5016899398148149
3 0.8642695947916667 0.5532316898148149 0.86435220625 0.5560245083333334 0.8967479348958334 0.556523225925926 0.8965524885416667 0.5529581074074074 0.8642695947916667 0.5532316898148149
4 0.6210679026041667 0.5877685953703704 0.6209993953125 0.5936734111111112 0.6030908723958334 0.5940552861111111 0.60288938125 0.6074807638888888 0.6308301432291666 0.6076688518518519 0.6313681239583333 0.5879595324074074 0.6210679026041667 0.5877685953703704
4 0.6747471286458333 0.5864548305555556 0.6750151119791667 0.5934055287037037 0.6569715895833333 0.5935024222222223 0.6567015916666666 0.6075890564814815 0.6849788432291667 0.6076888 0.6849788432291667 0.5863607861111111 0.6747471286458333 0.5864548305555556
4 0.7280959098958333 0.5932516388888889 0.7282631473958333 0.6074266175925926 0.7898186578125 0.6076517527777778 0.7898186578125 0.5935964666666668 0.7280959098958333 0.5932516388888889
4 0.8298710458333333 0.5806925046296296 0.8293330645833333 0.594026787962963 0.8193008260416667 0.5939298944444444 0.819435825 0.6076403537037037 0.8471065885416666 0.6079281842592593 0.8473765869791666 0.5804075231481481 0.8298710458333333 0.5806925046296296
4 0.8793028411458333 0.42587061851851854 0.8791678421875001 0.4514847537037037 0.8857646583333333 0.45167569074074077 0.8856357041666667 0.42587346851851854 0.8793028411458333 0.42587061851851854
4 0.8279850895833333 0.382878312962963 0.8279850895833333 0.38935309166666665 0.8495970177083334 0.38925619814814816 0.849665525 0.382878312962963 0.8279850895833333 0.382878312962963
2 0.5481301630208333 0.37533200370370373 0.5545536973958334 0.37533200370370373 0.5545536973958334 0.3820461666666667 0.5819161796875 0.38184098055555554 0.5826133385416666 0.35025363333333337 0.5485492645833333 0.35222855555555554 0.5481301630208333 0.37533200370370373
2 0.5755692119791667 0.34947563425925926 0.5847813822916667 0.3500484472222222 0.5848599635416666 0.3330208037037037 0.5760548057291667 0.33256483333333337 0.5755692119791667 0.34947563425925926
2 0.6105057427083334 0.3265118268518518 0.6226798307291667 0.3264348814814815 0.622343340625 0.3150926185185185 0.6106226072916667 0.31643488148148147 0.6105057427083334 0.3265118268518518
1 0 0 0 1 1 1 1 0 0 0
3 0.7916623010416667 0.47195212314814816 0.8250513802083332 0.47228270185185184 0.8250513802083332 0.4683328583333333 0.7943381020833333 0.4684981472222222 0.7936409432291666 0.4304873185185185 0.7993048557291667 0.43021943611111113 0.7994176911458334 0.406736962037037 0.8228873666666666 0.4068623537037037 0.8227241588541666 0.4485893416666667 0.8251682447916667 0.4484240527777778 0.824924440625 0.39292960925925924 0.8184626234375 0.39294670833333334 0.8181317677083333 0.3799490305555555 0.8181966552083334 0.37983756018518516 0.8051339916666667 0.3799430037037037 0.8051339916666667 0.3798917074074074 0.8050413057291668 0.40366771203703705 0.7974068104166666 0.40383870092592594 0.7972818859374999 0.4276432027777778 0.7918557322916667 0.4276432027777778 0.7916623010416667 0.47195212314814816
3 0.8165595447916666 0.3826499324074074 0.8163751765625 0.38296665740740743 0.8070683052083333 0.3830379027777778 0.8069534557291667 0.4036933601851852 0.8229095307291666 0.40359646666666665 0.8229014708333333 0.3958278712962963 0.8164779369791667 0.3958278712962963 0.8163892807291667 0.38294955833333333 0.8165595447916666 0.3826499324074074
3 0.3334676609375 0.6425591333333333 0.33342131770833333 0.6356169851851853 0.32724964739583334 0.6352180111111111 0.3270159177083333 0.5679025361111111 0.31761837604166665 0.5677030490740741 0.31766471874999996 0.5751097175925927 0.3219665526041667 0.5751097175925927 0.3221075963541667 0.6427586203703703 0.3334676609375 0.6425591333333333
3 0.36136812395833334 0.6354374462962963 0.36131170677083335 0.642502137037037 0.3788152328125 0.6426617268518519 0.3788152328125 0.6353605018518519 0.36136812395833334 0.6354374462962963
3 0.281920209375 0.321721287962963 0.2773141244791667 0.32172698796296295 0.2777312109375 0.3515389 0.39639734010416666 0.3521316611111111 0.39625831145833335 0.4208435453703704 0.2943904895833333 0.4215673981481482 0.29428571406250004 0.380581362037037 0.2723796088541667 0.3807124537037037 0.2723796088541667 0.38372470833333333 0.2736369130208333 0.38372470833333333 0.27383437447916664 0.38701339444444444 0.28973806145833336 0.3875748074074074 0.2898428369791667 0.42801937870370366 0.39794479166666663 0.4279025361111111 0.39736248229166665 0.6422912509259259 0.40259721927083336 0.6422912509259259 0.40086439635416665 0.34541749814814815 0.28233528125 0.34481903703703704 0.281920209375 0.321721287962963
3 0.24468869635416668 0.34430037037037037 0.24457586145833332 0.38777714444444444 0.25020350572916666 0.38777714444444444 0.25020350572916666 0.38384440000000003 0.2515534958333333 0.3838614990740741 0.2516099135416667 0.3804046740740741 0.24968365885416668 0.38042747222222223 0.24963933125 0.32275007129629635 0.24482571041666665 0.3228498148148148 0.24454966770833333 0.33687660277777776 0.24273020364583334 0.33719863240740744 0.242818859375 0.3441749787037037 0.24468869635416668 0.34430037037037037
3 0.14560346562499998 0.34411798240740743 0.14580294166666666 0.3726303787037037 0.14948216822916666 0.3724679398148148 0.14929679635416668 0.3441550296296296 0.14560346562499998 0.34411798240740743
3 0.19338504947916665 0.34405813611111113 0.1939693734375 0.3776375037037037 0.197066290625 0.3774750638888889 0.197181140625 0.344226275 0.19338504947916665 0.34405813611111113
3 0.21067096510416666 0.37248788796296295 0.2107354421875 0.37785123981481483 0.244448921875 0.3777628953703704 0.2446040703125 0.37237674537037035 0.21067096510416666 0.37248788796296295
3 0.24751360052083332 0.3925990314814815 0.24735039270833334 0.4551040185185185 0.21624823697916667 0.45453405555555554 0.21624823697916667 0.458076375 0.24969373385416666 0.458076375 0.24953254062500002 0.38985750925925927 0.21829740052083332 0.38997720185185186 0.2183860567708333 0.38064120833333337 0.21624823697916667 0.3806013111111111 0.21616562552083335 0.434420062962963 0.21842836979166666 0.43465089814814817 0.21834978854166665 0.3926417787037037 0.24751360052083332 0.3925990314814815
3 0.1910799921875 0.3810344824074074 0.19117267760416665 0.4041122824074074 0.19350997395833333 0.4041122824074074 0.19350997395833333 0.3812311203703703 0.1910799921875 0.3810344824074074
3 0.19348982447916668 0.4789484185185185 0.19348982447916668 0.4280051296296296 0.1517489421875 0.42809917314814816 0.1517489421875 0.43133656296296297 0.19093290364583335 0.43133656296296297 0.19120088645833333 0.4788543740740741 0.19348982447916668 0.4789484185185185
3 0.15092685885416665 0.5026047305555557 0.1508462625 0.5083186092592593 0.19326213958333333 0.5080906240740741 0.19318154322916667 0.5026047305555557 0.15092685885416665 0.5026047305555557
3 0.21620390885416668 0.4901310916666667 0.21620390885416668 0.5000057 0.23100745520833332 0.4998660583333333 0.23100745520833332 0.4902593333333334 0.21620390885416668 0.4901310916666667
3 0.26491033645833334 0.4936221148148148 0.26497078385416667 0.5168424055555556 0.2656981666666667 0.5168082074074074 0.26569413645833334 0.4935708175925925 0.2863731614583333 0.4938643490740741 0.2864356234375 0.4907010546296296 0.23122103541666666 0.49083214629629623 0.23115252864583333 0.5094670842592594 0.21831150520833334 0.5089854657407408 0.21833568385416668 0.500188087962963 0.21616159583333333 0.5001339416666667 0.21617368541666665 0.5144941583333333 0.23286520260416665 0.5144599601851851 0.2329296796875 0.49339697962962964 0.26491033645833334 0.4936221148148148
3 0.14960910729166665 0.6012909657407407 0.14958291354166667 0.5918495296296297 0.14573443489583332 0.5917839842592593 0.14561958489583335 0.6069392990740741 0.152008865625 0.6068851527777778 0.152087446875 0.6014277574074074 0.14960910729166665 0.6012909657407407
3 0.18026193854166667 0.6013878601851852 0.18018134218749998 0.6066457675925926 0.24053193645833335 0.6072185805555556 0.24061454739583335 0.6016186944444445 0.18026193854166667 0.6013878601851852
3 0.2629941567708333 0.6015816472222222 0.2630928875 0.6066543175925926 0.289365303125 0.6072670277777777 0.28946403385416664 0.6015816472222222 0.2629941567708333 0.6015816472222222
3 0.287066290625 0.5309774861111112 0.2650997380208333 0.5308235962962963 0.266617878125 0.533118612037037 0.2651118276041667 0.5309147907407408 0.26530122916666665 0.562695925 0.28679830729166667 0.562687375 0.287066290625 0.5309774861111112
3 0.26732386354166665 0.5341858703703704 0.26707032031250005 0.5596380731481482 0.285180334375 0.5597435166666667 0.285383840625 0.5337389574074074 0.26732419895833337 0.5341863777777778 0.26732386354166665 0.5341858703703704
3 0.30293572447916667 0.5389769166666666 0.30317751354166667 0.533835850925926 0.2889582911458334 0.5339498435185186 0.2887165020833333 0.5640011398148148 0.2922708041666667 0.5641151324074074 0.2926758010416667 0.5393188944444445 0.30293572447916667 0.5389769166666666
3 0.3281362078125 0.5642120259259259 0.32806770104166666 0.5341208324074074 0.31561354010416665 0.5339298944444444 0.3157465244791667 0.5392618981481481 0.3242978036458333 0.5393587916666667 0.32423131145833334 0.5641151324074074 0.3281362078125 0.5642120259259259
3 0.28698770885416663 0.4901168425925926 0.2863409229166667 0.5310230833333333 0.2905420109375 0.5310230833333333 0.2905420109375 0.4902251351851851 0.28698770885416663 0.4901168425925926
3 0.33029216197916667 0.5093131944444445 0.33029216197916667 0.4906868055555555 0.29075760624999997 0.49045597037037036 0.29070320364583335 0.4933143342592593 0.3281100140625 0.4932003416666667 0.3281100140625 0.5095411796296296 0.33029216197916667 0.5093131944444445
3 0.3273403182291667 0.6017041888888889 0.32739069114583336 0.6067854092592593 0.3333971390625 0.6068908518518519 0.3333588557291666 0.6017583361111111 0.3273403182291667 0.6017041888888889
3 0.3663751765625 0.616913650925926 0.36641547447916667 0.6070504416666667 0.397426959375 0.6069392990740741 0.39754382447916664 0.6018694787037038 0.36142655677083335 0.6015389 0.361347975 0.6068281564814815 0.36216602864583336 0.6069934453703704 0.362361475 0.616913650925926 0.3663751765625 0.616913650925926
3 0.38055208541666663 0.4632886861111111 0.3804896234375 0.45563408333333333 0.289929478125 0.4551040185185185 0.28944388489583334 0.4308805925925926 0.28790852291666663 0.4306497574074074 0.2875861375 0.458076375 0.3500362682291666 0.45784838981481485 0.3497138828125 0.5024109435185186 0.35283296406250003 0.5024593898148149 0.35277050156249995 0.4995953259259259 0.3518134192708333 0.49966942129629627 0.351894015625 0.4581875175925926 0.3784787427083333 0.45860359074074075 0.37841426562499997 0.46634938703703704 0.3958452546875 0.46641493333333334 0.39587749322916665 0.49966942129629627 0.36703405208333334 0.49966942129629627 0.36700181354166667 0.502296950925926 0.3975861375 0.5024052435185186 0.3976224057291667 0.4634454259259259 0.38055208541666663 0.4632886861111111
3 0.3150453354166666 0.37560843518518516 0.3150453354166666 0.42062695925925925 0.31839814635416663 0.4216158453703704 0.31850090677083337 0.37538330000000003 0.3150453354166666 0.37560843518518516
3 0.31478944166666667 0.35227700185185185 0.31478944166666667 0.35789683703703706 0.318529115625 0.35789683703703706 0.31848277239583334 0.35240809351851854 0.31478944166666667 0.35227700185185185
3 0.2777191213541667 0.35191792499999996 0.2776687489583333 0.35805357685185185 0.28160185364583334 0.35805357685185185 0.2815514807291667 0.3519720722222222 0.2777191213541667 0.35191792499999996
3 0.27794680625 0.37531205462962963 0.2778541203125 0.38067825555555557 0.2815958088541667 0.38067825555555557 0.28130969166666664 0.37542034722222223 0.27794680625 0.37531205462962963
4 0.12050977239583333 0.37248788796296295 0.12057626458333333 0.41200626944444446 0.12542413854166667 0.41200626944444446 0.12543018333333333 0.37257623240740745 0.12050977239583333 0.37248788796296295
4 0.14553092864583334 0.3727643203703704 0.14559742083333335 0.4122798518518519 0.1518597625 0.4117098888888889 0.15159379427083333 0.37266457685185184 0.14553092864583334 0.3727643203703704
4 0.12076365104166667 0.44744371574074077 0.12083215781250001 0.4869620972222223 0.12568003229166666 0.4869620972222223 0.12568607708333335 0.4475320601851852 0.12076365104166667 0.44744371574074077
4 0.1453919 0.44749216296296296 0.14545839218749998 0.4870076944444444 0.15172073333333333 0.4864377314814815 0.1514547651041667 0.44739526944444447 0.1453919 0.44749216296296296
4 0.120564175 0.5202336851851852 0.12078984479166667 0.6072841268518518 0.125075559375 0.607301225 0.1254845859375 0.5203191796296296 0.120564175 0.5202336851851852
4 0.14554503333333332 0.5206640064814815 0.14547249635416665 0.5913850101851852 0.15173282291666668 0.5914021092592593 0.15160789843750003 0.520567112962963 0.14554503333333332 0.5206640064814815
4 0.15226072916666666 0.5986235398148148 0.152176103125 0.6070874888888889 0.18013499895833332 0.6071957824074073 0.18013298385416665 0.5985095472222223 0.15226072916666666 0.5986235398148148
4 0.1523655046875 0.6353149046296296 0.1523655046875 0.6425135370370371 0.21344348177083333 0.6426275296296297 0.21328228906250002 0.6354288972222222 0.1523655046875 0.6353149046296296
4 0.2408059640625 0.6362182953703704 0.24045738489583332 0.6441179824074074 0.26298811197916666 0.6441094333333334 0.2630263953125 0.635559988888889 0.2408059640625 0.6362182953703704
2 0.1750433203125 0.42809917314814816 0.19369333072916667 0.42762325462962963 0.19362683854166668 0.40429467129629626 0.17497682864583333 0.40429467129629626 0.1750433203125 0.42809917314814816
4 0.22043320572916666 0.33695639814814815 0.22053596614583335 0.3439954407407408 0.24271609895833332 0.3439954407407408 0.24259117447916667 0.33707323981481485 0.22043320572916666 0.33695639814814815
4 0.30078178541666667 0.5629438583333334 0.30098730625 0.5747506416666667 0.31747733229166664 0.5744656601851852 0.31767882343750004 0.5633257342592592 0.30078178541666667 0.5629438583333334
4 0.24065484583333333 0.5983955546296297 0.24076969583333332 0.6072128814814814 0.26283497864583333 0.6070789398148149 0.26282288958333333 0.5981989166666667 0.24065484583333333 0.5983955546296297
4 0.333524078125 0.5981789685185185 0.33354825729166665 0.6052265601851852 0.36121297604166663 0.6052237101851852 0.3611444692708333 0.598082075 0.333524078125 0.5981789685185185
4 0.33349183958333334 0.6354830435185185 0.3334737052083333 0.6442519240740741 0.3612794682291666 0.6442519240740741 0.36111424531249997 0.63538615 0.33349183958333334 0.6354830435185185
2 0.17485996354166666 0.502125962037037 0.19350997395833333 0.5016500425925926 0.19344348177083334 0.4783214592592593 0.17479347187500002 0.4783214592592593 0.17485996354166666 0.502125962037037
4 0.37900261927083334 0.6356739814814816 0.3789723958333333 0.6444143629629631 0.39735845260416663 0.6445939018518518 0.3974229296875 0.6354773435185185 0.37900261927083334 0.6356739814814816
2 0.21581704635416665 0.43435451666666663 0.21581704635416665 0.4543516675925926 0.23231110208333333 0.4544485611111111 0.23190610520833335 0.43444856111111113 0.21581704635416665 0.43435451666666663
2 0.2616099135416667 0.5305015675925926 0.2663892807291667 0.5305984611111111 0.2664577875 0.5168851527777777 0.26154342135416664 0.5169791962962963 0.2616099135416667 0.5305015675925926
2 0.2718396130208333 0.3746708462962963 0.27991940364583334 0.3745597037037037 0.27983074739583336 0.35844685092592593 0.271920209375 0.35844400092592593 0.2718396130208333 0.3746708462962963
2 0.25164416666666667 0.3528469648148148 0.25164013697916665 0.38358506666666664 0.271920209375 0.38358506666666664 0.2717590166666667 0.3531889425925926 0.25164416666666667 0.3528469648148148
2 0.31699979843750004 0.37489598148148146 0.3172697963541667 0.35833000833333334 0.30979649427083333 0.35804502685185186 0.30925649791666665 0.37508976944444444 0.31699979843750004 0.37489598148148146
2 0.3030687083333333 0.5308748935185185 0.3029981864583334 0.5463835851851853 0.31538988489583336 0.5466343685185185 0.3155188395833333 0.5310401824074075 0.3030687083333333 0.5308748935185185
2 0.32805561145833334 0.5098546592592592 0.32805561145833334 0.5307381018518518 0.33401773125 0.5310202333333334 0.33401773125 0.5094670842592594 0.32805561145833334 0.5098546592592592
2 0.3303626838541666 0.49167854074074074 0.330634696875 0.5192875462962964 0.3493814223958333 0.5195554287037037 0.34949425729166667 0.4918466796296297 0.3303626838541666 0.49167854074074074
2 0.35287930677083335 0.5031347962962963 0.36684868020833333 0.5032145907407407 0.36651219010416664 0.4809974351851852 0.3528228895833333 0.48067825555555554 0.35287930677083335 0.5031347962962963
2 0.3793290348958333 0.47852949537037043 0.37920209531250004 0.4665488740740741 0.3779689703125 0.46656027314814813 0.37816441666666667 0.49915360462962965 0.37910135 0.49910800833333335 0.38472294999999995 0.4814249074074074 0.3793290348958333 0.47852949537037043
2 0.36230102760416666 0.6170361925925926 0.3620672979166667 0.6350869194444444 0.3727745317708333 0.6350869194444444 0.3729135604166667 0.6169022509259259 0.36230102760416666 0.6170361925925926
2 0.19755389895833333 0.38102593333333334 0.21041104166666666 0.38102593333333334 0.21029417708333334 0.3655970361111111 0.19747733229166667 0.3658193212962963 0.19755389895833333 0.38102593333333334
3 0.12065484583333334 0.37267312592592594 0.1255027203125 0.3719863212962963 0.1256961515625 0.3440125388888889 0.22031835572916666 0.3441493305555556 0.22041507135416666 0.33729552592592593 0.12046141458333333 0.3371587342592593 0.12065484583333334 0.37267312592592594
3 0.12042111614583333 0.4122542037037037 0.12058230885416667 0.4467626101851852 0.12543018333333333 0.4469905953703704 0.1255107796875 0.4123681962962963 0.12042111614583333 0.4122542037037037
3 0.14563771927083333 0.41242519259259264 0.14563771927083333 0.44710458796296293 0.1494176911458333 0.4470846398148148 0.14933105 0.41245938981481484 0.14563771927083333 0.41242519259259264
3 0.12060447291666666 0.48659732129629635 0.12068909947916667 0.5204160731481481 0.12573443489583333 0.5205414648148149 0.12569413645833333 0.48671131388888894 0.12060447291666666 0.48659732129629635
3 0.1455369734375 0.4867056138888889 0.14570018125 0.5203619268518518 0.14955671979166668 0.5203448277777777 0.14922828958333334 0.4867426620370371 0.1455369734375 0.4867056138888889
3 0.12553495885416666 0.6353491018518518 0.12577674791666665 0.60769735 0.1203969375 0.6076403537037037 0.12044529531249999 0.6424337416666667 0.15207334270833334 0.6426617268518519 0.15198468645833335 0.6355058416666667 0.12553495885416666 0.6353491018518518
3 0.21362079375 0.6352094611111111 0.2136872859375 0.6426360787037037 0.24061857760416666 0.6425420351851852 0.24061857760416666 0.6353035055555556 0.21362079375 0.6352094611111111
3 0.3009268588541667 0.5750441722222221 0.300880515625 0.5675719574074074 0.2895204515625 0.5675719574074074 0.28947410833333337 0.6351524648148148 0.26305661875 0.6350869194444444 0.26305661875 0.6426246796296297 0.29461615937499996 0.6426246796296297 0.2947088453125 0.5751097175925927 0.3009268588541667 0.5750441722222221
3 0.58305661875 0.35040467407407405 0.5828228895833334 0.375579937037037 0.58654644375 0.37574237685185186 0.5863127140625 0.3507324027777778 0.58305661875 0.35040467407407405
3 0.5832883338541667 0.31321744074074076 0.5827060244791666 0.3324679398148148 0.5864295786458332 0.3324679398148148 0.58654644375 0.3137104592592593 0.5832883338541667 0.31321744074074076
3 0.6057163005208334 0.3235166712962963 0.6057163005208334 0.3291336564814815 0.6104452953125 0.3291678537037037 0.6104070119791667 0.3234454259259259 0.6057163005208334 0.3235166712962963
3 0.6228128145833334 0.323642062962963 0.6228490833333333 0.32915075555555556 0.6274148697916666 0.32918495277777776 0.6273886760416667 0.32360501574074074 0.6228128145833334 0.323642062962963
2 0.6318879708333333 0.42667996574074074 0.6522546848958334 0.42699629537037037 0.6524219223958333 0.39406383611111107 0.6322808786458334 0.39541464814814814 0.6318879708333333 0.42667996574074074
2 0.624344146875 0.5031005981481482 0.6242272817708333 0.48368481018518517 0.6074753171875 0.48417782870370374 0.6075921822916667 0.5027700203703703 0.624344146875 0.5031005981481482
2 0.6241124317708333 0.5050755203703704 0.6239754182291667 0.532881162962963 0.642027 0.5330493018518518 0.64191215 0.5054032490740741 0.6241124317708333 0.5050755203703704
2 0.67856336875 0.5046508981481481 0.6787426958333334 0.531165574074074 0.6969010677083334 0.5315047018518518 0.6971791255208333 0.5049244796296296 0.67856336875 0.5046508981481481
2 0.679224259375 0.4692732972222222 0.6790590369791667 0.4778654888888889 0.6942454161458333 0.47808207499999994 0.6942716098958334 0.4694955824074074 0.679224259375 0.4692732972222222
2 0.7273121093749999 0.4663037898148148 0.7446766067708332 0.46634938703703704 0.7445496677083334 0.445582787037037 0.7277694942708333 0.44619264722222224 0.7273121093749999 0.4663037898148148
2 0.7989018739583333 0.4722542037037037 0.7993048557291667 0.4997748648148148 0.8201813421874999 0.4995782277777778 0.8201752973958333 0.4722542037037037 0.7989018739583333 0.4722542037037037
2 0.8663852510416666 0.48070105462962964 0.858952246875 0.48092903981481483 0.85929478125 0.501527500925926 0.866502115625 0.5015987462962963 0.8663852510416666 0.48070105462962964
2 0.8448519041666667 0.4381390712962963 0.8448519041666667 0.4565688231481482 0.8549727989583332 0.45673411203703707 0.8552065281250001 0.4386320888888889 0.8448519041666667 0.4381390712962963
2 0.8279588958333334 0.42811057314814815 0.8412452145833333 0.42793673425925927 0.8415152124999999 0.41354801944444447 0.8283759822916666 0.41348247407407407 0.8279588958333334 0.42811057314814815
3 0.5823755791666667 0.3762211453703703 0.5822365505208332 0.38648902777777777 0.6897320166666667 0.3872784268518518 0.6897320166666667 0.30197777129629627 0.6816361072916667 0.30197777129629627 0.6817771510416667 0.3758250212962963 0.6317973 0.37602165833333334 0.6319423734375 0.30228555185185185 0.6275538989583332 0.3021801083333333 0.6274148697916666 0.37602735833333334 0.6057666734375 0.3757765740740741 0.6056135401041666 0.3087802796296297 0.582933709375 0.30908520925925925 0.582933709375 0.3128384157407408 0.6013620791666666 0.3136278138888889 0.6012391697916667 0.37597321203703704 0.5823755791666667 0.3762211453703703
3 0.5977755390625 0.598255912962963 0.597850090625 0.5835850666666667 0.5835482572916667 0.5836392138888888 0.5832560953125 0.42923625 0.6309308885416667 0.429415787962963 0.6309449927083333 0.4282103166666667 0.6318537177083333 0.42821601574074075 0.6318517026041667 0.4223254490740741 0.578325609375 0.42233114814814815 0.5781039692708333 0.6051097175925926 0.6030102760416667 0.6049700768518519 0.6033024380208333 0.598255912962963 0.5977755390625 0.598255912962963
3 0.5483417286458334 0.3758934166666667 0.5482913562499999 0.3874750638888889 0.5544589963541667 0.38739811944444447 0.5545698166666667 0.37573382685185186 0.5483417286458334 0.3758934166666667
3 0.8841829536458333 0.4546708462962963 0.8841829536458333 0.451926475 0.8791416484375 0.45179253333333336 0.8791416484375 0.4615275009259259 0.8990167239583333 0.4618010833333333 0.8989200078124999 0.5978255916666667 0.8842796697916667 0.5979623824074074 0.8842796697916667 0.559980050925926 0.8680898651041667 0.5595668277777778 0.8678964338541667 0.5979623824074074 0.8471489020833334 0.5979623824074074 0.8471489020833334 0.6050897694444444 0.9043481765625 0.6052294101851853 0.9041547453125 0.45453405555555554 0.8841829536458333 0.4546708462962963
3 0.6309570822916667 0.598067825925926 0.630880515625 0.605389 0.6569050979166666 0.6053405527777778 0.6569453958333333 0.5979566824074074 0.6309570822916667 0.598067825925926
3 0.8024219223958333 0.5981675694444445 0.8023413260416666 0.500011399074074 0.799109409375 0.500011399074074 0.79919000625 0.5980535768518519 0.7898186578125 0.5980535768518519 0.7898186578125 0.6053662009259259 0.8193088859375001 0.6054801935185185 0.8194680635416667 0.5982815620370371 0.8024219223958333 0.5981675694444445
3 0.7281966552083333 0.6053975490740741 0.7282893411458333 0.5981903675925926 0.7248297401041667 0.5981219722222222 0.7247370541666667 0.583642062962963 0.6906528307291667 0.5833770305555556 0.6906528307291667 0.5981219722222222 0.6849042916666667 0.5979908805555556 0.6848559338541667 0.6053320037037037 0.7281966552083333 0.6053975490740741
2 0.8255188395833333 0.4485152462962963 0.8091436630208333 0.44910800833333336 0.8091436630208333 0.4681191222222222 0.8254281682291666 0.46834995740740737 0.8255188395833333 0.4485152462962963
3 0.8554120489583333 0.4036962101851852 0.8552609307291666 0.38237674537037036 0.8499133588541666 0.3821772583333333 0.8502619385416667 0.4247933888888889 0.8843501916666666 0.42561698518518515 0.8843582510416667 0.40376745555555554 0.8554120489583333 0.4036962101851852
3 0.8430949020833334 0.3245540037037037 0.7221297604166667 0.3250555712962963 0.7220572234374999 0.42211171296296296 0.6523131171875 0.42231405 0.6524017729166667 0.42809062407407406 0.6532117671875 0.4280364777777778 0.6532299010416666 0.4293017953703704 0.7270703203125 0.4293359935185185 0.7272456177083334 0.33198917037037035 0.8207838 0.3319749212962963 0.8210034255208334 0.3895668277777778 0.8279367317708334 0.38963237407407403 0.8278440458333333 0.38249073796296296 0.8259238364583333 0.3823567972222222 0.8259601046875 0.3298518092592593 0.8388736651041667 0.33017953796296295 0.8391638119791666 0.3618438305555556 0.9140358656249999 0.36222000555555556 0.9140358656249999 0.35628099166666666 0.8433729598958333 0.3560843546296296 0.8430949020833334 0.3245540037037037
3 0.5836490026041666 0.5051410657407408 0.5836490026041666 0.5077742944444444 0.5894660489583334 0.5077714444444444 0.5894197057291667 0.580173838888889 0.5910940963541667 0.580173838888889 0.5919564781250001 0.508073525 0.6237275843750001 0.5079538333333333 0.6238081807291667 0.5029353092592592 0.6215534958333334 0.5028213166666666 0.6215534958333334 0.5048788833333333 0.5925508765625 0.5046394981481482 0.5923634895833333 0.44750071203703706 0.6216099135416666 0.44738671944444447 0.6217610317708334 0.4833884296296296 0.6238363890625 0.4835166712962963 0.6239492244791667 0.4320262185185185 0.6218073744791667 0.431917925 0.6217368526041667 0.4447591907407407 0.5905661895833333 0.44500997407407406 0.5906427562500001 0.5050527212962963 0.5836490026041666 0.5051410657407408
3 0.678422325 0.5080364777777778 0.6785895630208334 0.5049558277777778 0.6420693130208334 0.5056682814814815 0.6425710255208333 0.5931005981481481 0.6439129557291667 0.5933371333333334 0.64458190625 0.5085095472222222 0.678422325 0.5080364777777778