1 1 0.8154789055555556 0.9951904088541668 0.004532497222222222 0 0.0008580388888888889 0 0.43577822129629634 0.00013298385416666666 1 0.9742857140625 1 1 0.9999657925925927 1 0.8154789055555556
4 0.5991940359375001 0.3394412768518519 0.6427563973958333 0.33916761666666667 0.6430465442708333 0.33286202962962963 0.5991940359375001 0.3328677305555555 0.5991940359375001 0.3394412768518519
4 0.5011807375 0.2836231472222222 0.5446846666666667 0.2839965796296296 0.5448821276041667 0.2773745722222222 0.5012452145833334 0.2776539342592592 0.5011807375 0.2836231472222222
2 0.6115111828124999 0.5189367157407407 0.630352609375 0.5190136833333333 0.6303646989583334 0.4951539342592593 0.6118275234375 0.4951539342592593 0.6115111828124999 0.5189367157407407
2 0.5975800927083333 0.5132098064814814 0.5739451942708332 0.5128050166666667 0.5743239973958333 0.542214937037037 0.5978641947916666 0.5424743444444444 0.5975800927083333 0.5132098064814814
2 0.4572899458333334 0.5256984037037037 0.4341305661458333 0.5255644240740741 0.43450936927083333 0.5565849490740741 0.4574813619791666 0.5567189277777778 0.4572899458333334 0.5256984037037037
2 0.34604674583333334 0.4941391101851852 0.32022768489583336 0.4938711518518519 0.32003828333333334 0.5218044472222222 0.34553697343749995 0.5220353481481481 0.34604674583333334 0.4941391101851852
2 0.3873463630208333 0.4938996583333334 0.36388877708333334 0.49406784537037035 0.36405399947916667 0.5207240592592592 0.38745315312499995 0.5208779935185185 0.3873463630208333 0.4938996583333334
2 0.43407817864583337 0.47414196111111107 0.4573463630208333 0.4740507407407408 0.4573463630208333 0.4443015962962963 0.43407817864583337 0.4447662481481482 0.43407817864583337 0.47414196111111107
2 0.4635885552083333 0.4738255416666667 0.48204513385416664 0.47364025092592593 0.48191215000000004 0.4493928166666667 0.4637195244791667 0.4489253138888889 0.4635885552083333 0.4738255416666667
2 0.5025669958333333 0.47399657962962966 0.5457545838541668 0.4742645379629629 0.5458492848958334 0.4674173314814815 0.5025669958333333 0.4678192703703704 0.5025669958333333 0.47399657962962966
2 0.5810961114583333 0.4745353481481481 0.6044287729166666 0.47419897407407413 0.6045093692708333 0.4445439 0.5814910338541667 0.4445439 0.5810961114583333 0.4745353481481481
3 0.6729780375 0.6467730898148148 0.6497481364583333 0.6468643101851852 0.6497481364583333 0.6514253138888889 0.6730868427083333 0.6515906499999999 0.6729780375 0.6467730898148148
3 0.5974168848958333 0.5188112888888889 0.6116542411458333 0.5188112888888889 0.6117207333333333 0.5140564425925926 0.6076989723958334 0.514150512962963 0.6078964338541667 0.4598745722222222 0.6570703203124999 0.46062143703703706 0.6572637515624999 0.5141391101851851 0.63030828125 0.5135889398148148 0.6303646989583334 0.5187286203703704 0.6729558734375 0.5189053592592592 0.6729558734375 0.513868300925926 0.6602337296874999 0.513868300925926 0.6600362682291667 0.4610860888888889 0.67288938125 0.46127423055555555 0.6730203505208333 0.4556727481481482 0.6044690713541667 0.4557725203703704 0.6044025791666667 0.514150512962963 0.5974168848958333 0.5142417333333333 0.5974168848958333 0.5188112888888889
3 0.6429316947916667 0.33426453796296296 0.6429316947916667 0.3386687574074074 0.6730505744791666 0.33912200648148144 0.67300423125 0.3326453824074074 0.6537336286458333 0.3326453824074074 0.6538263145833334 0.3169099203703704 0.672959903125 0.31716932685185184 0.6730969171875 0.3121180157407407 0.6536872859374999 0.31192417314814813 0.6538263145833334 0.2953449259259259 0.6728672171875 0.29541049074074077 0.6729135604166667 0.2902936148148148 0.6505299213541667 0.2902936148148148 0.6505299213541667 0.33426453796296296 0.6429316947916667 0.33426453796296296
3 0.4796534354166667 0.2828563287037037 0.47973000208333333 0.31324116296296295 0.4828954260416667 0.31318700092592594 0.482651621875 0.28289623703703703 0.4796534354166667 0.2828563287037037
3 0.45956074947916664 0.2994013685185185 0.4597582109375 0.32100057037037033 0.4630022161458333 0.3214481185185185 0.46276445677083333 0.2826966935185185 0.4595204515625 0.28272805 0.45960104791666667 0.2947833527777778 0.45025186354166663 0.29475484629629634 0.4501511182291667 0.27160775370370366 0.4472093489583333 0.2715792472222222 0.4473403182291667 0.29481470925925923 0.43749748125000004 0.2948688712962963 0.4375317348958333 0.2992901935185185 0.45956074947916664 0.2994013685185185
3 0.5766411442708334 0.4745068416666667 0.5811968567708334 0.4745068416666667 0.5811968567708334 0.4693500574074074 0.5796030625 0.46919042222222224 0.5801712671875 0.33866305555555554 0.5989663510416666 0.33866305555555554 0.5990328432291666 0.3343215509259259 0.5799435822916668 0.3344726342592592 0.5800584322916666 0.2832297601851852 0.5766411442708334 0.283067275 0.5764456979166667 0.46892816388888886 0.545859359375 0.4688141388888889 0.5457787630208333 0.4733751425925926 0.5760427161458334 0.47320410462962964 0.5766411442708334 0.4745068416666667
3 0.4590167239583333 0.4693842648148148 0.45730405 0.4693842648148148 0.45734434791666667 0.4734321546296297 0.4635099739583334 0.47331812962962966 0.4635301229166667 0.46924173333333336 0.4621196854166667 0.46924173333333336 0.46236147499999997 0.3961231472222222 0.4967761432291667 0.3967217787037037 0.49678017343750003 0.39103762870370373 0.4621599838541667 0.3907639685185185 0.4620995364583333 0.37910490277777775 0.49687688906250005 0.3789338657407408 0.4968668145833333 0.46877423055555556 0.48203707447916666 0.46877423055555556 0.48210759635416667 0.4732611175925926 0.5022969979166667 0.47328962407407404 0.5022969979166667 0.4688141388888889 0.5002297 0.46877423055555556 0.5002216401041667 0.3747434435185185 0.4628652026041667 0.3745724055555556 0.4628390088541667 0.34828677314814815 0.4464154744791667 0.348124287037037 0.44640338489583337 0.35228050185185183 0.45883538177083333 0.3523375138888889 0.4590167239583333 0.4693842648148148
3 0.40220229687500003 0.348124287037037 0.3877291958333334 0.34797605462962966 0.3877372557291666 0.35239737777777774 0.40219625208333337 0.3523375138888889 0.40220229687500003 0.348124287037037
3 0.3839411645833334 0.49384264537037037 0.387568003125 0.4938996583333334 0.38761837604166666 0.4744070694444445 0.4340338505208334 0.47362884814814815 0.43386862760416667 0.4691220064814815 0.3875075557291667 0.469432725 0.3876727786458333 0.35309863148148146 0.38426758020833335 0.3530188138888889 0.3844872052083333 0.4327537055555556 0.3720733427083333 0.4327537055555556 0.3718920010416667 0.4371151657407408 0.384203103125 0.4375142527777778 0.3839411645833334 0.49384264537037037
3 0.33771912135416665 0.43255416203703706 0.32378803125 0.4324572407407407 0.32373564375 0.43737172222222226 0.337638525 0.43731470925925925 0.33771912135416665 0.43255416203703706
3 0.673022365625 0.6887229194444444 0.6462623411458334 0.6887685287037036 0.6463248036458332 0.7030843787037038 0.4073141244791667 0.7027936148148148 0.4071932296875 0.6897377425925926 0.3876083015625 0.6895667046296297 0.38787023958333333 0.6483466361111111 0.32373564375 0.6487172175925926 0.3235946 0.5218928166666666 0.32037074374999996 0.5216932722222222 0.320044328125 0.6525399083333333 0.38398146302083336 0.6530986314814815 0.3844448921875 0.6945838083333333 0.40402982083333333 0.6944982898148148 0.40395526875 0.7070952111111111 0.6497541807291667 0.7073745722222222 0.649647390625 0.6930444694444444 0.6760225671875 0.692958950925926 0.6762502520833333 0.27830672777777776 0.5448156359375 0.27858608888888886 0.5446846666666667 0.28269099166666667 0.673022365625 0.28334378518518516 0.673022365625 0.6887229194444444
3 0.3877231515625 0.3531527935185185 0.3873947208333333 0.29931870000000005 0.4375579286458333 0.29925883703703704 0.43743703385416666 0.2714652222222222 0.45954060052083334 0.2717217787037037 0.45956074947916664 0.2827252 0.5011082005208334 0.28301026203703705 0.50112835 0.27867730925925926 0.46284505364583334 0.27867730925925926 0.46316743906249996 0.2668187 0.43389079166666666 0.266476625 0.43372959895833335 0.2948973777777778 0.3843038484375 0.2948973777777778 0.384114446875 0.3478164194444444 0.3206387265625 0.3475826685185185 0.3203102963541667 0.49372862037037035 0.3237557927083333 0.4939281638888889 0.32391900052083333 0.35199258796296296 0.3877231515625 0.3531527935185185
3 0.573884746875 0.5139623712962963 0.5695345557291667 0.5139623712962963 0.5695345557291667 0.6468500574074074 0.5648196656250001 0.6468643101851852 0.5647874270833333 0.6508608898148148 0.5869635302083334 0.6508551879629629 0.5868829338541667 0.6467787916666666 0.5730807979166667 0.6468643101851852 0.5728954260416667 0.5183466361111111 0.5737517630208333 0.5183466361111111 0.573884746875 0.5139623712962963
3 0.4622889380208333 0.5272063851851851 0.4575438244791667 0.5272063851851851 0.4576103161458333 0.531587799074074 0.4587970984375 0.531587799074074 0.45859762239583335 0.6467588370370371 0.44587749322916664 0.6466647666666667 0.44587950833333334 0.6509122009259259 0.47590167239583336 0.6509122009259259 0.47594197083333334 0.6466077537037037 0.46193834375 0.6466362601851852 0.4622889380208333 0.5272063851851851
3 0.38783800104166666 0.6514367157407407 0.40167237552083335 0.6514253138888889 0.4016804354166667 0.6467730898148148 0.38783800104166666 0.6467730898148148 0.38783800104166666 0.6514367157407407
3 0.4342534755208333 0.5273517675925926 0.3873060651041667 0.5273660203703704 0.3872657666666666 0.5208665907407408 0.3841023572916667 0.520903649074074 0.38427362499999995 0.6484606611111111 0.38795285104166666 0.6483808435185185 0.38762845052083333 0.5314994296296296 0.43412250677083336 0.5315478907407407 0.4342534755208333 0.5273517675925926
4 0.44576667343750004 0.34704104907407407 0.40237154947916665 0.34704104907407407 0.40237154947916665 0.3533266814814815 0.44633689322916664 0.3534891675925926 0.44576667343750004 0.34704104907407407
4 0.4458049567708333 0.6458836944444445 0.40176304635416665 0.6460205240740741 0.40176304635416665 0.6524657925925926 0.44589965729166664 0.6528677305555555 0.4458049567708333 0.6458836944444445
4 0.5642635505208333 0.6464224629629629 0.4761797302083333 0.6462884833333333 0.47599032864583335 0.6524657925925926 0.5647390692708334 0.6521978333333333 0.5642635505208333 0.6464224629629629
4 0.649621196875 0.6464794759259259 0.5871327828125 0.6463854046296296 0.5871992744791666 0.6528192703703704 0.6498186578124999 0.6522605472222222 0.649621196875 0.6464794759259259