3 0.6787588151041667 0.22809347407407407 0.6787588151041667 0.2302308351851852 0.6832621395833333 0.23025363333333335 0.6832822890625 0.22803077777777778 0.6787588151041667 0.22809347407407407
3 0.6668889786458333 0.228073525 0.6627584125 0.228073525 0.6627342333333334 0.23046167037037038 0.6668889786458333 0.23053291574074075 0.6668889786458333 0.228073525
3 0.5680556114583334 0.1747734398148148 0.5680495666666666 0.17909090925925927 0.6090288130208333 0.17906241111111112 0.6090288130208333 0.17476204074074075 0.59536570625 0.17474494166666665 0.5954563770833333 0.1505984611111111 0.6088857546875001 0.1505956111111111 0.6088998588541668 0.1458392703703704 0.5916199880208333 0.14580792222222222 0.5916602859375 0.15053861481481481 0.5923634895833333 0.15053861481481481 0.5923594598958334 0.17475634074074076 0.5680556114583334 0.1747734398148148
3 0.5746987708333333 0.15587346851851852 0.5747169052083334 0.15053861481481481 0.5753193635416667 0.15053291574074074 0.5752669755208333 0.145773725 0.5673262140625001 0.14573667685185185 0.5672959901041666 0.15060986018518518 0.5715937942708333 0.15064120833333333 0.5715937942708333 0.15587346851851852 0.5746987708333333 0.15587346851851852
3 0.5477191213541667 0.33599031018518516 0.5449284708333334 0.335961812037037 0.5450372760416666 0.31066970648148146 0.5636792260416666 0.3105443148148148 0.5636792260416666 0.3192704472222222 0.5654221239583334 0.3192704472222222 0.5655571229166667 0.3129467083333333 0.5718053598958334 0.31297520648148147 0.571815434375 0.30833285833333335 0.5450372760416666 0.30826731296296295 0.5450816036458334 0.17915075555555557 0.5546483979166666 0.17908805925925927 0.5546483979166666 0.17478768888888888 0.5449466046875 0.17478768888888888 0.5449929479166666 0.15069820462962963 0.5558553296875 0.15063265925925926 0.5558553296875 0.145765175 0.5415494661458333 0.1458278712962963 0.5416381218749999 0.3405158166666667 0.5477191213541667 0.3404787685185185 0.5477191213541667 0.33599031018518516
3 0.571815434375 0.30833285833333335 0.571815434375 0.30479338888888885 0.5475196453125 0.3047563407407407 0.5475196453125 0.23522656018518517 0.5564678619791666 0.23522656018518517 0.5564416682291667 0.2328583638888889 0.54744509375 0.2328583638888889 0.54744509375 0.20751496111111112 0.5567600239583333 0.20754345925925927 0.5567660687499999 0.20557138796296295 0.5473685270833334 0.20557138796296295 0.5474692723958333 0.1827016240740741 0.5546665322916666 0.18266742685185186 0.5546483979166666 0.17908805925925927 0.5450816036458334 0.17915075555555557 0.5450372760416666 0.30826731296296295 0.571815434375 0.30833285833333335
3 0.6192303041666667 0.17478768888888888 0.6192162 0.17917925370370372 0.6437295989583334 0.17914790555555554 0.6437295989583334 0.17464234814814814 0.6192303041666667 0.17478768888888888
3 0.6040902682291667 0.23535765185185184 0.6167177109375 0.23531205462962965 0.6166753979166667 0.23311484722222223 0.6040842234375 0.23311484722222223 0.6040902682291667 0.23535765185185184
3 0.6715434213541667 0.1648275861111111 0.6647269796875 0.16477628981481482 0.6646886963541667 0.16720148148148148 0.6715212572916667 0.1672470787037037 0.6715434213541667 0.1648275861111111
3 0.7100463427083333 0.07862923888888888 0.7100302234375 0.07781134259259259 0.7288031432291666 0.0777514962962963 0.7287386661458334 0.07338273055555555 0.7070824098958333 0.07347392407407408 0.7070803947916667 0.07869478518518519 0.7100463427083333 0.07862923888888888
3 0.65418496875 0.12842120277777777 0.6542111625 0.1104873185185185 0.6524783395833332 0.11049016851851852 0.6524783395833332 0.13076090092592593 0.6599274630208334 0.13072385277777776 0.6599274630208334 0.12842120277777777 0.65418496875 0.12842120277777777
3 0.6600040296874999 0.11050726666666666 0.6596050776041668 0.19073240277777778 0.7265806973958333 0.19101453425925924 0.7266008463541667 0.18888287222222222 0.6613237958333333 0.18910230833333333 0.6614769291666666 0.10857224259259259 0.6436328833333333 0.10857224259259259 0.6437094499999999 0.16014534074074074 0.6462280880208334 0.1600968935185185 0.6461092083333334 0.11050726666666666 0.6600040296874999 0.11050726666666666
3 0.7199214187499999 0.23025363333333335 0.7266048760416666 0.23029923055555557 0.7265686078125 0.22831860925925926 0.7199214187499999 0.22836990555555556 0.7199214187499999 0.23025363333333335
3 0.7458875682291667 0.2528270166666667 0.7442957890625 0.2528270166666667 0.7442937739583333 0.2559276148148148 0.7458875682291667 0.25591336574074075 0.7458875682291667 0.2528270166666667
3 0.7459097317708333 0.2332972361111111 0.7561354020833334 0.23331148518518519 0.7561394317708333 0.23073240277777776 0.7458573442708333 0.23073240277777776 0.7458089864583334 0.2191222574074074 0.744281684375 0.2191222574074074 0.744344146875 0.23622684537037036 0.7459016723958333 0.2362068962962963 0.7459097317708333 0.2332972361111111
3 0.7458734635416667 0.20229980092592595 0.7458996572916666 0.19153889999999998 0.7561716703125001 0.19135936203703705 0.7561595807291667 0.18910230833333333 0.7428873666666667 0.18907951018518518 0.7428732619791667 0.19146765462962964 0.7443219828125 0.19150470185185184 0.7442695947916668 0.20229980092592595 0.7458734635416667 0.20229980092592595
3 0.7470058432291666 0.304813337037037 0.7469655447916667 0.3082958111111111 0.7586459802083334 0.3082958111111111 0.7586459802083334 0.291929325 0.7561273421875 0.291929325 0.7562442072916667 0.30475919074074076 0.7470058432291666 0.304813337037037
3 0.6961656255208334 0.30831290925925925 0.7253354828125 0.3083414074074074 0.7252931692708333 0.3047905388888889 0.6960548057291667 0.30485323425925925 0.6961656255208334 0.30831290925925925
3 0.6600564177083333 0.3083670564814815 0.6743642958333333 0.3082929611111111 0.6743381020833333 0.3046964944444444 0.6599959703124999 0.30478483888888885 0.6600564177083333 0.3083670564814815
4 0.7450674994791666 0.33593331388888886 0.7226798307291666 0.33589056666666667 0.7226999796875 0.3420974638888889 0.7450775739583333 0.34212596203703705 0.7450674994791666 0.33593331388888886
3 0.7116502114583334 0.30475919074074076 0.7116502114583334 0.25591336574074075 0.6833346765625 0.25591336574074075 0.6833729598958332 0.25849529814814814 0.7098609713541666 0.25844400092592595 0.7098247026041666 0.30475919074074076 0.7116502114583334 0.30475919074074076
3 0.6627705015625001 0.20485608425925927 0.6831875880208333 0.20474779166666665 0.6832621395833333 0.23025363333333335 0.6849002619791666 0.23025363333333335 0.6849002619791666 0.19310344814814814 0.7183921015625 0.19310344814814814 0.7184303848958333 0.22777429444444444 0.69659883125 0.22782844074074074 0.69659883125 0.23025363333333335 0.7199214187499999 0.23025363333333335 0.7199939552083333 0.19089199166666668 0.6831875880208333 0.19083784537037038 0.6832238567708333 0.20243089166666667 0.6628087848958334 0.20237674537037037 0.6628450536458333 0.19073240277777778 0.6596050776041668 0.19073240277777778 0.6594559739583333 0.23046167037037038 0.6627342333333334 0.23046167037037038 0.6627705015625001 0.20485608425925927
3 0.6405420109375 0.10857224259259259 0.6405420109375 0.16014534074074074 0.6437094499999999 0.16014534074074074 0.6436328833333333 0.10857224259259259 0.6614769291666666 0.10857224259259259 0.6613237958333333 0.18910230833333333 0.7266008463541667 0.18888287222222222 0.7266008463541667 0.18440296388888888 0.66472295 0.1842918212962963 0.6646443682291667 0.1082445138888889 0.6715978239583333 0.10835565648148147 0.6715212572916667 0.1672470787037037 0.7103022364583332 0.1670304925925926 0.7102236552083333 0.1470333425925926 0.7070562161458334 0.1470333425925926 0.7070562161458334 0.16255058425925925 0.6747652630208333 0.16265887685185185 0.6746886963541667 0.10846394999999999 0.7070562161458334 0.10857224259259259 0.7071347973958333 0.12387004814814814 0.710378803125 0.12397834166666667 0.7103022364583332 0.10168993981481482 0.7070562161458334 0.10168993981481482 0.7070562161458334 0.10376745555555557 0.6209208140625001 0.10398404074074073 0.6209208140625001 0.11819036759259259 0.6241648197916666 0.11819036759259259 0.6241648197916666 0.10857224259259259 0.6405420109375 0.10857224259259259
3 0.6192464234375 0.1506070101851852 0.6242716098958333 0.1506070101851852 0.6242151921875 0.13447135925925927 0.6208623817708333 0.13447135925925927 0.6208643963541667 0.14579082314814815 0.6192262744791667 0.14585066944444444 0.6192464234375 0.1506070101851852
3 0.6961656255208334 0.30831290925925925 0.6961656255208334 0.312884012962963 0.7253576463541667 0.31297805648148147 0.7253354828125 0.3083414074074074 0.6961656255208334 0.30831290925925925
3 0.6600564177083333 0.3083670564814815 0.6600322385416667 0.31297805648148147 0.6743381020833333 0.31297805648148147 0.6743642958333333 0.3082929611111111 0.6600564177083333 0.3083670564814815
3 0.611638121875 0.3083471074074074 0.5981019546875 0.30830151018518515 0.5981341932291666 0.3129125111111111 0.611638121875 0.3130008546296296 0.611638121875 0.3083471074074074
3 0.30210356614583334 0.2936278138888889 0.30210356614583334 0.2892533481481482 0.29040298229166667 0.2893103444444444 0.2903626838541667 0.28288971203703706 0.2850594401041667 0.28293245925925925 0.28507958906249997 0.2874351666666667 0.2873000203125 0.2874608148148148 0.2873423333333333 0.29359361666666667 0.30210356614583334 0.2936278138888889
3 0.2263429375 0.2936192648148148 0.23433810208333333 0.2936192648148148 0.23433810208333333 0.28750356203703703 0.23665927864583333 0.2875064120370371 0.2366391296875 0.28288971203703706 0.23124521458333333 0.28288971203703706 0.2312552890625 0.28928184629629633 0.22634495260416668 0.2893103444444444 0.2263429375 0.2936192648148148
4 0.328325609375 0.7052607583333332 0.3250795890625 0.7052607583333332 0.32505540989583337 0.7237731546296297 0.32832963958333333 0.7237389574074073 0.328325609375 0.7052607583333332
4 0.26428974427083335 0.1556511824074074 0.247003828125 0.15566543148148146 0.247003828125 0.16380450277777778 0.2643501916666667 0.16383300092592593 0.26428974427083335 0.1556511824074074
4 0.3657606286458333 0.28547449444444445 0.3441164619791667 0.285574237962963 0.34415675989583333 0.2937560555555555 0.3657505541666667 0.2938985462962963 0.3657606286458333 0.28547449444444445
3 0.200070521875 0.2893103444444444 0.200070521875 0.2855172416666667 0.17962925625 0.2855970361111111 0.17962925625 0.16365916203703704 0.18673786041666668 0.16361356481481482 0.18671166614583334 0.1599287546296296 0.177181140625 0.15991450555555556 0.17719121510416666 0.2893530916666666 0.200070521875 0.2893103444444444
3 0.33359661510416666 0.15916500462962963 0.3334495265625 0.17200341944444444 0.34765262968750005 0.1720290685185185 0.34763449531249996 0.16726702777777777 0.3368869635416667 0.16723567962962962 0.33684666510416666 0.15451125648148148 0.32351601875 0.15447990925925925 0.32349586927083335 0.13386149907407408 0.355964134375 0.13392134537037037 0.355964134375 0.12917925370370373 0.30202498489583335 0.12920775185185185 0.30200282083333335 0.13394984351851852 0.32016522239583334 0.13392134537037037 0.3202055208333333 0.15919350277777777 0.33359661510416666 0.15916500462962963
3 0.2643300421875 0.15563693333333334 0.2643501916666667 0.16383300092592593 0.2709087244791667 0.16381875185185185 0.2708744708333333 0.1555998861111111 0.2643300421875 0.15563693333333334
3 0.3173503927083334 0.1685209462962963 0.2897743302083333 0.16846964907407408 0.28968970364583335 0.1556511824074074 0.2843260125 0.1556511824074074 0.2843260125 0.15982616111111111 0.2840137015625 0.1598432601851852 0.28385653854166665 0.2137275574074074 0.2871468869791666 0.21367626111111113 0.2871589765625 0.1763607861111111 0.3039713880208333 0.17622399537037037 0.30394922447916667 0.21339127962962962 0.3055470479166667 0.21339127962962962 0.3054785411458333 0.17615845 0.3389844854166667 0.17617554814814815 0.3389844854166667 0.21091479074074074 0.31721740885416666 0.21094898796296296 0.31721740885416666 0.21341977777777776 0.34067096510416667 0.21341977777777776 0.3406205921875 0.1737931037037037 0.31902679843750004 0.1737931037037037 0.3190670963541667 0.1472556287037037 0.3201914166666667 0.14724137962962963 0.32018134218750005 0.14485608425925925 0.30415273020833333 0.14484183518518517 0.3041285510416667 0.13394984351851852 0.30242998177083336 0.13394984351851852 0.3024541609375 0.1471957824074074 0.3173503927083334 0.14724137962962963 0.3173503927083334 0.1685209462962963
3 0.33220028229166665 0.17376745555555553 0.3476445697916667 0.17383870092592593 0.3476445697916667 0.1720347675925926 0.3334495265625 0.17200341944444444 0.3335462421875 0.15929894537037037 0.3201672375 0.15930749537037037 0.32018134218750005 0.14722997962962964 0.31907314114583335 0.14722997962962964 0.3190529921875 0.16121972037037038 0.33220028229166665 0.161148475 0.33220028229166665 0.17376745555555553
3 0.34067096510416667 0.21339697962962964 0.3470199473958333 0.21341122870370371 0.34702800729166666 0.21112282685185185 0.34067096510416667 0.21112282685185185 0.34067096510416667 0.21339697962962964
3 0.2988595609375 0.21343972685185186 0.30394922447916667 0.21339127962962962 0.3039512390625 0.2110943287037037 0.2988595609375 0.21112282685185185 0.2988595609375 0.21343972685185186
3 0.2054845859375 0.1640752351851852 0.221198871875 0.16411513240740738 0.22122909531249998 0.1851125675925926 0.22866612916666668 0.1851125675925926 0.22866814427083335 0.18271587314814816 0.22287930677083334 0.18277856944444446 0.22290751562500002 0.16411513240740738 0.229955671875 0.1640752351851852 0.22998589583333334 0.182693075 0.23160588333333332 0.182693075 0.23162401770833335 0.16168424074074073 0.2038988515625 0.1617098888888889 0.2039250453125 0.19745511574074073 0.2054845859375 0.19745511574074073 0.2054845859375 0.1640752351851852
3 0.190449325 0.2140011398148148 0.1796030625 0.21394984351851853 0.1796030625 0.21596181203703704 0.190449325 0.2159447138888889 0.190449325 0.2140011398148148
3 0.188696353125 0.18628954074074072 0.17960709270833333 0.18621829537037038 0.17960507760416666 0.18864918796296296 0.18871650208333335 0.18864633796296296 0.188696353125 0.18628954074074072
3 0.2039250453125 0.18627814166666667 0.20050977239583334 0.1862638925925926 0.200519846875 0.18870618425925928 0.2039250453125 0.18872043333333335 0.2039250453125 0.18627814166666667
3 0.28983074739583337 0.25386719907407407 0.2898186578125 0.2792846962962963 0.29188797083333334 0.2793245935185185 0.2918899859375 0.25385294999999997 0.28983074739583337 0.25386719907407407
3 0.36470884531250003 0.17450555740740742 0.3647954864583333 0.1868737527777778 0.3665303244791666 0.18685095462962964 0.36651219010416664 0.17450555740740742 0.36470884531250003 0.17450555740740742
3 0.31389683645833333 0.2414106583333333 0.3750816036458334 0.2413679111111111 0.3750916786458333 0.238851525 0.36651420520833333 0.23894841851851853 0.36645174270833336 0.21608435462962963 0.37506145468749996 0.21618124814814815 0.37504130572916666 0.21343972685185186 0.36653435416666663 0.21341977777777776 0.366528309375 0.20333143333333334 0.36468466666666666 0.20333143333333334 0.36470884531250003 0.2389056712962963 0.3139169859375 0.23887432314814813 0.31389683645833333 0.2414106583333333
4 0.3238686276041667 0.2854573953703704 0.30210356614583334 0.28541749814814815 0.30210356614583334 0.2937560555555555 0.3238887770833333 0.2937133083333333 0.3238686276041667 0.2854573953703704
3 0.32390892604166666 0.2892960953703704 0.32390288125000005 0.2935793675925926 0.34409832760416664 0.29364776296296297 0.3441164619791667 0.2892960953703704 0.32390892604166666 0.2892960953703704
3 0.3657404796875 0.2854887435185185 0.3657404796875 0.28933884259259257 0.37676808385416666 0.28928184629629633 0.3768083817708333 0.17200341944444444 0.3639129557291667 0.17200341944444444 0.3639089260416667 0.17450555740740742 0.3750695145833333 0.17450555740740742 0.375101753125 0.2854317472222222 0.3657404796875 0.2854887435185185
3 0.2850594401041667 0.2793103444444444 0.2850594401041667 0.28293245925925925 0.2903626838541667 0.28288971203703706 0.29040298229166667 0.2893103444444444 0.30210356614583334 0.2892533481481482 0.30211364114583333 0.2855599888888889 0.2928833364583333 0.28558848703703704 0.29287326197916663 0.27929609537037037 0.2850594401041667 0.2793103444444444
3 0.22876888958333333 0.28567113148148143 0.22634495260416668 0.28565973240740744 0.22634495260416668 0.2893103444444444 0.2312552890625 0.28928184629629633 0.23124521458333333 0.28288971203703706 0.2366391296875 0.28288971203703706 0.23663711458333334 0.27933884259259256 0.2319161796875 0.27933884259259256 0.23190610520833335 0.2801681388888889 0.22873060625 0.28018523796296296 0.22876888958333333 0.28567113148148143
3 0.23193028385416667 0.23770589907407408 0.22860568229166667 0.2377514962962963 0.22860568229166667 0.2802108861111111 0.23190610520833335 0.2801681388888889 0.23193028385416667 0.23770589907407408
3 0.23162401770833335 0.16168424074074073 0.23161797291666666 0.16384725 0.2470259921875 0.16377600462962963 0.24698367916666666 0.15997150185185186 0.19995970156249998 0.15997150185185186 0.199929478125 0.16370475925925926 0.2039069109375 0.16370475925925926 0.2038988515625 0.1617098888888889 0.23162401770833335 0.16168424074074073
3 0.20543018333333332 0.13618979722222221 0.20873262135416668 0.1361499 0.20872859166666666 0.1337902537037037 0.20925649791666665 0.13377315462962963 0.20925649791666665 0.12921915092592592 0.20034051979166667 0.1291735537037037 0.20033649010416665 0.13392989444444445 0.2054583921875 0.13396979166666667 0.20543018333333332 0.13618979722222221
3 0.19997985104166668 0.1556939296296296 0.19995970156249998 0.15997150185185186 0.24698367916666666 0.15997150185185186 0.247003828125 0.15557993703703704 0.23148297395833334 0.15556568796296297 0.2315152125 0.1339013962962963 0.24688696354166667 0.13397834166666667 0.24686882916666666 0.12916500462962965 0.226272415625 0.12916215462962963 0.22624420729166667 0.13377600462962963 0.22852307083333334 0.13380450277777778 0.22847269791666666 0.1556540324074074 0.19997985104166668 0.1556939296296296
4 0.20925649791666665 0.13377315462962963 0.22624420729166667 0.1337902537037037 0.22627443072916667 0.12822171574074076 0.209250453125 0.1282929611111111 0.20925649791666665 0.13377315462962963
3 0.3969554703125 0.1674180675925926 0.38017529739583333 0.16744941574074074 0.3801813421875 0.16804787685185185 0.3969474109375 0.16800227962962963 0.3969554703125 0.1674180675925926
3 0.3442575057291667 0.1339042462962963 0.3442615354166667 0.16729552592592592 0.3459057020833333 0.16729552592592592 0.3459258510416667 0.13389284722222222 0.3442575057291667 0.1339042462962963
3 0.264307878125 0.12921630092592593 0.2643320572916667 0.1339555425925926 0.2904533546875 0.1339640925925926 0.2904634291666667 0.12914505555555555 0.264307878125 0.12921630092592593
3 0.3004392505208333 0.23871758333333334 0.28971186770833335 0.23869193518518517 0.28971186770833335 0.25386149907407407 0.3004392505208333 0.25378740370370373 0.3004392505208333 0.23871758333333334
3 0.23197058229166664 0.18271587314814816 0.22866814427083335 0.18271587314814816 0.22868627864583332 0.21633513796296297 0.23190006041666666 0.21631518981481482 0.23197058229166664 0.18271587314814816
2 0.20590368750000002 0.18581077222222223 0.21523675208333334 0.18586776851851852 0.215206528125 0.17873468240740742 0.20590368750000002 0.17873468240740742 0.20590368750000002 0.18581077222222223
4 0.264307878125 0.12921630092592593 0.24686882916666666 0.12916500462962965 0.24688696354166667 0.13397834166666667 0.2643320572916667 0.1339555425925926 0.264307878125 0.12921630092592593
3 0.22715696145833333 0.3156739814814815 0.2271670359375 0.32034767777777773 0.236308684375 0.3203761759259259 0.23629860989583334 0.31568823055555556 0.22715696145833333 0.3156739814814815
3 0.3657404796875 0.28933884259259257 0.36573040520833333 0.29365061296296296 0.3766895020833333 0.2936363638888889 0.37670965156249997 0.30260188055555554 0.37739270625 0.30261612962962964 0.37741285520833334 0.3156967796296296 0.366070925 0.3157309777777778 0.366070925 0.32034767777777773 0.3807958895833333 0.32032772870370374 0.3807958895833333 0.30260188055555554 0.39173483802083336 0.3025876314814815 0.39173483802083336 0.2977856935185185 0.38010276041666663 0.2977571953703704 0.3801128348958333 0.19861783981481482 0.4005520854166667 0.19861783981481482 0.4005520854166667 0.19381590185185185 0.39985895625 0.19381590185185185 0.39990932916666666 0.16764890277777778 0.39678621822916665 0.16766315185185185 0.39679629270833333 0.19383015092592593 0.38007455156250003 0.19380165277777778 0.3800947010416667 0.16723852962962965 0.3638827322916667 0.1672100314814815 0.3639129557291667 0.17200341944444444 0.3768083817708333 0.17200341944444444 0.37676808385416666 0.28928184629629633 0.3657404796875 0.28933884259259257
3 0.3241184765625 0.31570247962962966 0.32410840208333336 0.32034767777777773 0.3438545234375 0.32030493055555553 0.3438645979166666 0.3157167287037037 0.3241184765625 0.31570247962962966
3 0.28528108020833337 0.31568823055555556 0.2852710052083333 0.32036192685185183 0.301841628125 0.3203334287037037 0.30182349375 0.31570247962962966 0.28528108020833337 0.31568823055555556
3 0.19268587552083333 0.3202906814814815 0.2000302234375 0.32030493055555553 0.20001007447916666 0.3157309777777778 0.19666330833333331 0.3157309777777778 0.19666330833333331 0.31385579907407407 0.19513600625 0.3138700481481481 0.19514608125 0.3157167287037037 0.19269595 0.3157167287037037 0.19268587552083333 0.3202906814814815
4 0.366070925 0.3157309777777778 0.34387467239583336 0.3157167287037037 0.3438545234375 0.32191222592592594 0.3660608505208333 0.321926475 0.366070925 0.3157309777777778
4 0.3241184765625 0.3157309777777778 0.3018315536458333 0.31568823055555556 0.301841628125 0.32195497314814814 0.3240983276041666 0.321926475 0.3241184765625 0.3157309777777778
3 0.6895164213541667 0.5869535481481482 0.6894680635416666 0.5550128240740742 0.6301390286458334 0.5550527212962963 0.6301692526041667 0.5597121685185186 0.6861434614583334 0.5597292675925926 0.6861817447916666 0.5869677972222221 0.6895164213541667 0.5869535481481482
3 0.6055933911458333 0.5694784842592592 0.6055913760416666 0.5596580222222222 0.6199335078125 0.5596523222222222 0.6199355229166666 0.5550384722222222 0.6017650614583334 0.5550555712962962 0.6017469270833333 0.5596551722222223 0.6024642354166667 0.559603875925926 0.6024581906250001 0.5694670842592593 0.6055933911458333 0.5694784842592592
3 0.5405823088541666 0.6591336564814815 0.5405702197916666 0.6636791111111111 0.5819584927083333 0.6635765175925926 0.5819987911458333 0.6760216583333333 0.5853636911458333 0.6760216583333333 0.585373765625 0.5927386722222222 0.6039069109375 0.5927614703703703 0.6039552687499999 0.6020832148148147 0.6055611526041667 0.6020832148148147 0.6055530927083334 0.5883699055555555 0.5853818255208334 0.5881191222222222 0.5853717510416666 0.5550356222222222 0.5553072739583332 0.5550299231481481 0.5552851098958332 0.5596950694444445 0.582008865625 0.5596323740740741 0.5820048359375 0.659033912962963 0.5405823088541666 0.6591336564814815
4 0.6815917791666667 0.8760045592592592 0.6326496072916666 0.8759048157407407 0.6326496072916666 0.8856796805555556 0.6815917791666667 0.8857366768518519 0.6815917791666667 0.8760045592592592
4 0.5768184567708333 0.8839355944444445 0.5768184567708333 0.8797834138888888 0.5632560953125 0.8797834138888888 0.563278259375 0.8839897407407408 0.5768184567708333 0.8839355944444445
3 0.6129055005208334 0.8519150759259259 0.6128853515625 0.8794870333333333 0.63266975625 0.8794556851851851 0.6326596817708333 0.8759048157407407 0.6146121296874999 0.875947562962963 0.6146201895833333 0.8492134509259259 0.6113943177083333 0.8492077518518518 0.6113862583333333 0.848646337962963 0.6105923838541667 0.848646337962963 0.6105863390625 0.8535166712962963 0.6108341729166666 0.8535166712962963 0.6108442473958333 0.8519435740740741 0.6129055005208334 0.8519150759259259
3 0.3120068505208333 0.6181761185185185 0.30859157760416667 0.6181903675925925 0.3085714286458333 0.6370703907407408 0.31197662708333335 0.6370418925925926 0.3120068505208333 0.6181761185185185
3 0.31197662708333335 0.5867540611111112 0.3119443885416667 0.5550612712962963 0.25255087656249997 0.555007124074074 0.25255087656249997 0.5596751212962963 0.3085875479166667 0.5596551722222223 0.30860165208333334 0.5867683101851853 0.31197662708333335 0.5867540611111112
4 0.23350594375 0.8795554287037036 0.20639734010416666 0.8794841833333333 0.206387265625 0.8857224277777779 0.23352609322916665 0.8856796805555556 0.23350594375 0.8795554287037036
4 0.3040419098958333 0.8794841833333333 0.2550594401041667 0.8794556851851851 0.25503929062499997 0.8857224277777779 0.3040217609375 0.8857081787037038 0.3040419098958333 0.8794841833333333
4 0.3294217208333333 0.8023510972222222 0.32508361874999997 0.8023653462962963 0.32509369322916665 0.8342690222222222 0.32945194427083335 0.8342690222222222 0.3294217208333333 0.8023510972222222
4 0.3129014708333333 0.6370561416666667 0.308581503125 0.6370703907407408 0.30868224843750003 0.6685351953703703 0.31295184374999996 0.6685351953703703 0.3129014708333333 0.6370561416666667
2 0.2013157364583333 0.8629068111111111 0.2013520046875 0.8776432027777777 0.21322788645833332 0.8776432027777777 0.21319161822916666 0.8628840129629629 0.2013157364583333 0.8629068111111111
4 0.1778057625 0.554990025925926 0.16622808802083336 0.5550384722222222 0.1662341328125 0.5596494731481482 0.177753375 0.5596295240740741 0.1778057625 0.554990025925926
2 0.256528309375 0.7261128527777777 0.2564718921875 0.7093644916666667 0.25236751979166666 0.7093758907407407 0.25237759427083334 0.7261100027777778 0.256528309375 0.7261128527777777
2 0.25497884322916664 0.6290567111111112 0.255075559375 0.6483756055555555 0.26925246822916665 0.648441150925926 0.269339109375 0.6291707037037038 0.25497884322916664 0.6290567111111112
2 0.25492847083333336 0.6056198342592592 0.2549909328125 0.6243317185185185 0.26934515416666666 0.6243602166666666 0.269260528125 0.605776574074074 0.25492847083333336 0.6056198342592592
2 0.23784404583333335 0.6020404675925926 0.2511525286458333 0.6021715592592592 0.2509792463541667 0.5814534055555556 0.2379206125 0.5814534055555556 0.23784404583333335 0.6020404675925926
2 0.22489220208333333 0.569612425 0.224704815625 0.5882701620370371 0.23973403177083333 0.5882701620370371 0.23973403177083333 0.5697264175925926 0.22489220208333333 0.569612425
2 0.16295184375000002 0.6360216583333334 0.16293370937499999 0.6590681101851852 0.180044328125 0.6591336564814815 0.180044328125 0.6360900537037038 0.16295184375000002 0.6360216583333334
2 0.2370521859375 0.6547506416666666 0.2370521859375 0.6383100601851852 0.22452750364583332 0.6383100601851852 0.22452750364583332 0.6547506416666666 0.2370521859375 0.6547506416666666
2 0.22830747552083333 0.6722798518518518 0.21678218802083335 0.6721858083333334 0.21681241197916667 0.6783927046296296 0.22828732604166665 0.6783528074074074 0.22830747552083333 0.6722798518518518
2 0.2062421921875 0.699435737037037 0.20615756614583333 0.676531775 0.18921418489583333 0.6766885148148147 0.189171871875 0.6996266740740741 0.2062421921875 0.699435737037037
2 0.21104170885416668 0.7422228555555556 0.22046544427083334 0.7422228555555556 0.2204533546875 0.7350726703703704 0.21104976822916666 0.7351068675925926 0.21104170885416668 0.7422228555555556
2 0.20133185572916668 0.7427073240740741 0.18957485416666667 0.7426731259259259 0.18956477916666667 0.7487004842592593 0.201339915625 0.7487175833333334 0.20133185572916668 0.7427073240740741
2 0.20915172291666667 0.7534340268518519 0.20915978229166668 0.7699857509259259 0.22168446510416664 0.7699914509259259 0.221648196875 0.7533969796296296 0.20915172291666667 0.7534340268518519
2 0.23726576666666668 0.7939669425925926 0.23726173697916667 0.7730635509259259 0.21988515 0.7729780564814814 0.2200402984375 0.7940125388888889 0.23726576666666668 0.7939669425925926
4 0.31294176927083334 0.5867398120370371 0.30859157760416667 0.5867825592592593 0.30859157760416667 0.6182046166666666 0.31294176927083334 0.6181618694444444 0.31294176927083334 0.5867398120370371
4 0.29671368124999997 0.5889170703703703 0.2911061859375 0.5889227703703704 0.2910860364583333 0.6197834138888889 0.29671972604166663 0.6197406666666667 0.29671368124999997 0.5889170703703703
4 0.29672577083333335 0.6373952694444445 0.2910759619791667 0.6373696212962963 0.2910820067708333 0.6681390712962962 0.2966633083333334 0.6681390712962962 0.29672577083333335 0.6373952694444445
4 0.2967096515625 0.6946736962962964 0.291118275 0.6946964944444444 0.29095506770833335 0.7260957537037037 0.296810396875 0.726138500925926 0.2967096515625 0.6946736962962964
4 0.29089462031249996 0.7450185240740741 0.29092484375 0.7631433453703703 0.29668144270833335 0.7631490453703703 0.2966895020833333 0.7450470222222223 0.29089462031249996 0.7450185240740741
4 0.31034051979166666 0.8026674268518518 0.3045536973958333 0.8026446277777778 0.3045939953125 0.8340837842592592 0.31037074375 0.8340809351851852 0.31034051979166666 0.8026674268518518
4 0.25528108020833334 0.8483328583333333 0.2553193635416667 0.8566001712962963 0.3037578078125 0.8565773722222222 0.30374168854166667 0.8483984037037037 0.25528108020833334 0.8483328583333333
4 0.23253072760416668 0.8483613564814815 0.20629256510416666 0.8483927046296297 0.20632681822916668 0.8565004277777777 0.23253072760416668 0.856557424074074 0.23253072760416668 0.8483613564814815
4 0.1992766473958333 0.8797805638888889 0.1856961515625 0.8797805638888889 0.185718315625 0.8839355944444445 0.19925448333333332 0.8839355944444445 0.1992766473958333 0.8797805638888889
4 0.3283538182291667 0.7450869194444445 0.32505540989583337 0.7450555712962963 0.32506749947916663 0.7633399833333334 0.32831755 0.7633399833333334 0.3283538182291667 0.7450869194444445
3 0.17920411041666667 0.3157566259259259 0.17722143854166666 0.3157566259259259 0.177181140625 0.2915389 0.19513802135416666 0.2915389 0.19513802135416666 0.29921915092592594 0.19672375572916667 0.29921915092592594 0.19672375572916667 0.29366771203703707 0.2000926859375 0.29366771203703707 0.200070521875 0.2893103444444444 0.17719121510416666 0.2893530916666666 0.177181140625 0.15991450555555556 0.18671166614583334 0.1599287546296296 0.18673383020833334 0.15563978333333334 0.17722143854166666 0.15563978333333334 0.17722143854166666 0.13394414351851852 0.18883538177083334 0.13399828981481482 0.18883538177083334 0.1292334 0.17389079166666666 0.1292334 0.17385250833333332 0.32035337685185183 0.17921015520833333 0.32034767777777773 0.17920411041666667 0.3157566259259259
4 0.25255087656249997 0.555007124074074 0.24234938541666665 0.5550270731481481 0.24232923645833332 0.5597321175925926 0.25255087656249997 0.5596751212962963 0.25255087656249997 0.555007124074074
4 0.2078541203125 0.5595525787037037 0.22413862604166665 0.5595155314814815 0.22411243177083331 0.554035337962963 0.20784404583333332 0.5540410370370371 0.2078541203125 0.5595525787037037
3 0.22614950625 0.7412396694444445 0.22046544427083334 0.7412396694444445 0.22046544427083334 0.7422228555555556 0.22616361093749998 0.7422228555555556 0.22614950625 0.7412396694444445
3 0.23706024583333332 0.6997435166666667 0.23554100364583333 0.6997549157407408 0.23557928697916666 0.7089056712962962 0.23703808177083333 0.7089170703703704 0.23706024583333332 0.6997435166666667
3 0.17867217395833332 0.7337503564814815 0.18042917604166667 0.7337161583333334 0.1804191015625 0.7093958388888889 0.20913358854166667 0.7094015388888889 0.2091315734375 0.7088914222222222 0.2095547046875 0.7088885722222222 0.20947007864583334 0.6995725277777778 0.20778762864583333 0.6995753777777778 0.20778561354166666 0.706933599074074 0.17867217395833332 0.7069934453703703 0.17867217395833332 0.7337503564814815
3 0.20629256510416666 0.8483927046296297 0.18049768281249998 0.8483699055555556 0.18050775729166665 0.8518438305555556 0.20632480364583333 0.851923625 0.20629256510416666 0.8483927046296297
3 0.3037578078125 0.8565773722222222 0.31037477343750003 0.8565887712962963 0.31037074375 0.8340809351851852 0.3070723354166667 0.8340809351851852 0.3070703203125 0.8519464231481482 0.3037477333333333 0.8519464231481482 0.3037578078125 0.8565773722222222
3 0.2372556921875 0.8491792537037037 0.23387064270833333 0.8491792537037037 0.2338666130208333 0.8483471074074074 0.23253072760416668 0.8483613564814815 0.23254080208333333 0.8518837277777779 0.2552992140625 0.8519749212962964 0.25528108020833334 0.8483328583333333 0.23726173697916667 0.8483756055555555 0.2372556921875 0.8491792537037037
3 0.30374168854166667 0.8483984037037037 0.3037719119791667 0.8519692222222223 0.3070703203125 0.8519464231481482 0.30707435 0.8340837842592592 0.3045939953125 0.8340837842592592 0.3045939953125 0.8483898546296296 0.30374168854166667 0.8483984037037037
3 0.291118275 0.7850527212962963 0.30458795104166664 0.7851182675925926 0.3045536973958333 0.8026446277777778 0.30707838020833333 0.802695925 0.3070723354166667 0.7816785407407407 0.2936187791666667 0.781721287962963 0.2936087041666667 0.7631490453703703 0.2909449927083333 0.7631433453703703 0.29087245624999997 0.768258762962963 0.29115051406250003 0.768258762962963 0.291118275 0.7850527212962963
3 0.29159782395833334 0.7308691935185184 0.29087447083333334 0.7308834425925925 0.29089462031249996 0.7450185240740741 0.29360467447916666 0.7450213731481481 0.2935966151041667 0.7260957537037037 0.2915817046875 0.7260615555555555 0.29159782395833334 0.7308691935185184
3 0.2936066895833333 0.6681533203703703 0.2910820067708333 0.6681390712962962 0.291118275 0.6946964944444444 0.2936167640625 0.6946822453703704 0.2936066895833333 0.6681533203703703
3 0.2911061859375 0.5802963805555555 0.2911061859375 0.5889227703703704 0.29360467447916666 0.5889170703703703 0.2936469875 0.5766999148148149 0.2542615354166667 0.5766999148148149 0.25434817656250003 0.6021715592592592 0.2511525286458333 0.6021715592592592 0.2511404390625 0.6056625814814814 0.2567439046875 0.6056796805555555 0.256731815625 0.5801937870370371 0.2911061859375 0.5802963805555555
3 0.29159782395833334 0.6243516675925926 0.29159782395833334 0.6292020518518519 0.2910860364583333 0.6292020518518519 0.2910759619791667 0.6373696212962963 0.29360265989583334 0.6373952694444445 0.2936066895833333 0.6197691648148148 0.2910860364583333 0.6197834138888889 0.2910759619791667 0.6243431175925926 0.29159782395833334 0.6243516675925926
3 0.22830747552083333 0.6722798518518518 0.22830747552083333 0.67461385 0.23713076770833333 0.6746337990740741 0.23708039479166668 0.6569877453703704 0.23543824322916668 0.6569991453703704 0.23545234739583334 0.6722200055555556 0.22830747552083333 0.6722798518518518
3 0.20954261510416666 0.6745796527777778 0.21679830729166666 0.674599600925926 0.21679830729166666 0.6721430611111111 0.20949425729166665 0.6722285555555556 0.2090791859375 0.6050242231481481 0.237876284375 0.6050498712962963 0.2378541203125 0.6020262185185185 0.20778762864583333 0.6018808777777778 0.20786620989583332 0.676523225925926 0.20953052604166666 0.676523225925926 0.20954261510416666 0.6745796527777778
3 0.2370521859375 0.6547506416666666 0.21063671145833332 0.6547506416666666 0.21063671145833332 0.6074152175925925 0.23528913958333333 0.6074152175925925 0.23528913958333333 0.6383100601851852 0.2370521859375 0.6383100601851852 0.23701591770833333 0.6050726703703704 0.20908926041666664 0.6050213731481482 0.20898045520833333 0.6569934453703703 0.23708039479166668 0.6569877453703704 0.2370521859375 0.6547506416666666
3 0.16622808802083336 0.5550384722222222 0.162881321875 0.554987175925926 0.16295184375000002 0.6360216583333334 0.16622808802083336 0.6360729555555555 0.16622808802083336 0.5550384722222222
3 0.20916179739583332 0.745180962962963 0.20915172291666667 0.7534340268518519 0.21081805364583334 0.7534368768518518 0.21079991927083333 0.7206554574074074 0.22655248854166665 0.7206355083333333 0.2265948015625 0.7415189509259259 0.23388273229166667 0.7414762037037037 0.233884746875 0.7699145055555555 0.20915978229166668 0.7699857509259259 0.20915978229166668 0.7723168990740741 0.233884746875 0.77231405 0.23389683645833334 0.7731119981481481 0.23726173697916667 0.7730635509259259 0.23724763229166665 0.7391080083333333 0.22821680416666668 0.7391678537037037 0.22820874479166667 0.718270162037037 0.21083014322916668 0.718258762962963 0.21082611302083334 0.7112453694444444 0.2352730203125 0.711165574074074 0.23526496093750002 0.7389740666666667 0.23707435 0.7389313194444445 0.23703808177083333 0.7089170703703704 0.2091315734375 0.7088914222222222 0.20918597604166667 0.7426759759259259 0.20133185572916668 0.7427073240740741 0.20128954270833335 0.7452094611111112 0.20916179739583332 0.745180962962963
3 0.23726576666666668 0.7939669425925926 0.23387870260416666 0.7939498435185185 0.23387064270833333 0.8491792537037037 0.2372556921875 0.8491792537037037 0.23726576666666668 0.7939669425925926
3 0.23254080208333333 0.8518837277777779 0.23253072760416668 0.856557424074074 0.2553193635416667 0.8566001712962963 0.2552992140625 0.8519749212962964 0.23254080208333333 0.8518837277777779
3 0.30707838020833333 0.802695925 0.31034051979166666 0.8026674268518518 0.31037074375 0.7771758333333334 0.2966874875 0.7771843833333334 0.29668144270833335 0.7631490453703703 0.2936087041666667 0.7631490453703703 0.2936187791666667 0.781721287962963 0.3070723354166667 0.7816785407407407 0.30707838020833333 0.802695925
3 0.296669353125 0.7260815046296296 0.2935966151041667 0.7260957537037037 0.29360467447916666 0.7450213731481481 0.2966895020833333 0.7450470222222223 0.296669353125 0.7260815046296296
3 0.2549385453125 0.7261128527777777 0.2549385453125 0.7308264462962962 0.29159782395833334 0.7308691935185184 0.2915817046875 0.7260615555555555 0.2549385453125 0.7261128527777777
3 0.2966633083333334 0.6681390712962962 0.2936066895833333 0.6681533203703703 0.2936167640625 0.6946822453703704 0.2967096515625 0.6946736962962964 0.2966633083333334 0.6681390712962962
3 0.2564718921875 0.7093644916666667 0.2564718921875 0.6883528074074073 0.29111626041666666 0.688264462962963 0.29116058854166665 0.6857224277777778 0.2568426354166667 0.6857224277777778 0.25682450156250003 0.6484098037037037 0.255075559375 0.6483756055555555 0.25498085833333334 0.6883157592592593 0.2550473505208333 0.7093644916666667 0.2564718921875 0.7093644916666667
3 0.29671972604166663 0.6197406666666667 0.2936066895833333 0.6197691648148148 0.29360265989583334 0.6373952694444445 0.29672577083333335 0.6373952694444445 0.29671972604166663 0.6197406666666667
3 0.2549909328125 0.6243317185185185 0.25497884322916664 0.6290567111111112 0.29159782395833334 0.6292020518518519 0.29159782395833334 0.6243516675925926 0.2549909328125 0.6243317185185185
3 0.2936469875 0.5766999148148149 0.29360467447916666 0.5889170703703703 0.29671368124999997 0.5889170703703703 0.296669353125 0.5723653462962963 0.2511525286458333 0.5723653462962963 0.2511525286458333 0.6021715592592592 0.25434817656250003 0.6021715592592592 0.2542615354166667 0.5766999148148149 0.2936469875 0.5766999148148149
3 0.16293370937499999 0.6590681101851852 0.16293370937499999 0.663659162037037 0.2043784 0.6637076092592592 0.2044831755208333 0.676546024074074 0.20786620989583332 0.676523225925926 0.20776344947916667 0.5927443712962963 0.22633286302083333 0.5927187231481481 0.2263751765625 0.6019692222222223 0.23784404583333335 0.6020404675925926 0.23780374791666667 0.5977999425925925 0.22799919427083332 0.5977742944444444 0.22799919427083332 0.5883499574074074 0.20784807552083334 0.5881789685185186 0.20783195625 0.554990025925926 0.1778057625 0.554990025925926 0.177753375 0.5596295240740741 0.20441265364583333 0.5596551722222223 0.20444690729166667 0.6590196638888889 0.16293370937499999 0.6590681101851852
3 0.20145073541666667 0.8545397546296296 0.20149506354166666 0.862886862037037 0.20330243802083334 0.862886862037037 0.20330243802083334 0.8564833287037037 0.20632681822916668 0.8565004277777777 0.20632480364583333 0.851923625 0.18050775729166665 0.8518438305555556 0.18060447291666665 0.7726531777777778 0.18953455572916666 0.7726047305555556 0.18951642135416666 0.7700569962962963 0.18060850312500001 0.7700398972222222 0.18060447291666665 0.7452408092592593 0.18957485416666667 0.7452721574074074 0.18957485416666667 0.7426731259259259 0.18059036874999998 0.7426446277777777 0.18059036874999998 0.7337332574074074 0.17867217395833332 0.7337503564814815 0.17867217395833332 0.7069934453703703 0.20778561354166666 0.706933599074074 0.207823896875 0.6995041324074074 0.20440862395833334 0.6995041324074074 0.20443078802083334 0.7022485037037037 0.1767177109375 0.7023311481481481 0.17650211562499998 0.8577514962962963 0.1790711265625 0.8577970935185185 0.1790711265625 0.8842633231481482 0.18573040520833334 0.8843032203703703 0.18568607708333335 0.879435737037037 0.1831412453125 0.879435737037037 0.18305460416666666 0.8544799092592592 0.20145073541666667 0.8545397546296296
3 0.32832963958333333 0.7237389574074073 0.32505540989583337 0.7237731546296297 0.32505540989583337 0.7450555712962963 0.3283538182291667 0.7450869194444445 0.32832963958333333 0.7237389574074073
3 0.227991134375 0.5695839268518518 0.227991134375 0.5596722712962963 0.24232923645833332 0.5597321175925926 0.24234938541666665 0.5550270731481481 0.2241345958333333 0.554981475925926 0.22412452135416666 0.5597036194444445 0.22491235156249997 0.5597036194444445 0.22489220208333333 0.569612425 0.227991134375 0.5695839268518518
3 0.20640741510416666 0.884243374074074 0.206387265625 0.8794556851851851 0.20331452760416668 0.8795041324074074 0.20329034843750002 0.8776289537037038 0.2015676 0.8776289537037038 0.2015555109375 0.8794699342592592 0.1992766473958333 0.8794870333333333 0.19925246822916665 0.8842604731481482 0.20640741510416666 0.884243374074074
3 0.23350594375 0.8794699342592592 0.23352609322916665 0.8842576231481482 0.25503929062499997 0.8842576231481482 0.25504936510416665 0.8794699342592592 0.23350594375 0.8794699342592592
3 0.3040318354166667 0.8843146194444444 0.3283538182291667 0.8842547731481482 0.3283376989583333 0.8342690222222222 0.32509369322916665 0.8342690222222222 0.32507152916666665 0.8795126814814814 0.3040217609375 0.8794699342592592 0.3040318354166667 0.8843146194444444
3 0.32831755 0.7633399833333334 0.32506749947916663 0.7633399833333334 0.32506346979166667 0.8023795953703704 0.3283376989583333 0.8023368481481481 0.32831755 0.7633399833333334
3 0.308978440625 0.6886976342592592 0.3248841427083333 0.688660587037037 0.3249022770833333 0.6861840981481482 0.31056820468749996 0.6862353944444445 0.3105299213541667 0.6753006555555555 0.325039290625 0.6753605018518519 0.3250795890625 0.7052607583333332 0.328325609375 0.7052607583333332 0.3282933708333333 0.6706697064814814 0.31195446302083335 0.6706697064814814 0.31195647812500005 0.6685209462962963 0.3086117265625 0.6685351953703703 0.30857948802083335 0.6753149046296296 0.3089965744791667 0.6752949555555555 0.308978440625 0.6886976342592592
3 0.6815917791666667 0.8794984324074073 0.7026475921875 0.8794870333333333 0.7026274432291667 0.8340353379629629 0.7000866411458334 0.8339754916666666 0.7000866411458334 0.8758934166666666 0.6815817046875 0.875976061111111 0.6815917791666667 0.8794984324074073
3 0.5541184765625 0.7395753777777777 0.5541466854166667 0.8576945 0.5559097317708334 0.8576945 0.5558795083333333 0.8842832712962964 0.563278259375 0.8843146194444444 0.5632762442708333 0.8795126814814814 0.5599778359375001 0.8795468796296296 0.5598871651041667 0.8543944148148148 0.5792363489583334 0.8544001138888889 0.5792363489583334 0.8630122546296296 0.5808865604166668 0.8630122546296296 0.5808563369791667 0.8564804787037037 0.5839451942708334 0.8564804787037037 0.583884746875 0.8519834712962963 0.5581624015625 0.8519549731481482 0.5581462822916666 0.7725562842592593 0.5670703203124999 0.7725562842592593 0.5670703203124999 0.7701139925925926 0.5581120291666667 0.7701652888888889 0.5581684463541666 0.7450840694444444 0.5671650213541667 0.7451695638888889 0.5671650213541667 0.7426674268518518 0.5581684463541666 0.7427529212962962 0.5581664317708334 0.7337931037037037 0.5562079385416666 0.7338216018518519 0.5562663713541667 0.7070019944444444 0.5853959296875 0.7070247935185185 0.5854241385416666 0.6993616416666667 0.5819685671875 0.6993331435185185 0.5819605078125 0.7022371046296296 0.55216804375 0.7022998009259259 0.5522526697916667 0.7395012824074074 0.5541184765625 0.7395753777777777
3 0.6326596817708333 0.8794699342592592 0.6128853515625 0.8794870333333333 0.6129055005208334 0.8519150759259259 0.6108442473958333 0.8519435740740741 0.6109752166666667 0.8842718722222223 0.6326395322916666 0.8842718722222223 0.6326596817708333 0.8794699342592592
3 0.6815817046875 0.884229125 0.706000403125 0.8842861212962962 0.7059802536458334 0.8340068398148148 0.7026274432291667 0.8340353379629629 0.7026475921875 0.8794870333333333 0.6815817046875 0.8795126814814814 0.6815817046875 0.884229125
3 0.5838968364583333 0.8843003703703703 0.5838867619791667 0.8797406666666666 0.5808442473958333 0.8797549157407407 0.580854321875 0.8776432027777777 0.5792806770833334 0.8776460527777779 0.5792766473958333 0.8797406666666666 0.5768265161458334 0.8797406666666666 0.5768265161458334 0.8842861212962962 0.5838968364583333 0.8843003703703703
2 0.5838766875 0.6993103444444445 0.5838968364583333 0.6759988601851852 0.5666774130208334 0.6760729555555555 0.5666713682291667 0.6993074953703704 0.5838766875 0.6993103444444445
2 0.5405017125 0.63614705 0.5405823088541666 0.6591336564814815 0.5576727786458334 0.6590082648148148 0.5576727786458334 0.6362125962962963 0.5405017125 0.63614705
2 0.6706911140624999 0.7066600166666667 0.6707152932291667 0.7259133657407407 0.68525085625 0.725967512037037 0.6852992140624999 0.7066315185185186 0.6706911140624999 0.7066600166666667
3 0.6325609510416667 0.7308321462962963 0.6325448317708333 0.7466685666666667 0.6343159380208333 0.7466685666666667 0.6342957890625001 0.7308207462962963 0.6325609510416667 0.7308321462962963
2 0.6341426557291666 0.7260729555555555 0.6340378802083334 0.7094898833333333 0.6300423130208334 0.7094927333333334 0.6300886562500001 0.7260672555555556 0.6341426557291666 0.7260729555555555
3 0.6146403385416667 0.699786263888889 0.613145275 0.699786263888889 0.6131251260416666 0.7089085212962963 0.6146081 0.7089028212962963 0.6146403385416667 0.699786263888889
3 0.6326153536458333 0.6883471074074075 0.6326556520833333 0.7094898833333333 0.6340378802083334 0.7094898833333333 0.6340378802083334 0.6883556564814816 0.6326153536458333 0.6883471074074075
2 0.63255490625 0.6291194074074075 0.6325891598958333 0.6483642064814815 0.6469715895833333 0.6484497009259259 0.6469111427083334 0.6291308064814815 0.63255490625 0.6291194074074075
2 0.63260729375 0.6052237101851852 0.6325045333333333 0.6243602166666666 0.646925246875 0.6243915648148148 0.646925246875 0.6053035055555556 0.63260729375 0.6052237101851852
2 0.6073443479166667 0.5883015101851852 0.6073886760416667 0.5694813333333334 0.5921478942708334 0.5694955824074075 0.5921478942708334 0.5882445138888889 0.6073443479166667 0.5883015101851852
2 0.6145939953125 0.6547734398148148 0.6146141447916667 0.6382188657407407 0.6020753578125 0.6382359648148148 0.6020471489583333 0.6547278425925926 0.6145939953125 0.6547734398148148
4 0.6109449927083334 0.8797406666666666 0.5838766875 0.8797549157407407 0.5839069109375 0.8857366768518519 0.6109752166666667 0.8857366768518519 0.6109449927083334 0.8797406666666666
2 0.605937940625 0.6722485037037037 0.5941930286458333 0.6722428046296297 0.5941668343750001 0.6783642064814814 0.6059137619791667 0.6783927046296296 0.605937940625 0.6722485037037037
2 0.5886379208333333 0.7422057564814815 0.5981281484375 0.7421972074074075 0.5981301630208333 0.7350584212962963 0.588607696875 0.7350527212962963 0.5886379208333333 0.7422057564814815
4 0.5853657062500001 0.559415787962963 0.6017469270833333 0.5596551722222223 0.6017449125 0.554237675 0.5853636911458333 0.5541835277777777 0.5853657062500001 0.559415787962963
4 0.6904916380208334 0.5869535481481482 0.6836107192708333 0.5869962953703703 0.6836228088541667 0.6179880305555555 0.6905399958333334 0.6179367342592592 0.6904916380208334 0.5869535481481482
4 0.6301390286458334 0.5550527212962963 0.6199355229166666 0.5550384722222222 0.6199194036458333 0.5631889425925926 0.6301732822916667 0.5632715870370371 0.6301390286458334 0.5550527212962963
2 0.5908865604166667 0.8630436018518518 0.5789320973958334 0.8629666574074074 0.5789139635416666 0.8776574518518518 0.5908180536458333 0.8776660018518518 0.5908865604166667 0.8630436018518518
2 0.5788857546875 0.7427614703703703 0.5671650213541667 0.7426674268518518 0.5671549463541666 0.7487688796296297 0.5788857546875 0.7486833851851852 0.5788857546875 0.7427614703703703
2 0.6148418296875 0.7947021944444445 0.6147592182291667 0.7730293527777778 0.5974229296875 0.7730550018518518 0.5974773322916668 0.794799087962963 0.6148418296875 0.7947021944444445
2 0.5866975619791667 0.753468225 0.5866915171875 0.7699572527777778 0.5992585130208333 0.7699658018518519 0.5992282895833333 0.7535138212962963 0.5866975619791667 0.753468225
4 0.5553072739583332 0.5550299231481481 0.5437457182291666 0.554970076851852 0.5437960911458333 0.5597064694444445 0.5552851098958332 0.5596950694444445 0.5553072739583332 0.5550299231481481
4 0.6836107192708333 0.6373354231481482 0.6836167640624999 0.668273012037037 0.6905299213541666 0.6682359648148148 0.690519846875 0.6372698777777778 0.6836107192708333 0.6373354231481482
4 0.7001027604166666 0.7053405527777777 0.7001591781250001 0.7237047592592593 0.7060124921875001 0.723642062962963 0.7059862984374999 0.7052892564814814 0.7001027604166666 0.7053405527777777
4 0.7000201489583334 0.7450441722222222 0.699981865625 0.7633684814814815 0.7058956276041666 0.7633399833333334 0.705937940625 0.7450185240740741 0.7000201489583334 0.7450441722222222
4 0.7001027604166666 0.8026674268518518 0.7000866411458334 0.8339754916666666 0.7069413661458334 0.8339583925925926 0.7069816640625 0.8026759759259259 0.7001027604166666 0.8026674268518518
4 0.6105823088541666 0.8486320888888889 0.5838464640625 0.8487261324074075 0.5839230302083334 0.8536192648148149 0.6105863390625 0.8535166712962963 0.6105823088541666 0.8486320888888889
3 0.5562079385416666 0.7338216018518519 0.5580153135416667 0.7337902537037037 0.5580153135416667 0.7094157879629629 0.5867378604166666 0.7094157879629629 0.5867318156250001 0.7089370194444444 0.5871025588541666 0.7089256194444444 0.587118678125 0.699424337037037 0.5854241385416666 0.6993616416666667 0.5853959296875 0.7070247935185185 0.5562663713541667 0.7070019944444444 0.5562079385416666 0.7338216018518519
3 0.60368325625 0.7412909657407407 0.5981281484375 0.7412909657407407 0.5981281484375 0.7421972074074075 0.60368325625 0.7422228555555556 0.60368325625 0.7412909657407407
3 0.583884746875 0.8519834712962963 0.5838464640625 0.8487261324074075 0.5581382229166666 0.8487774296296297 0.5581624015625 0.8519549731481482 0.583884746875 0.8519834712962963
3 0.7026072937500001 0.7633684814814815 0.699981865625 0.7633684814814815 0.7001027604166666 0.8026674268518518 0.7026274432291667 0.8026645768518519 0.7026072937500001 0.7633684814814815
3 0.7025851302083334 0.7237047592592593 0.7001591781250001 0.7237047592592593 0.7000201489583334 0.7450441722222222 0.7025931895833334 0.7450185240740741 0.7025851302083334 0.7237047592592593
3 0.7006568609375 0.6885038472222222 0.7001208947916666 0.6885009972222222 0.7001027604166666 0.7053405527777777 0.7026213984375 0.7052892564814814 0.7025972192708333 0.6753747509259259 0.6861212973958334 0.6753234537037037 0.6861112229166667 0.668278712037037 0.6836167640624999 0.668273012037037 0.6836510177083334 0.6783157592592592 0.7005903687499999 0.6784126527777777 0.7006568609375 0.6885038472222222
3 0.6861313723958333 0.6179937305555555 0.6836228088541667 0.6179880305555555 0.6836107192708333 0.6373354231481482 0.6861515213541666 0.6372698777777778 0.6861313723958333 0.6179937305555555
3 0.6861777151041667 0.5869848962962962 0.6861434614583334 0.5597292675925926 0.6301692526041667 0.5597121685185186 0.6301732822916667 0.5632715870370371 0.6836409432291667 0.5632316898148148 0.6836107192708333 0.5869962953703703 0.6861777151041667 0.5869848962962962
3 0.6073886760416667 0.5694813333333334 0.60739270625 0.5632088916666668 0.6199194036458333 0.5631889425925926 0.6199335078125 0.5596523222222222 0.6055913760416666 0.5596580222222222 0.6055913760416666 0.5694813333333334 0.6073886760416667 0.5694813333333334
3 0.5853636911458333 0.6760359074074074 0.5870904692708333 0.6760359074074074 0.5871005442708334 0.6745768027777778 0.5941789239583334 0.6745768027777778 0.5941930286458333 0.6722428046296297 0.5870723354166666 0.6722456537037037 0.5866089057291667 0.6050897694444444 0.6073141244791667 0.6049700768518519 0.6073443479166667 0.5883015101851852 0.6055530927083334 0.5883699055555555 0.6055813015625 0.6020974638888889 0.5853616765624999 0.6019578231481482 0.5853636911458333 0.6760359074074074
3 0.6146846666666667 0.6746053009259259 0.6145738463541667 0.6569848962962963 0.613048559375 0.6569820462962963 0.6130183359375 0.6722228555555555 0.605937940625 0.6722485037037037 0.605937940625 0.6746793962962963 0.6146846666666667 0.6746053009259259
3 0.5866089057291667 0.6570361925925926 0.6145738463541667 0.6569848962962963 0.6145939953125 0.6547734398148148 0.5881664317708334 0.6548275861111111 0.5881744911458333 0.6073867194444444 0.6128269192708333 0.6073753203703703 0.612792665625 0.6382188657407407 0.6146141447916667 0.6382188657407407 0.6144892203125 0.6050213731481482 0.5866089057291667 0.6050897694444444 0.5866089057291667 0.6570361925925926
3 0.5375518838541667 0.5986121398148149 0.5404855932291667 0.598640637962963 0.5405017125 0.63614705 0.5437960911458333 0.6361043027777779 0.5437457182291666 0.554970076851852 0.5405319364583333 0.5550384722222222 0.5405057427083333 0.5939583925925925 0.5375740479166667 0.5939868907407407 0.5375518838541667 0.5986121398148149
3 0.6148418296875 0.7947021944444445 0.6114245416666667 0.7947021944444445 0.6113943177083333 0.8492077518518518 0.6147833973958333 0.8492077518518518 0.6148418296875 0.7947021944444445
3 0.5788656057291667 0.7452322601851852 0.5867600239583334 0.7452265601851852 0.5866975619791667 0.753468225 0.5884041911458334 0.753448275925926 0.5883981463541667 0.7206469083333333 0.6040781786458334 0.7206697064814814 0.60407011875 0.74153605 0.6112230505208333 0.74153605 0.6112552890625 0.7391336564814815 0.6057545838541666 0.7391051583333333 0.6057384645833334 0.7182929611111111 0.5884263552083334 0.7182445138888889 0.5883759822916667 0.7112795666666666 0.6128128145833334 0.7112396694444444 0.6128672171874999 0.7391678537037037 0.6113963328125 0.7391222574074073 0.611444690625 0.7699943 0.5866915171875 0.7699572527777778 0.5866915171875 0.7723596462962963 0.6114043927083334 0.7723795953703704 0.6114265567708334 0.7730293527777778 0.6147592182291667 0.7730293527777778 0.6146081 0.7089028212962963 0.5867318156250001 0.7089370194444444 0.5867298005208333 0.742693075 0.5788857546875 0.7427614703703703 0.5788656057291667 0.7452322601851852
3 0.7058956276041666 0.7633399833333334 0.7026072937500001 0.7633684814814815 0.7026274432291667 0.8026645768518519 0.7059580901041667 0.8026759759259259 0.7058956276041666 0.7633399833333334
3 0.6723493854166667 0.728073525 0.6723493854166667 0.7259019666666666 0.6707152932291667 0.7259133657407407 0.6707253677083334 0.7266657166666667 0.6691476927083334 0.7266657166666667 0.6691476927083334 0.7260558564814814 0.6325609510416667 0.7260615555555555 0.6325609510416667 0.7308321462962963 0.7002800723958333 0.7306098601851851 0.7002458192708333 0.728059275925926 0.6723493854166667 0.728073525
3 0.7060124921875001 0.723642062962963 0.7025851302083334 0.7237047592592593 0.7025931895833334 0.7450185240740741 0.705937940625 0.7450185240740741 0.7060124921875001 0.723642062962963
3 0.7026213984375 0.7052892564814814 0.7059862984374999 0.7052892564814814 0.7060084624999999 0.6706326592592593 0.6895123916666667 0.6706868055555556 0.689506346875 0.6682359648148148 0.6861112229166667 0.668278712037037 0.6861212973958334 0.6753234537037037 0.7025972192708333 0.6753747509259259 0.7026213984375 0.7052892564814814
3 0.689532540625 0.6179538333333333 0.6861313723958333 0.6179937305555555 0.6861515213541666 0.6372698777777778 0.6895466453125 0.6372698777777778 0.689532540625 0.6179538333333333
3 0.6706911140624999 0.7066600166666667 0.6723554302083333 0.7066600166666667 0.6723836390625001 0.6885921916666666 0.7006568609375 0.6885038472222222 0.7006266369791666 0.68614705 0.6855671973958334 0.6862296953703704 0.6856498083333334 0.6783015101851853 0.6839472093750001 0.6783015101851853 0.6839250453125001 0.6861812481481481 0.6343703406250001 0.6856711314814815 0.6344529520833333 0.6483642064814815 0.6325891598958333 0.6483642064814815 0.6326153536458333 0.6883471074074075 0.6706890994791667 0.6883585064814814 0.6706911140624999 0.7066600166666667
3 0.6325045333333333 0.6243602166666666 0.63255490625 0.6291194074074075 0.6836772114583333 0.6290823592592593 0.6836530322916666 0.6244713592592593 0.6325045333333333 0.6243602166666666
3 0.6343925046875001 0.5632174407407408 0.6325811 0.5632174407407408 0.63260729375 0.6052237101851852 0.6343925046875001 0.6052237101851852 0.6343925046875001 0.5632174407407408
4 0.2852911546875 0.31570247962962966 0.23629860989583334 0.3156739814814815 0.23631875885416667 0.32195497314814814 0.28525085625 0.32195497314814814 0.2852911546875 0.31570247962962966
4 0.22715696145833333 0.31570247962962966 0.20001007447916666 0.3157309777777778 0.2000302234375 0.32196922222222224 0.2271670359375 0.32189797685185184 0.22715696145833333 0.31570247962962966
3 0.32390892604166666 0.2892960953703704 0.3441164619791667 0.2892960953703704 0.3441164619791667 0.285574237962963 0.32388676197916666 0.28557993703703705 0.32390892604166666 0.2892960953703704
4 0.30202498489583335 0.12920775185185185 0.2904634291666667 0.12914505555555555 0.2904533546875 0.1339640925925926 0.30200282083333335 0.13394984351851852 0.30202498489583335 0.12920775185185185
3 0.21525287135416665 0.1848304361111111 0.21523675208333334 0.18586776851851852 0.22080394947916665 0.18585351944444445 0.22081805364583335 0.18484753518518518 0.21525287135416665 0.1848304361111111
4 0.20034051979166667 0.1291735537037037 0.18883538177083334 0.1292334 0.18883538177083334 0.13399828981481482 0.20033649010416665 0.13392989444444445 0.20034051979166667 0.1291735537037037
2 0.20050977239583334 0.1862638925925926 0.188696353125 0.18628954074074072 0.18874068125000001 0.19261328055555557 0.20050171249999998 0.19258478240740742 0.20050977239583334 0.1862638925925926
2 0.36210356614583333 0.185768025 0.3621337901041667 0.20426332314814816 0.36469272604166664 0.20426332314814816 0.36468466666666666 0.20333143333333334 0.366528309375 0.20333143333333334 0.3665303244791666 0.18685095462962964 0.364793471875 0.18685095462962964 0.3647954864583333 0.18573952685185185 0.36210356614583333 0.185768025
2 0.3476808380208333 0.1697777148148148 0.3638766875 0.1697777148148148 0.3638726578125 0.14559418611111113 0.34759218229166666 0.1456511824074074 0.3476808380208333 0.1697777148148148
2 0.2708946203125 0.15947563425925926 0.2843179526041667 0.15942433703703704 0.2842474307291667 0.13886007407407408 0.270828128125 0.13886007407407408 0.2708946203125 0.15947563425925926
2 0.2988595609375 0.21112282685185185 0.28714285729166666 0.21123681944444445 0.2871690510416667 0.21748646296296295 0.29887970989583335 0.21741806759259258 0.2988595609375 0.21112282685185185
2 0.3055470479166667 0.21339127962962962 0.31721740885416666 0.21341977777777776 0.31725972187499996 0.19554003981481483 0.3055309286458333 0.19558848703703705 0.3055470479166667 0.21339127962962962
2 0.3139169859375 0.23887432314814813 0.3004392505208333 0.23871758333333334 0.30044730989583335 0.2593644916666667 0.31395526875 0.25920775185185185 0.3139169859375 0.23887432314814813
2 0.20661898020833333 0.29931319444444443 0.19477332239583334 0.2992419490740741 0.19474712864583335 0.3139099462962963 0.20659883125 0.3139840407407407 0.20661898020833333 0.29931319444444443
2 0.23193028385416667 0.23770589907407408 0.23190006041666666 0.21631518981481482 0.21470280052083332 0.21628954074074075 0.2146645171875 0.23760330555555553 0.23193028385416667 0.23770589907407408
2 0.2039250453125 0.19745511574074073 0.20391698593750002 0.21270162407407409 0.2163308484375 0.2127529212962963 0.2163590567708333 0.19739811944444444 0.2039250453125 0.19745511574074073
2 0.20543018333333332 0.13618979722222221 0.20528712447916667 0.15506697037037037 0.22033044531249998 0.1551182675925926 0.22033044531249998 0.13618124814814817 0.20543018333333332 0.13618979722222221
3 0.22870239791666666 0.21355656851851854 0.20544428750000002 0.21355371944444443 0.20544227291666667 0.21270162407407409 0.20391698593750002 0.21270162407407409 0.20393511979166667 0.2159760611111111 0.2286923234375 0.21594186388888886 0.22870239791666666 0.21355656851851854
1 0 0 0 1 1 1 1 0 0 0
2 0.18671771093749998 0.1594955824074074 0.19996171666666665 0.15954402962962963 0.1998891796875 0.13999715 0.1866089057291667 0.13999999999999999 0.18671771093749998 0.1594955824074074
4 0.19269595 0.3157167287037037 0.17920411041666667 0.3157566259259259 0.17921015520833333 0.32034767777777773 0.19268587552083333 0.3202906814814815 0.19269595 0.3157167287037037
4 0.22634495260416668 0.28565973240740744 0.200070521875 0.2855172416666667 0.2001007453125 0.29387004814814816 0.22634495260416668 0.2937845537037037 0.22634495260416668 0.28565973240740744
4 0.2366451744791667 0.2791279564814815 0.23665927864583333 0.2875064120370371 0.28507958906249997 0.2874351666666667 0.2850594401041667 0.2793103444444444 0.2366451744791667 0.2791279564814815
3 0.5968789036458334 0.18291251111111112 0.60907515625 0.18273582222222223 0.6090288130208333 0.17906241111111112 0.5680495666666666 0.17909090925925927 0.5680374770833333 0.1825961814814815 0.5699858958333334 0.1825961814814815 0.5700161192708334 0.1808862925925926 0.5968789036458334 0.18291251111111112
3 0.6009570822916667 0.2066115703703704 0.6009026796875 0.23282416666666667 0.596475921875 0.23287546296296296 0.5965403989583333 0.2094043888888889 0.6008785010416666 0.2094043888888889 0.6008966348958332 0.20717013425925926 0.5969574854166667 0.2071957824074074 0.5969111427083333 0.18102308333333333 0.5700161192708334 0.1808862925925926 0.57002619375 0.21627814166666665 0.5716925244791666 0.21627814166666665 0.5717287932291666 0.1832373898148148 0.5874551682291667 0.18324308888888888 0.5874189 0.20430322037037038 0.5951964536458333 0.2042918212962963 0.5951964536458333 0.20190367592592592 0.5890167239583334 0.20189797685185185 0.5890590369791667 0.1832316898148148 0.5952669755208333 0.1832316898148148 0.5951158572916667 0.23282986574074074 0.5700725369791667 0.23277571944444445 0.5700926859375 0.23525220833333332 0.6040902682291667 0.23535765185185184 0.6040862380208334 0.2066115703703704 0.6009570822916667 0.2066115703703704
3 0.6041869838541667 0.2567084638888889 0.6009187989583332 0.2567939583333333 0.6008523072916667 0.3048817324074074 0.6041668343750001 0.3048817324074074 0.6041869838541667 0.2567084638888889
3 0.669709853125 0.255765175 0.6663570421874999 0.2557224277777778 0.6663409229166667 0.30474494166666666 0.6697400765625 0.3047677398148148 0.669709853125 0.255765175
3 0.5980898651041666 0.30478483888888885 0.5981019546875 0.30830151018518515 0.611638121875 0.3083471074074074 0.6116260328125 0.30474209166666666 0.5980898651041666 0.30478483888888885
4 0.7008664114583334 0.33600455925925926 0.6785895630208334 0.33589056666666667 0.6785794880208333 0.34212596203703705 0.7008462625 0.34214021111111115 0.7008664114583334 0.33600455925925926
4 0.6598267177083332 0.33605870648148145 0.6108140239583334 0.3359190648148148 0.6108140239583334 0.34212596203703705 0.6598367921875 0.342111712962963 0.6598267177083332 0.33605870648148145
4 0.5981200885416667 0.33593331388888886 0.5713318557291667 0.33593331388888886 0.5713419302083333 0.342111712962963 0.5981684463541667 0.3420974638888889 0.5981200885416667 0.33593331388888886
3 0.5713419302083333 0.34056426296296294 0.5713318557291667 0.3359048157407407 0.5655168244791666 0.3359247648148148 0.5655168244791666 0.3338814481481482 0.563727584375 0.3338814481481482 0.5637114645833333 0.3358734685185185 0.5613137213541666 0.33589626666666667 0.5612895427083333 0.3405015675925926 0.5713419302083333 0.34056426296296294
3 0.7541970583333334 0.18438016574074076 0.7428873666666667 0.18432601851851851 0.7428873666666667 0.18907951018518518 0.7561595807291667 0.18910230833333333 0.7561354020833334 0.25590481574074075 0.7253113036458333 0.25597036203703705 0.7253354828125 0.25840695370370376 0.7561273421875 0.25839555462962965 0.7561273421875 0.291929325 0.7586459802083334 0.291929325 0.7586459802083334 0.3082958111111111 0.7469655447916667 0.3082958111111111 0.7470118880208333 0.31277571944444443 0.7586842635416667 0.31290681111111107 0.7586842635416667 0.33588486759259256 0.7450876484375001 0.3359048157407407 0.7450775739583333 0.3405357648148148 0.7628269192708333 0.34047306944444444 0.7627785614583333 0.2874266175925926 0.7600745515625 0.2874266175925926 0.7602841026041667 0.18330863518518517 0.7583598630208334 0.18326588796296295 0.7581442677083333 0.11350242222222222 0.7560185369791667 0.11335993148148148 0.7559198067708334 0.0781875175925926 0.7528289338541666 0.0781875175925926 0.7526979651041666 0.11799088055555555 0.7542655651041666 0.11799088055555555 0.7541970583333334 0.18438016574074076
3 0.7008664114583334 0.3359048157407407 0.7008563369791666 0.34050726666666664 0.7226798307291666 0.3404787685185185 0.7226899052083334 0.3358620685185185 0.7008664114583334 0.3359048157407407
3 0.6598267177083332 0.33587631759259257 0.6598367921875 0.34050726666666664 0.6785794880208333 0.3405357648148148 0.6785794880208333 0.33587631759259257 0.6598267177083332 0.33587631759259257
3 0.5981200885416667 0.3359048157407407 0.598158371875 0.3405500138888889 0.6108140239583334 0.34050726666666664 0.6108140239583334 0.33589056666666667 0.5981200885416667 0.3359048157407407
4 0.6192403786458333 0.17473069259259258 0.6090288130208333 0.17476204074074075 0.60907515625 0.18273582222222223 0.6192323192708333 0.18275862037037038 0.6192403786458333 0.17473069259259258
2 0.6597400765625 0.14765745185185183 0.6462099536458333 0.14765745185185183 0.6461777151041667 0.15381875185185187 0.6597078380208334 0.1538614990740741 0.6597400765625 0.14765745185185183
2 0.7103022364583332 0.10168993981481482 0.7100463427083333 0.07862923888888888 0.693268184375 0.07872613240740742 0.6931170661458333 0.10162724444444445 0.7103022364583332 0.10168993981481482
2 0.6787588151041667 0.22809347407407407 0.6668889786458333 0.228073525 0.6669091276041667 0.23436306666666668 0.6787789645833333 0.23432031944444445 0.6787588151041667 0.22809347407407407
2 0.6849002619791666 0.23025363333333335 0.69659883125 0.23025363333333335 0.6964759218750001 0.21255913333333332 0.6849002619791666 0.21255628425925926 0.6849002619791666 0.23025363333333335
2 0.7266975619791667 0.18658022222222223 0.7429357244791667 0.1865203759259259 0.7429780375 0.16257053333333335 0.7266572635416666 0.16251353703703705 0.7266975619791667 0.18658022222222223
2 0.7458089864583334 0.2191222574074074 0.7458734635416667 0.20229980092592595 0.741700584375 0.20229125092592593 0.7417610317708333 0.21908805925925925 0.7458089864583334 0.2191222574074074
4 0.6241648197916666 0.11819036759259259 0.6209208140625001 0.11819036759259259 0.6208623817708333 0.13447135925925927 0.6242151921875 0.13447135925925927 0.6241648197916666 0.11819036759259259
2 0.7458875682291667 0.2528270166666667 0.7459016723958333 0.2362068962962963 0.7417308078125 0.23621829537037037 0.741752971875 0.25282986574074073 0.7458875682291667 0.2528270166666667
2 0.7253113036458333 0.25597036203703705 0.7116502114583334 0.25591336574074075 0.7115514807291666 0.2760986037037037 0.7253516020833334 0.2760986037037037 0.7253113036458333 0.25597036203703705
2 0.6833346765625 0.25591336574074075 0.669709853125 0.255765175 0.6697481364583333 0.2760815046296296 0.6833487807291667 0.2759846111111111 0.6833346765625 0.25591336574074075
2 0.6437295989583334 0.17464234814814814 0.6437094499999999 0.16014534074074074 0.6315353614583333 0.16021088611111112 0.6315776750000001 0.1743887148148148 0.6437295989583334 0.17464234814814814
2 0.57210558125 0.20483613611111112 0.5814386458333334 0.20487603333333335 0.5814064072916667 0.19784268981481481 0.5720773723958333 0.19779424351851851 0.57210558125 0.20483613611111112
2 0.5715937942708333 0.15587346851851852 0.5715232723958333 0.1744628101851852 0.5865524885416666 0.1744628101851852 0.5864477130208333 0.15592191481481482 0.5715937942708333 0.15587346851851852
2 0.5546483979166666 0.17908805925925927 0.5680495666666666 0.17909090925925927 0.5680979244791666 0.15917355370370373 0.5545758614583334 0.1591792537037037 0.5546483979166666 0.17908805925925927
2 0.5686016520833334 0.20546879444444444 0.5567660687499999 0.20557138796296295 0.5567600239583333 0.21155029907407408 0.5686318760416668 0.21157879722222223 0.5686016520833334 0.20546879444444444
2 0.57002619375 0.21627814166666665 0.5700725369791667 0.23277571944444445 0.5826012494791667 0.232687375 0.5824984890625 0.2162724425925926 0.57002619375 0.21627814166666665
2 0.6041869838541667 0.2567084638888889 0.6040902682291667 0.23535765185185184 0.5870380817708334 0.23535765185185184 0.5869715895833333 0.25673696203703705 0.6041869838541667 0.2567084638888889
2 0.5636792260416666 0.3192704472222222 0.563727584375 0.3338814481481482 0.5752488416666667 0.33383015092592594 0.5752488416666667 0.31932744351851855 0.5636792260416666 0.3192704472222222
4 0.6192262744791667 0.14585066944444444 0.6088998588541668 0.1458392703703704 0.6088857546875001 0.1505956111111111 0.6192464234375 0.1506070101851852 0.6192262744791667 0.14585066944444444
4 0.5916199880208333 0.14505557129629632 0.575268990625 0.14504132222222224 0.5753193635416667 0.15053291574074074 0.5916502114583333 0.1505528638888889 0.5916199880208333 0.14505557129629632
4 0.5673262140625001 0.14573667685185185 0.5558553296875 0.145765175 0.5558553296875 0.15063265925925926 0.5672959901041666 0.15060986018518518 0.5673262140625001 0.14573667685185185
4 0.5980898651041666 0.30478483888888885 0.571815434375 0.30479338888888885 0.5718053598958334 0.31297520648148147 0.5981341932291666 0.3129125111111111 0.5980898651041666 0.30478483888888885
4 0.6599959703124999 0.30478483888888885 0.6116260328125 0.30474209166666666 0.611638121875 0.3130008546296296 0.6600322385416667 0.31297805648148147 0.6599959703124999 0.30478483888888885
4 0.6960548057291667 0.30485323425925925 0.6743381020833333 0.3046964944444444 0.6743381020833333 0.31297805648148147 0.6961656255208334 0.312884012962963 0.6960548057291667 0.30485323425925925
4 0.7470058432291666 0.304813337037037 0.7252931692708333 0.3047905388888889 0.7253576463541667 0.31297805648148147 0.7470118880208333 0.31277571944444443 0.7470058432291666 0.304813337037037
4 0.5613137213541666 0.33589626666666667 0.5476909125 0.3360302083333333 0.5477291958333333 0.3404930175925926 0.5612895427083333 0.3405015675925926 0.5613137213541666 0.33589626666666667
3 0.5700141041666666 0.2054773435185185 0.5686016520833334 0.20546879444444444 0.5686117265625 0.20779994259259257 0.5700141041666666 0.20779709351851852 0.5700141041666666 0.2054773435185185
3 0.5814386458333334 0.20390139629629628 0.5814386458333334 0.20487603333333335 0.5869917390625 0.20485893425925925 0.5869816640625001 0.20386434907407408 0.5814386458333334 0.20390139629629628
3 0.6192323192708333 0.18275862037037038 0.6461132380208333 0.18272157314814816 0.6460608505208333 0.1745996009259259 0.6437295989583334 0.17464234814814814 0.6437295989583334 0.17914790555555554 0.6192162 0.17917925370370372 0.6192323192708333 0.18275862037037038
3 0.7542655651041666 0.11799088055555555 0.7531432598958333 0.11800797962962963 0.7531352005208334 0.1843345685185185 0.7541970583333334 0.18438016574074076 0.7542655651041666 0.11799088055555555