3 0.22758613749999998 0.15830436018518518 0.1992162 0.15821886574074073 0.1992162 0.16267027685185184 0.246000403125 0.16268452592592592 0.246000403125 0.1583471074074074 0.23079588958333333 0.1583471074074074 0.23076566614583335 0.13667141666666666 0.24607092500000002 0.13666001666666666 0.24605077552083332 0.1318723287037037 0.22533749739583334 0.131920775 0.22530727395833333 0.13671416388888888 0.22752569010416668 0.13671416388888888 0.22758613749999998 0.15830436018518518
3 0.22549264583333334 0.29626674259259256 0.2335905703125 0.29630094074074076 0.23366512187500002 0.29025648333333337 0.23571428593750002 0.29022228518518517 0.23571428593750002 0.28562553425925924 0.23034051979166667 0.28562553425925924 0.23031634114583335 0.29195497314814817 0.22546846666666667 0.29198917037037037 0.22549264583333334 0.29626674259259256
3 0.23107797708333333 0.24045882037037034 0.22773121093749998 0.24045882037037034 0.22772113645833333 0.2828469648148148 0.2311142453125 0.2828583638888889 0.23107797708333333 0.24045882037037034
3 0.36394720937499997 0.24151610185185188 0.34760225677083334 0.24155029907407408 0.34762845052083335 0.24406098611111113 0.36394720937499997 0.24402678796296295 0.36394720937499997 0.24151610185185188
3 0.284166834375 0.2900940435185185 0.2863953255208333 0.2900940435185185 0.2863731614583333 0.2963664861111111 0.30129961718750004 0.2963693361111111 0.3012794682291667 0.29203761759259256 0.28955873489583334 0.2920091194444444 0.2895285109375 0.28560273611111114 0.28419504322916667 0.285574237962963 0.284166834375 0.2900940435185185
3 0.33122103541666664 0.1764776287037037 0.3468083817708333 0.17652037592592593 0.3467882328125 0.1747734398148148 0.3326355026041667 0.1747192935185185 0.33260729375 0.16190367592592594 0.3193592583333333 0.16201481944444443 0.31934918385416666 0.14989740648148148 0.31808382031250004 0.14989740648148148 0.31811404374999996 0.16400398981481482 0.33120088645833334 0.16394699351851852 0.33122103541666664 0.1764776287037037
3 0.2633951239583333 0.1583072101851852 0.263374975 0.16276717037037036 0.2700745515625 0.16272727314814814 0.2700483578125 0.15827586203703703 0.2633951239583333 0.1583072101851852
3 0.2895990328125 0.131929325 0.2635361677083333 0.1318039324074074 0.2635361677083333 0.13664291851851854 0.2895990328125 0.13661726944444444 0.2895990328125 0.131929325
3 0.20441668333333332 0.13886577407407405 0.2078057625 0.1389028212962963 0.2078057625 0.13667141666666666 0.20842635520833333 0.13667141666666666 0.20845254895833334 0.13187802777777777 0.19957888385416667 0.13187802777777777 0.19957888385416667 0.13673126203703703 0.20441668333333332 0.13670846388888888 0.20441668333333332 0.13886577407407405
3 0.17839411666666666 0.31837560555555555 0.1762180135416667 0.31837560555555555 0.17628249062499998 0.29416357962962963 0.19417690937499998 0.29422342592592593 0.19419705833333334 0.3018153324074074 0.19597219427083334 0.30179538333333333 0.19594398541666666 0.29635793703703706 0.19928672187500002 0.2964120833333333 0.19930687083333334 0.2920233685185185 0.17634696770833333 0.29215161018518515 0.17630666927083333 0.162698775 0.185859359375 0.16265602777777777 0.18585532968750001 0.15831575925925925 0.17628249062499998 0.15831575925925925 0.17632480364583333 0.1366942148148148 0.18801128333333333 0.13666571666666666 0.1879891192708333 0.13187802777777777 0.17296191822916668 0.13187802777777777 0.17298408229166667 0.3230692509259259 0.17839411666666666 0.3231005981481481 0.17839411666666666 0.31837560555555555
2 0.20441668333333332 0.13886577407407405 0.20443481770833336 0.1581333712962963 0.21946000416666667 0.1581761185185185 0.21946403385416666 0.13891707037037038 0.20441668333333332 0.13886577407407405
2 0.185859359375 0.16265602777777777 0.1992162 0.16267027685185184 0.19915575260416668 0.14228555185185185 0.18583920989583333 0.14241094351851852 0.185859359375 0.16265602777777777
4 0.1917831958333333 0.31845255092592595 0.17839411666666666 0.31837560555555555 0.17838605677083336 0.32307495 0.1917932703125 0.3231034481481482 0.1917831958333333 0.31845255092592595
4 0.22542212395833333 0.2884155027777778 0.1992645578125 0.2883043601851852 0.1992665723958333 0.296355087037037 0.22549264583333334 0.29626674259259256 0.22542212395833333 0.2884155027777778
4 0.2842232520833334 0.28204901666666665 0.23569615156249998 0.28204901666666665 0.23571428593750002 0.29022228518518517 0.284166834375 0.2900940435185185 0.2842232520833334 0.28204901666666665
4 0.6935744510416666 0.3154630944444445 0.6443804151041667 0.3154488453703704 0.6443904895833333 0.3216414935185185 0.6936147489583333 0.3216984898148148 0.6935744510416666 0.3154630944444445
4 0.6234193026041667 0.3155200907407408 0.6011928270833333 0.3155200907407408 0.6011827526041666 0.32165574259259255 0.6234293776041666 0.32161299537037036 0.6234193026041667 0.3155200907407408
4 0.5792564979166667 0.3155343398148148 0.5569595005208333 0.3155058416666667 0.5569595005208333 0.32161299537037036 0.5792665723958332 0.32165574259259255 0.5792564979166667 0.3155343398148148
4 0.7475277052083332 0.11388714722222222 0.7360286119791667 0.11388714722222222 0.73604473125 0.11855799351851852 0.7475579286458333 0.11856084351851853 0.7475277052083332 0.11388714722222222
4 0.7080616562500001 0.11829011111111111 0.7245678015625 0.11829011111111111 0.7245496677083333 0.11306355092592593 0.7080616562500001 0.11306070092592593 0.7080616562500001 0.11829011111111111
4 0.681329840625 0.1138444 0.663884746875 0.11380735277777777 0.6638746723958333 0.11861783981481482 0.6813580494791667 0.11862638888888889 0.681329840625 0.1138444
4 0.6391658270833334 0.11385579907407407 0.6275962119791667 0.11386149907407409 0.6275982270833332 0.11856084351851853 0.6391658270833334 0.11856369351851852 0.6391658270833334 0.11385579907407407
4 0.7543501916666667 0.31571957777777776 0.7409590973958333 0.31570247962962966 0.7409470078125 0.31989740648148146 0.7543864598958333 0.3198803074074074 0.7543501916666667 0.31571957777777776
4 0.6836006447916667 0.13712168703703703 0.6662361473958334 0.13712738703703703 0.6661998791666667 0.14535480185185184 0.683586540625 0.14541179814814817 0.6836006447916667 0.13712168703703703
4 0.7061495062500001 0.2841863777777778 0.7062099536458334 0.29250498703703703 0.7323433406250001 0.29249073796296293 0.7324118479166667 0.2841920777777778 0.7061495062500001 0.2841863777777778
4 0.6445053395833333 0.2841892277777778 0.6445536973958333 0.2924679398148148 0.6934334072916666 0.2925192361111111 0.6934132583333333 0.2842091768518519 0.6445053395833333 0.2841892277777778
4 0.6014124520833334 0.2841949277777778 0.6014728994791666 0.29251068703703703 0.6232278864583333 0.29245084074074074 0.623268184375 0.2841806787037037 0.6014124520833334 0.2841949277777778
4 0.5790388880208333 0.2842006268518518 0.5572133791666667 0.2841721287037037 0.5572657666666667 0.29251068703703703 0.5790489625 0.2925391851851852 0.5790388880208333 0.2842006268518518
3 0.73794680625 0.17920205185185187 0.7305097723958334 0.1791678537037037 0.7304976828124999 0.1812653175925926 0.7379347166666667 0.1812140212962963 0.73794680625 0.17920205185185187
2 0.7499858958333333 0.17878882870370372 0.7379447916666667 0.17877457962962964 0.7379669557291667 0.18491308055555555 0.7499758208333334 0.18489883148148148 0.7499858958333333 0.17878882870370372
3 0.7132984083333334 0.17720718148148148 0.7132984083333334 0.17811627222222223 0.7205299213541667 0.17811627222222223 0.720519846875 0.17722143055555556 0.7132984083333334 0.17720718148148148
2 0.7205178317708333 0.178082075 0.7284565786458334 0.17810772314814813 0.728466653125 0.1712026222222222 0.7205319364583332 0.17118837314814814 0.7205178317708333 0.178082075
2 0.7023312510416667 0.2094043888888889 0.7023312510416667 0.2299031064814815 0.719435825 0.2299601027777778 0.7194559739583333 0.20934739259259258 0.7023312510416667 0.2094043888888889
2 0.73831755 0.31360216574074073 0.7382974005208334 0.29881447685185186 0.7264255489583333 0.29883157592592596 0.7264174895833333 0.3136306638888889 0.73831755 0.31360216574074073
2 0.7304251458333333 0.20608150462962962 0.7304614145833334 0.18960387592592592 0.717991134375 0.189618125 0.7180072536458333 0.20607010555555555 0.7304251458333333 0.20608150462962962
2 0.5904654442708334 0.23547164444444443 0.5766350994791666 0.23541464814814814 0.576625025 0.2555941861111111 0.5904593994791667 0.25560558518518517 0.5904654442708334 0.23547164444444443
3 0.6330525890625 0.20803362777777779 0.6281100140625 0.20804787685185186 0.6281100140625 0.21014819074074076 0.6330505744791667 0.2100997435185185 0.6330525890625 0.20803362777777779
3 0.6363953255208333 0.2100997435185185 0.647463228125 0.21014249074074073 0.6474450937499999 0.20771444814814816 0.6363892807291667 0.20771444814814816 0.6363953255208333 0.2100997435185185
3 0.6593834375000001 0.14173553703703703 0.6593753776041668 0.14533770277777777 0.6661958494791667 0.14533770277777777 0.6662260729166667 0.14175833611111113 0.6593834375000001 0.14173553703703703
2 0.5998388072916666 0.19737817037037036 0.5998388072916666 0.18079224814814815 0.595488615625 0.1808292962962963 0.5955268989583333 0.19743801666666666 0.5998388072916666 0.19737817037037036
2 0.6281100140625 0.20805642592592594 0.6162965947916667 0.20809632407407408 0.6163127140625 0.21358506666666668 0.6280898651041666 0.21361071574074073 0.6281100140625 0.20805642592592594
2 0.6473987505208334 0.14539469907407407 0.6593753776041668 0.14535195185185185 0.659365303125 0.1270276435185185 0.647374571875 0.1270219435185185 0.6473987505208334 0.14539469907407407
2 0.7288031432291666 0.14261043055555556 0.7288232921875 0.12384725 0.7129679630208333 0.1239013962962963 0.7129478140625001 0.14268167592592593 0.7288031432291666 0.14261043055555556
3 0.5995466453125 0.11860359074074076 0.5990892604166667 0.11860359074074076 0.5990892604166667 0.1611085777777778 0.5995466453125 0.1611085777777778 0.5995466453125 0.11860359074074076
2 0.6322969979166667 0.23538615 0.6187165020833334 0.23547449444444446 0.6186762041666667 0.25564548333333337 0.6323252067708334 0.25572812777777776 0.6322969979166667 0.23538615
2 0.732933709375 0.15072670277777778 0.7447551885416667 0.15069250462962963 0.7447451140625 0.13227415185185187 0.7329941567708332 0.13231689907407407 0.732933709375 0.15072670277777778
3 0.5800342536458333 0.2080279277777778 0.57356840625 0.20805072685185186 0.5735825104166667 0.21012254166666666 0.5800342536458333 0.2100769453703704 0.5800342536458333 0.2080279277777778
2 0.5736308682291666 0.2354288972222222 0.5735905703125 0.21891707037037036 0.5611243197916667 0.21893416944444444 0.5611424541666667 0.2353776 0.5736308682291666 0.2354288972222222
2 0.5803626838541667 0.16492732962962964 0.59676606875 0.16487318333333334 0.5968265161458334 0.14078084907407407 0.5803425348958334 0.14084924444444447 0.5803626838541667 0.16492732962962964
3 0.7022828932291667 0.2850099740740741 0.70227281875 0.284434312037037 0.6934072135416667 0.28449415833333336 0.6934253473958333 0.2878483898148148 0.7061696552083333 0.28788828703703706 0.7061394317708333 0.28443716203703706 0.7055470479166667 0.28443716203703706 0.7055470479166667 0.2850099740740741 0.7022828932291667 0.2850099740740741
3 0.623268184375 0.28443716203703706 0.6232581098958333 0.2878455398148148 0.644537578125 0.28788828703703706 0.644511384375 0.2844656601851852 0.623268184375 0.28443716203703706
3 0.5790368729166667 0.28446281018518516 0.579057021875 0.2878597888888889 0.6014205119791666 0.287893987037037 0.6014164817708333 0.2844457111111111 0.5790368729166667 0.28446281018518516
3 0.5572053192708334 0.2844400111111111 0.545911746875 0.28442291296296296 0.545911746875 0.2878455398148148 0.5572556921875 0.28787403796296296 0.5572053192708334 0.2844400111111111
3 0.6662401770833333 0.13711313796296296 0.6593834375000001 0.13711313796296296 0.6593834375000001 0.14173553703703703 0.6662260729166667 0.14175833611111113 0.6662401770833333 0.13711313796296296
3 0.6014205119791666 0.287893987037037 0.579057021875 0.2878597888888889 0.5790429177083334 0.2924679398148148 0.6014608098958333 0.29244514074074074 0.6014205119791666 0.287893987037037
3 0.6232581098958333 0.2878455398148148 0.6232379609375 0.29245084074074074 0.6445617567708334 0.29249073796296293 0.644537578125 0.28788828703703706 0.6232581098958333 0.2878455398148148
2 0.566872859375 0.8287432314814814 0.5776304656250001 0.8288287259259259 0.57755994375 0.8116984898148148 0.5668627843749999 0.8116842407407407 0.566872859375 0.8287432314814814
3 0.5668829338541667 0.8260074092592592 0.5656074953125 0.8259304648148148 0.5656074953125 0.8281675694444445 0.566872859375 0.8281476203703704 0.5668829338541667 0.8260074092592592
2 0.6411646182291667 0.7293416925925926 0.6254704817708333 0.7295212314814815 0.6255309286458334 0.7539555425925926 0.6412069312500001 0.7540182388888889 0.6411646182291667 0.7293416925925926
2 0.6619806567708333 0.7817725851851852 0.6500745515625 0.7817469361111111 0.6500846260416666 0.7880450268518518 0.6619967760416666 0.7881020231481481 0.6619806567708333 0.7817725851851852
2 0.6546544427083333 0.8043402675925926 0.6430324401041666 0.8043317185185186 0.6430022161458333 0.8223112 0.6546745921875 0.8222513537037037 0.6546544427083333 0.8043402675925926
3 0.7555792869791667 0.6907324027777778 0.75570018125 0.6026731259259259 0.7322526697916667 0.6026360787037036 0.7322627442708334 0.6109318898148147 0.7498287328125 0.6109176407407407 0.7498287328125 0.6906811055555556 0.7555792869791667 0.6907324027777778
2 0.6527160989583333 0.834796237962963 0.6430425145833334 0.8347420916666667 0.6430344552083334 0.841926475 0.65269595 0.8419549731481482 0.6527160989583333 0.834796237962963
2 0.7024924442708333 0.7465802222222222 0.68609711875 0.7465460240740741 0.6861192828125 0.7721373611111112 0.7026637114583333 0.7719378740740741 0.7024924442708333 0.7465802222222222
2 0.6676707635416667 0.7110943287037037 0.6561454765625 0.7110059842592593 0.6561212973958334 0.7284924481481482 0.6676808380208333 0.7285522944444445 0.6676707635416667 0.7110943287037037
2 0.7057465244791667 0.6647990879629629 0.7056760026041666 0.6854402962962963 0.7190650817708334 0.6854402962962963 0.7191356036458333 0.6648845824074073 0.7057465244791667 0.6647990879629629
2 0.6634273625 0.6648646342592592 0.663383034375 0.6853833 0.6771730807291667 0.685394699074074 0.6772214385416666 0.664821887037037 0.6634273625 0.6648646342592592
2 0.5838928067708333 0.6268595037037038 0.583929075 0.6099088055555555 0.5701088052083333 0.6100113990740741 0.5701813421874999 0.6268082074074074 0.5838928067708333 0.6268595037037038
3 0.6231996776041666 0.7783271583333333 0.5876627041666667 0.7782302648148148 0.587656659375 0.7808919916666667 0.6231996776041666 0.7807096037037037 0.6231996776041666 0.7783271583333333
3 0.5834817651041667 0.85385295 0.5850795890625 0.85385295 0.5850292161458334 0.825779424074074 0.5776344953125 0.8258934166666666 0.5776344953125 0.8281903675925926 0.5834817651041667 0.8281561694444445 0.5834817651041667 0.85385295
4 0.5876828531249999 0.7877172981481482 0.5839169859375001 0.7877315472222223 0.5839552687499999 0.8257566259259259 0.5877795687499999 0.8257765740740741 0.5876828531249999 0.7877172981481482
3 0.6587829942708333 0.8347677398148149 0.6527160989583333 0.834796237962963 0.6527160989583333 0.8358620685185185 0.65879306875 0.8358620685185185 0.6587829942708333 0.8347677398148149
3 0.5438928067708333 0.6473696212962963 0.5497179125 0.6473696212962963 0.5497078380208333 0.6350954685185185 0.585956075 0.6350954685185185 0.5859258510416667 0.6267996583333333 0.5679750151041667 0.6267626101851852 0.5679750151041667 0.5853092046296297 0.5645597421875 0.5852664574074073 0.5645597421875 0.6268937018518519 0.5439754182291666 0.6267626101851852 0.5438928067708333 0.6473696212962963
4 0.5655571229166667 0.787306925 0.561198871875 0.787306925 0.561188796875 0.825787974074074 0.5656074953125 0.8257452268518518 0.5655571229166667 0.787306925
4 0.5682994156250001 0.7691393555555556 0.5682691921875 0.7378854370370371 0.561188796875 0.7378854370370371 0.561198871875 0.7691536046296296 0.5682994156250001 0.7691393555555556
2 0.6233286317708333 0.7341065833333333 0.6216018536458333 0.7341065833333333 0.6216441666666667 0.7783271583333333 0.6231996776041666 0.7783271583333333 0.6233286317708333 0.7341065833333333
2 0.6830969171875 0.7232715870370371 0.6831835583333333 0.7432430888888889 0.6872657666666666 0.743268737962963 0.6871267380208333 0.723268737962963 0.6830969171875 0.7232715870370371
3 0.3679266572916667 0.7526503277777777 0.367938746875 0.7558221712962964 0.3694458994791667 0.7558563694444445 0.3694338104166667 0.7526332287037037 0.3679266572916667 0.7526503277777777
3 0.3694398546875 0.7331404962962963 0.3796614953125 0.7331404962962963 0.37963731614583335 0.7306668564814816 0.3693894822916667 0.7305956111111112 0.3694398546875 0.718860074074074 0.36796695572916666 0.718825875925926 0.36796695572916666 0.7360045592592592 0.3694398546875 0.7360045592592592 0.3694398546875 0.7331404962962963
3 0.36940560156249996 0.6914049583333334 0.3797118677083333 0.6913907092592593 0.3797118677083333 0.6889341694444444 0.36688494843749997 0.6888486749999999 0.3669050979166667 0.6913622111111112 0.3679407614583334 0.6913622111111112 0.36793068697916664 0.7022029064814815 0.36940560156249996 0.7021886574074074 0.36940560156249996 0.6914049583333334
3 0.3351480958333333 0.8323225990740741 0.3351057828125 0.7558506694444445 0.3069917390625 0.7557281277777778 0.30699576875 0.7582274148148148 0.3333790046875 0.758270162037037 0.33342131770833333 0.8323225990740741 0.3351480958333333 0.8323225990740741
3 0.2932460203125 0.7556711314814815 0.2900020151041666 0.7556796805555556 0.2901007453125 0.8320974638888888 0.2931754984375 0.832140211111111 0.2932460203125 0.7556711314814815
3 0.2278722546875 0.7567825592592592 0.22439048958333335 0.7567825592592592 0.22441668333333334 0.8046366490740741 0.2278198671875 0.8046651472222223 0.2278722546875 0.7567825592592592
3 0.19502720104166665 0.8081561694444445 0.19504735052083333 0.8046708462962964 0.17105581302083334 0.8045853518518519 0.170995365625 0.7351068675925926 0.17987306041666665 0.7350213731481482 0.179903284375 0.7328583638888889 0.17096514218749997 0.7327728694444444 0.17087447083333332 0.7074095185185185 0.18086238177083333 0.7074095185185185 0.18086238177083333 0.7054146481481481 0.17087447083333332 0.7054146481481481 0.17090469479166667 0.6538785981481482 0.17948216822916668 0.653835850925926 0.17947410833333333 0.6504303222222222 0.16857545833333332 0.6504730694444444 0.1685150109375 0.8081561694444445 0.19502720104166665 0.8081561694444445
3 0.2836449729166667 0.6283157592592592 0.27772113645833335 0.6283499574074075 0.27770703229166666 0.6104502703703704 0.2761212973958333 0.6104787685185185 0.2761233125 0.630575662962963 0.28362079375 0.630575662962963 0.2836449729166667 0.6283157592592592
3 0.28365303229166666 0.6515161018518518 0.27028813229166665 0.6514933027777777 0.2703062661458333 0.6540182388888889 0.28365303229166666 0.654043887037037 0.28365303229166666 0.6515161018518518
3 0.256731815625 0.6514733546296296 0.2501188796875 0.6514990027777777 0.2501188796875 0.6539754916666667 0.2567156963541667 0.6539897407407407 0.256731815625 0.6514733546296296
3 0.27207334270833333 0.7304132231481482 0.2830606489583333 0.7304844685185186 0.2830606489583333 0.7280136787037037 0.27207334270833333 0.7279851805555555 0.27207334270833333 0.7304132231481482
3 0.29057424947916666 0.7280222287037037 0.28649607083333334 0.7280079796296296 0.2865061453125 0.7304502703703704 0.29057424947916666 0.7304217722222222 0.29057424947916666 0.7280222287037037
3 0.30223453541666667 0.7303419777777778 0.3068083817708333 0.7303191796296297 0.30682651614583334 0.7280421768518519 0.30224460989583335 0.7280279277777778 0.30223453541666667 0.7303419777777778
3 0.28645174270833335 0.7047449416666667 0.30677614322916663 0.7046793962962964 0.3068083817708333 0.7303191796296297 0.30844045937500003 0.7303191796296297 0.3084303848958333 0.6929438583333334 0.34193431406249997 0.6929438583333334 0.34193834375 0.7278626388888888 0.3201672375 0.7277913935185185 0.3201672375 0.7302308351851852 0.34373362864583334 0.7303191796296297 0.343691315625 0.6906868055555555 0.30676606875 0.6907381018518519 0.30676606875 0.7022684527777778 0.2864356234375 0.7022171555555556 0.2865081604166667 0.6906355083333333 0.28314124531249996 0.6906355083333333 0.2830606489583333 0.7304844685185186 0.2865061453125 0.7304844685185186 0.28645174270833335 0.7047449416666667
3 0.19520249843749998 0.6556939296296297 0.19850090677083332 0.6556597324074075 0.1985512796875 0.6504645194444444 0.19890187395833334 0.6504987175925926 0.19890187395833334 0.6456568824074074 0.19095305260416667 0.645585637037037 0.19096111197916665 0.6504673694444445 0.19520249843749998 0.6504645194444444 0.19520249843749998 0.6556939296296297
3 0.21069312916666666 0.7037589055555555 0.20500100729166668 0.7037361074074074 0.20500100729166668 0.7047164435185185 0.21071126354166667 0.7047420916666667 0.21069312916666666 0.7037589055555555
3 0.21103163385416668 0.7041635796296296 0.2183699375 0.7041635796296296 0.2183699375 0.7325705333333333 0.19371347968750002 0.7325705333333333 0.19371347968750002 0.7350299231481482 0.22783195625000002 0.7352123111111112 0.22776949427083334 0.7064405814814815 0.224485190625 0.706531775 0.22442071302083333 0.7325705333333333 0.22010679010416664 0.7325705333333333 0.22004231302083335 0.7092647481481482 0.22442071302083333 0.7092647481481482 0.22442071302083333 0.7070789398148148 0.2206226072916667 0.7070789398148148 0.2206226072916667 0.7017982333333334 0.22061857864583334 0.7017982333333334 0.2206226072916667 0.68076375 0.19377795677083334 0.6808549444444445 0.19377795677083334 0.7161840981481482 0.19538585520833335 0.7161840981481482 0.19532339322916667 0.6830407527777779 0.21103163385416668 0.6831319462962964 0.21103163385416668 0.7041635796296296
3 0.2188857546875 0.7017982333333334 0.2188857546875 0.6831319462962964 0.21263953229166666 0.6831319462962964 0.21263953229166666 0.7017982333333334 0.2188857546875 0.7017982333333334
3 0.2159520453125 0.6745910518518519 0.1952004833333333 0.6745369055555556 0.19522466249999998 0.6789598175925926 0.21891799322916666 0.6789598175925926 0.2189865 0.6504331722222222 0.23265363697916666 0.6505414648148148 0.23261938333333332 0.6456967796296297 0.215295184375 0.6456426333333333 0.21524884166666666 0.650379025 0.21588958281249998 0.650387575 0.2159520453125 0.6745910518518519
3 0.24288938125 0.6504702194444444 0.247771509375 0.6504702194444444 0.247771509375 0.6342405240740742 0.24456578697916667 0.6342405240740742 0.24456377187499997 0.6457794240740741 0.24285714270833333 0.645765175 0.24288938125 0.6504702194444444
3 0.3339351197916667 0.5777315472222222 0.3525790854166667 0.5776688518518518 0.3524440864583333 0.5731803935185185 0.3306286520833333 0.5731148472222222 0.3305843239583333 0.5785522944444444 0.3339351197916667 0.5786178398148148 0.3339351197916667 0.5777315472222222
3 0.17140237760416666 0.835776574074074 0.1685150109375 0.835776574074074 0.1685150109375 0.8108349953703703 0.18714285729166666 0.8106583074074074 0.18723352812500002 0.8189997148148148 0.18900463437499998 0.8190025648148148 0.18903284322916666 0.8126360787037037 0.195057425 0.8126360787037037 0.19502720104166665 0.8081561694444445 0.1685150109375 0.8081561694444445 0.16857545833333332 0.6504730694444444 0.17947410833333333 0.6504303222222222 0.17944186979166668 0.6456426333333333 0.1652246625 0.6456426333333333 0.16528510989583334 0.8403419777777777 0.17143260104166666 0.8403419777777777 0.17140237760416666 0.835776574074074
3 0.24777956874999998 0.6084012537037037 0.28496675416666667 0.6084012537037037 0.2849566796875 0.6890054148148148 0.3504795484375 0.6888942722222222 0.3504009671875 0.6842063268518518 0.28824904270833335 0.6842519240740741 0.28826113229166667 0.6084012537037037 0.2949566796875 0.6083214592592593 0.29503526093750004 0.6670561416666666 0.33400362708333337 0.6671501851851852 0.3339149708333334 0.6468538046296297 0.33064477135416664 0.6468538046296297 0.33060044322916665 0.6623368481481482 0.29832762447916666 0.6622713027777778 0.29841628072916665 0.6084297518518519 0.33062260729166665 0.6083214592592593 0.33062260729166665 0.6238671990740741 0.3338363890625 0.6238671990740741 0.3338928067708334 0.6016813907407408 0.3306770098958333 0.6016813907407408 0.33057626458333333 0.6037218583333333 0.2604976828125 0.6034311768518519 0.2604976828125 0.5870019944444445 0.2571368125 0.5874152175925926 0.2570179328125 0.6035166712962963 0.24457183177083333 0.6038444000000001 0.24455168229166666 0.6179652324074074 0.24782188177083334 0.6180450268518518 0.24777956874999998 0.6084012537037037
3 0.30218416302083334 0.8357623249999999 0.28321176718749996 0.835768025 0.28321176718749996 0.8403049305555556 0.30218416302083334 0.8403505268518519 0.30218416302083334 0.8357623249999999
4 0.36856336875 0.8320262185185184 0.34632681822916667 0.8321943574074074 0.3463852510416666 0.8420119694444445 0.368652025 0.8419834712962962 0.36856336875 0.8320262185185184
4 0.3244106385416667 0.8321943574074074 0.3022143864583333 0.8321801083333333 0.30215393906250004 0.8420404675925925 0.3244106385416667 0.8419977203703704 0.3244106385416667 0.8321943574074074
4 0.2834737052083333 0.841926475 0.2834737052083333 0.8403077796296297 0.28321176718749996 0.8403077796296297 0.2832178119791667 0.8321145629629629 0.23469474114583333 0.8322000574074074 0.23475115833333332 0.840393274074074 0.23442877291666667 0.840393274074074 0.2344428770833333 0.8419350240740741 0.2834737052083333 0.841926475
4 0.22191416458333332 0.8357908231481481 0.19476727760416665 0.8357338268518518 0.1947975015625 0.8419977203703704 0.22187588177083334 0.8419549731481482 0.22191416458333332 0.8357908231481481
3 0.3244307880208333 0.8357053287037036 0.34633689322916666 0.835776574074074 0.34633689322916666 0.8321943574074074 0.3244106385416667 0.8321943574074074 0.3244307880208333 0.8357053287037036
3 0.28321176718749996 0.835768025 0.30218416302083334 0.8357623249999999 0.3021942375 0.8321544601851851 0.2832178119791667 0.8321145629629629 0.28321176718749996 0.835768025
3 0.3823393109375 0.8357366768518518 0.38227483385416666 0.7929410092592593 0.37967156979166666 0.7928213166666667 0.3797340317708333 0.8321487601851851 0.36856336875 0.8322513537037037 0.3686036671875 0.8358335703703703 0.3823393109375 0.8357366768518518
3 0.22601047760416665 0.8357138787037037 0.23476324791666667 0.8357452268518518 0.23472093489583334 0.832140211111111 0.22773927083333334 0.832125962037037 0.2278198671875 0.8046651472222223 0.221674390625 0.8046167 0.22170259947916668 0.8081675694444445 0.22601450729166667 0.8081675694444445 0.22601047760416665 0.8357138787037037
3 0.32440056406249995 0.8357195777777777 0.3244106385416667 0.8403362777777778 0.3463852510416666 0.8404217722222223 0.3463852510416666 0.8358050722222222 0.32440056406249995 0.8357195777777777
3 0.37789643385416666 0.684223425925926 0.36688696354166667 0.684223425925926 0.36688696354166667 0.6888686231481481 0.37971589739583334 0.6889256194444444 0.37963530104166665 0.7558763175925926 0.3488736651041667 0.7557993731481482 0.3488736651041667 0.7581191222222222 0.3797078380208333 0.7583100601851852 0.37967156979166666 0.7928213166666667 0.38227483385416666 0.7929410092592593 0.3823393109375 0.8357366768518518 0.36859359270833336 0.8358478194444444 0.3686419505208333 0.840393274074074 0.38632883333333334 0.840379025 0.38632883333333334 0.7872043314814814 0.38381825520833335 0.787295525925926 0.38375377812499994 0.6832231407407408 0.38195244791666666 0.6831319462962964 0.382061253125 0.6136734111111112 0.37969977812500005 0.6132031916666667 0.37957082395833336 0.5779652324074074 0.3762865203125 0.5779652324074074 0.3762865203125 0.6179367342592592 0.37789643385416666 0.6179367342592592 0.37789643385416666 0.684223425925926
3 0.22601047760416665 0.8357138787037037 0.22601450729166667 0.8081675694444445 0.22170259947916668 0.8081675694444445 0.22166431614583332 0.8127700203703704 0.22434213177083334 0.8127956685185186 0.22431795260416668 0.8357594759259259 0.22189603072916667 0.835776574074074 0.22189603072916667 0.8404075231481482 0.23475115833333332 0.840379025 0.23476324791666667 0.8357452268518518 0.22601047760416665 0.8357138787037037
3 0.1947975015625 0.840393274074074 0.19478742708333333 0.8357338268518518 0.1889562765625 0.8358050722222222 0.1889562765625 0.8337446564814814 0.18728390104166664 0.8337332574074074 0.18728390104166664 0.8357224277777778 0.18489018750000003 0.8357879740740741 0.18487406822916666 0.8404046740740742 0.1947975015625 0.840393274074074
2 0.3338928067708334 0.6016813907407408 0.3339351197916667 0.5786178398148148 0.31680233750000003 0.5787831287037037 0.3167378604166667 0.6016386435185185 0.3338928067708334 0.6016813907407408
3 0.3340318354166667 0.6842177259259259 0.33400362708333337 0.6671501851851852 0.3333588557291666 0.6671587342592592 0.3333931088541667 0.6842063268518518 0.3340318354166667 0.6842177259259259
2 0.3504996979166667 0.686332287962963 0.3668768890625 0.686332287962963 0.3668245015625 0.6623710462962963 0.3505037276041667 0.6622855518518519 0.3504996979166667 0.686332287962963
2 0.30224460989583335 0.7280279277777778 0.29057424947916666 0.7280222287037037 0.290564175 0.7343060703703704 0.30223453541666667 0.7343060703703704 0.30224460989583335 0.7280279277777778
2 0.30844045937500003 0.7303191796296297 0.3201672375 0.7302308351851852 0.32014305885416666 0.7126018805555556 0.3084203104166667 0.7125591333333333 0.30844045937500003 0.7303191796296297
2 0.3694398546875 0.718860074074074 0.36940560156249996 0.7021886574074074 0.3652891395833333 0.7022171555555556 0.3653395125 0.7188942722222222 0.3694398546875 0.718860074074074
2 0.3694338104166667 0.7526332287037037 0.3694398546875 0.7360045592592592 0.36524884166666666 0.7360530064814814 0.36531936354166666 0.7526588768518518 0.3694338104166667 0.7526332287037037
2 0.3488877692708333 0.7558278712962962 0.3350977229166666 0.7558706185185186 0.3351480958333333 0.7761271018518519 0.3489582911458333 0.776169849074074 0.3488877692708333 0.7558278712962962
4 0.19095305260416667 0.645585637037037 0.17944186979166668 0.6456426333333333 0.17948216822916668 0.653835850925926 0.19094096302083333 0.6538899972222222 0.19095305260416667 0.645585637037037
2 0.3069917390625 0.7557281277777778 0.2932661697916667 0.7557281277777778 0.29330646770833335 0.7760416074074075 0.30697561979166665 0.7760416074074075 0.3069917390625 0.7557281277777778
2 0.18723352812500002 0.8189997148148148 0.18728390104166664 0.8337332574074074 0.19883739687500002 0.8337703046296296 0.19880515833333331 0.8189854657407408 0.18723352812500002 0.8189997148148148
2 0.2278722546875 0.7567825592592592 0.22783195625000002 0.7352123111111112 0.210404996875 0.7351866629629629 0.21050574270833333 0.7568509546296297 0.2278722546875 0.7567825592592592
2 0.2567156963541667 0.6539897407407407 0.2703062661458333 0.6540182388888889 0.2703123109375 0.6333456824074074 0.2567922625 0.6333456824074074 0.2567156963541667 0.6539897407407407
2 0.19340116875 0.6556796805555556 0.19339915364583332 0.6745768027777778 0.20836993750000002 0.6744514111111111 0.20836993750000002 0.6556682814814815 0.19340116875 0.6556796805555556
2 0.19560145052083333 0.7047705898148148 0.20500100729166668 0.7047164435185185 0.2049909328125 0.6977001990740741 0.19558331666666667 0.6977001990740741 0.19560145052083333 0.7047705898148148
2 0.19377795677083334 0.7161840981481482 0.19371347968750002 0.7325705333333333 0.20606689479166668 0.7325790824074074 0.20603062656249999 0.7161897972222222 0.19377795677083334 0.7161840981481482
2 0.19284908333333334 0.7053405527777777 0.18086238177083333 0.7054146481481481 0.18087447083333333 0.7115047018518519 0.1928289338541667 0.71153605 0.19284908333333334 0.7053405527777777
3 0.19520249843749998 0.6556939296296297 0.19520249843749998 0.6504645194444444 0.19096111197916665 0.6504673694444445 0.19094096302083333 0.6538899972222222 0.19339310885416666 0.6539156453703703 0.19340116875 0.6556796805555556 0.19520249843749998 0.6556939296296297
4 0.21525690104166667 0.6446708462962962 0.19881523281250002 0.6446850953703703 0.19890187395833334 0.6504987175925926 0.21524884166666666 0.650379025 0.21525690104166667 0.6446708462962962
4 0.24285714270833333 0.645765175 0.23261938333333332 0.6456967796296297 0.23271609895833334 0.653835850925926 0.24287527708333334 0.6538899972222222 0.24285714270833333 0.645765175
4 0.25032843020833334 0.6180364777777777 0.24455168229166666 0.6179652324074074 0.24456578697916667 0.6342405240740742 0.25030626614583334 0.6343003703703703 0.25032843020833334 0.6180364777777777
4 0.18489018750000003 0.8357879740740741 0.17140237760416666 0.835776574074074 0.17143260104166666 0.8403419777777777 0.18487406822916666 0.8404046740740742 0.18489018750000003 0.8357879740740741
4 0.221674390625 0.8046167 0.19504735052083333 0.8046708462962964 0.195057425 0.8126360787037037 0.22166431614583332 0.8127700203703704 0.221674390625 0.8046167
3 0.28823292343749995 0.6670589907407408 0.29503526093750004 0.6670561416666666 0.2949889182291667 0.6646765462962964 0.2882631473958333 0.6646708462962962 0.28823292343749995 0.6670589907407408
3 0.19378803125 0.7053263037037036 0.1928591578125 0.7053405527777777 0.19283900885416666 0.7076603018518519 0.19378803125 0.7076603018518519 0.19378803125 0.7053263037037036
3 0.19522466249999998 0.6789598175925926 0.1952004833333333 0.6745369055555556 0.19339915364583332 0.6745768027777778 0.19339915364583332 0.6808976916666667 0.220608503125 0.6807666 0.22062865208333332 0.653835850925926 0.23271609895833334 0.653835850925926 0.23265363697916666 0.6505414648148148 0.2189865 0.6504331722222222 0.21891799322916666 0.6789598175925926 0.19522466249999998 0.6789598175925926
3 0.24287527708333334 0.6538899972222222 0.2501188796875 0.6539754916666667 0.25030626614583334 0.6343003703703703 0.247771509375 0.6342405240740742 0.247771509375 0.6504702194444444 0.24288938125 0.6504702194444444 0.24287527708333334 0.6538899972222222
3 0.28336893020833337 0.6905557138888889 0.2865081604166667 0.6906355083333333 0.2864356234375 0.7022171555555556 0.30676606875 0.7022684527777778 0.30676606875 0.6907381018518519 0.3505238765625 0.6908007981481481 0.3504795484375 0.6888942722222222 0.2849566796875 0.6890054148148148 0.28496675416666667 0.6084012537037037 0.24777956874999998 0.6084012537037037 0.24782188177083334 0.6180450268518518 0.25032843020833334 0.6180364777777777 0.2502780578125 0.6108178972222221 0.28367116666666664 0.6103562268518518 0.28336893020833337 0.6905557138888889
3 0.34373362864583334 0.7303191796296297 0.3497300020833333 0.7303134796296297 0.3497300020833333 0.7281989166666667 0.3437215395833333 0.7281647194444445 0.34373362864583334 0.7303191796296297
4 0.5655873463541667 0.8315673981481482 0.5623372958333334 0.83153605 0.5623735645833333 0.8507039046296296 0.5656095104166667 0.8506697064814815 0.5655873463541667 0.8315673981481482
4 0.755796896875 0.7434454259259259 0.7524561755208333 0.7434083787037037 0.7523856536458333 0.7649273296296296 0.7557102557291666 0.765001425 0.755796896875 0.7434454259259259
3 0.5858432401041667 0.6076090055555555 0.5857989119791667 0.5929495583333334 0.6011122307291666 0.5929638074074074 0.60109208125 0.5901937870370371 0.5847612333333333 0.5900512962962963 0.5847370541666667 0.6075548592592593 0.5858432401041667 0.6076090055555555
3 0.6678097927083333 0.6026617268518519 0.66917993125 0.6026845259259259 0.6691275437499999 0.5901367907407407 0.6604996979166666 0.5901225416666667 0.6605500703125 0.6027785694444444 0.6621096109375001 0.6027842694444445 0.6620652833333334 0.5919720722222223 0.6678964338541667 0.5920319175925925 0.6678097927083333 0.6026617268518519
3 0.6430324401041666 0.8043317185185186 0.6411464838541666 0.8043545166666667 0.6411444692708332 0.8563778851851852 0.6430324401041666 0.8564206324074074 0.6430324401041666 0.8043317185185186
3 0.6428410234374999 0.7817469361111111 0.6428228895833333 0.7631005981481481 0.6412210354166666 0.7631262472222222 0.6411968567708333 0.7844941583333334 0.6500644770833334 0.7844514111111112 0.6500745515625 0.7817469361111111 0.6428410234374999 0.7817469361111111
3 0.6676969572916666 0.7607067537037038 0.6428269192708334 0.7608520944444445 0.64300423125 0.7132544888888889 0.6561515213541667 0.7131974925925926 0.6561454765625 0.7110059842592593 0.6411646182291667 0.7110772296296296 0.6412210354166666 0.7631262472222222 0.6700342536458332 0.762898262037037 0.669850896875 0.7817668851851851 0.6619806567708333 0.7817725851851852 0.6619766270833334 0.7844086638888889 0.6698811203125 0.7844514111111112 0.6699113437499999 0.8043687657407407 0.6546443682291667 0.8043545166666667 0.6546645171875001 0.8070105444444444 0.6661051781249999 0.8070675407407407 0.6662683859374999 0.8355001425925925 0.65879306875 0.8354773435185184 0.6588232921875 0.8563579370370371 0.6603002218749999 0.8563579370370371 0.6603002218749999 0.8378141916666667 0.6676465848958333 0.8377714444444444 0.6676546442708333 0.8563949842592592 0.6689542614583334 0.8564120833333334 0.6689925447916667 0.8088315759259259 0.6726435625 0.8087802796296296 0.6727181140624999 0.7641493305555556 0.6822184161458333 0.7640438870370371 0.6821801328125 0.7457053287037038 0.6861293572916666 0.7457053287037038 0.6861112229166667 0.7432145907407407 0.6807576062499999 0.7432544888888889 0.6809429781249999 0.7621658592592593 0.671303646875 0.7619036759259259 0.671303646875 0.7609318898148147 0.6691879911458333 0.760755200925926 0.6691879911458333 0.7457167287037036 0.6807475317708334 0.7456853805555556 0.6807576062499999 0.743268737962963 0.6696695546875 0.743268737962963 0.6695486598958333 0.7129837564814815 0.6834918395833333 0.7129980055555555 0.6836006447916667 0.723254488888889 0.6852871244791667 0.723268737962963 0.6852004833333333 0.7105585638888888 0.6676969572916666 0.7107124537037036 0.6676969572916666 0.7607067537037038
3 0.7090207536458333 0.7106127101851852 0.7026032640625 0.7105984611111111 0.7026133385416667 0.7127415222222222 0.7090409026041667 0.7127700203703703 0.7090207536458333 0.7106127101851852
3 0.7498307473958333 0.6827586203703704 0.7190570218750001 0.6827785694444444 0.7190670963541667 0.6853776 0.7498307473958333 0.6853776 0.7498307473958333 0.6827586203703704
3 0.6771730807291667 0.685394699074074 0.7056760026041666 0.6854459962962962 0.7056760026041666 0.682695925 0.7053898848958333 0.682695925 0.7053898848958333 0.6109774861111111 0.7035180333333333 0.6109774861111111 0.7035180333333333 0.6827985185185186 0.6771730807291667 0.6827985185185186 0.6771730807291667 0.685394699074074
3 0.660096715625 0.6828355657407407 0.6489885151041667 0.6828982620370371 0.6489744104166667 0.6854545453703704 0.6601188796875 0.6854117981481481 0.660096715625 0.6828355657407407
3 0.621444690625 0.632473638888889 0.5859460005208333 0.632482188888889 0.5859580901041667 0.634628099074074 0.621444690625 0.6345226564814814 0.621444690625 0.632473638888889
3 0.6197823895833333 0.5899658018518518 0.61974410625 0.6133912796296296 0.621329840625 0.6133912796296296 0.621329840625 0.5899658018518518 0.6197823895833333 0.5899658018518518
3 0.5966350994791667 0.6097834138888889 0.5966028609375 0.5929353092592593 0.5949546645833333 0.5929495583333334 0.5949506348958333 0.6075548592592593 0.5847370541666667 0.6075548592592593 0.5847410838541667 0.5900797944444444 0.6010820067708333 0.590179537962963 0.6010860364583334 0.5852265601851852 0.5813157364583332 0.5853348527777779 0.5813157364583332 0.5899601027777778 0.5814245416666667 0.6098603592592592 0.5966350994791667 0.6097834138888889
3 0.6197582109374999 0.5935822175925927 0.6197723151041666 0.5899800509259259 0.621339915625 0.5899515527777778 0.6213358854166666 0.5936021657407408 0.6321277453125 0.593642062962963 0.6321075963541667 0.585363350925926 0.6142051177083334 0.5853576518518518 0.6142051177083334 0.5899715018518519 0.6141708645833333 0.5935565685185186 0.6197582109374999 0.5935822175925927
3 0.6691214989583333 0.5901538898148149 0.66917993125 0.6026845259259259 0.6601632078125 0.6027899685185185 0.6601088052083333 0.685397549074074 0.663383034375 0.6853833 0.6635039291666666 0.6110173842592592 0.6725226677083334 0.6110458824074074 0.6725468468750001 0.5853320037037036 0.6451118276041666 0.5853462527777777 0.645154140625 0.5935451694444445 0.6605097723958333 0.5935736675925927 0.6604795484375 0.5901225416666667 0.6691214989583333 0.5901538898148149
3 0.5549163812500001 0.8637902537037037 0.5549163812500001 0.8595212314814814 0.5810699171875 0.8595212314814814 0.5811061859375 0.862103162962963 0.6689542614583334 0.8620518666666667 0.6690288130208334 0.8868680537037037 0.6724199072916667 0.8868680537037037 0.6723836390625001 0.813468225 0.6761071932291667 0.813468225 0.676070925 0.7685237962962963 0.6855349588541666 0.7684696490740741 0.6856457786458333 0.7503419777777778 0.6860930890625 0.7503419777777778 0.6861293572916666 0.7457053287037038 0.6821801328125 0.7457053287037038 0.6822184161458333 0.7640438870370371 0.6727181140624999 0.7641493305555556 0.6726435625 0.8087802796296296 0.6689925447916667 0.8088315759259259 0.6689965744791666 0.8563721861111111 0.5877231515625 0.8563579370370371 0.5877231515625 0.8257594759259259 0.5850292161458334 0.825779424074074 0.5850795890625 0.85385295 0.5656095104166667 0.8537788546296295 0.5656095104166667 0.8506697064814815 0.5623735645833333 0.8507039046296296 0.5624037880208334 0.8538016527777778 0.5515373765625 0.8538159018518519 0.5515635703124999 0.8637902537037037 0.5549163812500001 0.8637902537037037
3 0.6724017729166667 0.8578255916666667 0.6723634895833333 0.8585579935185185 0.6854785411458334 0.8585579935185185 0.6855349588541666 0.7684696490740741 0.6850755593750001 0.7684696490740741 0.6851521255208334 0.8577457962962963 0.6724017729166667 0.8578255916666667
2 0.7361293572916666 0.8443402675925925 0.7523312510416668 0.8443687657407407 0.7523332661458333 0.8199116555555556 0.7360165223958333 0.8200455972222221 0.7361293572916666 0.8443402675925925
2 0.5679568807291666 0.589811912037037 0.5813157364583332 0.5899601027777778 0.5813056619791667 0.5844257620370371 0.5679568807291666 0.5844913083333334 0.5679568807291666 0.589811912037037
4 0.6946483979166668 0.6011883731481482 0.6725528911458334 0.6011313768518519 0.6725226677083334 0.6110458824074074 0.6947189197916667 0.6110031351851851 0.6946483979166668 0.6011883731481482
4 0.6451239171875 0.5853491018518518 0.6321075963541667 0.5853776 0.6320914770833334 0.5939042462962963 0.6451380213541668 0.5939042462962963 0.6451239171875 0.5853491018518518
4 0.7562663713541667 0.6906953546296296 0.7498085833333333 0.6907096037037037 0.7497179125 0.705186662962963 0.7562965947916667 0.7051581648148149 0.7562663713541667 0.6906953546296296
3 0.7556437640625 0.7051439157407408 0.7497179125 0.705186662962963 0.7498085833333333 0.7107267027777777 0.709030828125 0.7106127101851852 0.7090066489583333 0.74308065 0.7025065484374999 0.74308065 0.7025528911458333 0.7503733259259259 0.7109389484374999 0.7503647759259259 0.7106629057291667 0.8444685092592592 0.7361293572916666 0.8443402675925925 0.7361112229166668 0.8394870333333333 0.7140922828124999 0.8396238240740741 0.7140939260416667 0.7401426481481481 0.752405803125 0.7402365342592593 0.7524561755208333 0.7434083787037037 0.755796896875 0.7434454259259259 0.7556679427083334 0.7175463092592592 0.7556437640625 0.7051439157407408
3 0.714094 0.735657187962963 0.7523413260416666 0.7358392703703703 0.7523413260416666 0.7176375037037037 0.7140942979166667 0.7176375037037037 0.714094 0.735657187962963
4 0.7322123713541667 0.6012026222222222 0.7098448520833334 0.6012168712962963 0.7098448520833334 0.6109461388888888 0.7322526697916667 0.610988886111111 0.7322123713541667 0.6012026222222222
4 0.6141990729166668 0.5854203472222222 0.6011021557291667 0.5854060981481481 0.6011122307291666 0.5935594185185186 0.6141708645833333 0.5935565685185186 0.6141990729166668 0.5854203472222222
3 0.5681281484375 0.7343773157407408 0.625488615625 0.7342234259259259 0.6254704817708333 0.7295212314814815 0.5496494057291667 0.7300598462962964 0.5497179125 0.7172613277777778 0.5439230302083333 0.7172328296296296 0.5439572838541668 0.7379338842592593 0.5680979244791666 0.7378996861111111 0.5681281484375 0.7343773157407408
3 0.7666008463541666 0.8395896268518519 0.7557102557291666 0.8395155314814815 0.7557646583333334 0.7939868907407408 0.7769030828125001 0.7938358509259259 0.7768486802083333 0.7892818462962963 0.7557102557291666 0.7893587916666667 0.7557102557291666 0.765001425 0.7523856536458333 0.7649273296296296 0.7523312510416668 0.8443687657407407 0.7666008463541666 0.8442946712962963 0.7666008463541666 0.8395896268518519
3 0.5656074953125 0.8257452268518518 0.5623231916666668 0.8257594759259259 0.5623372958333334 0.83153605 0.5655873463541667 0.8315673981481482 0.5656074953125 0.8257452268518518
3 0.5655571229166667 0.7834140777777778 0.5817650614583333 0.783271587037037 0.5818073744791668 0.7877315472222223 0.5876727786458333 0.7877457962962963 0.5876627041666667 0.7782302648148148 0.5681180739583334 0.7781732685185185 0.5681079989583334 0.7691393555555556 0.5623231916666668 0.7691650046296297 0.5623131171875 0.787306925 0.5655470479166667 0.7872926759259259 0.5655571229166667 0.7834140777777778
4 0.5499093291666667 0.6473838703703704 0.542818859375 0.6473838703703704 0.5428390088541666 0.7172185805555555 0.5499395526041667 0.7172470787037037 0.5499093291666667 0.6473838703703704
3 0.6946685473958334 0.6026360787037036 0.6947189197916667 0.610974637037037 0.7098448520833334 0.6109461388888888 0.7098549265624999 0.6027215731481481 0.6946685473958334 0.6026360787037036
3 0.6934253473958333 0.2878483898148148 0.693445496875 0.292493587962963 0.7061998791666666 0.2925192361111111 0.7061898046875 0.28788828703703706 0.6934253473958333 0.2878483898148148
3 0.6363852510416667 0.17014249074074075 0.6330404994791666 0.1701709888888889 0.6330505744791667 0.21011399259259259 0.6363953255208333 0.2100997435185185 0.6363852510416667 0.17014249074074075
3 0.7055551078125001 0.22991735555555556 0.7023050572916667 0.22988885740740742 0.7022828932291667 0.2850099740740741 0.7055470479166667 0.2850099740740741 0.7055551078125001 0.22991735555555556
3 0.635524884375 0.2353234537037037 0.6322969979166667 0.2353234537037037 0.6322969979166667 0.2844656601851852 0.6355591374999999 0.2844913083333333 0.635524884375 0.2353234537037037
3 0.5922063265625 0.2844571101851852 0.59222043125 0.2379509833333333 0.6187104572916666 0.23801082962962963 0.6187104572916666 0.23546594444444446 0.5904573848958333 0.2354516953703704 0.5904372354166667 0.2844571101851852 0.5922063265625 0.2844571101851852
3 0.5458110015625 0.1755542888888889 0.5458009270833333 0.1774836138888889 0.5717751359375 0.17750641203703704 0.5717751359375 0.16754061018518518 0.5803566390625 0.16753491018518518 0.5803425348958334 0.16552579074074075 0.5704855932291667 0.1655514388888889 0.570519846875 0.17552579074074076 0.5458110015625 0.1755542888888889
3 0.6391658270833334 0.11385579907407407 0.6391658270833334 0.11856369351851852 0.6638746723958333 0.11861783981481482 0.663884746875 0.11380735277777777 0.6391658270833334 0.11385579907407407
3 0.7304150713541666 0.20608150462962962 0.7055853312499999 0.20605300648148148 0.7055941499999999 0.1773162425925926 0.70559540625 0.17761185555555556 0.713048559375 0.17759760648148148 0.7130183359375 0.15651752592592594 0.7287366510416666 0.15654602407407406 0.7286862786458334 0.189609575 0.7304634291666667 0.18960387592592592 0.7305037276041666 0.1543459675925926 0.7023816239583333 0.15436021666666666 0.7023211765624999 0.2094043888888889 0.7055389885416666 0.20939298981481483 0.7055369734375 0.20853804537037038 0.7304352208333333 0.20853804537037038 0.7304150713541666 0.20608150462962962
3 0.7055947869791667 0.1752408324074074 0.711392303125 0.17525505833333332 0.711392303125 0.15653177499999998 0.7042897442708332 0.15654602407407406 0.7042796697916667 0.17323738981481482 0.70559540625 0.17322314074074074 0.7055947869791667 0.1752408324074074
3 0.6836087041666666 0.13718438333333333 0.6836087041666666 0.14183813055555555 0.7042474307291666 0.1418096324074074 0.7042675802083332 0.15247363888888887 0.7287386661458334 0.15244229166666667 0.7287265765625001 0.14722713055555556 0.7329457989583333 0.14718438333333334 0.7329659479166666 0.14259618148148148 0.7257344348958333 0.1426389287037037 0.725718315625 0.1479652324074074 0.707285915625 0.14799373055555554 0.7072657666666667 0.11865773703703703 0.7080697161458333 0.1186719861111111 0.7080777755208333 0.11391279537037037 0.681329840625 0.1138444 0.6813580494791667 0.11862638888888889 0.7042051177083334 0.11865773703703703 0.7042675802083332 0.13727272685185185 0.6836087041666666 0.13718438333333333
3 0.6085653838541667 0.15641778240740742 0.608581503125 0.16565688240740742 0.5968527098958333 0.16565118240740742 0.5968365906249999 0.1681875175925926 0.5981684463541667 0.1681875175925926 0.5981906104166667 0.18079509814814815 0.5998347776041667 0.18079509814814815 0.5998569411458334 0.16815901944444445 0.608811203125 0.16821601574074074 0.6088333666666668 0.2080136787037037 0.599814628125 0.20810202314814813 0.5998347776041667 0.19737817037037036 0.5981906104166667 0.19737817037037036 0.5982309088541666 0.2080136787037037 0.5969192020833333 0.20810202314814813 0.5969192020833333 0.2100142490740741 0.6162885354166666 0.2101025935185185 0.6162885354166666 0.20810202314814813 0.6102498489583332 0.20810202314814813 0.6103102963541667 0.15991165555555556 0.6331392302083334 0.15990880555555556 0.633137215625 0.1701624398148148 0.6363026395833333 0.17013109166666668 0.6362603265625 0.15988030740740738 0.6473826312500001 0.15991165555555556 0.64739270625 0.1417725851851852 0.6448216802083333 0.14178683425925925 0.6448418296875 0.15638928425925927 0.6085653838541667 0.15641778240740742
3 0.7042595203124999 0.1524850388888889 0.7042313114583333 0.1418153324074074 0.6836006447916667 0.14184383055555555 0.6835905703125 0.1454374462962963 0.7023413260416667 0.1454944425925926 0.7023715494791667 0.15436021666666666 0.7305138020833333 0.15436021666666666 0.7305339510416666 0.15086349351851852 0.732915575 0.15086349351851852 0.7329357244791667 0.14718438333333334 0.7287265765625001 0.14722713055555556 0.7287265765625001 0.15241379351851853 0.7042595203124999 0.1524850388888889
3 0.6085754583333334 0.15641778240740742 0.6448438442708333 0.1564206324074074 0.6448277250000001 0.14178683425925925 0.6473906911458334 0.14177543425925926 0.6473725567708333 0.1371986324074074 0.6416703604166667 0.13721858055555555 0.6416965546875001 0.15189512685185186 0.6085452348958333 0.15184383055555553 0.6085754583333334 0.13381875185185185 0.6249264557291667 0.13377600462962963 0.6249365302083334 0.11860359074074076 0.6275982270833332 0.11858934166666668 0.6275962119791667 0.11386149907407409 0.5860588354166667 0.11392134537037038 0.5860507755208333 0.09842405277777778 0.5828208744791666 0.0984554 0.5828208744791666 0.11865488703703704 0.6052105588541666 0.11863439537037036 0.6052206328125 0.1611057277777778 0.5967882328125 0.1611057277777778 0.5967700989583334 0.16564263333333334 0.6085855328124999 0.16567968055555557 0.6085754583333334 0.15641778240740742
3 0.6085553197916667 0.11863133333333332 0.6085653838541667 0.1314876037037037 0.6233084828125001 0.13151610185185184 0.6232984083333334 0.11861783981481482 0.6085553197916667 0.11863133333333332
3 0.7447672776041667 0.1425819324074074 0.7447471286458334 0.1471416361111111 0.7615313317708333 0.14713878611111111 0.7615696151041667 0.28794528333333336 0.7323735645833334 0.2878597888888889 0.7323433406250001 0.2924764888888889 0.73637920625 0.29249073796296293 0.7363147291666666 0.2988030777777778 0.7380394921875 0.2988030777777778 0.73806165625 0.29017383888888887 0.7615192421875 0.2901538898148148 0.7615011083333333 0.3153576518518519 0.7543582510416668 0.31540609814814813 0.7543985494791666 0.3201510398148148 0.764924440625 0.320193787037037 0.7649647390625 0.11381590185185185 0.7475277052083332 0.11388714722222222 0.7475478541666667 0.11854659444444446 0.7615796895833333 0.11853234537037038 0.7615514807291667 0.14254488425925926 0.7447672776041667 0.1425819324074074
3 0.7499697765625 0.1792191509259259 0.7499899255208333 0.18125106851851852 0.7591597822916667 0.18116557407407408 0.7592202296875 0.20616699907407407 0.7482712067708334 0.20623824444444444 0.7482611322916667 0.20856654351851853 0.7590791859375 0.2085237962962963 0.7590489625 0.28443716203703706 0.7324037880208334 0.28447990925925926 0.7323937135416667 0.2878597888888889 0.7616099135416667 0.28800227962962965 0.7615192421875 0.14711313796296296 0.7447672776041667 0.1471558851851852 0.7447572031249999 0.15068110555555556 0.7591396333333333 0.15068110555555556 0.7591396333333333 0.1792191509259259 0.7499697765625 0.1792191509259259
3 0.725770703125 0.12383870092592593 0.7288232921875 0.12383870092592593 0.7288071729166667 0.11855799351851852 0.73604473125 0.11855799351851852 0.7360286119791667 0.11388714722222222 0.7245718317708333 0.11382160185185185 0.7245557125000001 0.11858364166666667 0.7257525692708333 0.11860929074074075 0.725770703125 0.12383870092592593
3 0.7409409630208333 0.3201709888888889 0.7409611119791666 0.3154402962962963 0.7381382229166668 0.3154545453703704 0.7381482973958333 0.31356511851851854 0.73637920625 0.3135879166666667 0.7363912958333334 0.3154402962962963 0.7330364697916667 0.3154345962962963 0.7330364697916667 0.3202080361111111 0.7409409630208333 0.3201709888888889
3 0.6935643765625 0.3154488453703704 0.6936046744791666 0.32027643240740744 0.7063489822916666 0.320193787037037 0.7063489822916666 0.31542034722222223 0.6935643765625 0.3154488453703704
3 0.6234394520833334 0.31540609814814813 0.6234394520833334 0.320193787037037 0.6443904895833333 0.32016528888888884 0.6443904895833333 0.3154345962962963 0.6234394520833334 0.31540609814814813
3 0.5792564979166667 0.3155200907407408 0.5792464234375 0.3201367907407407 0.6011928270833333 0.32017953796296295 0.6012029015625 0.31542034722222223 0.5792564979166667 0.3155200907407408
3 0.5417570015625 0.1707324027777778 0.5417852104166666 0.32011684259259254 0.5569595005208333 0.3201510398148148 0.5569595005208333 0.3154773435185185 0.5459016723958333 0.3154345962962963 0.5458915979166666 0.2924764888888889 0.5572617369791666 0.2924223425925926 0.5572415875 0.2879025361111111 0.5459218213541667 0.2878597888888889 0.5458815234375 0.23763180370370374 0.5766350994791666 0.2375320601851852 0.5766330848958333 0.23543174722222224 0.547207334375 0.23543744629629632 0.547233528125 0.1880165287037037 0.5718436427083333 0.18793958425925925 0.5717872255208333 0.21893131944444447 0.5735825104166667 0.2189085212962963 0.5735220630208333 0.16753776018518518 0.5717872255208333 0.16753776018518518 0.5717610317708334 0.18571957777777778 0.5458291354166668 0.18575947592592593 0.5458089864583333 0.17554003981481484 0.5705218619791667 0.17552009074074074 0.5704795484375 0.16554003981481483 0.5803485796875001 0.16551439166666665 0.580352609375 0.16102023333333332 0.5672738265625 0.1609974351851852 0.5672738265625 0.17084924444444444 0.5417570015625 0.1707324027777778
4 0.7330465442708333 0.31556283796296297 0.7063489822916666 0.31542034722222223 0.7063590567708334 0.3216842407407407 0.7330364697916667 0.32166999166666665 0.7330465442708333 0.31556283796296297
4 0.3230606489583333 0.2882986601851852 0.3012895427083333 0.28823596481481484 0.30129961718750004 0.2963693361111111 0.3230263953125 0.296355087037037 0.3230606489583333 0.2882986601851852
4 0.3649707838541667 0.2883129092592593 0.3431573645833333 0.28825876296296293 0.3432077375 0.29641493333333335 0.3649929479166667 0.296355087037037 0.3649707838541667 0.2883129092592593
3 0.3230606489583333 0.2882986601851852 0.3230062463541667 0.2919663722222222 0.3431855734375 0.2920262185185185 0.3431573645833333 0.28825876296296293 0.3230606489583333 0.2882986601851852
3 0.3012794682291667 0.29203761759259256 0.3012895427083333 0.28823596481481484 0.29212976041666666 0.2883015101851852 0.2920793875 0.28288971203703706 0.28879911354166665 0.28287546296296295 0.28879105364583335 0.2820319175925926 0.2842232520833334 0.28204901666666665 0.28419504322916667 0.285574237962963 0.2895285109375 0.28560273611111114 0.28955873489583334 0.2920091194444444 0.3012794682291667 0.29203761759259256
3 0.22786620989583334 0.28833570833333333 0.22542212395833333 0.2884155027777778 0.22546846666666667 0.29198917037037037 0.23031634114583335 0.29195497314814817 0.23034051979166667 0.28562553425925924 0.23571428593750002 0.28562553425925924 0.23569615156249998 0.28204901666666665 0.2311142453125 0.28200057037037035 0.2311142453125 0.2828583638888889 0.22782188177083332 0.2828669138888889 0.22786620989583334 0.28833570833333333
3 0.263374975 0.16276717037037036 0.26340318333333335 0.16652607592592591 0.27010477552083334 0.16653177500000002 0.2700745515625 0.16272727314814814 0.263374975 0.16276717037037036
4 0.20842635520833333 0.13667141666666666 0.22530727395833333 0.13671416388888888 0.2253395125 0.1311627240740741 0.20841829531249997 0.1311627240740741 0.20842635520833333 0.13667141666666666
3 0.22003626822916666 0.18755770833333332 0.21434213177083333 0.1875862064814815 0.21434213177083333 0.1885380453703704 0.22003626822916666 0.18855229444444446 0.22003626822916666 0.18755770833333332
3 0.20298609687500002 0.18898261574074074 0.19966350989583334 0.18903106296296296 0.19968164427083332 0.19134511296296297 0.20298609687500002 0.19139640925925927 0.20298609687500002 0.18898261574074074
4 0.30146080989583335 0.13194357407407406 0.2895990328125 0.131929325 0.2895990328125 0.13661726944444444 0.3014507354166666 0.13660302037037036 0.30146080989583335 0.13194357407407406
4 0.26350594375 0.13182958148148147 0.24605077552083332 0.1318723287037037 0.24607092500000002 0.13666001666666666 0.2635361677083333 0.13664291851851854 0.26350594375 0.13182958148148147
3 0.39600241770833333 0.17007124537037036 0.37927866197916665 0.17011399259259258 0.379286721875 0.17086064444444443 0.39600241770833333 0.17079509814814817 0.39600241770833333 0.17007124537037036
3 0.34296191822916666 0.31842975185185185 0.3232460203125 0.3184440009259259 0.3232460203125 0.3230464518518519 0.3429820671875 0.3229923055555555 0.34296191822916666 0.31842975185185185
3 0.28437638541666665 0.31841550277777775 0.284396534375 0.32307495 0.3009490229166667 0.3230350527777778 0.30093894843749996 0.31842975185185185 0.28437638541666665 0.31841550277777775
3 0.2262945796875 0.31842975185185185 0.22628450520833335 0.3230607009259259 0.23545436250000001 0.3229780564814815 0.2354442875 0.31842975185185185 0.2262945796875 0.31842975185185185
3 0.19179931510416667 0.32309774907407407 0.19919605052083333 0.3230607009259259 0.19919605052083333 0.31841550277777775 0.19596413437500002 0.31837275555555555 0.19596413437500002 0.3165916212962963 0.19418496875000002 0.31657167314814816 0.19418496875000002 0.31843260185185185 0.1917831958333333 0.31845255092592595 0.19179931510416667 0.32309774907407407
3 0.36502720104166664 0.2920091194444444 0.3649929479166667 0.296355087037037 0.3759883135416667 0.2963864351851852 0.3760084625 0.3053120546296296 0.3765303244791667 0.3053120546296296 0.37657062239583333 0.3183613564814815 0.36522869218750004 0.31841550277777775 0.365268990625 0.32307495 0.37994559739583333 0.3230721 0.3799254484375 0.3052807064814815 0.39092081406249996 0.3052807064814815 0.3909409630208333 0.30051011666666666 0.37927866197916665 0.30051011666666666 0.3792363489583333 0.2012710175925926 0.39975216614583337 0.20133086388888888 0.39973201666666663 0.1965289259259259 0.39916784218749995 0.1965289259259259 0.39912552916666666 0.17025363333333332 0.39600241770833333 0.17025363333333332 0.3959399557291666 0.19650042777777776 0.37927866197916665 0.1965289259259259 0.37927866197916665 0.16992875462962964 0.36320169270833336 0.16992875462962964 0.3632198265625 0.17475919074074073 0.3759238364583333 0.17478768888888888 0.3759036875 0.2919663722222222 0.36502720104166664 0.2920091194444444
4 0.36524884166666666 0.31845825 0.3429316947916667 0.31842975185185185 0.34299214166666664 0.32465374722222223 0.365268990625 0.32462524907407403 0.36524884166666666 0.31845825
4 0.3232359458333333 0.31855799351851855 0.30093894843749996 0.3184440009259259 0.3009590973958333 0.32463949814814813 0.3232359458333333 0.324611 0.3232359458333333 0.31855799351851855
4 0.2354140640625 0.3184440009259259 0.23545436250000001 0.32463949814814813 0.28438645989583333 0.324611 0.28437638541666665 0.31850099722222225 0.2354140640625 0.3184440009259259
4 0.2262945796875 0.31860074074074074 0.1991759015625 0.31848674814814815 0.19919605052083333 0.324611 0.22631472916666664 0.32456825277777773 0.2262945796875 0.31860074074074074
4 0.19957888385416667 0.13187802777777777 0.1879891192708333 0.13187802777777777 0.18801128333333333 0.13666571666666666 0.19957888385416667 0.13673126203703703 0.19957888385416667 0.13187802777777777
2 0.29796494062499995 0.21393559444444446 0.2861877895833333 0.2139526935185185 0.2861656255208333 0.22014249074074074 0.2979750151041667 0.2200598462962963 0.29796494062499995 0.21393559444444446
1 0 0 0 1 1 1 1 0 0 0
2 0.3655127947916667 0.20610145370370372 0.36549264583333335 0.18951838148148148 0.36117267760416666 0.1895611287037037 0.36119685677083335 0.20607010555555555 0.3655127947916667 0.20610145370370372
4 0.2633951239583333 0.1583072101851852 0.246000403125 0.1583471074074074 0.246000403125 0.16650327685185187 0.26340318333333335 0.16652607592592591 0.2633951239583333 0.1583072101851852
2 0.30462421927083333 0.2159333138888889 0.3163368932291667 0.21605585648148148 0.31635502708333335 0.1983528074074074 0.30465242812500004 0.19838985462962963 0.30462421927083333 0.2159333138888889
2 0.19966350989583334 0.18903106296296296 0.18781986718750002 0.18909945833333333 0.18779971770833334 0.19524935833333332 0.19969574843750001 0.19524935833333332 0.19966350989583334 0.18903106296296296
2 0.34685270989583333 0.17369905925925927 0.3631754984375 0.17370190925925927 0.36317952864583336 0.1484069537037037 0.34685270989583333 0.1483414074074074 0.34685270989583333 0.17369905925925927
2 0.2701450734375 0.16222855555555554 0.2833608703125 0.16221715555555555 0.28339512395833333 0.14156454814814814 0.27008462604166666 0.14155884907407407 0.2701450734375 0.16222855555555554
2 0.20496876875 0.18849814722222222 0.21434213177083333 0.1885380453703704 0.21426153541666665 0.18139070925925924 0.20491839635416667 0.1814277574074074 0.20496876875 0.18849814722222222
3 0.3029377390625 0.2139070962962963 0.29796494062499995 0.21392134537037039 0.29796494062499995 0.21595326296296297 0.30293975416666663 0.21595611296296296 0.3029377390625 0.2139070962962963
2 0.34759218229166666 0.24160729537037037 0.3343300421875 0.24157309814814817 0.3343844447916667 0.2619777712962963 0.34754180937499995 0.2619350240740741 0.34759218229166666 0.24160729537037037
2 0.30586943385416665 0.24153604999999997 0.2921922223958333 0.24146480462962963 0.2921922223958333 0.26179823333333335 0.30593995572916666 0.2617526361111111 0.30586943385416665 0.24153604999999997
2 0.19419705833333334 0.3018153324074074 0.19418496875000002 0.31657167314814816 0.20580495677083332 0.31662581944444446 0.20573443489583332 0.30185237962962963 0.19419705833333334 0.3018153324074074
2 0.23107797708333333 0.24045882037037034 0.2311142453125 0.21885437407407407 0.21374974791666668 0.21892277037037036 0.21385049374999998 0.24047306944444444 0.23107797708333333 0.24045882037037034
2 0.20300020156249998 0.20010544351851853 0.20300020156249998 0.2154345962962963 0.21545637708333334 0.2156027361111111 0.21548660104166667 0.20010259351851853 0.20300020156249998 0.20010544351851853
3 0.3340640739583333 0.28832715833333333 0.33404392499999996 0.24403818796296295 0.33433205729166665 0.2440210888888889 0.33430586354166664 0.24152180092592593 0.30586943385416665 0.24153604999999997 0.30586943385416665 0.24400398981481483 0.33221237135416665 0.24400398981481483 0.3321599838541667 0.28832715833333333 0.3340640739583333 0.28832715833333333
3 0.20300020156249998 0.16443431203703704 0.23081200885416667 0.16449415833333333 0.230828128125 0.1664776287037037 0.246000403125 0.16650327685185187 0.246000403125 0.16271302407407406 0.1992162 0.16267027685185184 0.19892806770833332 0.16265032777777777 0.19891194843749999 0.16638073518518517 0.20300624635416667 0.16638073518518517 0.20300020156249998 0.16443431203703704
3 0.19930687083333334 0.2920233685185185 0.1992645578125 0.2883043601851852 0.17882329218749998 0.2882530638888889 0.17878702395833335 0.2186206898148148 0.1894398546875 0.2186206898148148 0.18940358645833333 0.21668851481481483 0.17878702395833335 0.21668851481481483 0.17878702395833335 0.19128811666666665 0.18781986718750002 0.19128811666666665 0.18781986718750002 0.18909945833333333 0.17875075572916668 0.18904816203703703 0.17878702395833335 0.16634653703703703 0.18594801510416667 0.16624394444444446 0.185859359375 0.16265602777777777 0.17630666927083333 0.162698775 0.17634696770833333 0.29215161018518515 0.19930687083333334 0.2920233685185185
3 0.3655127947916667 0.1771444851851852 0.37415675989583336 0.17717583333333334 0.374176909375 0.21614705 0.36553294375 0.21611570277777778 0.3655127947916667 0.20610145370370372 0.3639512390625 0.20607295555555558 0.36394720937499997 0.24402678796296295 0.37419705833333333 0.2440695351851852 0.374176909375 0.288255912962963 0.3649707838541667 0.2883129092592593 0.36502720104166664 0.2920091194444444 0.3759036875 0.2919663722222222 0.3759258510416667 0.24162439444444445 0.37591376354166667 0.2416243277777778 0.3759238364583333 0.17478768888888888 0.3632198265625 0.17475919074074073 0.3632641546875 0.1771444851851852 0.363929075 0.17717583333333334 0.3639512390625 0.18951838148148148 0.36549264583333335 0.18951838148148148 0.3655127947916667 0.1771444851851852
3 0.37459802395833336 0.24161703796296294 0.37459198072916666 0.21882587592592592 0.3656598833333333 0.2187375324074074 0.36563771927083333 0.24156739814814815 0.37459802395833336 0.24161703796296294
3 0.3462341328125 0.21380450277777777 0.3398186578125 0.21382160185185187 0.3398186578125 0.2160815046296296 0.3462260729166667 0.2160815046296296 0.3462341328125 0.21380450277777777
3 0.2921922223958333 0.24146480462962963 0.28874269583333334 0.24146480462962963 0.28879911354166665 0.28287546296296295 0.292149909375 0.2829039611111111 0.2921922223958333 0.24146480462962963
3 0.3230062463541667 0.2919663722222222 0.3230263953125 0.296355087037037 0.3432077375 0.29641493333333335 0.3431855734375 0.2920262185185185 0.3230062463541667 0.2919663722222222
3 0.34502317135416666 0.1366457675925926 0.3433467661458333 0.13662581944444444 0.3433467661458333 0.16992590462962964 0.34504130572916664 0.16992875462962964 0.34502317135416666 0.1366457675925926
3 0.3163953255208333 0.17359646666666667 0.28557525677083334 0.17366201203703702 0.28554100364583335 0.16251353703703705 0.28293975416666667 0.16252778611111113 0.2829437838541667 0.17641208333333333 0.3163953255208333 0.17644628055555556 0.3163953255208333 0.17359646666666667
3 0.28864195052083336 0.15832430925925925 0.28328631875 0.15832430925925925 0.28335281093750003 0.16251353703703705 0.28554100364583335 0.16251353703703705 0.28557525677083334 0.17366201203703702 0.3163953255208333 0.17359646666666667 0.3163953255208333 0.17644628055555556 0.28284303854166665 0.17640923333333333 0.28284908333333336 0.2163208888888889 0.28617570000000003 0.21628669166666667 0.28622204322916667 0.17889427222222223 0.3029538583333334 0.17891422037037039 0.30293975416666663 0.21595611296296296 0.30462421927083333 0.2159333138888889 0.304626234375 0.1788885722222222 0.33810396927083336 0.17895126851851853 0.33811404375 0.21354231944444446 0.3162986098958333 0.2135679685185185 0.3163368932291667 0.21605585648148148 0.3398186578125 0.2160815046296296 0.33988716510416667 0.17654887407407407 0.31811202916666664 0.17656312314814815 0.31808382031250004 0.14989740648148148 0.31934486302083337 0.14988320648148148 0.3193592583333333 0.16200057037037036 0.33260729375 0.16190082685185184 0.33262542812499996 0.17470219444444446 0.3469494255208333 0.1747734398148148 0.346899053125 0.16991450555555557 0.33597017916666666 0.16999999999999998 0.33597017916666666 0.1571444851851852 0.3226032640625 0.15724137962962964 0.3226536369791667 0.13666001666666666 0.3550332458333333 0.13661726944444444 0.35500302239583337 0.13190082685185184 0.30146080989583335 0.13194357407407406 0.3014507354166666 0.13660302037037036 0.30144872031250003 0.14975491574074073 0.3163852510416667 0.14980336296296295 0.316449728125 0.1713109148148148 0.28859762239583336 0.17127956666666666 0.28864195052083336 0.15832430925925925
3 0.2204896234375 0.18788828703703706 0.22778964322916667 0.18788828703703706 0.22778964322916667 0.21628954074074075 0.20464033854166666 0.21628954074074075 0.20464033854166666 0.2154345962962963 0.20300020156249998 0.2154345962962963 0.20304251458333333 0.2186719861111111 0.2311142453125 0.21885437407407407 0.2311142453125 0.18550584166666667 0.23090466979166668 0.18550584166666667 0.23081200885416667 0.16449415833333333 0.20300020156249998 0.16443431203703704 0.20300020156249998 0.20010544351851853 0.20468466666666665 0.20010544351851853 0.2047269796875 0.1666942148148148 0.22036066875000002 0.1667540611111111 0.2204896234375 0.18788828703703706
3 0.22914565989583335 0.18550584166666667 0.22908523072916667 0.16681675648148148 0.22204513385416666 0.16681675648148148 0.22204513385416666 0.18550584166666667 0.22914565989583335 0.18550584166666667