1 0 0 0 1 1 1 1 0 0 0
3 0.11682248645833333 0.3298375601851852 0.11680838177083334 0.3239583925925926 0.10101954479166667 0.32397549166666667 0.10100544010416666 0.329817612037037 0.11682248645833333 0.3298375601851852
3 0.10910739479166667 0.4796238240740741 0.10909933489583333 0.4764975777777778 0.11112431979166668 0.4764975777777778 0.11108603645833333 0.4737845537037037 0.1009470078125 0.4738387009259259 0.10093693333333334 0.4796523222222222 0.10910739479166667 0.4796238240740741
3 0.10095708229166668 0.4737959537037037 0.10509772291666668 0.47375320648148145 0.10509369322916666 0.32997435185185187 0.10096312708333333 0.3299458537037037 0.10095708229166668 0.4737959537037037
3 0.10513600625 0.4258991166666667 0.10512593177083333 0.4317697351851852 0.1473786015625 0.43175548611111114 0.14738867604166667 0.4258848675925926 0.10513600625 0.4258991166666667
3 0.131559540625 0.32401538888888887 0.13154946614583332 0.3298575092592593 0.14738666145833335 0.32990025648148147 0.1473967359375 0.3240296379629629 0.131559540625 0.32401538888888887
3 0.14740278072916665 0.3299800509259259 0.143260125 0.3299800509259259 0.1432641546875 0.4008862925925926 0.1474047953125 0.40085779444444447 0.14740278072916665 0.3299800509259259
3 0.14743300416666666 0.34308065 0.14743300416666666 0.34896836666666664 0.152651621875 0.34893701944444444 0.15263147291666668 0.34306925092592594 0.14743300416666666 0.34308065
3 0.17038686302083333 0.34307495 0.1703767880208333 0.34893131944444444 0.2206387265625 0.3489598175925926 0.22061857760416667 0.34310344814814814 0.17038686302083333 0.34307495
3 0.17892403802083334 0.36463379907407406 0.17890791874999998 0.3490054148148148 0.17558331666666666 0.3490196638888889 0.17560145052083334 0.36336848148148143 0.17780979270833336 0.36465089814814816 0.17892403802083334 0.36463379907407406
3 0.22042111614583335 0.4796238240740741 0.220749546875 0.47910800833333334 0.220749546875 0.4737503564814815 0.21036872864583334 0.47376745555555555 0.2103485796875 0.4764747787037037 0.21247430989583332 0.4764747787037037 0.21250251875 0.479609575 0.22042111614583335 0.4796238240740741
3 0.21654845833333333 0.4737218583333333 0.220749546875 0.4737218583333333 0.22067096510416664 0.349031062962963 0.21654039895833332 0.34904531203703704 0.21654845833333333 0.4737218583333333
3 0.17893209739583332 0.40688230277777776 0.17892202291666667 0.3853946990740741 0.17786419479166668 0.38536620092592594 0.1756074953125 0.38671986296296296 0.1756074953125 0.40693929907407406 0.17893209739583332 0.40688230277777776
3 0.17898650000000002 0.4010772296296296 0.17896635104166667 0.40691935 0.216475921875 0.4069165 0.216475921875 0.4010601314814815 0.17898650000000002 0.4010772296296296
3 0.19657062239583334 0.40699914537037035 0.19384041927083334 0.40699914537037035 0.193832359375 0.431718437962963 0.19656256302083333 0.4317041888888889 0.19657062239583334 0.40699914537037035
3 0.19280677031250001 0.4796380731481482 0.19279871041666666 0.47647762870370364 0.19484384427083334 0.47650612685185184 0.19484384427083334 0.47375605555555556 0.12665927864583332 0.4737703046296296 0.1266391296875 0.47649187777777774 0.12873463645833333 0.47649187777777774 0.12877291979166666 0.4796380731481482 0.19280677031250001 0.4796380731481482
3 0.15889784427083334 0.6199743518518519 0.158915978125 0.6247078944444444 0.17097521666666668 0.6246936453703703 0.17095506770833332 0.6199344546296297 0.15889784427083334 0.6199743518518519
3 0.162792665625 0.48808492407407406 0.16269192031250002 0.48807067499999995 0.16268184583333334 0.47970646944444445 0.15888373958333332 0.47972071851851855 0.1588938140625 0.48836990555555554 0.1586822484375 0.48838415462962964 0.1586822484375 0.6109318898148147 0.15887366510416667 0.6109318898148147 0.15889582916666667 0.6199202055555556 0.16270400989583333 0.6198917074074074 0.16266975625000002 0.61076375 0.16279468072916667 0.610749500925926 0.162792665625 0.48808492407407406
3 0.19309893229166666 0.6199601027777778 0.19311908125 0.6246793962962962 0.21163610729166665 0.6246793962962962 0.21163610729166665 0.6199316046296296 0.19309893229166666 0.6199601027777778
3 0.23392706041666667 0.6199344546296297 0.23394116458333333 0.6247363925925925 0.25367721145833333 0.6247221435185185 0.25368325625 0.6199344546296297 0.23392706041666667 0.6199344546296297
3 0.29366310677083335 0.6199344546296297 0.293691315625 0.6246565972222222 0.3061636109375 0.6246993444444444 0.3061757 0.6199487037037037 0.29366310677083335 0.6199344546296297
3 0.3039512390625 0.6197748648148148 0.30614749166666666 0.6197748648148148 0.3061595807291667 0.5916044453703704 0.30391295572916666 0.5916186944444444 0.3039512390625 0.6197748648148148
3 0.16282490416666665 0.5397178685185186 0.16282490416666665 0.5444856083333333 0.18809187968750002 0.5444856083333333 0.18808180520833334 0.5397463666666666 0.16282490416666665 0.5397178685185186
3 0.18797904479166666 0.48161299537037033 0.18598428385416668 0.48162724444444444 0.185974209375 0.4882103166666667 0.18586540416666666 0.48821886574074075 0.1858633890625 0.5239327444444444 0.18806971614583334 0.5239327444444444 0.1881100140625 0.4882530638888889 0.18799919427083334 0.488267312962963 0.18797904479166666 0.48161299537037033
3 0.26032641562500003 0.48264462777777783 0.26035059427083335 0.47790253611111105 0.227013903125 0.47793103425925926 0.227003828125 0.47807352499999994 0.221956478125 0.47804502685185185 0.221956478125 0.482504987037037 0.22698367916666667 0.4824764888888889 0.22699979843749998 0.48263037870370373 0.26032641562500003 0.48264462777777783
3 0.24539391510416667 0.5413166148148149 0.24206125312500001 0.5413023657407408 0.24204916406250002 0.5893559416666666 0.24537376562500002 0.5893559416666666 0.24539391510416667 0.5413166148148149
3 0.30526899062499996 0.5395839268518519 0.3018134192708333 0.5395839268518519 0.30182349375 0.5826360787037037 0.3020310296875 0.5826275296296297 0.30202095520833333 0.5888971212962962 0.30505339531250003 0.5889113703703703 0.3050433203125 0.5828127675925926 0.3052548859375 0.5827985185185186 0.30526899062499996 0.5395839268518519
3 0.3358815234375 0.6247192935185185 0.335841225 0.6210145342592592 0.32875881510416666 0.6210145342592592 0.328748740625 0.6247192935185185 0.3358815234375 0.6247192935185185
3 0.3287205317708333 0.6209860361111111 0.3308462625 0.620971787037037 0.3307838 0.6123368481481481 0.3287084427083334 0.612322599074074 0.3287205317708333 0.6209860361111111
3 0.3491658270833333 0.620974637037037 0.3491960505208333 0.6246793962962962 0.36094297812500004 0.6246936453703703 0.36094297812500004 0.620974637037037 0.3491658270833333 0.620974637037037
3 0.35703606666666665 0.4453234537037037 0.35684465052083336 0.4453377027777778 0.35685069531249997 0.5829210601851852 0.3570703203125 0.5829210601851852 0.35705218593750004 0.5920347675925927 0.3568607697916667 0.5920347675925927 0.35683054583333335 0.6209176407407407 0.3609611119791667 0.6209176407407407 0.3609812614583333 0.4316015962962963 0.35702800729166667 0.43156739814814815 0.35703606666666665 0.4453234537037037
3 0.3287104572916667 0.5967540611111111 0.33085633697916667 0.5967540611111111 0.33085633697916667 0.5917383870370371 0.3287185171875 0.5917098888888889 0.3287104572916667 0.5967540611111111
3 0.3505037276041667 0.592091763888889 0.35049566770833335 0.591724137962963 0.3308966348958334 0.591721287962963 0.3308966348958334 0.5948560842592593 0.35682047135416667 0.5948560842592593 0.35683054583333335 0.5920347675925927 0.3505037276041667 0.592091763888889
3 0.3569917390625 0.4360501564814815 0.3569917390625 0.4315901962962963 0.34837799739583336 0.43160444537037035 0.3483638927083333 0.4363066398148148 0.35046947395833333 0.43632088888888887 0.35046947395833333 0.4360644055555556 0.3569917390625 0.4360501564814815
3 0.22076566614583332 0.43157309814814815 0.2207535765625 0.4362781416666667 0.2397844046875 0.4363066398148148 0.23980656875 0.43161584537037034 0.22076566614583332 0.43157309814814815
3 0.2663651015625 0.4353035055555556 0.2663751765625 0.4316129953703704 0.25457787604166665 0.43157024814814815 0.2545939953125 0.43632088888888887 0.258422325 0.4363066398148148 0.25840620572916667 0.4352892564814815 0.2663651015625 0.4353035055555556
3 0.32912552916666665 0.4363351379629629 0.32912552916666665 0.43160444537037035 0.28420310312499997 0.4315759472222222 0.28420310312499997 0.4352949555555556 0.30306266354166667 0.4352949555555556 0.30307273802083334 0.4362923907407407 0.32912552916666665 0.4363351379629629
3 0.3290489625 0.46461385 0.32680233750000004 0.46461385 0.3267962927083333 0.4998233111111111 0.3290429177083333 0.4998233111111111 0.3290489625 0.46461385
3 0.3290650817708333 0.5187061842592593 0.32905903697916666 0.5155514388888889 0.3004130567708333 0.515588487037037 0.3004130567708333 0.5187061842592593 0.3290650817708333 0.5187061842592593
3 0.3036087041666667 0.4391365064814815 0.3005158171875 0.4391365064814815 0.3005258916666667 0.4454345962962963 0.300404996875 0.4454345962962963 0.3004130567708333 0.5155457398148148 0.30373765885416665 0.5155172416666666 0.30373967343749997 0.4453776 0.3035986296875 0.4453776 0.3036087041666667 0.4391365064814815
3 0.6008744708333332 0.3297805638888889 0.6166935322916667 0.3298375601851852 0.616731815625 0.32404673703703707 0.6008422322916667 0.32413793148148146 0.6008744708333332 0.3297805638888889
3 0.6050533953125 0.329820462037037 0.6008664114583334 0.3297463666666667 0.6009046947916666 0.4736905101851852 0.604924440625 0.47381875185185185 0.6050533953125 0.329820462037037
3 0.6089562765625 0.4764890277777778 0.61098730625 0.476531775 0.6109732015625 0.4737902537037037 0.6008744708333332 0.47374465648148145 0.6008885755208334 0.4796038759259259 0.6090026192708333 0.4796038759259259 0.6089562765625 0.4764890277777778
3 0.6049667541666667 0.43173268703703704 0.6472697963541666 0.43179538333333334 0.647285915625 0.4258934166666667 0.6050151119791667 0.42591621574074073 0.6049667541666667 0.43173268703703704
3 0.6315615557291667 0.3241151324074074 0.6315837192708333 0.32989740648148147 0.6473080796875 0.32977201481481483 0.64733024375 0.3241151324074074 0.6315615557291667 0.3241151324074074
3 0.6473181541666667 0.3297748648148148 0.6430989322916666 0.3298432601851852 0.6432057223958334 0.4007295527777778 0.6472556921875 0.4007723 0.6473181541666667 0.3297748648148148
3 0.6473383036458333 0.3489626675925926 0.6525347572916667 0.3489626675925926 0.6524823697916666 0.34316614444444443 0.6473503927083333 0.3431490453703704 0.6473383036458333 0.3489626675925926
3 0.67036066875 0.34319749259259263 0.6703828328125 0.34882017685185185 0.7164718921875 0.34900256481481484 0.7165323390625 0.3431347962962963 0.67036066875 0.34319749259259263
3 0.678801128125 0.3488914222222222 0.67550675 0.3489170703703704 0.6755248843749999 0.3633969796296296 0.6777211364583333 0.3646594472222222 0.6788575458333334 0.36463379907407406 0.678801128125 0.3488914222222222
3 0.6788575458333334 0.40689085185185186 0.6788192624999999 0.3855371898148148 0.67766471875 0.38540609814814814 0.6754866010416667 0.38677685925925925 0.6755611526041666 0.4069677972222222 0.6788575458333334 0.40689085185185186
3 0.6788555307291666 0.4068880018518518 0.7165182348958333 0.40695069814814816 0.7164456979166667 0.40118552314814815 0.6788474713541667 0.40113137685185185 0.6788555307291666 0.4068880018518518
3 0.6937437036458333 0.4069108009259259 0.6937719119791667 0.4317041888888889 0.6964577875 0.43179253333333334 0.6964396536458334 0.40689655185185186 0.6937437036458333 0.4069108009259259
3 0.7164960708333333 0.3432487888888889 0.7164094296875 0.4737475064814815 0.7206004432291666 0.4737703046296296 0.7206729802083333 0.3432288398148148 0.7164960708333333 0.3432487888888889
3 0.7103062661458334 0.4764605296296296 0.7123916984375 0.4765032768518519 0.7124118479166667 0.4795525787037037 0.72064275625 0.4796950694444445 0.7206528307291666 0.47375320648148145 0.7102961916666667 0.4737817046296296 0.7103062661458334 0.4764605296296296
3 0.6927463229166667 0.479618125 0.6927463229166667 0.47643773148148144 0.6947773526041666 0.4765175259259259 0.69474914375 0.4738301509259259 0.6265927864583334 0.47387289814814815 0.626564578125 0.4764975777777778 0.6286097119791666 0.47647762870370364 0.6286540401041666 0.4795953259259259 0.6927463229166667 0.479618125
3 0.6587991135416666 0.6111199768518519 0.6587588151041667 0.6200142490740741 0.6626234130208334 0.6200142490740741 0.6625811 0.610971787037037 0.6627483375 0.6108549444444444 0.6627060244791667 0.48870618425925927 0.6626234130208334 0.4885893416666666 0.6626234130208334 0.47960672592592596 0.6588414265625 0.4796665712962963 0.6589885151041667 0.4886178398148148 0.6585492645833334 0.48885437407407406 0.6586540401041667 0.6110316333333333 0.6587991135416666 0.6111199768518519
3 0.6878903890625 0.5397748648148148 0.6627160989583333 0.5398489601851851 0.6627342333333334 0.544428612037037 0.6880294177083334 0.5444998574074074 0.6878903890625 0.5397748648148148
3 0.6878581505208333 0.4817098888888889 0.6860165223958333 0.4817098888888889 0.6858855531250001 0.48870618425925927 0.6858130161458333 0.4888714731481481 0.6858553296875001 0.5241008833333334 0.6879891192708333 0.5240410370370371 0.6879891192708333 0.48864633796296303 0.687902478125 0.4886235398148148 0.6878581505208333 0.4817098888888889
3 0.6587588151041667 0.6199715018518518 0.6587709046875 0.6246736962962963 0.6708361880208333 0.6247078944444444 0.6708603666666666 0.6200569962962963 0.6587588151041667 0.6199715018518518
3 0.6930606489583333 0.619982900925926 0.6930183359375001 0.6246223999999999 0.7115696151041667 0.6247107435185185 0.7115696151041667 0.619982900925926 0.6930606489583333 0.619982900925926
3 0.7338384041666667 0.6201253916666667 0.7338384041666667 0.6246993444444444 0.7412834979166667 0.6246993444444444 0.7413338708333334 0.6200199490740741 0.7338384041666667 0.6201253916666667
3 0.7413096916666666 0.6200740953703704 0.7412996171875 0.6247078944444444 0.7476868828125001 0.6247078944444444 0.7476324802083333 0.6200284981481481 0.7413096916666666 0.6200740953703704
3 0.7475901671875 0.6200455972222222 0.7476868828125001 0.6247078944444444 0.7536006447916667 0.6247078944444444 0.7535784807291667 0.6200142490740741 0.7475901671875 0.6200455972222222
3 0.7658533145833334 0.6201766888888889 0.7658089864583334 0.6246622972222222 0.7812895427083333 0.6247905388888889 0.7812673786458333 0.6200512962962963 0.7658533145833334 0.6201766888888889
3 0.793576465625 0.6200284981481481 0.7935986296875 0.6246622972222222 0.7986097119791666 0.6247078944444444 0.7986177713541667 0.6200142490740741 0.793576465625 0.6200284981481481
3 0.7986197864583333 0.6200142490740741 0.7986278458333333 0.6247705898148148 0.8050050375000001 0.6247249925925926 0.8049929479166666 0.6200769453703704 0.7986197864583333 0.6200142490740741
3 0.8038867619791666 0.6200284981481481 0.8049627239583333 0.6200284981481481 0.8049949625 0.6246907953703704 0.8059983880208333 0.6246765462962963 0.8060507755208334 0.5918438305555556 0.8038746723958333 0.5918580796296297 0.8038867619791666 0.6200284981481481
3 0.8286681442708334 0.6247734398148148 0.8357908520833334 0.6246622972222222 0.8357767479166667 0.6210971787037037 0.8286681442708334 0.6211142777777777 0.8286681442708334 0.6247734398148148
3 0.828660084375 0.6211256768518518 0.8307737255208333 0.6210971787037037 0.8307555911458333 0.6124907379629629 0.8286802338541667 0.6124593898148148 0.828660084375 0.6211256768518518
3 0.8491073947916666 0.6210316333333333 0.8491214989583333 0.6246850953703703 0.8609026796875 0.6247449416666667 0.8609026796875 0.6211142777777777 0.8491073947916666 0.6210316333333333
3 0.8569977838541667 0.44534340277777773 0.8567741286458334 0.44538900000000003 0.8568164416666666 0.6210572814814814 0.8609067098958333 0.6211199768518518 0.8608825307291668 0.43610145370370373 0.8569413661458333 0.43606725555555553 0.8569977838541667 0.44534340277777773
3 0.8483296395833333 0.4362182953703704 0.8503042515625 0.4362895407407407 0.8504493249999999 0.4359988601851852 0.8608825307291668 0.43610145370370373 0.8608785010416666 0.43168424074074074 0.8483135197916667 0.43158164722222225 0.8483296395833333 0.4362182953703704
3 0.7841265364583333 0.4353747509259259 0.8029981864583333 0.4353006555555555 0.8029800526041666 0.4363094898148148 0.8290066489583333 0.4363094898148148 0.8290066489583333 0.4316557425925926 0.7841084020833333 0.43168139074074074 0.7841265364583333 0.4353747509259259
3 0.7545557125 0.43634083796296297 0.7583457588541667 0.4362980907407407 0.7583759822916666 0.43532060370370373 0.7662583114583333 0.4352778564814815 0.7662885354166666 0.43161869444444445 0.7545557125 0.43161869444444445 0.7545557125 0.43634083796296297
3 0.72052790625 0.43632088888888887 0.7397300020833334 0.4362125962962963 0.7396796291666666 0.4316386435185185 0.7206024583333334 0.4316386435185185 0.72052790625 0.43632088888888887
3 0.7269897239583333 0.4826588768518518 0.7602659682291667 0.48264462777777783 0.7602155953125 0.4780136787037037 0.7269192020833334 0.4779424333333333 0.7268184567708332 0.4780849240740741 0.7218718515625 0.4780849240740741 0.7218617770833333 0.48247363888888894 0.7269292765625 0.48250213703703704 0.7269897239583333 0.4826588768518518
3 0.8036268385416666 0.5156169851851852 0.8036671369791667 0.44535480185185183 0.8035462421874999 0.4452693074074074 0.8035361677083334 0.4392277 0.8004634291666667 0.4391849527777778 0.8004432802083333 0.44529780555555554 0.8003526093750001 0.44542604722222223 0.8003727583333333 0.5156027361111111 0.8036268385416666 0.5156169851851852
3 0.8289179932291667 0.5156198342592593 0.8003828328125 0.5155599888888889 0.8003505942708333 0.5187204333333334 0.8289361270833333 0.5187204333333334 0.8289179932291667 0.5156198342592593
3 0.8267418901041667 0.49993445462962965 0.8289542614583334 0.49998290092592595 0.8288837395833333 0.4647249925925926 0.8267600239583334 0.4646765462962963 0.8267418901041667 0.49993445462962965
3 0.7420431192708333 0.5895867768518519 0.7453798104166667 0.5895525787037037 0.7453193635416666 0.541367911111111 0.7419705822916666 0.541333712962963 0.7420431192708333 0.5895867768518519
3 0.8051380213541666 0.539606725925926 0.8018013296875 0.539623824074074 0.8017650614583334 0.5825933314814814 0.8019947614583334 0.5828669138888889 0.8020310296875 0.5889883157407407 0.8050171265625 0.5889370194444444 0.8049808583333333 0.5829182101851852 0.8051863791666667 0.5827301222222222 0.8051380213541666 0.539606725925926
3 0.8503586541666667 0.5918324305555556 0.8307052187499999 0.5918666287037037 0.8307535765625 0.5949501287037038 0.8567801734375 0.594984325925926 0.8568003223958333 0.5921516101851851 0.8504835786458333 0.5921516101851851 0.8503586541666667 0.5918324305555556
3 0.8286419505208333 0.5967654601851852 0.8307777552083333 0.5967797092592592 0.8306971588541666 0.591721287962963 0.8286620994791666 0.5917497861111112 0.8286419505208333 0.5967654601851852