3 0.3576445697916667 0.274821887037037 0.3575377796875 0.26914790555555557 0.35566592812500003 0.26937589074074075 0.3558795083333333 0.2748959814814815 0.33566592812499996 0.2750470222222222 0.33569010677083333 0.27800227962962965 0.36646786197916664 0.2781476203703704 0.36630666927083333 0.27520091203703706 0.3576445697916667 0.274821887037037
3 0.3661212973958333 0.2510971787037037 0.36611122291666665 0.24845540000000002 0.3576768083333333 0.2485237962962963 0.357515615625 0.24141635833333333 0.35569816666666665 0.2416414935185185 0.3560185369791667 0.25261043055555554 0.3576768083333333 0.25261043055555554 0.3576224057291667 0.2510971787037037 0.3661212973958333 0.2510971787037037
3 0.35581704635416667 0.21788543703703703 0.3558190609375 0.22542889722222223 0.3576949427083333 0.22547164444444445 0.35764859947916666 0.21795383333333335 0.35581704635416667 0.21788543703703703
3 0.33046544427083335 0.2001681388888889 0.3306185776041667 0.24688800185185186 0.3189139635416666 0.24677970925925927 0.318837396875 0.24993730370370373 0.33208140260416663 0.24972071851851851 0.33223655052083334 0.19755200925925925 0.30751763020833334 0.19722713055555555 0.30743703385416665 0.19056711296296294 0.30543824322916663 0.19054146481481482 0.30543824322916663 0.24972071851851851 0.30766874895833335 0.2498347111111111 0.3079286723958334 0.20064120833333335 0.33046544427083335 0.2001681388888889
3 0.2737255692708333 0.18528070648148148 0.2736812411458333 0.16025933333333334 0.272123715625 0.16045312037037035 0.272123715625 0.18767170092592594 0.2796554505208333 0.18799658055555554 0.27956477916666667 0.18534055277777778 0.2737255692708333 0.18528070648148148
3 0.2710679026041667 0.24762040462962964 0.2712492442708333 0.19129381574074072 0.26977231510416666 0.19142205740740742 0.26959097343750005 0.24997435185185188 0.2924138625 0.24984326018518516 0.2923211765625 0.24736107129629628 0.2710679026041667 0.24762040462962964
4 0.15543622812500002 0.1670732398148148 0.15524481145833333 0.17478768888888888 0.1680213578125 0.17478768888888888 0.16808180520833332 0.1669848962962963 0.15543622812500002 0.1670732398148148
3 0.31083618802083335 0.356352237037037 0.31083618802083335 0.36134796203703706 0.33115655833333335 0.36134796203703706 0.3310799921875 0.3564234824074074 0.31083618802083335 0.356352237037037
3 0.3664396536458333 0.21508691944444444 0.3664859963541666 0.35645198055555555 0.35721539375 0.35645198055555555 0.35721539375 0.36136791111111116 0.3705863390625 0.3614306074074074 0.3705863390625 0.3552550583333333 0.37949627239583333 0.3553177546296296 0.37954261510416665 0.3501510398148148 0.37027402760416667 0.3502764324074074 0.37040701197916664 0.2089085212962963 0.379762240625 0.20897976666666668 0.3797199276041667 0.20664006851851852 0.38168043541666663 0.20681960648148148 0.38159177916666664 0.20392989444444443 0.366282490625 0.20399259074074072 0.3662925651041667 0.21017098888888888 0.35512190208333333 0.21010544351851854 0.35512190208333333 0.21306925092592593 0.3571730807291667 0.2131319462962963 0.35721539375 0.21502422314814815 0.3664396536458333 0.21508691944444444
3 0.38849284687499996 0.08437731574074074 0.38830747552083333 0.07078369907407407 0.4246222041666667 0.07091479074074074 0.4249909328125 0.12044742129629629 0.38849284687499996 0.12031632962962961 0.38849284687499996 0.10633228796296296 0.3842434010416667 0.10633228796296296 0.3840580291666667 0.1261954972222222 0.4247148901041667 0.1261954972222222 0.42490026197916664 0.17638073518518518 0.400044328125 0.17651182685185185 0.399673584375 0.20395839259259257 0.3979185973958333 0.2036962101851852 0.3980112833333333 0.20696209722222222 0.39930485572916663 0.20722428055555556 0.39930485572916663 0.20918495277777777 0.4033689302083333 0.20892277037037038 0.4034616161458333 0.18174123703703704 0.4334938546875 0.18161014537037037 0.43340116874999995 0.17664291851851852 0.4291497078125 0.17677400925925926 0.429057021875 0.06451125648148148 0.3774047953125 0.06477343981481481 0.37749748125 0.07078369907407407 0.3840580291666667 0.07078369907407407 0.3844267578125 0.08411513240740741 0.38849284687499996 0.08437731574074074
3 0.35421317760416665 0.13918780277777776 0.35421317760416665 0.0706526074074074 0.3601067901041667 0.07064690833333333 0.3601652223958334 0.06477913981481481 0.3394861979166667 0.06485038518518518 0.3395466453125 0.07081789722222222 0.349665525 0.07080934722222222 0.3498871651041667 0.13918780277777776 0.35421317760416665 0.13918780277777776
3 0.3335825104166667 0.21530065555555555 0.33748539166666663 0.21530065555555555 0.3373241989583333 0.21295525833333334 0.3393028411458333 0.2130322027777778 0.33919605052083335 0.21030777962962965 0.33711061875 0.21023368518518518 0.33711061875 0.18300655462962961 0.31197864218750004 0.1828526648148148 0.3119242395833333 0.16795383333333333 0.35422325208333333 0.16810487314814815 0.35432802760416665 0.1621316611111111 0.3119242395833333 0.16205471666666665 0.31203102968749996 0.07069250462962963 0.3225649807291667 0.07076945 0.322405803125 0.06464234814814815 0.307594196875 0.06471929351851852 0.307753375 0.18300655462962961 0.303550271875 0.1828697638888889 0.3036510177083333 0.1879110861111111 0.3334737052083333 0.188073525 0.3335825104166667 0.21530065555555555
3 0.2845456375 0.1878597888888889 0.2845879510416667 0.1829267601851852 0.28313520052083335 0.18277856944444446 0.28307072343749995 0.15536905092592593 0.2513076765625 0.15509831851851852 0.2512431994791667 0.15999715 0.2795406005208333 0.15999715 0.2797985088541666 0.18777144444444444 0.2845456375 0.1878597888888889
3 0.22482168020833332 0.1592875462962963 0.22472899479166666 0.15523795925925926 0.19405198489583333 0.1551068675925926 0.19397340312500003 0.16666001666666666 0.19235744531250001 0.16671701296296296 0.19235744531250001 0.17156169814814815 0.19377392708333332 0.17157309814814814 0.19397340312500003 0.21328298703703705 0.197489421875 0.2133114851851852 0.19710054427083332 0.15981191203703704 0.22482168020833332 0.1592875462962963
3 0.16811404375 0.16684240555555555 0.1680213578125 0.17141635833333335 0.18012693958333334 0.17141635833333335 0.18003425364583334 0.16671131388888888 0.16811404375 0.16684240555555555
3 0.14258714479166665 0.3564861787037037 0.142651621875 0.36111427777777777 0.15098730624999998 0.3612596185185185 0.15110417083333333 0.35635508703703705 0.1489643359375 0.3562011972222222 0.14881724739583332 0.17167569074074077 0.15522466250000003 0.17163294351851852 0.15519242395833333 0.16646907962962965 0.1385069515625 0.1666571675925926 0.13843038489583334 0.17123112037037036 0.145268990625 0.17277856944444445 0.14464033854166666 0.3563066398148148 0.14258714479166665 0.3564861787037037
3 0.17100544010416666 0.6846024509259259 0.1690267984375 0.6846793962962963 0.16886560572916667 0.7020718157407407 0.142986096875 0.7022257055555556 0.142933709375 0.7044941583333334 0.17100544010416666 0.7043402675925926 0.17100544010416666 0.6846024509259259
3 0.22721740885416666 0.6894328870370371 0.22709046927083334 0.6840780851851852 0.21765665937499998 0.6840780851851852 0.21772113645833333 0.6797235675925926 0.1884606083333333 0.6794499861111111 0.18833165416666667 0.6844400111111111 0.21412855104166667 0.6844400111111111 0.21425750572916666 0.6895240805555556 0.22721740885416666 0.6894328870370371
3 0.2851198869791667 0.7114078083333333 0.2851198869791667 0.7059817611111111 0.2836248234375 0.7059931601851852 0.2836248234375 0.6844286120370371 0.24342937760416666 0.6842120259259259 0.24342937760416666 0.6893302935185185 0.2800060447916667 0.6894385861111111 0.28022768489583333 0.7112225703703703 0.2851198869791667 0.7114078083333333
3 0.3028672171875 0.5525847824074074 0.3026213984375 0.7113935592592592 0.3079488213541667 0.711350812037037 0.3079991942708334 0.706933599074074 0.3344066088541667 0.7071900824074074 0.334485190625 0.7171131379629629 0.3359318958333333 0.7172214305555555 0.3359077171875 0.7379566824074074 0.34055208541666665 0.7378825879629629 0.34042111614583337 0.7336107157407408 0.34238565364583334 0.733830150925926 0.34238565364583334 0.7306953546296296 0.3396514203125 0.7306953546296296 0.33948216822916666 0.7021715592592592 0.3077574046875 0.701909375925926 0.30784203125 0.6172755768518517 0.3449022770833333 0.6172755768518517 0.3448478744791667 0.596169849074074 0.3412613338541667 0.5960929037037037 0.3414225265625 0.6100113990740741 0.30789643385416665 0.6099344546296296 0.30784203125 0.5596409231481482 0.34138424322916666 0.5596380731481482 0.3413681239583333 0.5737788546296296 0.34483376979166663 0.5738216018518519 0.34493048541666665 0.5596665712962963 0.349453959375 0.5597720148148148 0.3493753776041667 0.5522570537037037 0.3028672171875 0.5525847824074074
3 0.3666653234375 0.5596380731481482 0.37099335104166664 0.559806212962963 0.370942978125 0.5789284694444444 0.37604473125000004 0.5789997148148148 0.37615555104166665 0.5099316046296296 0.3863590567708333 0.5099886009259259 0.3863570421875 0.5030265037037037 0.37098327604166664 0.5030008546296296 0.3707817854166667 0.5525619833333333 0.3667741286458333 0.5527044740740741 0.3666653234375 0.5596380731481482
3 0.3840419098958333 0.6088087777777778 0.4190227682291667 0.6089341694444445 0.4192020953125 0.5030493018518518 0.40360467447916665 0.5035537194444445 0.4037819864583333 0.5102336851851852 0.4139431796875 0.5098575092592593 0.4138545234375 0.6020005703703704 0.3709409630208333 0.6017497861111111 0.3709409630208333 0.6088714731481482 0.37976425572916667 0.6089968648148149 0.37982067291666666 0.6387603305555556 0.3820713276041667 0.6389170703703704 0.38210155156250003 0.6362325444444445 0.3842111625 0.6362325444444445 0.3840419098958333 0.6088087777777778
3 0.3725669958333333 0.7737845537037037 0.37289945572916666 0.7310002851851852 0.3707817854166667 0.7309090907407407 0.37071730833333333 0.6964234824074075 0.3840640739583333 0.695967512037037 0.3840640739583333 0.6643858648148149 0.3821398348958333 0.6641122824074074 0.3818194640625 0.6615702481481481 0.3798287328125 0.6614819037037036 0.37976627031250004 0.6897064694444444 0.36661092083333335 0.6903419777777778 0.366625025 0.7306184101851853 0.3583397140625 0.7307723 0.3583397140625 0.7336677120370371 0.36016119270833336 0.7336677120370371 0.3603102963541666 0.737705899074074 0.36881120312500004 0.7379167851851851 0.3688051583333333 0.7779139351851853 0.3713721541666667 0.7780022796296296 0.37131976614583334 0.8717469361111111 0.3599254484375 0.8717155888888889 0.3599254484375 0.8764462805555556 0.37566391302083335 0.8766571675925926 0.3754140640625 0.7737845537037037 0.3725669958333333 0.7737845537037037
3 0.30478944166666666 0.8716357935185185 0.30474712864583337 0.8768680537037038 0.333576465625 0.8766799657407407 0.33362079375 0.8716357935185185 0.30478944166666666 0.8716357935185185
3 0.25897038072916667 0.8717041888888889 0.2589361270833333 0.8768566546296296 0.27868829322916666 0.8766400685185185 0.2786137416666667 0.8718096324074074 0.25897038072916667 0.8717041888888889
3 0.20908120104166666 0.8768110574074075 0.20916985677083336 0.8715816472222222 0.19517831979166667 0.8715787972222222 0.19517831979166667 0.8821687092592593 0.1987890390625 0.8823567972222222 0.19883336666666668 0.8768737527777778 0.20908120104166666 0.8768110574074075
3 0.15793068697916668 0.8772613277777778 0.15796292552083332 0.8822941009259259 0.16916582708333333 0.882296950925926 0.1691053796875 0.8772556287037037 0.15793068697916668 0.8772613277777778
3 0.13914567812499998 0.676363636111111 0.13933709427083332 0.7785978907407407 0.1359520453125 0.7785978907407407 0.13593189583333334 0.8824251925925927 0.14504533541666667 0.8823909944444444 0.14504533541666667 0.8771273870370371 0.14042514583333335 0.8771273870370371 0.14026999791666667 0.7839954407407407 0.14285109791666667 0.7839555425925926 0.14292766458333334 0.6805500138888889 0.1691053796875 0.6806383583333333 0.16906508177083335 0.6845027074074074 0.17404996979166668 0.6845426046296297 0.17402780572916668 0.6797007694444445 0.17273221822916665 0.6796580222222223 0.17267177135416667 0.6762781416666667 0.13914567812499998 0.676363636111111
2 0.3733628854166666 0.5790852092592592 0.37346363072916666 0.6017127388888889 0.39138222864583333 0.6016272444444445 0.3912210354166667 0.5789313194444444 0.3733628854166666 0.5790852092592592
2 0.33729397552083334 0.6247848388888888 0.33724763229166665 0.637893987037037 0.3431754984375 0.6377685953703703 0.3432641546875 0.6245340555555555 0.33729397552083334 0.6247848388888888
2 0.16835986302083333 0.7523311481481482 0.16841225052083333 0.7682872611111111 0.181726778125 0.7685152462962963 0.18151319791666667 0.7541436305555556 0.16835986302083333 0.7523311481481482
2 0.3425287125 0.7334967231481482 0.35826516197916664 0.7335337703703704 0.35792665729166667 0.7098318611111112 0.34242998177083334 0.7095753777777778 0.3425287125 0.7334967231481482
2 0.309877090625 0.7721630092592593 0.3214285713541667 0.7722627527777778 0.3211867822916667 0.7531005981481482 0.3101712671875 0.7527985185185184 0.309877090625 0.7721630092592593
2 0.32029216197916666 0.7963864351851851 0.3200624619791667 0.8177343972222222 0.33268990520833336 0.8171900824074074 0.3335381822916667 0.7962781416666667 0.32029216197916666 0.7963864351851851
2 0.26963328645833334 0.7964092333333334 0.2695567197916667 0.8179737814814815 0.2819544630208333 0.8175377601851852 0.28303244010416667 0.7963009407407406 0.26963328645833334 0.7964092333333334
2 0.16391900052083336 0.8747392416666667 0.16387467239583334 0.8578483898148148 0.15108603645833335 0.8576574518518518 0.15139834791666665 0.8736050157407408 0.16391900052083336 0.8747392416666667
2 0.2000402984375 0.7932858361111111 0.19991537395833334 0.7719492731481481 0.18252468281249998 0.7715873472222222 0.18259520468749998 0.7929182101851852 0.2000402984375 0.7932858361111111
4 0.2270259921875 0.729053861111111 0.22684666510416665 0.7349729268518519 0.24846060833333333 0.7351667138888889 0.24828329635416668 0.729053861111111 0.2270259921875 0.729053861111111
4 0.285242796875 0.7053434027777779 0.28530122916666667 0.7110800796296297 0.30256498072916665 0.7113365629629629 0.3026153536458333 0.7056055851851852 0.285242796875 0.7053434027777779
2 0.33724360260416664 0.6754260472222222 0.33733628854166664 0.6889940157407407 0.34306266354166665 0.6888173268518519 0.3430002015625 0.6754687944444444 0.33724360260416664 0.6754260472222222
4 0.3864598026041667 0.5029723564814815 0.38653435416666665 0.5095354805555555 0.40350392916666666 0.5094841833333333 0.40346766093750003 0.5031832435185185 0.3864598026041667 0.5029723564814815
2 0.19183356822916667 0.7549016814814815 0.19183356822916667 0.7685152462962963 0.195841225 0.7684838981481482 0.19586137395833333 0.7549757768518518 0.19183356822916667 0.7549016814814815
2 0.151057828125 0.7460330574074073 0.1510175296875 0.7518352805555556 0.162510578125 0.7516414935185186 0.16242192239583333 0.7462239953703704 0.151057828125 0.7460330574074073
4 0.28376385260416664 0.7411912222222222 0.28374370364583335 0.7472185805555556 0.3008079791666667 0.747104587962963 0.30075760625000003 0.7413251638888889 0.28376385260416664 0.7411912222222222
4 0.22728188593749998 0.6837247083333333 0.22727785625000002 0.6891764037037037 0.243127140625 0.6891764037037037 0.24313318541666668 0.6836335138888889 0.22728188593749998 0.6837247083333333
4 0.3494902276041667 0.5528897120370371 0.34957485416666667 0.55923055 0.3664718921875 0.55923055 0.36663308489583335 0.5528013675925926 0.3494902276041667 0.5528897120370371
4 0.33377997187499997 0.8439555425925926 0.3338424338541667 0.849980050925926 0.3594479145833333 0.8499316046296297 0.35950030208333333 0.8439555425925926 0.33377997187499997 0.8439555425925926
4 0.3336530322916667 0.8717127388888889 0.3335200484375 0.8776375037037037 0.3598105984375 0.8775748074074075 0.3598105984375 0.8716500425925925 0.3336530322916667 0.8717127388888889
4 0.2788877692708333 0.8437902537037036 0.27891799322916666 0.8498746083333334 0.3047249645833333 0.8500085490740741 0.30462421927083333 0.8438728981481481 0.2788877692708333 0.8437902537037036
4 0.27873463645833335 0.8719264750000001 0.2787628453125 0.8776375037037037 0.30483779947916667 0.8774807638888888 0.30483779947916667 0.8718181814814815 0.27873463645833335 0.8719264750000001
4 0.20934716927083336 0.8717098888888889 0.20921821458333334 0.8773382731481482 0.2588212776041667 0.8774294666666667 0.25875680052083333 0.8719834712962964 0.20934716927083336 0.8717098888888889
4 0.20952045156250002 0.839794812962963 0.20946403385416668 0.8454830435185184 0.2586218015625 0.8458763175925926 0.25862381614583335 0.8396950694444445 0.20952045156250002 0.839794812962963
4 0.16930082604166669 0.8470561416666668 0.169391496875 0.8531718435185186 0.195057425 0.8533599314814815 0.195101753125 0.847309775 0.16930082604166669 0.8470561416666668
4 0.1692202296875 0.877492162962963 0.1691678421875 0.8830122546296296 0.19520854322916667 0.8830094046296296 0.195154140625 0.877492162962963 0.1692202296875 0.877492162962963
4 0.14504533541666667 0.8773268740740741 0.14535160208333334 0.8821202620370371 0.15774934531249998 0.8817925333333333 0.15790449322916666 0.8773268740740741 0.14504533541666667 0.8773268740740741
4 0.17108200677083335 0.7037361074074074 0.17109409635416667 0.7080393277777778 0.18885150104166665 0.7082388148148148 0.18878097916666667 0.7035850666666668 0.17108200677083335 0.7037361074074074
2 0.7117146885416666 0.20827016203703702 0.7276224057291666 0.20815616944444443 0.7274994963541667 0.18387574814814814 0.7116361072916667 0.18354801944444446 0.7117146885416666 0.20827016203703702
4 0.6581482973958334 0.7056198342592593 0.6580415072916667 0.7143260185185185 0.6755268989583333 0.7142490740740741 0.6756880916666667 0.7053234537037036 0.6581482973958334 0.7056198342592593
4 0.5423352812500001 0.8775292101851851 0.542228490625 0.882898262037037 0.5682691921875 0.882898262037037 0.5682691921875 0.8772271305555556 0.5423352812500001 0.8775292101851851
4 0.5819504333333333 0.8680393277777778 0.5819504333333333 0.8776204046296295 0.6319242395833334 0.877514961111111 0.6320008057291666 0.8684724990740741 0.5819504333333333 0.8680393277777778
4 0.6515373765625 0.8683271583333333 0.6518154343749999 0.8774779138888888 0.67777956875 0.8772157305555555 0.677964940625 0.8683271583333333 0.6515373765625 0.8683271583333333
4 0.5473141244791666 0.6798803074074073 0.5472839010416667 0.6845198064814815 0.5614587953125 0.6846451981481482 0.5614245416666667 0.679791963888889 0.5473141244791666 0.6798803074074073
4 0.5441285510416667 0.7033969796296295 0.5440842234375 0.7079338842592592 0.5615998390625 0.7079994296296296 0.5615514807291666 0.7035223712962964 0.5441285510416667 0.7033969796296295
2 0.5643985494791667 0.7079310342592593 0.564511384375 0.7294642351851852 0.56822889375 0.7293616416666666 0.56822889375 0.7079281842592593 0.5643985494791667 0.7079310342592593
4 0.5184485192708334 0.8772328296296297 0.5183417286458334 0.8818466796296296 0.530854321875 0.8818466796296296 0.5309087244791667 0.877309775 0.5184485192708334 0.8772328296296297
3 0.5836167640625 0.7716671416666667 0.5836127921875 0.7342039787037037 0.580070521875 0.7340923342592592 0.5801511182291667 0.7716671416666667 0.5836167640625 0.7716671416666667
3 0.561462825 0.6845682527777778 0.5615917791666667 0.7043545166666667 0.5635804958333334 0.7044457111111111 0.56351601875 0.6845682527777778 0.561462825 0.6845682527777778
3 0.7103203708333333 0.6175634083333333 0.7103203708333333 0.624998575 0.7123695343750001 0.6250612712962963 0.7123695343750001 0.6176261046296296 0.7103203708333333 0.6175634083333333
3 0.7104352208333334 0.6757024796296297 0.7123755791666666 0.675574237962963 0.7120995364583333 0.6379338842592593 0.6974413401041667 0.6380645240740741 0.6974410640625001 0.6379367342592592 0.6811444692708334 0.6378027925925925 0.6810517833333333 0.6423767453703704 0.6940801932291667 0.6425078370370371 0.6941728791666667 0.669430037037037 0.7103425348958333 0.6692989453703704 0.7104352208333334 0.6757024796296297
3 0.6974504015625 0.6422594296296296 0.6974994963541667 0.6649871759259259 0.7090489625 0.6651182675925925 0.7090489625 0.6422456537037037 0.6974511385416666 0.6423112 0.6974504015625 0.6422594296296296
3 0.710326415625 0.6883015101851852 0.7103808182291667 0.7022171555555556 0.7123050572916667 0.7021402111111111 0.7123050572916667 0.6883015101851852 0.710326415625 0.6883015101851852
3 0.7528873666666667 0.667509262037037 0.7529941567708334 0.6664519805555555 0.7398932098958333 0.6733314333333333 0.7398932098958333 0.6899715018518519 0.7405883536458333 0.6900484472222222 0.7405883536458333 0.673861499074074 0.7528873666666667 0.667509262037037
3 0.744872053125 0.6291023083333332 0.744872053125 0.6091849527777778 0.7442051177083333 0.609059561111111 0.7442051177083333 0.6301111425925926 0.7528490833333333 0.6301738388888889 0.7528047552083332 0.6291023083333332 0.744872053125 0.6291023083333332
3 0.6475115859374999 0.7083642064814815 0.6475115859374999 0.6896437731481482 0.6458674187500001 0.6896437731481482 0.6459963729166667 0.7106953546296296 0.6530364697916667 0.7107580509259259 0.6530364697916667 0.7083642064814815 0.6475115859374999 0.7083642064814815
3 0.645383840625 0.7691222574074074 0.6452931692708332 0.7144941583333333 0.6434434817708333 0.7146224 0.6434434817708333 0.7718666287037037 0.6672839010416667 0.7718666287037037 0.6673765869791667 0.7689911657407407 0.645383840625 0.7691222574074074
3 0.7057565989583333 0.7216500425925926 0.705796896875 0.7687261324074075 0.6946685473958334 0.7684696490740741 0.69474914375 0.7716101453703704 0.7075156156250001 0.7716813907407407 0.7075156156250001 0.7192761472222222 0.6827664718750001 0.7189940157407407 0.6826758010416667 0.7071729833333333 0.681251259375 0.707115987037037 0.6809389484375 0.7715246509259259 0.6830082609375 0.7714961527777777 0.6828772921875 0.7214933027777778 0.7057565989583333 0.7216500425925926
3 0.7313761838541667 0.7402194361111112 0.7313761838541667 0.7475292101851851 0.7332016927083332 0.7476147046296296 0.7331090067708333 0.7401310916666667 0.7313761838541667 0.7402194361111112
3 0.7331090067708333 0.7696494731481482 0.7329296796875 0.7639127953703704 0.7313721541666667 0.7638501000000001 0.7314184968749999 0.7723624962962963 0.7418879708333334 0.7724223425925926 0.7418879708333334 0.7695240805555555 0.7331090067708333 0.7696494731481482
3 0.7331352005208333 0.7966970648148148 0.7331654239583333 0.7889541175925926 0.7314084223958334 0.7889541175925926 0.7313278260416667 0.7966970648148148 0.7065303244791666 0.7967968083333333 0.70649405625 0.7998489601851851 0.74199073125 0.7996323740740741 0.7419141645833334 0.7965830722222222 0.7331352005208333 0.7966970648148148
3 0.6931875880208334 0.8685066972222222 0.6928793067708334 0.7970618407407407 0.6563026395833333 0.796736962037037 0.6563026395833333 0.8000028499999999 0.6914164817708334 0.8000028499999999 0.6912613338541667 0.8686149898148149 0.6931875880208334 0.8685066972222222
3 0.6388797098958333 0.7968139074074074 0.6392121703125 0.8687973777777778 0.6426496072916666 0.8687973777777778 0.642317146875 0.7966571675925925 0.6388797098958333 0.7968139074074074
3 0.5692947812500001 0.7937988027777778 0.5689059036458333 0.8405158166666666 0.5726798307291666 0.8405158166666666 0.5725246828125 0.7937959537037037 0.5692947812500001 0.7937988027777778
3 0.5681503125 0.8507950981481481 0.5681503125 0.8715930462962963 0.5701188796875001 0.8715389 0.5700765666666666 0.8508463953703703 0.5681503125 0.8507950981481481
3 0.5369030828125 0.8506925046296295 0.5369010677083333 0.853451125925926 0.5422849083333333 0.8534938731481481 0.542317146875 0.8506497574074073 0.5369030828125 0.8506925046296295
3 0.5352548859374999 0.8747249925925926 0.5352911546875 0.8771302361111111 0.5369212171875 0.8771302361111111 0.5368869635416667 0.8747249925925926 0.5352548859374999 0.8747249925925926
3 0.5368003223958334 0.857509262037037 0.5368023375 0.8509318898148148 0.5134313921875 0.850550013888889 0.5134857947916667 0.8528213166666666 0.5353556317708333 0.8528213166666666 0.5353556317708333 0.8575862064814814 0.5368003223958334 0.857509262037037
3 0.5418738666666666 0.7687261324074075 0.5418738666666666 0.7716243944444444 0.5801712671875 0.7716243944444444 0.5802820875 0.7683442574074074 0.5418738666666666 0.7687261324074075
3 0.5800503729166666 0.7430578509259259 0.58014104375 0.740179537962963 0.5672053192708333 0.7400712453703703 0.5671247229166667 0.7323311481481481 0.5815273020833334 0.7322456537037036 0.5816038687499999 0.733864349074074 0.5835260932291667 0.7339384444444444 0.5835281078125 0.7295069824074074 0.5506427562499999 0.7296751212962963 0.5507233526041666 0.707871187962963 0.5418436427083333 0.7080820750000001 0.5418436427083333 0.733909799074074 0.5418134192708333 0.7339099462962964 0.5417932703125 0.751724137962963 0.5441023572916667 0.7521601592592593 0.5438222848958334 0.7362667425925926 0.5652669755208334 0.736352237037037 0.5653677213541666 0.7429866055555555 0.5800503729166666 0.7430578509259259
3 0.5427979609375 0.7339051685185185 0.5653072739583334 0.7337959537037038 0.5653374973958333 0.732288400925926 0.548915978125 0.7322171555555556 0.5488756802083333 0.7100142490740741 0.5438525083333333 0.7101282416666667 0.5438021359375 0.7337532064814816 0.5427979609375 0.7339051685185185
3 0.5159318958333333 0.7689398685185185 0.5158956276041666 0.7717811342592593 0.5265484583333333 0.7717811342592593 0.5264416682291667 0.7691023083333334 0.5159318958333333 0.7689398685185185
3 0.5355268989583333 0.7461812481481482 0.5355268989583333 0.7489085212962963 0.5418738666666666 0.7488087777777778 0.5418738666666666 0.7462239953703704 0.5355268989583333 0.7461812481481482
3 0.5161112229166667 0.7464377314814814 0.5161112229166667 0.7487831287037038 0.5237054203125 0.7489341694444444 0.5237578078125 0.7464377314814814 0.5161112229166667 0.7464377314814814
3 0.5441688494791667 0.6847534907407408 0.5421196854166667 0.6848788833333332 0.5421196854166667 0.7022741518518519 0.5160507755208333 0.7022114564814815 0.5160507755208333 0.7046708462962964 0.5440358656250001 0.7045426046296297 0.5441688494791667 0.6847534907407408
3 0.19592182135416666 0.7933428324074073 0.19617368541666666 0.8402992305555556 0.19971589739583334 0.8405158166666666 0.19956276458333333 0.7933599314814814 0.19592182135416666 0.7933428324074073
3 0.2070642755208333 0.7342148759259258 0.20711666354166666 0.7719549731481481 0.21069917395833335 0.7718808777777778 0.21064678645833332 0.7340638361111111 0.2070642755208333 0.7342148759259258
3 0.16879508385416667 0.7683841546296296 0.1688192625 0.7716044453703704 0.20718920000000002 0.7715161018518518 0.20715897656249999 0.7685864916666666 0.16879508385416667 0.7683841546296296
3 0.19217005833333334 0.7360530064814814 0.19247833958333332 0.7429125111111111 0.20710860364583333 0.7430208037037036 0.20710860364583333 0.7402992305555556 0.19409429791666666 0.7399743518518518 0.19394116458333333 0.7343089203703703 0.17084021770833333 0.7337646055555556 0.17084021770833333 0.7103476777777777 0.17584525468749998 0.7102422342592593 0.17576868854166666 0.7320233685185186 0.19501108177083332 0.7323368481481481 0.1950795890625 0.7313479620370371 0.22686681458333335 0.7314448564814815 0.22676606875 0.7289512685185185 0.19299415677083334 0.728634938888889 0.19299415677083334 0.7295183814814815 0.17743904895833335 0.7295183814814815 0.17744106406250001 0.7081818185185185 0.1688152328125 0.7080136787037037 0.16883941145833334 0.7522798518518518 0.17114849895833334 0.7523881444444445 0.17114849895833334 0.7362695925925926 0.19217005833333334 0.7360530064814814
3 0.14288938125 0.7690025648148149 0.14296393333333332 0.771735537037037 0.15339713906250002 0.771735537037037 0.15339713906250002 0.7690025648148149 0.14288938125 0.7690025648148149
3 0.1625327421875 0.7462724425925926 0.162536771875 0.7487945287037037 0.1687245619791667 0.7487945287037037 0.16868426354166666 0.7463379879629629 0.1625327421875 0.7462724425925926
3 0.14286318750000002 0.746346537037037 0.14286318750000002 0.7487973777777778 0.1509470078125 0.7487973777777778 0.15101148489583333 0.7462553435185185 0.14286318750000002 0.746346537037037
3 0.18879105364583332 0.703636363888889 0.18879105364583332 0.7053120546296296 0.19111223072916667 0.7052807064814814 0.19113237968750002 0.703642062962963 0.18879105364583332 0.703636363888889
3 0.1911142453125 0.6847107435185186 0.19116058854166665 0.7053263037037036 0.1888414265625 0.7053804499999999 0.1887970984375 0.7080906240740741 0.19329840833333334 0.7082188657407408 0.1933870640625 0.6845198064814815 0.1911142453125 0.6847107435185186
4 0.17412250677083335 0.679988600925926 0.17412250677083335 0.6844514111111112 0.18824098333333333 0.6845255055555556 0.18824098333333333 0.679988600925926 0.17412250677083335 0.679988600925926
3 0.27457989114583337 0.7082986601851852 0.27463227864583334 0.6895411796296297 0.27265363697916667 0.6894670842592593 0.27265363697916667 0.7113992592592593 0.28014104375 0.7113992592592593 0.28014104375 0.7083727555555556 0.27457989114583337 0.7082986601851852
3 0.2836872859375 0.7437019092592593 0.2836872859375 0.7412368194444444 0.27488615781250003 0.7412881166666667 0.2748116057291667 0.7288914222222221 0.2484102359375 0.7287346824074074 0.24844650416666667 0.7314135083333334 0.2728430385416667 0.731518950925926 0.272881321875 0.7438073527777779 0.2836872859375 0.7437019092592593
3 0.2721398348958333 0.7466201194444445 0.2703767880208333 0.7466942148148148 0.270326415625 0.7716386435185185 0.28343340729166666 0.771738387037037 0.2834837802083333 0.7691650046296297 0.2721398348958333 0.7691593046296297 0.2721398348958333 0.7466201194444445
3 0.29646987708333333 0.769031062962963 0.2964094296875 0.7717896833333333 0.3079185973958333 0.7717953833333333 0.3079185973958333 0.7690823592592593 0.29646987708333333 0.769031062962963
3 0.30983880729166663 0.7715787972222222 0.30983880729166663 0.7209062407407407 0.33293975416666666 0.7212824166666667 0.33293975416666666 0.7687802796296296 0.32160386874999997 0.7685522944444444 0.3214950635416667 0.7716528925925926 0.33438243020833336 0.7716528925925926 0.3345960104166667 0.7190139638888888 0.30973201666666667 0.7190909092592593 0.3097461213541666 0.707115987037037 0.30806971614583334 0.7070903388888888 0.3080193432291667 0.7413251638888889 0.30090872447916667 0.7414363064814815 0.3008684265625 0.743667712037037 0.3080213578125 0.7438216018518519 0.3080737458333333 0.7715787972222222 0.30983880729166663 0.7715787972222222
3 0.33465444270833333 0.7715531490740741 0.3411061859375 0.7717298379629629 0.3412109609375 0.769612425 0.33541809375000003 0.7696779712962963 0.33541809375000003 0.7422057564814815 0.34107394739583335 0.7423026500000001 0.3411061859375 0.7399658018518518 0.3344207130208333 0.7400398972222223 0.33465444270833333 0.7715531490740741
3 0.26610719322916665 0.7965716731481481 0.2661837598958333 0.8403533768518519 0.26934112447916664 0.8403533768518519 0.2694217208333333 0.7965688231481481 0.26610719322916665 0.7965716731481481
3 0.3201470885416667 0.8443288685185185 0.31991537395833336 0.7970618407407407 0.28303244010416667 0.796736962037037 0.2829538583333333 0.7997834138888888 0.31829941562499997 0.7997834138888888 0.31829941562499997 0.8441122824074074 0.3201470885416667 0.8443288685185185
3 0.36886359062499996 0.799814762037037 0.3688172473958333 0.796537475 0.3600846260416667 0.7966001712962962 0.3599939552083333 0.788281562037037 0.35831351979166665 0.7883727555555556 0.35829135624999997 0.7967939583333333 0.33347975 0.7968538046296296 0.33326012499999996 0.799814762037037 0.36886359062499996 0.799814762037037
3 0.36008664114583333 0.7696779712962963 0.3600564177083333 0.7635138212962963 0.35828732604166663 0.7634710740740741 0.35833769895833334 0.7723339981481482 0.3687326213541667 0.7723909944444445 0.36869433802083335 0.7696580222222222 0.36008664114583333 0.7696779712962963
3 0.3583477734375 0.7399601027777778 0.35842836979166665 0.7474180675925925 0.3602357442708334 0.7474038185185186 0.3601067901041667 0.7399031064814815 0.3583477734375 0.7399601027777778
3 0.35953254062499995 0.8472812768518518 0.3595627645833333 0.8499088055555556 0.37132178125 0.849982900925926 0.37126939374999995 0.847321174074074 0.35953254062499995 0.8472812768518518
3 0.30468466666666666 0.8473240240740741 0.30474511406250004 0.849980050925926 0.33372556927083336 0.8499743518518519 0.3337618375 0.8472983759259259 0.30468466666666666 0.8473240240740741
3 0.2788595609375 0.8500113990740741 0.27888373958333335 0.8472385296296296 0.26700181354166663 0.8472385296296296 0.26697158958333334 0.8431176972222222 0.2588232921875 0.8430436018518518 0.2587709046875 0.8458905666666667 0.26503727604166666 0.8459988601851852 0.2649848880208333 0.8500113990740741 0.2788595609375 0.8500113990740741
3 0.20919806562499998 0.8459133657407408 0.20919806562499998 0.8431119981481482 0.19876888958333333 0.8429809064814815 0.19867620416666665 0.8506839555555555 0.19519846875000002 0.8506212592592592 0.1951501109375 0.8533998287037038 0.200749546875 0.8535280703703704 0.2006890994791667 0.8458250212962963 0.20919806562499998 0.8459133657407408
3 0.1622768484375 0.8747563407407407 0.16225669947916668 0.8772698777777778 0.16383235937500001 0.8771986324074074 0.1638283296875 0.8747192935185185 0.1622768484375 0.8747563407407407
3 0.16381624010416665 0.8507495009259259 0.1638807171875 0.8534254777777778 0.16925246822916667 0.8534254777777778 0.16923030416666668 0.8506896555555555 0.16381624010416665 0.8507495009259259
3 0.16377392708333333 0.8579139351851852 0.16377392708333333 0.8506497574074073 0.140378803125 0.8506070101851851 0.1404714890625 0.8528384157407407 0.16225871458333332 0.852881162962963 0.16225871458333332 0.857871187962963 0.16377392708333333 0.8579139351851852
3 0.6003687286458333 0.6894328870370371 0.6002458192708333 0.6840695351851852 0.5908482770833333 0.6841749787037037 0.5907737255208333 0.6796038759259259 0.56143663125 0.6796038759259259 0.5615131979166667 0.6842889712962963 0.5872919604166668 0.6847449416666667 0.5873423333333334 0.6892049018518518 0.6003687286458333 0.6894328870370371
3 0.6579991942708333 0.7110344824074074 0.658158371875 0.7061954972222223 0.6564477130208334 0.7061185518518518 0.656554503125 0.6843374185185186 0.6163429375 0.6841863777777778 0.6163429375 0.6891764037037037 0.6529719927083334 0.6894813333333334 0.6531331854166668 0.7110344824074074 0.6579991942708333 0.7110344824074074
3 0.6810699171875 0.7110515814814815 0.6811102156250001 0.7069620972222221 0.7072476322916667 0.706907950925926 0.707322184375 0.7172014814814814 0.70884545625 0.7172014814814814 0.7091436630208333 0.7378939870370371 0.7136731817708333 0.7378426898148148 0.7136348984374999 0.7338501 0.7153435421875 0.7338501 0.7152327223958334 0.7307523509259259 0.7125952046874999 0.7306469083333333 0.7125952046874999 0.7022314046296296 0.6809570822916666 0.7019720722222221 0.6809570822916666 0.617304075 0.7179810598958334 0.6174636648148148 0.7179427765625 0.5960872046296296 0.714563771875 0.5959276148148148 0.714229296875 0.6103191796296297 0.6809208140624999 0.6102165861111111 0.6808825307291666 0.5596380731481482 0.7143421317708333 0.5596380731481482 0.7143784 0.5739241953703703 0.718053596875 0.5738700481481482 0.7179065083333334 0.5596380731481482 0.7224360265624999 0.5596893703703704 0.7223997583333334 0.552493587962963 0.6758331656250001 0.552493587962963 0.6757948822916667 0.7111627240740741 0.6810699171875 0.7110515814814815
3 0.7396433609374999 0.5595098314814815 0.7438525083333333 0.5596124250000001 0.7438525083333333 0.5788999712962962 0.74873060625 0.5790595611111111 0.7490147088541667 0.5099601027777777 0.7593753776041667 0.5100541462962963 0.7595970177083333 0.5026845259259259 0.7439129557291667 0.5030008546296296 0.7440137015625 0.5523909944444444 0.7394841828125001 0.5523909944444444 0.7396433609374999 0.5595098314814815
3 0.7571750958333333 0.6088686231481482 0.7922889380208333 0.6089769166666666 0.7920572234375 0.5027928185185185 0.7767338302083334 0.5027928185185185 0.7766572635416666 0.5099800509259259 0.7868970380208334 0.5099800509259259 0.7868970380208334 0.6016813907407408 0.7439310901041666 0.6017896833333334 0.7442393713541667 0.6090852092592592 0.7529397541666667 0.6090852092592592 0.7528007255208333 0.6390168138888889 0.7550010072916666 0.6389455685185185 0.7550916786458333 0.6362040462962963 0.7573282286458334 0.6362040462962963 0.7571750958333333 0.6088686231481482
3 0.7459318958333333 0.7732003416666667 0.7458714489583333 0.7307352518518518 0.7435704213541666 0.7307352518518518 0.7438928067708334 0.6960986037037037 0.7572617369791667 0.6960986037037037 0.7571549463541667 0.664029637962963 0.7551763046875001 0.664029637962963 0.7551219020833333 0.6617611851851852 0.7529840822916667 0.6616870907407407 0.7528752770833333 0.689820462037037 0.7396151520833333 0.690199487037037 0.7397219421875001 0.7307352518518518 0.7314870036458333 0.7306611574074074 0.7314870036458333 0.7336107157407408 0.7333044531249999 0.7336107157407408 0.7333044531249999 0.7376945 0.7420773723958334 0.7381362212962963 0.7420854322916667 0.7783300083333333 0.7444448921875 0.7782302648148148 0.744563771875 0.8716414935185185 0.7326637114583333 0.8718637787037037 0.7327705015625 0.8768566546296296 0.7487064276041667 0.8767056138888889 0.74856336875 0.7732288398148148 0.7459318958333333 0.7732003416666667
3 0.6777997177083334 0.871718437962963 0.6778380010416666 0.8766571675925926 0.7066169656250001 0.8767084638888889 0.7066169656250001 0.8718780277777778 0.6777997177083334 0.871718437962963
3 0.6318758817708333 0.8718723287037037 0.6318476729166667 0.8768224564814815 0.6518033447916667 0.8768281564814815 0.6517428973958334 0.8717868342592592 0.6318758817708333 0.8718723287037037
3 0.5820310296875 0.8767084638888889 0.5819947614583333 0.8716671416666667 0.5683296395833334 0.871718437962963 0.56829135625 0.8821202620370371 0.571894015625 0.8822228555555556 0.5717831958333334 0.8766571675925926 0.5820310296875 0.8767084638888889
3 0.530890590625 0.877298375925926 0.5309792463541666 0.8822770018518519 0.5421660286458334 0.8822684527777778 0.5422526697916666 0.877107437962963 0.530890590625 0.877298375925926
3 0.5120471489583334 0.6759019666666666 0.5118738666666667 0.7780592759259259 0.5091617973958333 0.7779595324074073 0.5090227682291667 0.8823168990740741 0.5182772515624999 0.8824479907407407 0.5183074755208333 0.8771957824074074 0.5134495265625 0.8771957824074074 0.513304453125 0.7839726416666667 0.5157062260416666 0.7839726416666667 0.516052790625 0.6804331722222222 0.5421559541666666 0.6806497574074074 0.5421559541666666 0.6846879453703704 0.5472274833333334 0.6846451981481482 0.5471609911458334 0.6795611287037037 0.5457364494791667 0.6795297805555556 0.5457606286458333 0.6758649185185186 0.5120471489583334 0.6759019666666666
2 0.7470944994791666 0.5792106009259259 0.7470944994791666 0.60153605 0.7645476526041667 0.6014448564814815 0.7639713880208333 0.5790282129629629 0.7470944994791666 0.5792106009259259
2 0.7104412651041667 0.6250869194444445 0.7104412651041667 0.6378825879629629 0.7160245817708333 0.6376118555555556 0.7158311505208333 0.6252693074074074 0.7104412651041667 0.6250869194444445
2 0.7102780578125 0.6756768305555556 0.710352609375 0.6883357083333334 0.716070925 0.6882815620370369 0.7159238364583334 0.675574237962963 0.7102780578125 0.6756768305555556
2 0.7153818255208333 0.7342177259259259 0.7314587953125 0.7342718722222222 0.731047753125 0.7101139925925926 0.7153072739583333 0.7096922203703703 0.7153818255208333 0.7342177259259259
2 0.68305661875 0.771917925 0.6944267578125001 0.7721202620370371 0.6941164619791667 0.7530578509259259 0.68305661875 0.7527842694444444 0.68305661875 0.771917925
2 0.6673342734375001 0.7719920203703704 0.6808643963541667 0.7720689657407407 0.680916784375 0.7512710175925926 0.6674954666666667 0.7514990027777778 0.6673342734375001 0.7719920203703704
2 0.6930324401041666 0.7964006842592593 0.6931613942708333 0.8177286972222222 0.7061233125 0.8175463092592593 0.7065726375000001 0.7961271018518519 0.6930324401041666 0.7964006842592593
2 0.6424420713541666 0.7963550870370371 0.6425065484375001 0.8174095185185185 0.6557888374999999 0.8175919064814815 0.6563026395833333 0.7960815046296296 0.6424420713541666 0.7963550870370371
2 0.5369413661458334 0.8746765462962963 0.5368527098958332 0.8577828444444445 0.5240197463541667 0.8577828444444445 0.5240640739583333 0.874422912962963 0.5369413661458334 0.8746765462962963
2 0.5729639333333334 0.7935765175925926 0.5729639333333334 0.7719065259259259 0.5556377192708334 0.7717953833333333 0.5555631671875 0.7933570814814814 0.5729639333333334 0.7935765175925926
2 0.5649123515625 0.7547335425925925 0.5648599635416667 0.7683727555555555 0.5687809791666666 0.7682986601851852 0.5688837395833333 0.7548047879629629 0.5649123515625 0.7547335425925925
2 0.5413520046875 0.7523767453703704 0.5413520046875 0.768862924074074 0.555039290625 0.7684098037037037 0.5532238567708333 0.7545625537037037 0.5413520046875 0.7523767453703704
2 0.5239713880208333 0.7458706185185184 0.5238162401041666 0.751920775 0.535577271875 0.7519920203703704 0.5355228692708334 0.7460216583333333 0.5239713880208333 0.7458706185185184
4 0.600334475 0.6835679685185185 0.6001994760416667 0.6926446277777778 0.6162865203125 0.6927073240740741 0.6163771911458333 0.6835679685185185 0.600334475 0.6835679685185185
4 0.5423675197916666 0.8472328296296295 0.5422929677083334 0.853274437037037 0.5680656859375 0.8533798805555556 0.5682147895833333 0.8470760898148149 0.5423675197916666 0.8472328296296295
4 0.7596191817708333 0.5030493018518518 0.7595829135416667 0.5095098314814815 0.7765847270833334 0.5094642351851851 0.7765524885416667 0.5029438583333333 0.7596191817708333 0.5030493018518518
4 0.7225891598958333 0.5530350527777779 0.7224602057291667 0.5593872898148149 0.7394640338541667 0.5591108574074074 0.739401571875 0.5526731259259259 0.7225891598958333 0.5530350527777779
2 0.4017549869791667 0.17634938703703704 0.4017549869791667 0.16409803333333334 0.39619383437500005 0.1637959537037037 0.3963530125 0.17650042777777777 0.4017549869791667 0.17634938703703704
2 0.379762240625 0.14243659166666664 0.38494861979166667 0.14251923611111111 0.38510779791666666 0.12640353333333335 0.3796534354166667 0.12618409814814815 0.379762240625 0.14243659166666664
2 0.3345960104166667 0.16181533240740742 0.35205117864583335 0.16172413796296298 0.3519867015625 0.13966942129629628 0.33491839635416665 0.13994015370370372 0.3345960104166667 0.16181533240740742
2 0.3350332458333333 0.16797663148148148 0.3349042916666667 0.1828612138888889 0.34087245624999996 0.18295525833333334 0.34087245624999996 0.16798233148148148 0.3350332458333333 0.16797663148148148
2 0.33946201875 0.21299230555555557 0.35486197864583335 0.21290111111111112 0.3552468265625 0.1878512398148148 0.3393975416666667 0.187306925 0.33946201875 0.21299230555555557
2 0.3078279265625 0.2505015675925926 0.3187769494791667 0.2505585638888889 0.31866814427083334 0.2318609287037037 0.307823896875 0.23170418888888888 0.3078279265625 0.2505015675925926
2 0.29248841406250004 0.2505585638888889 0.30544630260416666 0.2505044175925926 0.305410034375 0.22933884259259257 0.29248841406250004 0.22976061574074075 0.29248841406250004 0.2505585638888889
2 0.32173282291666666 0.2747449416666667 0.3219987911458333 0.29614989999999997 0.3355389885416667 0.29611570277777777 0.33549869010416666 0.27475064166666663 0.32173282291666666 0.2747449416666667
2 0.3072395729166667 0.27459390185185184 0.3070259921875 0.2958449703703704 0.3198105984375 0.2963693361111111 0.31985895625 0.2747449416666667 0.3072395729166667 0.27459390185185184
2 0.16844851927083332 0.34941008796296297 0.1682429984375 0.33430892037037035 0.1561696552083333 0.3345967509259259 0.15625025208333332 0.3490139638888889 0.16844851927083332 0.34941008796296297
2 0.205937940625 0.27259048148148146 0.20601450729166665 0.25113707592592593 0.18818859583333333 0.251168424074074 0.18838001197916665 0.27193787407407405 0.205937940625 0.27259048148148146
2 0.17651621979166665 0.1829752064814815 0.17673786041666667 0.19885722407407408 0.18939552708333332 0.19929894537037038 0.1895285109375 0.1829752064814815 0.17651621979166665 0.1829752064814815
4 0.22485794895833333 0.1543887148148148 0.2248881723958333 0.16356511851851852 0.25126133385416666 0.1633998287037037 0.25126133385416666 0.15420917685185184 0.22485794895833333 0.1543887148148148
2 0.17380213593750002 0.23135651203703705 0.17401773125 0.24761755462962964 0.187118678125 0.24761755462962964 0.1868506953125 0.23128241666666666 0.17380213593750002 0.23135651203703705
1 0 0 0 1 1 1 1 0 0 0
4 0.28468869635416666 0.1820319175925926 0.2846483979166667 0.1913251638888889 0.30373161406250004 0.1913650611111111 0.30347975 0.18221715555555557 0.28468869635416666 0.1820319175925926
4 0.1752891395833333 0.32666856666666666 0.17539995989583332 0.3323396981481481 0.20091073958333333 0.33249643796296297 0.20105984270833333 0.32635223703703703 0.1752891395833333 0.32666856666666666
4 0.2142333265625 0.35316329444444444 0.21401370156250002 0.3619464231481481 0.2634656458333333 0.3622599027777778 0.26390892604166666 0.3528498148148148 0.2142333265625 0.35316329444444444
4 0.3311666333333333 0.3534454259259259 0.3311666333333333 0.36204901666666667 0.3571912151041667 0.36215731018518516 0.35734636302083334 0.3531205472222222 0.3311666333333333 0.3534454259259259
4 0.175154140625 0.3565032768518519 0.175154140625 0.3620176685185185 0.20111223072916667 0.3620718157407407 0.20107394739583334 0.35645198055555555 0.175154140625 0.3565032768518519
2 0.1558371953125 0.2231746935185185 0.15598831354166667 0.2286805361111111 0.167568003125 0.2287945287037037 0.1675720328125 0.2231746935185185 0.1558371953125 0.2231746935185185
4 0.2848881723958333 0.3533200342592593 0.28499899270833334 0.36210316296296297 0.3106145473958334 0.3619464231481481 0.31072335260416667 0.3533200342592593 0.2848881723958333 0.3533200342592593
2 0.19722345364583335 0.23589341666666666 0.19727785625 0.2472385296296296 0.2028934114583333 0.24731547407407406 0.20273221822916668 0.23589341666666666 0.19722345364583335 0.23589341666666666
4 0.15124118489583335 0.35652607592592594 0.15117872239583333 0.3611199768518518 0.16553898854166665 0.36120832129629626 0.16556921197916666 0.35652607592592594 0.15124118489583335 0.35652607592592594
4 0.1801450734375 0.1669848962962963 0.18027402760416666 0.17143345648148148 0.19227281875 0.1712510685185185 0.19220834166666664 0.16689655185185184 0.1801450734375 0.1669848962962963
4 0.7057082411458333 0.061533199999999996 0.7056699578125 0.06820461666666666 0.7224904291666667 0.06835850648148148 0.7223796088541667 0.061533199999999996 0.7057082411458333 0.061533199999999996
2 0.560211565625 0.17273297222222223 0.560211565625 0.19371900833333333 0.5639613135416667 0.19365061296296296 0.5637295989583334 0.17267027685185185 0.560211565625 0.17273297222222223
2 0.5205520854166666 0.22254773425925925 0.5205520854166666 0.2278540898148148 0.5318013296874999 0.22805642592592593 0.5319161796874999 0.22260188055555555 0.5205520854166666 0.22254773425925925
4 0.5850533953125 0.14537475092592592 0.5850533953125 0.154414362962963 0.6118496875 0.15462809907407407 0.6116179729166666 0.1452664574074074 0.5850533953125 0.14537475092592592
4 0.673929075 0.1698261611111111 0.6740056416666668 0.1741835277777778 0.6864799515625 0.1746167 0.6865585333333333 0.1700427472222222 0.673929075 0.1698261611111111
2 0.5399395526041667 0.2181960675925926 0.5498327625 0.21804502685185184 0.5496675395833334 0.2125306351851852 0.5399355229166667 0.2126731259259259 0.5399395526041667 0.2181960675925926
2 0.5371589765625 0.23150755185185184 0.5371589765625 0.2475406101851852 0.5504191015625001 0.24738956944444446 0.5502075359374999 0.2316585925925926 0.5371589765625 0.23150755185185184
4 0.6441285510416667 0.1691735537037037 0.6439754182291666 0.17777714444444445 0.6657666734375 0.17821031666666667 0.6659963729166667 0.1691735537037037 0.6441285510416667 0.1691735537037037
4 0.7014688697916667 0.35339127962962963 0.7016582713541666 0.36201196944444447 0.7275317348958333 0.3618865777777778 0.7274370338541666 0.35299800555555555 0.7014688697916667 0.35339127962962963
4 0.6475095708333334 0.3531290962962963 0.6475095708333334 0.3618837277777778 0.6736590770833334 0.3620148194444444 0.6737517630208333 0.35325733796296294 0.6475095708333334 0.3531290962962963
4 0.5772778562499999 0.3527329722222222 0.577144871875 0.3621886574074074 0.6271428572916666 0.3619350240740741 0.6269635302083334 0.3528583638888889 0.5772778562499999 0.3527329722222222
3 0.5300040296875 0.33007979444444446 0.5301632078125 0.3326503277777778 0.5336933307291667 0.33249643796296297 0.5338001208333334 0.33007694537037036 0.5300040296875 0.33007979444444446
4 0.5337477333333334 0.35632088888888885 0.5336893010416667 0.36199772037037037 0.5644328026041666 0.3621544601851852 0.564281684375 0.35647192962962965 0.5337477333333334 0.35632088888888885
4 0.5340016119791666 0.32624394444444443 0.5339592989583333 0.3324080935185185 0.5644731010416667 0.3325220861111111 0.5644428770833334 0.3264006842592593 0.5340016119791666 0.32624394444444443
4 0.5054039895833333 0.25163864351851856 0.5054039895833333 0.26928184629629626 0.5126415473958333 0.2693901398148148 0.5125649807291667 0.2517469361111111 0.5054039895833333 0.25163864351851856
4 0.50541809375 0.20104018240740743 0.50541809375 0.21882587592592592 0.5126052791666666 0.2191906527777778 0.5126677411458334 0.20104018240740743 0.50541809375 0.20104018240740743
4 0.5398247026041666 0.16772299814814814 0.5398247026041666 0.17262182962962963 0.5576022567708333 0.17271302407407407 0.5574712875 0.16781419166666667 0.5398247026041666 0.16772299814814814
4 0.5415131979166666 0.1464804787037037 0.5416240177083333 0.15102878333333333 0.5557042109375 0.1510344824074074 0.5555954062499999 0.1463237388888889 0.5415131979166666 0.1464804787037037
3 0.6353173484375 0.2790852092592593 0.6356518234375 0.3537874037037037 0.6388253072916666 0.3538016527777778 0.6386439651041667 0.2790852092592593 0.6353173484375 0.2790852092592593
3 0.6895526901041666 0.35307495 0.6890912755208334 0.27962667407407404 0.6524078177083333 0.2794984324074074 0.6525005036458332 0.28224280462962964 0.687797703125 0.282502137037037 0.6878883739583334 0.3526845259259259 0.6895526901041666 0.35307495
3 0.7379246421875 0.2824194925925926 0.7379246421875 0.27942718703703706 0.7293914968749999 0.2793359935185185 0.7294559739583334 0.27379880277777774 0.7275297197916667 0.27370760925925924 0.7275941968749999 0.2791536046296296 0.7029538583333333 0.27942718703703706 0.70288938125 0.2824194925925926 0.7379246421875 0.2824194925925926
3 0.7294841828125 0.2526303787037037 0.7382087447916666 0.25273012222222224 0.7381865807291667 0.2502336851851852 0.7294841828125 0.2502336851851852 0.72940963125 0.24177828425925924 0.7276365104166668 0.24162724444444444 0.7276365104166668 0.2566571675925926 0.7294398546875001 0.2566514675925926 0.7294841828125 0.2526303787037037
3 0.727682853125 0.21454260462962965 0.7278380010416666 0.22467084629629627 0.7291456781250001 0.2248902824074074 0.7294559739583334 0.21454260462962965 0.727682853125 0.21454260462962965
3 0.7726475921875 0.23245084074074074 0.7705923838541667 0.23245084074074074 0.7706568609375 0.2484240527777778 0.7726475921875 0.24860359074074073 0.7726475921875 0.23245084074074074
3 0.8009510375000001 0.19266457685185184 0.8011827526041666 0.1880906240740741 0.7729498286458334 0.18856654351851854 0.7740036270833334 0.1924137935185185 0.7856276447916667 0.19244514074074076 0.7853435421875 0.21510116851851852 0.7741043723958333 0.2150584212962963 0.7740016119791666 0.19244514074074076 0.7720552083333333 0.18536905092592593 0.7707656661458333 0.18678255925925927 0.7706588755208333 0.21970361944444444 0.7887084427083334 0.2198917074074074 0.7887850088541666 0.19266457685185184 0.8009510375000001 0.19266457685185184
3 0.7644992947916667 0.17144200648148147 0.7661615958333333 0.17536335092592592 0.7678259119791666 0.17457965277777776 0.766625025 0.17144200648148147 0.7644992947916667 0.17144200648148147
3 0.7022889380208334 0.21598176111111111 0.7022889380208334 0.24865203796296295 0.6809288734375 0.24854089444444447 0.6808986499999999 0.25138216018518517 0.7040539994791666 0.2515275009259259 0.7041628046875 0.21393844444444443 0.6688152328125 0.21340837870370372 0.6688474713541667 0.20315474537037037 0.666784203125 0.20304930185185185 0.6671045739583333 0.25145055555555557 0.6689260526041667 0.25145340555555556 0.6688696354166667 0.21590481574074075 0.7022889380208334 0.21598176111111111
3 0.6668950229166666 0.2006583074074074 0.6668567401041667 0.20291536018518516 0.6898811203124999 0.2028640638888889 0.6898811203124999 0.20086634351851854 0.6668950229166666 0.2006583074074074
3 0.6692746322916666 0.17479908796296298 0.6694902276041667 0.18424622407407407 0.6709329036458332 0.18424622407407407 0.6708261130208334 0.17487318333333332 0.6692746322916666 0.17479908796296298
3 0.63368325625 0.17196067222222222 0.6336107192708333 0.1513764601851852 0.6319766270833332 0.1513764601851852 0.6321680437499999 0.17458820185185187 0.6389562765625 0.17464519814814816 0.6389582911458334 0.17206896574074074 0.63368325625 0.17196067222222222
3 0.6534696755208333 0.24888002314814817 0.631329840625 0.24880592777777777 0.6313842432291668 0.1776346537037037 0.6292988114583333 0.17771159907407408 0.6293532135416666 0.25160159629629625 0.6536288536458332 0.25160159629629625 0.6534696755208333 0.24888002314814817
3 0.5573765869791667 0.15130236574074074 0.5575015109375 0.16911655740740741 0.5593894822916667 0.16915930462962964 0.5592967963541666 0.15130236574074074 0.5573765869791667 0.15130236574074074
3 0.5661031635416667 0.19330578518518518 0.5661394317708334 0.25078369907407405 0.5694136609375 0.25074380185185186 0.5693370942708333 0.1935679685185185 0.5661031635416667 0.19330578518518518
3 0.5123856536458333 0.22260188055555555 0.5123856536458333 0.2253234537037037 0.5203949223958333 0.2251068675925926 0.5203949223958333 0.22260188055555555 0.5123856536458333 0.22260188055555555
3 0.5580959098958334 0.1963778851851852 0.5578339713541667 0.21737532037037036 0.5627886359375 0.21740666851851853 0.5626657265625 0.24798803055555554 0.5376667338541666 0.2475748074074074 0.5376264354166668 0.2507153037037037 0.5660306265624999 0.2507723 0.5659601046875 0.24815616944444446 0.5642313114583334 0.24814192037037036 0.5642313114583334 0.21502992314814814 0.5598952244791667 0.21486178425925925 0.5599738062499999 0.19686235370370372 0.5661293572916667 0.196534625 0.5659963729166667 0.19383870092592592 0.5398347776041666 0.19380735277777777 0.5398448520833333 0.15146195462962964 0.5379125531250001 0.15135366203703704 0.5376002416666666 0.23157024814814814 0.5398690307291666 0.23134796203703703 0.539595003125 0.19646337962962965 0.5580959098958334 0.1963778851851852
3 0.5319605078125 0.22271017407407406 0.5319625229166667 0.2253291537037037 0.5375055411458334 0.2253234537037037 0.537735240625 0.22282131666666666 0.5319605078125 0.22271017407407406
3 0.5123796088541667 0.2485323453703704 0.5122869234375 0.2510544314814815 0.5245436229166667 0.2511171277777778 0.5245899656249999 0.24846964907407407 0.5123796088541667 0.2485323453703704
3 0.5296715697916666 0.1826845259259259 0.5296715697916666 0.1849444287037037 0.5360185369791667 0.18504132222222222 0.5360185369791667 0.18272727314814813 0.5296715697916666 0.1826845259259259
3 0.6441688494791666 0.17470219444444446 0.6441184765625 0.16968652037037035 0.6425327421875 0.16967227129629628 0.6425831151041667 0.14627529166666667 0.611779165625 0.1462040462962963 0.6117993151041666 0.1509204898148148 0.6388756802083333 0.15119977222222222 0.63910135 0.17461954999999998 0.6441688494791666 0.17470219444444446
3 0.5690590369791667 0.27302650370370374 0.5654402578125001 0.27302650370370374 0.5655188395833334 0.32737247037037037 0.5687527703125 0.32737247037037037 0.5690590369791667 0.27302650370370374
3 0.56449325 0.33016528888888885 0.5645738463541666 0.3561328009259259 0.5663610718750001 0.3560045592592592 0.5663207739583334 0.33016528888888885 0.56449325 0.33016528888888885
3 0.5557364494791667 0.14611570277777777 0.5557364494791667 0.15118837314814815 0.5849405598958334 0.1510971787037037 0.5850070520833334 0.14611570277777777 0.5557364494791667 0.14611570277777777
3 0.6658170463541667 0.1695468796296296 0.6658130161458333 0.17458820185185187 0.6737981057291667 0.17458820185185187 0.6737034052083334 0.16981191203703702 0.6658170463541667 0.1695468796296296
3 0.7676949427083334 0.1273240240740741 0.7677775536458333 0.11320604166666666 0.8010719322916666 0.11356226851851851 0.8010719322916666 0.1639042462962963 0.7678903890625001 0.16366486203703703 0.7678863588541667 0.14962952407407407 0.7639975822916667 0.14962382407407407 0.7639975822916667 0.1711000287037037 0.8009812614583333 0.1711000287037037 0.8015635703124999 0.2487375324074074 0.7687003828125001 0.24872613240740737 0.7687507557291667 0.2516671416666667 0.7707293973958333 0.25170703888888885 0.770679025 0.2558136222222222 0.8060024177083334 0.25589911666666665 0.8058472697916667 0.10667711574074075 0.7595708239583333 0.10642918240740741 0.7596816442708333 0.11332003425925927 0.7641305661458334 0.11350527222222223 0.7641910135416666 0.12735537222222224 0.7676949427083334 0.1273240240740741
3 0.7378924036458333 0.13781704166666667 0.7381180739583333 0.11343972685185186 0.7426274432291666 0.11343402685185185 0.7426274432291666 0.1062724425925926 0.7378924036458333 0.10626959259259258 0.7378924036458333 0.06133941296296296 0.7225710255208334 0.061185523148148145 0.722573040625 0.06850954722222223 0.733048559375 0.06867198611111111 0.7329357244791667 0.13781704166666667 0.7378924036458333 0.13781704166666667
3 0.6899899255208334 0.2114306074074074 0.7097541807291667 0.21170703888888887 0.7098045536458333 0.20768595 0.7115917791666667 0.20770019907407408 0.7115958088541666 0.20454830462962964 0.6949909328125 0.20443431203703705 0.6948559338541667 0.16738387037037036 0.7379971791666667 0.16776859537037037 0.7378742697916666 0.1604987175925926 0.6948599635416667 0.16045312037037035 0.6950513802083333 0.06854659444444444 0.7055611526041666 0.06827016203703704 0.7055611526041666 0.06138786018518519 0.6899778359375 0.06138501018518518 0.6898871651041667 0.16968652037037035 0.6866935322916666 0.1696010259259259 0.6867036067708334 0.1747734398148148 0.6899899255208334 0.17481618703703702 0.6899899255208334 0.2114306074074074
3 0.7397118677083333 0.3614163583333333 0.7420955067708334 0.3614163583333333 0.7421337901041666 0.25574237685185186 0.750854321875 0.25590481574074075 0.7508079791666666 0.25185807962962964 0.75283699375 0.25185807962962964 0.7527443078125 0.24849814722222222 0.7444186984375 0.2485636935185185 0.7445335484375001 0.20451695648148147 0.7276707635416667 0.20435451666666665 0.7276707635416667 0.20735537222222222 0.7294700786458334 0.20725847777777778 0.7294700786458334 0.21143345648148149 0.7403586541666667 0.21143345648148149 0.740404996875 0.24852949537037036 0.7383276244791667 0.24865488703703703 0.738158371875 0.35627529166666666 0.7276224057291666 0.35634653703703706 0.7277030020833333 0.36128811666666666 0.7354160791666666 0.36147335462962965 0.7352367520833333 0.40271872314814816 0.7543481765625 0.4027956685185185 0.7543381020833333 0.3977286972222222 0.7396211968749999 0.3977286972222222 0.7397118677083333 0.3614163583333333
3 0.6735099739583333 0.35639498425925925 0.6735099739583333 0.3614277574074074 0.70132178125 0.3614277574074074 0.7015454364583333 0.35639498425925925 0.6735099739583333 0.35639498425925925
3 0.6270320369791667 0.35634368796296295 0.6271106187500001 0.36136791111111116 0.6475821078125 0.36136791111111116 0.6475821078125 0.35634368796296295 0.6270320369791667 0.35634368796296295
3 0.5644731010416667 0.3563094898148148 0.564563771875 0.3615588490740741 0.5771730807291667 0.3614220574074074 0.5773604677083333 0.3564405814814815 0.5644731010416667 0.3563094898148148
3 0.5249002619791666 0.3611456259259259 0.5336590770833334 0.3614448564814815 0.5336590770833334 0.35651467685185184 0.5302639531250001 0.35633228796296296 0.5299597015625 0.3306583074074074 0.5099355229166667 0.3295269305555556 0.5102579083333334 0.26947848425925924 0.5054463026041667 0.26947848425925924 0.5052891395833333 0.3367768592592592 0.5251319765625 0.3369392990740741 0.5249002619791666 0.3611456259259259
3 0.5050957083333334 0.21898261574074074 0.5049607093749999 0.25145625555555556 0.5103022364583334 0.25145625555555556 0.5100362682291667 0.21899401574074076 0.5050957083333334 0.21898261574074074
3 0.5049204109375 0.20089484166666668 0.5102619385416667 0.20089484166666668 0.5102619385416667 0.18503562222222222 0.5296171671875 0.18465659722222222 0.52969171875 0.15104873148148149 0.5414970781249999 0.15123681944444445 0.5413640942708333 0.14632943888888889 0.5244892203125 0.1464177824074074 0.5245597421875 0.17785408981481482 0.5049204109375 0.17805072685185183 0.5049204109375 0.20089484166666668
2 0.7079911343749999 0.16765745185185185 0.7080274026041666 0.18005414629629632 0.7138928067708333 0.1802137361111111 0.7135603463541667 0.16765460277777777 0.7079911343749999 0.16765745185185185
2 0.6387285916666666 0.27888002314814814 0.6388172473958333 0.3003704759259259 0.6522305057291666 0.3003106296296296 0.6523191619791666 0.27881732685185184 0.6387285916666666 0.27888002314814814
2 0.6892162000000001 0.27875463055555555 0.6893048557291667 0.3003704759259259 0.7028974411458333 0.3005614138888889 0.7027624421875001 0.27881732685185184 0.6892162000000001 0.27875463055555555
2 0.7665504734374999 0.22127956666666668 0.7692927666666667 0.22872328333333333 0.7701571630208334 0.23243089166666667 0.772476325 0.23233114814814815 0.7724561755208333 0.2196751212962963 0.7696373161458333 0.21958962685185185 0.7665504734374999 0.22127956666666668
2 0.7679044932291668 0.17475634074074076 0.7623856536458333 0.17874893148148147 0.7672617369791667 0.18954972962962963 0.7721398348958334 0.18519236203703704 0.7679044932291668 0.17475634074074076
4 0.7426677411458333 0.1062040462962963 0.7427221437499999 0.11278141944444445 0.7596211968750001 0.1128498148148148 0.7595123916666666 0.10635223703703704 0.7426677411458333 0.1062040462962963
2 0.7176022567708333 0.16025363333333334 0.7354704817708334 0.16019093796296296 0.7353818255208334 0.137879737962963 0.7183578479166666 0.1377514962962963 0.7176022567708333 0.16025363333333334
3 0.707823896875 0.18025648333333333 0.7078883739583334 0.20439726388888887 0.7098126135416667 0.20430607037037035 0.7098126135416667 0.1803476777777778 0.707823896875 0.18025648333333333
4 0.7065786822916666 0.8682274148148148 0.7066532338541667 0.8775748074074075 0.7326838604166667 0.8775805074074075 0.7326113239583333 0.8682274148148148 0.7065786822916666 0.8682274148148148
2 0.6691416484375 0.18424337407407407 0.6690288130208334 0.20057851203703705 0.6818778963541666 0.20068395555555557 0.6817287932291667 0.1841920777777778 0.6691416484375 0.18424337407407407
2 0.6690267984375 0.251917925 0.6808986499999999 0.251735537037037 0.6806387265624999 0.23304360185185186 0.6690872458333333 0.23304360185185186 0.6690267984375 0.251917925
2 0.65373564375 0.25184383055555554 0.6671468869791667 0.25202621851851853 0.6668909932291667 0.23096893703703703 0.6538001208333333 0.23187802777777777 0.65373564375 0.25184383055555554
2 0.56919000625 0.27234824722222223 0.56919000625 0.25091479074074075 0.5514487203125 0.25078369907407405 0.552369534375 0.2716956398148148 0.56919000625 0.27234824722222223
3 0.263727584375 0.3563693361111111 0.263727584375 0.36146195462962966 0.28474511406249997 0.36146195462962966 0.2846705619791667 0.35647192962962965 0.263727584375 0.3563693361111111
3 0.20120894635416667 0.35645198055555555 0.20116260312499998 0.36124251944444447 0.21408019322916666 0.3612453694444444 0.21413056614583334 0.35645198055555555 0.20120894635416667 0.35645198055555555
3 0.16554503333333334 0.35627814166666666 0.16561756979166667 0.36116272407407407 0.17508764843750002 0.3613736111111111 0.17516220052083334 0.3563835851851852 0.16554503333333334 0.35627814166666666
3 0.1768325609375 0.1715958962962963 0.1768325609375 0.18283841574074072 0.17831956458333334 0.18288971203703705 0.17817046145833335 0.1715958962962963 0.1768325609375 0.1715958962962963
3 0.17436026614583333 0.19908805925925926 0.17436026614583333 0.2014220574074074 0.1938766875 0.20129381574074073 0.193832359375 0.19927899722222223 0.17436026614583333 0.19908805925925926
3 0.19754583906249998 0.2154431462962963 0.19759822708333333 0.22172128796296295 0.21107394739583332 0.22164434351851853 0.21083820260416666 0.24753491018518517 0.174475115625 0.24750356203703705 0.174475115625 0.250966087037037 0.21315937916666666 0.25089199166666665 0.21316945416666666 0.22194927314814816 0.21775135989583333 0.22190367592592591 0.21773524062500002 0.1990168138888889 0.21551279479166666 0.1990168138888889 0.21547451145833335 0.21886862314814817 0.19983880729166667 0.21881447685185185 0.19980052395833334 0.21293245925925927 0.1762945796875 0.21293245925925927 0.17636913177083333 0.2014277574074074 0.17433810208333334 0.20160444537037037 0.1744972796875 0.2311000287037037 0.17639734010416666 0.2310401824074074 0.17626234114583333 0.21529210555555556 0.19754583906249998 0.2154431462962963
3 0.14901672395833332 0.22344542592592592 0.14912552916666666 0.2259418638888889 0.15570219635416666 0.22578797407407408 0.15575458385416668 0.2235195212962963 0.14901672395833332 0.22344542592592592
3 0.16762845052083333 0.22343972685185187 0.16765867395833334 0.22574237685185186 0.17436429583333332 0.22578797407407408 0.17430989322916668 0.22337133055555555 0.16762845052083333 0.22343972685185187
3 0.14904896250000002 0.24848389814814817 0.14904896250000002 0.2510572814814815 0.15799717916666667 0.2511114277777778 0.15795688072916667 0.24854089444444447 0.14904896250000002 0.24848389814814817
3 0.2021116260416667 0.27262467962962966 0.2021116260416667 0.3267512111111111 0.20503727604166666 0.3267512111111111 0.20549869010416666 0.27262467962962966 0.2021116260416667 0.27262467962962966
3 0.16889381406249998 0.33431176944444446 0.1687709046875 0.33256198333333337 0.17527100520833333 0.3325192361111111 0.17511585729166665 0.32989455648148147 0.14899657447916667 0.3297606157407407 0.14909127552083332 0.33247363888888887 0.16638928072916667 0.3326503277777778 0.16641950416666665 0.3342690222222222 0.16889381406249998 0.33431176944444446
3 0.16649405625 0.34958392685185186 0.166564578125 0.3562040462962963 0.16879306875 0.3562011972222222 0.16883538177083332 0.34952693055555556 0.16649405625 0.34958392685185186
3 0.20097320156249998 0.3300655453703704 0.2010880515625 0.3563778851851852 0.2029820671875 0.35627529166666666 0.2029820671875 0.33000854907407406 0.20097320156249998 0.3300655453703704
3 0.30729599010416664 0.278258762962963 0.30729599010416664 0.2749330296296296 0.2722164015625 0.27481333703703703 0.2722164015625 0.3525363351851852 0.275410034375 0.3529125111111111 0.27558936145833335 0.278258762962963 0.30729599010416664 0.278258762962963
3 0.320159178125 0.2754260472222222 0.31983880729166664 0.35310059814814815 0.3220310296875 0.35310059814814815 0.32165625625 0.2755029925925926 0.320159178125 0.2754260472222222