1 0 0 0 1 1 1 1 0.2280216648148148 0.9997964942708334 0.0003363740740740741 0.469621196875 0 0 0
3 0.6754140640624999 0.6864424175925926 0.6754382432291667 0.6912998861111112 0.6784364296875 0.6912998861111112 0.6784364296875 0.6864424175925926 0.6754140640624999 0.6864424175925926
3 0.4624722947916667 0.6347833527777778 0.4624722947916667 0.6390592925925925 0.478158371875 0.6391391101851851 0.4781160588541667 0.6349543898148148 0.4624722947916667 0.6347833527777778
3 0.6784505338541666 0.6622862027777777 0.6785210557291667 0.6550171037037037 0.7073342734375 0.6549600916666667 0.7073544229166667 0.6507696694444444 0.6675458390625 0.6506413907407408 0.6676284505208333 0.6551339796296297 0.6754422729166667 0.6551909916666666 0.6754422729166667 0.6622862027777777 0.6784505338541666 0.6622862027777777
3 0.5667519645833334 0.6347320407407407 0.5667519645833334 0.6390735462962963 0.5820330442708334 0.6389880277777777 0.5820330442708334 0.6553306731481481 0.59707435 0.6555017101851852 0.5970159177083333 0.6506499425925927 0.5855228692708334 0.6504789055555555 0.585462421875 0.4974344351851852 0.588351803125 0.4975199546296296 0.5883941166666666 0.4927594074074074 0.5820934916666667 0.492668187037037 0.5820934916666667 0.6348175601851852 0.5667519645833334 0.6347320407407407
3 0.6097259723958334 0.4925399083333333 0.6097964942708334 0.49761402499999996 0.66306669375 0.49736602037037037 0.6630324401041666 0.49258836944444445 0.6599677614583332 0.4925399083333333 0.6600040296874999 0.44278791296296294 0.6959701791666667 0.44259122037037035 0.6962482369791666 0.4925399083333333 0.6805802942708333 0.4925399083333333 0.6806508161458333 0.49756271388888895 0.7073906911458334 0.49756271388888895 0.7073201692708333 0.4925399083333333 0.6991376182291666 0.49263683055555557 0.6992786619791667 0.4845581527777778 0.7073906911458334 0.48446123148148146 0.7073906911458334 0.47997719537037037 0.6991376182291666 0.48007696666666666 0.6991376182291666 0.44268814166666665 0.7073906911458334 0.44259122037037035 0.7073201692708333 0.43791049074074073 0.6532137817708333 0.4380587231481482 0.6533185572916668 0.44259122037037035 0.6568003223958333 0.4426396805555556 0.6568003223958333 0.4925399083333333 0.6097259723958334 0.4925399083333333
3 0.6280415072916666 0.43820695555555556 0.6280415072916666 0.3230900796296296 0.6361535359375 0.3228905361111111 0.6361535359375 0.31890250833333333 0.6159580901041667 0.3189994296296296 0.6159238364583334 0.32318700092592595 0.6248377994791666 0.3231385407407407 0.6248720531249999 0.4380587231481482 0.6231654239583333 0.4380587231481482 0.6230969171874999 0.4426396805555556 0.6318355833333332 0.4426396805555556 0.6318355833333332 0.43820695555555556 0.6280415072916666 0.43820695555555556
3 0.5357565989583333 0.44275370555555554 0.6012714083333334 0.442673887962963 0.6013298406250001 0.43807582685185187 0.5528470682291666 0.4379931583333333 0.5529034859375 0.3231385407407407 0.5634656458333333 0.3232611175925926 0.5634374369791666 0.3191562148148148 0.5527886359374999 0.3190735462962963 0.5527886359374999 0.3144754842592593 0.5495667942708333 0.3144754842592593 0.549506346875 0.4378848342592592 0.53581503125 0.43791049074074073 0.5357565989583333 0.44275370555555554
3 0.5529397541666667 0.2795923601851852 0.5656135401041666 0.2796436712962963 0.5656054807291666 0.2710376287037037 0.5625146083333333 0.271023375 0.5625488614583334 0.27540478888888886 0.5528349786458333 0.27540478888888886 0.5528349786458333 0.25683580370370374 0.5494217208333333 0.2568842648148148 0.5494922427083334 0.2897405925925926 0.5528007255208334 0.2897405925925926 0.5529397541666667 0.2795923601851852
3 0.4748075760416667 0.3540222351851852 0.47476727760416665 0.3583380842592593 0.4918557322916667 0.3582782212962963 0.4916884947916667 0.339660775 0.47472496458333335 0.3395410490740741 0.47472496458333335 0.3442103759259259 0.48842836979166665 0.34397377407407403 0.4885956072916667 0.35390535925925926 0.4748075760416667 0.3540222351851852
3 0.48743703385416665 0.4425427592592593 0.48733628854166666 0.43771949814814815 0.47480153124999996 0.4378620296296296 0.47473100937499996 0.30958665925925927 0.4717489421875 0.3096721777777778 0.4717106588541667 0.40627423055555556 0.46739270625 0.4062856324074074 0.46735240781250004 0.4106470925925926 0.47152327239583336 0.41078962407407404 0.47154342135416666 0.44268529074074076 0.48743703385416665 0.4425427592592593
3 0.42609107395833334 0.4247776509259259 0.4261333869791667 0.4287970351851852 0.4400463427083333 0.4286202962962963 0.44008865625000004 0.43878848333333337 0.4261333869791667 0.4390250851851852 0.4261333869791667 0.4434578111111111 0.4435140036458333 0.44322120833333334 0.443304453125 0.4107098064814815 0.4495466453125 0.4106898518518518 0.44953052604166666 0.40627708055555556 0.4261757 0.40627708055555556 0.4261333869791667 0.41059293055555557 0.4401289541666667 0.41059293055555557 0.4401712671875 0.4247206388888889 0.42609107395833334 0.4247776509259259
3 0.7073503927083333 0.27088369444444443 0.7073503927083333 0.691305587037037 0.5478259119791667 0.6912257694444445 0.5438525083333333 0.7024315851851852 0.5365686078125 0.713472063888889 0.5286197864583333 0.7191790194444445 0.515127946875 0.719712087037037 0.5053777958333333 0.7147035351851851 0.49869030833333333 0.7061858611111111 0.4944690713541667 0.6921265675925926 0.4625811 0.6921265675925926 0.4624823697916666 0.6347776509259259 0.44604070104166665 0.6347491444444445 0.44601450729166664 0.6391334092592593 0.4593894822916667 0.6389680731481481 0.45944791458333334 0.6964367157407407 0.49211767083333335 0.6965193842592593 0.49504936510416664 0.7071921324074074 0.5008523072916666 0.7161830101851853 0.5086560546875 0.7221750287037036 0.5184062057291666 0.7246379703703704 0.5312311104166667 0.7229133407407408 0.5394116463541666 0.7161830101851853 0.5460286119791667 0.7063312425925926 0.5502357442708333 0.6956157351851852 0.7106870843749999 0.6954931583333334 0.7104835786458333 0.26636830092592595 0.56570018125 0.2664481185185185 0.5654966755208334 0.25232896203703703 0.5198569411458334 0.25224629444444446 0.5199153739583333 0.25713226944444445 0.5624783395833333 0.2567217787037037 0.5625085635416667 0.2710062712962963 0.7073503927083333 0.27088369444444443
3 0.488537175 0.25663340925925926 0.4884364296875 0.2520210944444444 0.4714910338541667 0.2524486888888889 0.47174088229166666 0.30550456111111113 0.4635099739583334 0.30547320370370373 0.46356840625 0.3096892814814815 0.47469877083333334 0.3096180157407407 0.47474914375000005 0.25663340925925926 0.488537175 0.25663340925925926
3 0.2946604875 0.30969213240740745 0.29468063645833337 0.3057012546296296 0.29002619375 0.3055302166666667 0.29002619375 0.44275940740740743 0.2999194036458333 0.4428734324074074 0.2998992546875 0.43893956666666667 0.2929881119791667 0.43885404814814816 0.29296796302083333 0.30969213240740745 0.2946604875 0.30969213240740745
3 0.3566391296875 0.6389965796296296 0.37223856562499996 0.63909065 0.3721660286458333 0.6346978333333333 0.35996373177083335 0.6346921324074074 0.359762240625 0.4430729759259259 0.39851904114583336 0.44328107222222224 0.39844650416666666 0.43889110648148144 0.31831553489583336 0.4387970351851852 0.3181624015625 0.4428734324074074 0.3567882328125 0.4431813 0.3566391296875 0.6389965796296296
3 0.41688494843749996 0.4387970351851852 0.41686479947916666 0.4432440138888889 0.4261535359375 0.4432725203703704 0.42616159583333335 0.309885975 0.43205319375 0.30979190462962963 0.432087446875 0.30550456111111113 0.41875277031249997 0.30550456111111113 0.41877493437499996 0.30983181296296297 0.4226193833333333 0.30977194999999996 0.4228490833333333 0.4387115166666667 0.41688494843749996 0.4387970351851852
3 0.32592786614583336 0.3056014824074074 0.32592786614583336 0.3097890537037037 0.3871368125 0.3096892814814815 0.3871368125 0.3057012546296296 0.32592786614583336 0.3056014824074074
2 0.6795708239583333 0.686422462962963 0.6794660489583334 0.6622862027777777 0.6586459802083334 0.661989737962963 0.6587144869791667 0.6864709231481482 0.6795708239583333 0.686422462962963
2 0.6675035260416667 0.6499914481481481 0.5970602458333333 0.6499315851851851 0.5970602458333333 0.6557240592592594 0.6676284505208333 0.6557240592592594 0.6675035260416667 0.6499914481481481
2 0.5666854723958333 0.6339709231481481 0.4781503125 0.6339110601851853 0.4781503125 0.6398232611111112 0.5667277854166667 0.639940137037037 0.5666854723958333 0.6339709231481481
2 0.6361152531250001 0.3183266814814815 0.6361474916666666 0.32411630555555554 0.6806467864583333 0.3242360314814815 0.6805762645833333 0.31842360277777776 0.6361152531250001 0.3183266814814815
2 0.56345355625 0.31830957777777774 0.5634898244791666 0.32422177870370367 0.6159580901041667 0.32417331851851855 0.6159238364583334 0.3183608898148148 0.56345355625 0.31830957777777774
2 0.5489038885416666 0.2897576962962963 0.548952246875 0.31444412777777775 0.569709853125 0.31494013703703705 0.5698105984375 0.28961516574074075 0.5489038885416666 0.2897576962962963
2 0.6012794682291667 0.4436602055555556 0.6230828130208333 0.4436602055555556 0.6233729598958334 0.4100627138888889 0.6015716302083334 0.4101482324074074 0.6012794682291667 0.4436602055555556
2 0.6318617770833334 0.4435889398148148 0.65323393125 0.4435889398148148 0.6530888572916667 0.4102907638888889 0.6315736447916667 0.4102907638888889 0.6318617770833334 0.4435889398148148
2 0.6630767682291666 0.4984578111111111 0.6806447713541667 0.4983722916666667 0.6806971588541667 0.46884264537037035 0.6628954260416666 0.468748575 0.6630767682291666 0.4984578111111111
2 0.6096977635416666 0.4919013685185185 0.5884001609375 0.4919013685185185 0.5881825510416667 0.5256100342592592 0.6101309692708334 0.525404788888889 0.6096977635416666 0.4919013685185185
2 0.4574934515625 0.4985404787037037 0.4360729395833333 0.49871151666666663 0.43583316562499996 0.5321636259259259 0.4574934515625 0.5320781074074075 0.4574934515625 0.4985404787037037
2 0.44953052604166666 0.41268529074074073 0.46733024375000004 0.412328962037037 0.467630465625 0.38338939537037037 0.449480153125 0.38353192685185183 0.44953052604166666 0.41268529074074073
2 0.41689703802083333 0.44352052407407405 0.41689703802083333 0.40777651111111113 0.3978702395833333 0.4079247435185185 0.39849486197916667 0.4432240592592593 0.41689703802083333 0.44352052407407405
2 0.29992141875 0.44312998888888894 0.318210759375 0.4429589509259259 0.3186983677083333 0.408580387962963 0.29992141875 0.4082297601851852 0.29992141875 0.44312998888888894
4 0.3722123713541666 0.6339424175925926 0.37219423749999997 0.6398517675925925 0.44604674583333337 0.6396550740740741 0.44599838802083336 0.6340108324074074 0.3722123713541666 0.6339424175925926
4 0.29469272604166663 0.3048204101851852 0.2946463833333333 0.3106613453703704 0.3259601046875 0.31046180185185185 0.32591376197916666 0.3049201824074074 0.29469272604166663 0.3048204101851852
4 0.3871892 0.3047833527777778 0.3870884546875 0.3106613453703704 0.41877291979166664 0.31056727500000003 0.4187386661458333 0.3047348916666667 0.3871892 0.3047833527777778
4 0.43208140260416666 0.3047833527777778 0.43211364114583334 0.31075826666666667 0.4635623614583333 0.3105188138888889 0.46352810781250003 0.30483181296296297 0.43208140260416666 0.3047833527777778
4 0.48845053385416665 0.2519156212962963 0.48859157760416666 0.25752850648148146 0.5198911947916667 0.257331812962963 0.5198629859375 0.25203534814814815 0.48845053385416665 0.2519156212962963
3 0.6806367114583334 0.3230900796296296 0.7073362885416666 0.3230957814814815 0.7073362885416666 0.31905359166666664 0.6913439453125 0.31919612314814816 0.6915434213541667 0.29443842685185184 0.7073362885416666 0.2945096925925926 0.7072879307291667 0.2904675027777778 0.6915937942708333 0.29039623703703704 0.6913943177083334 0.27081812962962964 0.6881845656250001 0.2709606611111111 0.6881845656250001 0.31905359166666664 0.680564175 0.31891106018518517 0.6806367114583334 0.3230900796296296
3 0.3722345354166666 0.500173887962963 0.3722345354166666 0.4430843787037037 0.36962321197916664 0.4431813 0.3695547046875 0.5000256555555556 0.35980455364583336 0.5001254277777777 0.35980656875 0.5041163055555555 0.4360205520833333 0.5042132268518519 0.4360205520833333 0.49973204074074073 0.3722345354166666 0.500173887962963
3 0.47708240989583334 0.4997263398148148 0.45746927239583335 0.4999743444444445 0.45749748125 0.5041191564814814 0.45950030208333337 0.5041191564814814 0.4593834375 0.6347519953703704 0.46242595208333337 0.6347805018518519 0.4624622203125 0.5041619157407408 0.47714084218749997 0.5041191564814814 0.47708240989583334 0.4997263398148148