1 0 0 0 1 1 1 1 0 0 0
3 0.5013585968750001 0.2716419611111111 0.4683652489583333 0.27147662499999997 0.468778471875 0.2791533638888889 0.49457165885416665 0.2793215509259259 0.49392259635416663 0.4029389962962963 0.490322515625 0.40310718333333334 0.4900262041666667 0.4788968074074075 0.4961056239583333 0.47856043333333337 0.495811328125 0.4137058157407407 0.5016528927083334 0.41362314722222226 0.5013585968750001 0.2716419611111111
3 0.371350534375 0.27864310185185187 0.42787139687500003 0.2792445842592593 0.42787139687500003 0.2713112888888889 0.3646361619791667 0.27179304444444446 0.36489215885416665 0.32191277037037036 0.371096553125 0.32191277037037036 0.371350534375 0.27864310185185187
3 0.32007659739583333 0.2792189277777778 0.33477927812499997 0.27932725185185187 0.33460995781249997 0.2717559861111111 0.3123422697916666 0.271875712962963 0.3124269302083333 0.33161345462962966 0.3200745817708333 0.3311316990740741 0.32007659739583333 0.2792189277777778
3 0.15881273958333333 0.7092189277777778 0.17215279166666667 0.7090450398148148 0.17239669427083332 0.7012571268518519 0.16627696041666665 0.7012571268518519 0.16676678072916667 0.47001995462962964 0.242648659375 0.3379589509259259 0.259415440625 0.3379589509259259 0.25929248125 0.3739595212962963 0.3742148760416667 0.3739595212962963 0.3742148760416667 0.3635746861111111 0.26639185625 0.363922462962963 0.2662688973958333 0.330171037962963 0.236772828125 0.3308637398148148 0.15954646249999999 0.4639623712962963 0.15881273958333333 0.7092189277777778
3 0.22649264270833333 0.7016733185185186 0.20772223333333334 0.7018415055555556 0.20778270520833333 0.7086031925925925 0.22643418645833335 0.7086031925925925 0.22649264270833333 0.7016733185185186
3 0.30155613802083336 0.7016220064814814 0.28797419895833337 0.7016220064814814 0.28774440625 0.5218814138888889 0.281030034375 0.5218814138888889 0.28086071354166664 0.7014538194444444 0.2769502114583334 0.7014538194444444 0.27694214895833336 0.7087970351851852 0.3016670026041667 0.7087143675925925 0.30155613802083336 0.7016220064814814
3 0.39574682499999997 0.719492587962963 0.3773956864583334 0.7192930444444444 0.3774662364583333 0.7013626 0.36209635156250003 0.7015649944444444 0.36209635156250003 0.7278078675925926 0.3959524291666667 0.7281071833333334 0.39574682499999997 0.719492587962963
3 0.5203668614583333 0.7087856324074073 0.5322656723958333 0.7087856324074073 0.5323523484375 0.7015735462962963 0.5141624671875 0.7016932722222222 0.5143338036458334 0.7198432157407407 0.4963999192708333 0.7199629416666666 0.4962305984375 0.7282582666666666 0.5201128802083334 0.7283779935185185 0.5203668614583333 0.7087856324074073
3 0.6138923604166667 0.49805872314814814 0.5612658739583334 0.4982041046296296 0.5613686755208334 0.40301026203703705 0.535869784375 0.4031527935185185 0.5361761739583333 0.4135376287037037 0.5545353760416667 0.4131043333333333 0.5549425520833334 0.5075798175925925 0.6071618625 0.5081556444444444 0.6072626484375 0.7014310148148147 0.5923725057291667 0.7017189277777778 0.5922717192708333 0.7087856324074073 0.6144023380208333 0.7084977194444445 0.6138923604166667 0.49805872314814814
3 0.5523301755208333 0.4727194981481482 0.5376718401041667 0.4725798175925926 0.5377222333333334 0.4781442416666667 0.5522797822916666 0.4781442416666667 0.5523301755208333 0.4727194981481482
3 0.6069381171875 0.5305558722222222 0.5554706713541666 0.5306385407407407 0.5549989921874999 0.5078506268518518 0.5513384395833333 0.5075997722222222 0.5517516630208333 0.5359806157407407 0.6070550291666666 0.5358124287037037 0.6069381171875 0.5305558722222222
3 0.6016670026041666 0.7013112888888889 0.6053174765624999 0.7013740018518518 0.6052731302083333 0.6501881416666667 0.6073231203125 0.6501881416666667 0.6072142713541666 0.639372862037037 0.592066115625 0.6395809574074074 0.5921648859374999 0.6509891675925926 0.601608546875 0.650570125 0.6016670026041666 0.7013112888888889
3 0.5095565411458334 0.639942987037037 0.5140173354166666 0.640344925925926 0.513934690625 0.6534606611111111 0.4959907276041667 0.6533808435185184 0.49581334427083334 0.6646493731481482 0.5223160651041667 0.6647291907407407 0.5226164078125 0.6514538194444444 0.5323503328125 0.6512115166666667 0.53213061875 0.6394241731481481 0.5172062083333333 0.6394583805555556 0.5173936708333333 0.5313255416666667 0.5106067322916666 0.5309064990740741 0.5095565411458334 0.639942987037037
3 0.36214674479166664 0.6505900796296297 0.37715379947916666 0.6506927027777778 0.37708123385416664 0.6647092361111111 0.39670227760416665 0.6646151657407406 0.39627696041666666 0.653697262962963 0.38488208020833337 0.653697262962963 0.3848034671875 0.6396721777777777 0.36235234843749997 0.6394726342592593 0.36214674479166664 0.6505900796296297
3 0.3911288046875 0.5308580388888889 0.377359403125 0.5310661342592593 0.3770207619791667 0.6360689851851852 0.381546059375 0.6359663629629629 0.38099979843750004 0.5735661342592593 0.391227575 0.5737770805555555 0.3911288046875 0.5308580388888889
3 0.3022334208333334 0.6390592925925925 0.287871396875 0.6390592925925925 0.2878210036458333 0.6507440138888889 0.30228179791666665 0.6508836944444444 0.3022334208333334 0.6390592925925925
3 0.34642007656249996 0.5307497148148148 0.2877867364583333 0.5307497148148148 0.2877867364583333 0.536593500925926 0.3466115703125 0.5366619157407407 0.34642007656249996 0.5307497148148148
3 0.2810118927083333 0.6239737740740741 0.27689981874999997 0.6237770805555556 0.27697036875 0.6342958953703705 0.2808667609375 0.6343956666666667 0.2810118927083333 0.6239737740740741
3 0.20968554739583334 0.643010262037037 0.21818383385416668 0.6428078675925926 0.21818383385416668 0.6349971490740741 0.22647046979166668 0.6346949833333334 0.22640596666666665 0.6237742305555555 0.16662164895833334 0.6240792472222222 0.16662164895833334 0.6344954388888889 0.20982664791666666 0.6343956666666667 0.20968554739583334 0.643010262037037
3 0.23232211249999998 0.472160775 0.22052207239583332 0.4720809574074074 0.22105220729166666 0.40422177870370374 0.26891755677083334 0.4037998861111111 0.2687966135416667 0.472160775 0.257351340625 0.4720809574074074 0.2571739567708333 0.47834093518518517 0.3424571661458333 0.47800171018518517 0.34227978229166667 0.47198973796296295 0.2976597458333333 0.4715792472222222 0.29701471458333334 0.3959578111111111 0.36943559791666664 0.3958665907407407 0.36943559791666664 0.4720809574074074 0.3670126989583334 0.472160775 0.36713364218750005 0.47816989722222225 0.37379762135416666 0.47825256574074076 0.37326547083333333 0.39453534814814817 0.3919229994791667 0.3943643101851852 0.39185849635416664 0.38443842685185187 0.37379762135416666 0.38484891666666665 0.3735073572916667 0.37408209814814813 0.369610965625 0.37408209814814813 0.36978834895833335 0.3912799314814815 0.29712759531250005 0.39135974907407406 0.2970711552083333 0.373751425 0.29323321927083335 0.37392246296296294 0.2935859703125 0.47183010277777776 0.272580125 0.472160775 0.27231808125 0.3984207527777778 0.22103809739583333 0.39852052407407407 0.22089699635416665 0.3762856324074074 0.21721427135416665 0.38199543888888887 0.217355371875 0.4721408212962963 0.16664382187500001 0.47184150555555554 0.16669421510416665 0.47825256574074076 0.23249748020833336 0.47800171018518517 0.23232211249999998 0.472160775
3 0.39145938333333336 0.2790706953703704 0.38714976822916664 0.27890535925925924 0.38721024010416666 0.31462941851851856 0.3712154807291667 0.31462941851851856 0.3713908484375 0.3218072972222222 0.39145938333333336 0.32147377407407407 0.39145938333333336 0.2790706953703704
3 0.4941100583333334 0.3508038768518518 0.479804475 0.3507041046296296 0.4799435598958333 0.36262827777777773 0.49418262447916667 0.36232326111111113 0.4941100583333334 0.3508038768518518
3 0.4263293692708333 0.3621123148148148 0.4395746822916667 0.36221208703703706 0.4395041322916667 0.3503933861111111 0.4221507760416667 0.3502936148148148 0.4221507760416667 0.3945638537037037 0.42625881875 0.3945638537037037 0.4263293692708333 0.3621123148148148
4 0.4683652489583333 0.27147662499999997 0.42787139687500003 0.2713112888888889 0.42787139687500003 0.2792445842592593 0.468778471875 0.2791533638888889 0.4683652489583333 0.27147662499999997
4 0.3646361619791667 0.27179304444444446 0.33460995781249997 0.2717559861111111 0.33477927812499997 0.27932725185185187 0.3646341463541667 0.27986602037037034 0.3646361619791667 0.27179304444444446
4 0.20772223333333334 0.7018415055555556 0.17239669427083332 0.7012571268518519 0.17215279166666667 0.7090450398148148 0.20778270520833333 0.7086031925925925 0.20772223333333334 0.7018415055555556
4 0.2769502114583334 0.7014538194444444 0.22649264270833333 0.7016733185185186 0.22632130625 0.7116248574074074 0.2770792177083334 0.7112656787037037 0.2769502114583334 0.7014538194444444
4 0.36209635156250003 0.7015649944444444 0.30155613802083336 0.7016220064814814 0.3015158234375 0.7114680731481482 0.3622213265625 0.7106043333333333 0.36209635156250003 0.7015649944444444
4 0.39574682499999997 0.719492587962963 0.396123765625 0.7308523379629629 0.4963596046875 0.730507412037037 0.4963999192708333 0.7199629416666666 0.39574682499999997 0.719492587962963
4 0.49581334427083334 0.6646493731481482 0.49611368697916663 0.6476026222222222 0.39661157031250005 0.648121437037037 0.39670227760416665 0.6646151657407406 0.49581334427083334 0.6646493731481482
4 0.5323503328125 0.6512115166666667 0.5921648859374999 0.6509891675925926 0.5919451723958333 0.6344469787037037 0.5320963515625 0.6342730898148149 0.5323503328125 0.6512115166666667
4 0.5923725057291667 0.7017189277777778 0.5323523484375 0.7015735462962963 0.5324632130208333 0.7112941842592593 0.5923120338541668 0.7114680731481482 0.5923725057291667 0.7017189277777778
4 0.479804475 0.3507041046296296 0.4395041322916667 0.3503933861111111 0.43944769218749996 0.3666220064814815 0.47954243072916664 0.3668301027777778 0.479804475 0.3507041046296296
2 0.5019008265625 0.4166106046296296 0.5361116708333333 0.4163112888888889 0.5358274541666667 0.35641391111111115 0.501548075 0.35611174444444443 0.5019008265625 0.4166106046296296
2 0.5514089901041667 0.531758837037037 0.5173936708333333 0.5313255416666667 0.5173856078125 0.5779703537037038 0.551159040625 0.5776795898148148 0.5514089901041667 0.531758837037037
2 0.377359403125 0.5310661342592593 0.34642007656249996 0.5307497148148148 0.34698447916666664 0.5763797037037037 0.3772747432291667 0.5763797037037037 0.377359403125 0.5310661342592593
4 0.30228179791666665 0.6508836944444444 0.36214674479166664 0.6505900796296297 0.3622213265625 0.6342730898148149 0.3016387822916667 0.6346208666666666 0.30228179791666665 0.6508836944444444
4 0.22647046979166668 0.6346949833333334 0.27697036875 0.6342958953703705 0.27728280572916664 0.6190421888888888 0.22612578125 0.6192160777777778 0.22647046979166668 0.6346949833333334
2 0.21792582135416666 0.6761602055555556 0.21818383385416668 0.6428078675925926 0.1922233421875 0.6434464083333333 0.19197742395833334 0.6765108324074074 0.21792582135416666 0.6761602055555556
3 0.21767990312500002 0.7016020527777778 0.21792582135416666 0.6761602055555556 0.2099697640625 0.6763340935185186 0.2099697640625 0.7012571268518519 0.21767990312500002 0.7016020527777778
2 0.28774440625 0.5218814138888889 0.28802862343749996 0.47877708055555557 0.2517536786458333 0.4785718361111111 0.252195121875 0.5217702398148147 0.28774440625 0.5218814138888889
2 0.23249748020833336 0.47800171018518517 0.2571739567708333 0.47834093518518517 0.25733521458333336 0.4372377425925926 0.23251360625 0.43702964629629626 0.23249748020833336 0.47800171018518517
2 0.3424571661458333 0.47800171018518517 0.36713364218750005 0.47816989722222225 0.3673372302083333 0.4364082101851852 0.3429570651041667 0.43620011388888885 0.3424571661458333 0.47800171018518517
2 0.39212860312500003 0.3993215509259259 0.4223704895833333 0.39962086666666663 0.4219471880208333 0.34787913333333337 0.3917053015625 0.3481784490740741 0.39212860312500003 0.3993215509259259
2 0.3124269302083333 0.33161345462962966 0.312511590625 0.3637770805555556 0.3372949 0.3636316990740741 0.3371920984375 0.33132554166666667 0.3124269302083333 0.33161345462962966