4 0.53800926875 0.1475605583333333 0.5379871046875 0.1540039898148148 0.5553233932291667 0.15404673703703703 0.5553233932291667 0.14756910833333334 0.53800926875 0.1475605583333333
4 0.47991537395833334 0.1570732398148148 0.47989522447916666 0.16315189537037036 0.48901470885416665 0.16310914814814814 0.4889341125 0.15710173796296298 0.47991537395833334 0.1570732398148148
2 0.600519846875 0.1861356509259259 0.6136167640625001 0.1860929037037037 0.6135260932291666 0.16328013703703703 0.6005399958333334 0.16320889166666666 0.600519846875 0.1861356509259259
2 0.656862784375 0.26441721296296294 0.6681341932291667 0.26433741851851855 0.6681624015625 0.24721573055555557 0.6568083817708333 0.24719578240740742 0.656862784375 0.26441721296296294
2 0.6976224057291667 0.264422912962963 0.7090207536458333 0.26433741851851855 0.7089200078125 0.24721858055555554 0.697568003125 0.24720148148148147 0.6976224057291667 0.264422912962963
2 0.6482873260416666 0.22800512962962963 0.657568003125 0.22804217685185185 0.6574471088541666 0.21278711851851853 0.6483578479166667 0.2127443712962963 0.6482873260416666 0.22800512962962963
2 0.7151601854166666 0.22771444814814815 0.7258835380208333 0.2277429462962963 0.7259238364583334 0.21045597037037037 0.7151380213541666 0.2104417212962963 0.7151601854166666 0.22771444814814815
2 0.7152387666666667 0.1944029638888889 0.7256941364583334 0.19437446574074074 0.7255833166666666 0.17737247037037035 0.7151682447916666 0.17725847777777778 0.7152387666666667 0.1944029638888889
2 0.7856538385416666 0.19454545462962963 0.7949445901041667 0.19451695648148148 0.7948942171875 0.17926189814814814 0.7857142859375 0.17926189814814814 0.7856538385416666 0.19454545462962963
3 0.7663207739583334 0.2756739814814815 0.7663006244791667 0.31277856944444443 0.7679871046875 0.3127500712962963 0.7679669557291666 0.2756739814814815 0.7663207739583334 0.2756739814814815
2 0.49851702604166664 0.2840837842592593 0.4985573239583333 0.2977343972222222 0.5094338104166667 0.29781989166666667 0.5093028411458334 0.2840837842592593 0.49851702604166664 0.2840837842592593
2 0.24757001822916666 0.22860359074074074 0.24751360052083332 0.2432516388888889 0.2568305458333333 0.24324878888888887 0.25679024791666666 0.22864633796296296 0.24757001822916666 0.22860359074074074
2 0.2833004229166667 0.1876831009259259 0.28318960312499997 0.21150185277777778 0.29635704218750003 0.21150185277777778 0.2964174895833333 0.18756625833333335 0.2833004229166667 0.1876831009259259
2 0.29855732395833334 0.26241664259259256 0.298607696875 0.27969222037037034 0.3098972395833333 0.27959247685185185 0.30988716510416664 0.26237389537037037 0.29855732395833334 0.26241664259259256
2 0.20226878906249998 0.19118552314814816 0.202035059375 0.20852949537037038 0.2131855734375 0.20854659444444446 0.21319564791666668 0.1912710175925926 0.20226878906249998 0.19118552314814816
4 0.14936530312500002 0.25531490462962964 0.14936731822916668 0.30497292685185184 0.1548901875 0.3050555712962963 0.15489623229166666 0.25534055277777773 0.14936530312500002 0.25531490462962964
2 0.1903969375 0.22332573425925925 0.19023574427083334 0.2386719861111111 0.20239774322916665 0.23870333425925924 0.20235543020833333 0.22326588796296296 0.1903969375 0.22332573425925925
2 0.2084364296875 0.3203191796296296 0.20854724947916664 0.3354488453703704 0.2204896234375 0.33551154166666664 0.2204896234375 0.32034767777777773 0.2084364296875 0.3203191796296296
4 0.15011283489583332 0.13139925925925927 0.15009873072916669 0.14745796481481482 0.1532218416666667 0.14752066111111112 0.1531936328125 0.13139925925925927 0.15011283489583332 0.13139925925925927
4 0.1493612734375 0.15835850648148148 0.14937134791666665 0.18297805648148147 0.15350594374999998 0.18299230555555554 0.15348982447916668 0.15835565648148148 0.1493612734375 0.15835850648148148
2 0.3168668145833333 0.2252579083333333 0.3168668145833333 0.24320034166666665 0.32822687864583333 0.2431860925925926 0.3281664317708334 0.22528640648148146 0.3168668145833333 0.2252579083333333
4 0.2078541203125 0.348261612962963 0.20792665729166665 0.35504702222222223 0.21686882916666667 0.35504702222222223 0.21689300833333333 0.3482046166666667 0.2078541203125 0.348261612962963
4 0.2297400765625 0.3483613564814815 0.22980455364583333 0.35509261851851853 0.24710054427083333 0.3551068675925926 0.24720934895833332 0.34834710740740743 0.2297400765625 0.3483613564814815
1 0 0 0 1 1 1 1 0 0 0
2 0.22310296197916665 0.16628954074074073 0.22313117083333334 0.1722542037037037 0.23353818229166665 0.17228555185185185 0.23358855520833333 0.16627529166666666 0.22310296197916665 0.16628954074074073
4 0.27019544635416665 0.2834425759259259 0.2702337296875 0.2902251351851852 0.29372758437499996 0.2901766888888889 0.29372758437499996 0.2833855796296296 0.27019544635416665 0.2834425759259259
3 0.297285915625 0.32870333425925924 0.2973020348958333 0.2856739814814815 0.29377191197916663 0.28567683055555554 0.29375176302083333 0.33377315462962964 0.3059943583333334 0.3337446564814815 0.3059238364583334 0.3286890851851852 0.297285915625 0.32870333425925924
3 0.3159419708333333 0.2091906527777778 0.3158633890625 0.18282701666666668 0.36098932083333335 0.1827557712962963 0.36098932083333335 0.24146765462962966 0.35802740260416666 0.2414961527777778 0.35802538802083334 0.24650897685185186 0.364563771875 0.24652322592592593 0.36458392083333335 0.17693074907407408 0.3117247630208333 0.1769165 0.3117146885416667 0.20336848148148148 0.29642957864583336 0.20332573425925926 0.2964195041666667 0.20606725555555555 0.2975921822916667 0.2060387574074074 0.29761233125 0.20924764907407406 0.3159419708333333 0.2091906527777778
3 0.3282571026041667 0.23987460833333332 0.3282772515625 0.24265887685185186 0.3342333265625 0.24265887685185186 0.33424340104166667 0.23991735555555557 0.3282571026041667 0.23987460833333332
3 0.2644630265625 0.3296808203703704 0.26443884739583334 0.33324308888888887 0.29360467447916666 0.333277287037037 0.29360467447916666 0.3296808203703704 0.2644630265625 0.3296808203703704
3 0.21826717708333332 0.3355970361111111 0.21829941562500002 0.3489997148148148 0.2204090265625 0.34898546574074074 0.22035260937499998 0.3356198342592593 0.21826717708333332 0.3355970361111111
3 0.31525085625 0.21079794814814815 0.31524481145833333 0.23989455648148147 0.29800926874999994 0.23992305462962962 0.29800926874999994 0.2329638074074074 0.2968587546875 0.2329638074074074 0.29688293385416664 0.24262752962962963 0.31678017343750003 0.24262752962962963 0.31680838177083337 0.21079794814814815 0.31525085625 0.21079794814814815
3 0.33421922239583335 0.26296095740740744 0.30992343333333333 0.26300370462962963 0.30992343333333333 0.26506412037037036 0.33420914791666667 0.26506412037037036 0.33421922239583335 0.26296095740740744
3 0.25963731614583335 0.2650441722222222 0.2595990328125 0.28364206296296296 0.2610356640625 0.2836278138888889 0.26098327604166666 0.2630550018518519 0.25124118489583336 0.2630550018518519 0.251251259375 0.2650441722222222 0.25963731614583335 0.2650441722222222
3 0.2970521859375 0.2630293527777778 0.29709248437499997 0.2836705611111111 0.2984988916666667 0.2836705611111111 0.2984686682291667 0.2630436018518518 0.2970521859375 0.2630293527777778
3 0.2473967359375 0.23854089444444446 0.24753375 0.18149615277777778 0.2652024984375 0.1815901962962963 0.26508361875 0.21816471944444443 0.25655651822916664 0.21820746666666666 0.25653636927083334 0.2209917351851852 0.26539391510416666 0.22100598425925927 0.2654060046875 0.24040467407407407 0.2568789036458333 0.24041892314814817 0.2568889786458333 0.2424764888888889 0.265436228125 0.24242234259259257 0.265436228125 0.2426503277777778 0.2765242796875 0.2426503277777778 0.2765242796875 0.24240809351851852 0.2811243197916667 0.24240809351851852 0.2811243197916667 0.24044742129629632 0.27650413072916663 0.2404331722222222 0.2765001005208333 0.21006839537037036 0.27482369531249995 0.21006839537037036 0.2748337697916667 0.24026503240740743 0.26697964947916664 0.24025078333333333 0.2670622609375 0.1810373324074074 0.2740519848958333 0.18105158148148148 0.27408220833333335 0.17890567129629628 0.245718315625 0.17891137037037036 0.24568607708333332 0.19037617592592593 0.24256095104166667 0.19037617592592593 0.2426052791666667 0.17937589074074076 0.24110417083333333 0.17935879166666666 0.24110417083333333 0.19037617592592593 0.23350594375 0.19038472499999998 0.23350594375 0.19268452592592591 0.24552689895833335 0.19268452592592591 0.245488615625 0.2385693925925926 0.2473967359375 0.23854089444444446
3 0.19592182135416666 0.34113137685185185 0.195911746875 0.34894556851851855 0.19761031614583333 0.34893131944444444 0.19758009270833332 0.3386890851851852 0.19285109791666669 0.3387688796296296 0.19289945572916667 0.3201510398148148 0.2204009671875 0.3200883444444444 0.22037074375000001 0.31761470462962965 0.18651219010416667 0.3175349101851852 0.18653636927083334 0.31995440277777776 0.19119081197916668 0.31996580185185186 0.19120088645833333 0.34116272407407405 0.19592182135416666 0.34113137685185185
3 0.2702155953125 0.29381305185185186 0.27018537187499997 0.2858022231481482 0.2644207130208333 0.28575947592592593 0.2644307880208333 0.28787403796296296 0.26852710052083334 0.2878455398148148 0.2685472494791667 0.2938273009259259 0.2702155953125 0.29381305185185186
2 0.7046725770833333 0.8012995157407407 0.7154644369791666 0.8012710175925926 0.7154644369791666 0.7877942435185185 0.7047209348958333 0.7877942435185185 0.7046725770833333 0.8012995157407407
3 0.7285250854166667 0.6987916787037037 0.7285250854166667 0.7001567398148147 0.736078984375 0.700199487037037 0.7360890588541668 0.6987774296296296 0.7285250854166667 0.6987916787037037
2 0.7183115052083333 0.698267312962963 0.7182913562500001 0.703664862037037 0.7285049364583334 0.7036078657407407 0.7285049364583334 0.6983243092592593 0.7183115052083333 0.698267312962963
2 0.6903727583333333 0.7221459101851853 0.6903646989583333 0.7384668 0.7036469875000001 0.7383699055555555 0.7035381822916666 0.7222314046296296 0.6903727583333333 0.7221459101851853
2 0.7078158369791667 0.7193901398148148 0.7186137416666667 0.7194043888888889 0.7185835182291667 0.7065346250000001 0.7078964338541667 0.7066486175925927 0.7078158369791667 0.7193901398148148
2 0.6822425953125 0.6616101453703703 0.6822043119791666 0.6770447416666666 0.6944186984375 0.6770447416666666 0.6943401166666666 0.6615730981481482 0.6822425953125 0.6616101453703703
2 0.6234394520833334 0.7437389574074074 0.6234696755208333 0.7609404388888888 0.634511384375 0.7610173842592592 0.6345275036458333 0.7437817046296296 0.6234394520833334 0.7437389574074074
3 0.619119484375 0.724431462037037 0.619250453125 0.6669848962962963 0.619119484375 0.6669848962962963 0.619119484375 0.6600940435185185 0.6209389484375 0.6601082925925926 0.6209389484375 0.6550384722222222 0.5915615557291667 0.654995725 0.5915897640625 0.6600797944444444 0.6163892807291667 0.6600655453703703 0.616308684375 0.7244599601851851 0.619119484375 0.724431462037037
3 0.5765081604166666 0.6963465370370371 0.57643159375 0.6601510398148148 0.5823796088541666 0.6600797944444444 0.5823796088541666 0.6550270731481482 0.5722566994791667 0.6550270731481482 0.5723070723958333 0.6981533203703704 0.574114446875 0.6981533203703704 0.5741043723958333 0.6963294388888889 0.5765081604166666 0.6963465370370371
2 0.5806367114583334 0.6939897407407407 0.5806326817708333 0.6989626675925926 0.5906568609375 0.6989911657407407 0.5906749947916666 0.6939327444444444 0.5806367114583334 0.6939897407407407
2 0.5605762645833334 0.6981818185185186 0.5606266369791667 0.7163094898148148 0.5778400161458334 0.7164491305555555 0.5778782994791667 0.6981932175925926 0.5605762645833334 0.6981818185185186
3 0.7108764859375001 0.6594499861111112 0.7035039291666667 0.6594499861111112 0.7035039291666667 0.6491707037037038 0.7018174489583333 0.6491992018518519 0.7018194640625001 0.6616044453703703 0.7108764859375001 0.66154175 0.7108764859375001 0.6594499861111112
3 0.6825428166666666 0.7202051870370371 0.6825669958333334 0.7220461666666667 0.6905601453125 0.7220461666666667 0.6905601453125 0.7202308351851852 0.6825428166666666 0.7202051870370371
3 0.5774571833333333 0.6940153888888888 0.5774370338541667 0.6968994018518518 0.5806105177083333 0.6968709037037037 0.5806004432291666 0.6940296379629629 0.5774571833333333 0.6940153888888888
3 0.7290207536458334 0.7206355083333333 0.729030828125 0.7220547166666667 0.7360809994791667 0.7220547166666667 0.7360910739583333 0.7206640064814815 0.7290207536458334 0.7206355083333333
3 0.7373604677083333 0.7839327444444445 0.7134716906249999 0.7839355944444445 0.7134878098958333 0.7877372472222222 0.7152246625 0.7877229981481482 0.7152145880208334 0.7862752916666667 0.7373665119791667 0.7862439444444445 0.7373604677083333 0.7839327444444445
3 0.7315031229166666 0.8062781416666667 0.7315051380208334 0.8114819037037037 0.7409651421875 0.8114819037037037 0.7410014104166667 0.6590681101851852 0.7310779770833334 0.6591051583333334 0.7310880515625 0.6642034768518518 0.7374249447916666 0.6641607296296296 0.7374108401041667 0.8063151898148149 0.7315031229166666 0.8062781416666667
3 0.7134898244791666 0.8013308638888889 0.7135079588541667 0.8066372185185184 0.7152407817708333 0.8066343685185186 0.7152367520833334 0.8013080648148148 0.7134898244791666 0.8013308638888889
4 0.5004251458333333 0.2785978907407407 0.5004533546875 0.284032487962963 0.5181120291666667 0.28404103703703704 0.5181221036458333 0.2785978907407407 0.5004251458333333 0.2785978907407407
3 0.695833165625 0.7880250787037038 0.6958029416666667 0.7839897407407408 0.6917650614583334 0.7840182388888889 0.6917952848958334 0.8066628666666666 0.6933427364583333 0.8066628666666666 0.6933064677083334 0.7880136787037036 0.695833165625 0.7880250787037038
3 0.6274209145833333 0.8067198629629629 0.6274209145833333 0.8117782842592592 0.6446504130208334 0.8117811342592592 0.6446302640624999 0.8067255629629629 0.6274209145833333 0.8067198629629629
3 0.6834696755208333 0.8066343685185186 0.6834596010416667 0.8116927898148147 0.6959580901041666 0.8116728416666666 0.6959580901041666 0.8066201194444444 0.6834696755208333 0.8066343685185186
3 0.6934596010416667 0.7830208037037037 0.6934596010416667 0.7793701907407407 0.6935442270833333 0.7791849527777778 0.6935442270833333 0.7384952981481482 0.6905682046875 0.7385123962962963 0.6905802942708333 0.779609575 0.6906890994791667 0.7796779712962962 0.6906770098958332 0.7830379027777777 0.6934596010416667 0.7830208037037037
3 0.721789240625 0.664422912962963 0.7217993151041667 0.6593502425925926 0.7155732421875 0.659421487962963 0.7155933911458334 0.642673125925926 0.6954442875000001 0.6426588768518519 0.6954342130208333 0.6476888000000001 0.7120471489583333 0.6476033055555556 0.7120471489583333 0.6644371620370371 0.721789240625 0.664422912962963
4 0.16623211770833332 0.6581789685185185 0.1662421921875 0.6827985185185186 0.170378803125 0.6828127675925926 0.17036268385416667 0.6581761185185185 0.16623211770833332 0.6581789685185185
4 0.16701188802083333 0.6312197203703704 0.16699576875 0.6472784268518519 0.17012089479166667 0.6473411231481482 0.17009268593750002 0.6312197203703704 0.16701188802083333 0.6312197203703704
2 0.22519846875 0.8197948129629629 0.22530928854166668 0.8349244796296296 0.2372516625 0.834987175925926 0.2372516625 0.8198233111111111 0.22519846875 0.8197948129629629
2 0.2072818859375 0.7229695074074074 0.20712069322916668 0.7383186092592593 0.21928269166666667 0.7383471074074075 0.21924037864583334 0.7229125111111111 0.2072818859375 0.7229695074074074
2 0.23996373177083333 0.6661071527777778 0.23999194010416666 0.6720718157407408 0.25039895208333335 0.6721003138888889 0.250449325 0.6660929037037038 0.23996373177083333 0.6661071527777778
2 0.2191940359375 0.690951837962963 0.21896030625000001 0.7082958111111111 0.2301108203125 0.7083100601851852 0.23012089479166667 0.6910373324074074 0.2191940359375 0.690951837962963
2 0.2903123109375 0.7604445712962963 0.29035260937499996 0.765374750925926 0.3003465645833333 0.7654032490740741 0.3003465645833333 0.7603590768518519 0.2903123109375 0.7604445712962963
2 0.31541204895833336 0.7621060129629629 0.315462421875 0.7793787407407408 0.3267499494791667 0.7792818462962964 0.326739875 0.7620632657407407 0.31541204895833336 0.7621060129629629
2 0.33375176302083337 0.7250299231481482 0.33375176302083337 0.7429723564814815 0.34505944010416667 0.7429723564814815 0.34499093281250004 0.7250584212962963 0.33375176302083337 0.7250299231481482
2 0.300185371875 0.6867740092592592 0.3000745515625 0.7105984611111111 0.313241990625 0.7105984611111111 0.3133024380208333 0.6866628666666666 0.300185371875 0.6867740092592592
2 0.26446101145833334 0.7282844111111111 0.26440459374999997 0.7429296092592592 0.27371952447916664 0.7429296092592592 0.27367922604166667 0.7283271583333334 0.26446101145833334 0.7282844111111111
2 0.2644106385416667 0.7061242518518519 0.26436832552083334 0.7213280138888889 0.27333870624999995 0.7213935592592593 0.27330848281250003 0.706138500925926 0.2644106385416667 0.7061242518518519
2 0.241233125 0.689811912037037 0.24120491614583334 0.7051524648148149 0.2504593994791667 0.7051154175925926 0.2504291760416667 0.6897862638888889 0.241233125 0.689811912037037
3 0.21275639739583332 0.8407723 0.21278460625 0.8489227703703703 0.21444287708333334 0.8488999712962962 0.21443280260416667 0.8384696490740741 0.2097219421875 0.8384411509259259 0.20973403177083333 0.8197435166666667 0.23727382656249998 0.8197150185185186 0.2372436026041667 0.8172442287037037 0.20332057239583332 0.8172670277777777 0.20338504947916666 0.819620975 0.20806165625 0.819603875925926 0.2080656859375 0.8407979481481481 0.21275639739583332 0.8407723
3 0.2579850895833333 0.6791792537037037 0.25800926875 0.690208036111111 0.2594559739583333 0.6901909379629629 0.25941769114583335 0.6791621546296297 0.2579850895833333 0.6791792537037037
3 0.25049163802083335 0.666546024074074 0.2504714890625 0.6685921916666666 0.2579226276041667 0.6686064407407407 0.2579145677083333 0.6665887712962963 0.25049163802083335 0.666546024074074
3 0.23509973802083334 0.6665745222222222 0.2351400364583333 0.6245255055555555 0.2335462421875 0.6245283555555555 0.23361474895833334 0.6686064407407407 0.23993149322916668 0.6686064407407407 0.23991134374999998 0.6665745222222222 0.23509973802083334 0.6665745222222222
3 0.3268204713541667 0.7627301222222221 0.32681039687499996 0.7647905388888889 0.3510961114583333 0.7647905388888889 0.3510961114583333 0.762701624074074 0.3268204713541667 0.7627301222222221
3 0.3153677213541667 0.7833770305555555 0.3153334677083333 0.7627529212962962 0.3003747734375 0.7627415222222222 0.3003848479166667 0.7647164435185185 0.3139633286458333 0.7647449416666666 0.3139310901041667 0.7833770305555555 0.3153677213541667 0.7833770305555555
3 0.28707435000000003 0.7934767740740741 0.28705823072916664 0.7854317472222222 0.2812633489583333 0.7854744944444444 0.2812834979166666 0.7875491592592593 0.2853979447916667 0.787489312962963 0.28542816822916667 0.7934767740740741 0.28707435000000003 0.7934767740740741
3 0.33210155156250004 0.710589912037037 0.3321136411458333 0.7395753777777777 0.3148801130208333 0.7396038759259259 0.3148801130208333 0.7326446277777778 0.313727584375 0.7326446277777778 0.3137517630208333 0.7423083500000001 0.3336490026041667 0.7423083500000001 0.3336691515625 0.710589912037037 0.33210155156250004 0.710589912037037
3 0.3450856338541667 0.7395582787037037 0.3450856338541667 0.742319749074074 0.3511565583333333 0.7422770018518519 0.35114849895833333 0.7395582787037037 0.3450856338541667 0.7395582787037037
2 0.1741547453125 0.6552351092592592 0.17412653645833334 0.670578512037037 0.18357848072916666 0.6705386148148148 0.1835422125 0.6552151611111111 0.1741547453125 0.6552351092592592
3 0.23474309895833334 0.7382331148148148 0.23471891979166667 0.7290054148148147 0.25034051979166666 0.7289797666666666 0.2503465645833333 0.7382502138888889 0.252123715625 0.7382644629629629 0.252097521875 0.7264605296296296 0.23504332031250003 0.7265118268518519 0.23503727604166666 0.6925163861111111 0.241198871875 0.6924707898148148 0.24119484166666666 0.6902878314814814 0.23315937916666665 0.6902878314814814 0.23318355833333332 0.7055115416666666 0.2301813421875 0.7055200907407407 0.2301813421875 0.7075520092592592 0.23315333489583334 0.707509262037037 0.233145275 0.7382331148148148 0.23474309895833334 0.7382331148148148
3 0.23516623020833333 0.8350840694444445 0.23521660260416669 0.848845825 0.23730203489583335 0.848831575925926 0.2372516625 0.8351068675925927 0.23516623020833333 0.8350840694444445
3 0.277902478125 0.7833456824074074 0.27786218020833336 0.7647221435185185 0.29028611718749997 0.7647648907407408 0.29028208749999995 0.762701624074074 0.26812411822916665 0.762698775 0.26812411822916665 0.7647449416666666 0.27651219010416667 0.7646936453703704 0.27648801145833335 0.7833399833333333 0.277902478125 0.7833456824074074
3 0.313753778125 0.7105927611111111 0.313753778125 0.7181647194444444 0.31490832135416663 0.7181647194444444 0.3148680234375 0.7105927611111111 0.313753778125 0.7105927611111111
3 0.2642836994791667 0.7382359648148148 0.2644247432291667 0.6813793101851852 0.28197058229166666 0.6813508120370371 0.2819746119791667 0.7180450268518518 0.27344751145833335 0.7180877740740741 0.2734273625 0.7208720435185185 0.28228490833333336 0.7208862925925926 0.2822969979166666 0.7402849814814815 0.2737698973958333 0.7402992305555556 0.273779971875 0.7423596462962964 0.28232722135416666 0.7423026500000001 0.28232722135416666 0.7425306351851851 0.29341527291666664 0.7425306351851851 0.29341527291666664 0.742288400925926 0.29801531354166666 0.742288400925926 0.29801531354166666 0.7403305787037037 0.29339512395833334 0.7403163296296297 0.2933910942708333 0.7099487037037037 0.2917146885416667 0.7099487037037037 0.29172476302083333 0.7401481907407408 0.28387064270833334 0.7401339416666667 0.28387064270833334 0.6808520944444444 0.29093088854166665 0.6808378453703704 0.2909611119791667 0.6787660305555556 0.26260930885416667 0.6787945287037037 0.26261132395833336 0.6903134796296296 0.250467459375 0.6902593333333333 0.25046947395833336 0.6924565407407408 0.26228893802083336 0.6924764888888889 0.2623050572916667 0.7382359648148148 0.2642836994791667 0.7382359648148148
3 0.21739472083333336 0.6938216018518518 0.21742494479166666 0.7228298657407407 0.21887165 0.7228298657407407 0.21887165 0.6938358509259259 0.21739472083333336 0.6938216018518518
3 0.17132178125 0.7388828722222223 0.17132178125 0.7422485037037037 0.1858190609375 0.7423026500000001 0.1858190609375 0.7388657740740742 0.17132178125 0.7388828722222223
3 0.18349183958333332 0.6829666574074074 0.18346161614583334 0.6896865203703704 0.17034454947916666 0.6896437731481482 0.170334475 0.6920290685185185 0.18617368541666668 0.6920290685185185 0.18618375989583333 0.6829524083333334 0.18349183958333332 0.6829666574074074
3 0.1846383234375 0.6263237388888888 0.18464235364583334 0.6552379592592593 0.1835986296875 0.6552522083333333 0.18360870416666666 0.6579110861111112 0.18614950625 0.6579395842592592 0.1862159984375 0.6263123398148148 0.1846383234375 0.6263237388888888
3 0.17038081822916668 0.6552522083333333 0.1703646989583333 0.6579652324074073 0.17410638750000001 0.6579680824074075 0.17410034270833333 0.6552807064814815 0.17038081822916668 0.6552522083333333
3 0.23297602239583334 0.7383100601851852 0.23296393333333335 0.7426731259259259 0.2643501916666667 0.7426588768518518 0.264370340625 0.7382986601851852 0.23297602239583334 0.7383100601851852
3 0.18584928489583333 0.7383984037037037 0.1858573442708333 0.7426645768518519 0.21910135 0.7426759759259259 0.2190610515625 0.7384867481481482 0.18584928489583333 0.7383984037037037
3 0.2190973203125 0.6937703046296296 0.21906709635416668 0.6893530916666667 0.18960910729166666 0.689418637962963 0.189339109375 0.6897007694444445 0.1868023375 0.6897007694444445 0.18679427760416667 0.6934568249999999 0.18936530312500002 0.6934853231481481 0.18960507760416664 0.6938273009259259 0.2190973203125 0.6937703046296296
3 0.3327966953125 0.7090054148148148 0.3327160989583334 0.6826417787037037 0.37784203125 0.6825705333333334 0.37784203125 0.7412824166666667 0.3749304854166667 0.7412966657407408 0.37488011302083335 0.7463237388888889 0.381418496875 0.7463379879629629 0.38143864583333337 0.676745511111111 0.3285794880208333 0.676731262037037 0.3285694135416667 0.7031832435185186 0.31333266145833333 0.7031404962962964 0.3133225869791667 0.7058535194444445 0.3144469072916667 0.7058535194444445 0.31446705625 0.7090624111111111 0.3327966953125 0.7090054148148148
3 0.35748539166666665 0.7463123398148148 0.3574249447916667 0.7412966657407408 0.35253475729166667 0.7412966657407408 0.352510578125 0.8283699055555556 0.343753778125 0.8283613564814815 0.3437497479166666 0.8333798805555556 0.35605480572916665 0.8334368768518517 0.35605883541666666 0.7463265888888889 0.35748539166666665 0.7463123398148148
3 0.3141466854166667 0.8283727555555556 0.31414467031250004 0.7852978055555555 0.3106306671875 0.7853462527777778 0.31061051770833337 0.833442575925926 0.3228531130208333 0.8334140777777778 0.32278460625 0.8283585064814816 0.3141466854166667 0.8283727555555556
3 0.2871912151041667 0.7968937018518519 0.2871609911458333 0.7935280703703703 0.281225065625 0.7935565685185185 0.281225065625 0.7853320037037037 0.2777110619791667 0.7853320037037037 0.2777050171875 0.8501054435185185 0.2640539994791667 0.8500655453703704 0.2640036270833333 0.8551239666666666 0.28125931875 0.8551524648148148 0.2812552890625 0.7969079509259259 0.2871912151041667 0.7968937018518519
3 0.2337658671875 0.8501225416666667 0.23377191197916666 0.855186662962963 0.24660890572916666 0.8551581648148149 0.24655853333333333 0.8500740953703704 0.2337658671875 0.8501225416666667
3 0.22475115833333334 0.8551638638888889 0.22470078593749998 0.8501196925925926 0.20230102760416668 0.8501253916666666 0.20225871458333333 0.8192875462962963 0.19754986927083334 0.8192675972222222 0.19756800312499997 0.8242918212962963 0.19870239791666666 0.8243060703703703 0.19868023385416667 0.8551268166666667 0.22475115833333334 0.8551638638888889
3 0.17017328229166667 0.8192647481481481 0.17023977447916666 0.8048418351851853 0.16663509947916666 0.804821887037037 0.16666733854166665 0.8242775722222222 0.18478138229166668 0.8243260185185185 0.18478138229166668 0.8192647481481481 0.17017328229166667 0.8192647481481481
3 0.16669554687500002 0.7283271583333334 0.16666129375 0.7550213731481482 0.1702780578125 0.7550213731481482 0.17020955052083334 0.7283556564814815 0.16669554687500002 0.7283271583333334
3 0.1666753979166667 0.6828555148148149 0.16666532343749998 0.7037218583333333 0.17019947604166666 0.703664862037037 0.17035059427083335 0.6828697638888889 0.1666753979166667 0.6828555148148149
3 0.16669554687500002 0.6473696212962963 0.16669554687500002 0.6581105731481481 0.1703304453125 0.6581219722222222 0.17037275833333335 0.6474123685185186 0.16669554687500002 0.6473696212962963
3 0.1862603265625 0.6262781416666667 0.18622204322916666 0.624414362962963 0.25888776927083335 0.624431462037037 0.2588494859375 0.678096324074074 0.2914648395833333 0.6781134222222222 0.29151722760416665 0.709051012037037 0.2993109005208333 0.7090681101851851 0.29927261718750003 0.7057965231481482 0.3000362682291666 0.7057594759259259 0.3000362682291666 0.7031433453703704 0.29563973385416664 0.7031803935185186 0.29563973385416664 0.6721715592592593 0.2629719927083333 0.6721886574074074 0.26297602239583334 0.6194927333333333 0.18467862187499998 0.6194898833333333 0.18467862187499998 0.6212083212962963 0.1666753979166667 0.6212510685185185 0.1666753979166667 0.6311399259259259 0.1703485796875 0.6311399259259259 0.17032238541666667 0.6262952407407407 0.1862603265625 0.6262781416666667
4 0.18361474895833335 0.6579680824074075 0.1835905703125 0.6828897120370371 0.18742292968750002 0.6829239101851852 0.18743501927083334 0.6579994296296295 0.18361474895833335 0.6579680824074075
4 0.3574551682291667 0.739065261111111 0.3575136005208333 0.745964662037037 0.3748599635416667 0.745984611111111 0.3748599635416667 0.7390738101851851 0.3574551682291667 0.739065261111111
4 0.32282288958333333 0.825956112962963 0.32289341145833333 0.8328897120370371 0.3437134796875 0.8329182101851852 0.3437034052083333 0.8260131092592593 0.32282288958333333 0.825956112962963
4 0.2870884546875 0.7835565685185185 0.28712069322916667 0.7898917074074073 0.3105943984375 0.7898917074074073 0.31058432395833335 0.7835708175925926 0.2870884546875 0.7835565685185185
4 0.24660890572916666 0.847893987037037 0.24664920416666666 0.8546565972222222 0.26394519427083335 0.8546708462962963 0.26405601458333333 0.8479082361111111 0.24660890572916666 0.847893987037037
4 0.2247269796875 0.8479082361111111 0.22477332239583334 0.8546793962962963 0.23371549479166667 0.8546793962962963 0.23370340520833333 0.8479452833333333 0.2247269796875 0.8479082361111111
4 0.18482974010416667 0.816933599074074 0.18484787447916667 0.8248874324074074 0.19752971979166667 0.8249073814814816 0.19749949635416666 0.8169592472222221 0.18482974010416667 0.816933599074074
4 0.16626234114583335 0.7550612712962963 0.16626435625 0.8047192935185186 0.171789240625 0.804801937962963 0.17179528489583334 0.7550869194444445 0.16626234114583335 0.7550612712962963
4 0.16701591770833335 0.7037788546296296 0.16698569427083332 0.7282844111111111 0.17179125520833333 0.7282787120370371 0.1717771510416667 0.7037218583333333 0.16701591770833335 0.7037788546296296
3 0.6823957286458333 0.6487774296296296 0.6823755791666667 0.66153605 0.6843743703125 0.66153605 0.6843844447916666 0.6488087777777778 0.6823957286458333 0.6487774296296296
3 0.6767862182291666 0.6425648333333334 0.6768164416666667 0.6472670277777778 0.6863892807291666 0.6472527787037037 0.6863993552083334 0.6425505842592593 0.6767862182291666 0.6425648333333334
3 0.6430928875 0.6600769453703704 0.6431069916666666 0.6475805074074074 0.6593068708333334 0.647492162962963 0.6592927666666667 0.6425249361111111 0.6395808984375001 0.6425562842592593 0.6395647791666667 0.6550327731481481 0.6383497885416667 0.6550612712962963 0.6383497885416667 0.6601054435185185 0.6430928875 0.6600769453703704
3 0.6442595203125 0.7223795953703704 0.6444710859375 0.6621687092592593 0.6428410234374999 0.6621601592592593 0.6428450536458333 0.7220860648148147 0.63030828125 0.7220604157407408 0.6303062661458333 0.7241578796296296 0.6480777755208333 0.7240666861111111 0.6480737458333333 0.7223567972222222 0.6442595203125 0.7223795953703704
3 0.6345657869791667 0.7439640925925926 0.6345657869791667 0.784417212962963 0.6375397942708333 0.7844314620370371 0.6375317348958334 0.7439697916666667 0.6345657869791667 0.7439640925925926
3 0.6347975015625 0.7844058138888889 0.6348075760416666 0.8045768027777778 0.6372375578124999 0.8045910518518519 0.6372375578124999 0.7843915648148148 0.6347975015625 0.7844058138888889
3 0.6233910942708333 0.7463607861111111 0.6233910942708333 0.7444001138888889 0.6010195447916666 0.7443488175925925 0.6010155145833332 0.8045768027777778 0.6026234130208333 0.8045768027777778 0.6026536369791666 0.7464263324074074 0.6233910942708333 0.7463607861111111
3 0.5918315536458334 0.8067170129629629 0.5918678218750001 0.811749786111111 0.6099657463541667 0.8117640351851851 0.6099314932291667 0.806734112037037 0.5918315536458334 0.8067170129629629
3 0.5774612130208333 0.744437162037037 0.5774410640625 0.7464548305555555 0.5896514203125 0.7464662296296296 0.58963933125 0.7444685092592592 0.5774612130208333 0.744437162037037
3 0.5743804151041666 0.8117469361111112 0.5743804151041666 0.806714163888889 0.5639089260416666 0.8066913648148148 0.5639169859375 0.7918067824074074 0.5642192223958333 0.7918067824074074 0.5642232520833333 0.7452579083333334 0.5763912958333334 0.7452351092592593 0.5763489822916666 0.7180507268518518 0.5734233328124999 0.7180535768518519 0.5734313921874999 0.7164662296296297 0.5721942375 0.7164491305555555 0.572202296875 0.7393074953703703 0.5600544026041666 0.7393445425925926 0.5600644770833333 0.811741237037037 0.5743804151041666 0.8117469361111112
3 0.5965887567708333 0.6941863777777777 0.5922627442708334 0.6941521805555555 0.5922365505208333 0.674833286111111 0.5964094296875 0.6748389851851851 0.5963792062500001 0.6725961814814815 0.5906890994791667 0.6726047305555555 0.5906991739583333 0.6965175259259259 0.5964114447916666 0.6965574240740741 0.5963852510416667 0.703659162037037 0.59654644375 0.703673411111111 0.5965121901041667 0.7223339981481481 0.5918517026041666 0.7223624962962962 0.5918517026041666 0.7240951842592592 0.6069736046875001 0.7241094333333333 0.6069635302083333 0.7220632657407406 0.5980556114583333 0.7220775148148147 0.5980556114583333 0.7036534629629629 0.6069574854166666 0.703664862037037 0.6069554703125 0.7008720435185185 0.5984505338541666 0.7008720435185185 0.5984646385416668 0.6641949277777778 0.6163892807291667 0.6641835277777778 0.616387265625 0.6621259620370371 0.596387265625 0.6621658592592593 0.5963993552083333 0.6726104305555556 0.5964255489583333 0.674833286111111 0.5965968166666666 0.674821887037037 0.5965887567708333 0.6941863777777777
2 0.5896776145833333 0.7437418064814815 0.5898025385416666 0.7609831861111112 0.6009711869791666 0.7609974351851853 0.6009993953125 0.7438130518518519 0.5896776145833333 0.7437418064814815
2 0.6192101552083333 0.7074009685185185 0.6191497078125 0.7246337990740741 0.6302881322916666 0.7246337990740741 0.6302780578125 0.7074864629629629 0.6192101552083333 0.7074009685185185
2 0.6069474109375 0.71 0.6070179328125 0.7246765462962963 0.6162683859375 0.7246765462962963 0.6162885354166666 0.7099572527777778 0.6069474109375 0.71
4 0.6209792463541667 0.6554659444444445 0.6209590973958333 0.6624280425925926 0.6383235947916667 0.6623995444444445 0.6383135197916666 0.6555086916666667 0.6209792463541667 0.6554659444444445
4 0.5824199072916667 0.6554801935185185 0.5824118479166667 0.6624280425925926 0.5915897640625 0.6623852953703704 0.5915212572916667 0.6555086916666667 0.5824199072916667 0.6554801935185185
4 0.5744086239583334 0.8043915648148148 0.5744267578125 0.8112140212962963 0.5917912552083333 0.8112282703703704 0.5918013296875 0.804422912962963 0.5744086239583334 0.8043915648148148
4 0.7199697765625 0.806526075925926 0.7199597015625 0.8112710175925926 0.7314587953125 0.8112282703703704 0.7314789442708334 0.8064405814814815 0.7199697765625 0.806526075925926
4 0.695974209375 0.8062268453703704 0.6959842838541667 0.812294100925926 0.7133608703125 0.8122656027777778 0.713374975 0.8062638925925926 0.695974209375 0.8062268453703704
3 0.6824158776041667 0.6770732398148148 0.6824299817708332 0.6798717583333332 0.6905520854166666 0.6798717583333332 0.6905399958333334 0.677115987037037 0.6824158776041667 0.6770732398148148
3 0.6905702197916667 0.6771017379629629 0.6905843239583334 0.722108862962963 0.6935603463541666 0.722143061111111 0.6935442270833333 0.677115987037037 0.6905702197916667 0.6771017379629629
2 0.6070179328125 0.6887061842592592 0.6069877088541666 0.7040638361111111 0.6162845052083333 0.7040182388888889 0.6163147291666667 0.6887489314814814 0.6070179328125 0.6887061842592592
4 0.6099496270833333 0.8044086638888889 0.6100201489583333 0.8112425194444445 0.6273765869791668 0.8111712740740741 0.6273967359375 0.8044371620370371 0.6099496270833333 0.8044086638888889
4 0.6593250052083334 0.6429951555555555 0.6593350796874999 0.6497834138888888 0.6767902479166668 0.6498261611111111 0.6767499494791667 0.6430521518518518 0.6593250052083334 0.6429951555555555
4 0.6864436833333334 0.6429951555555555 0.686423534375 0.6497976629629629 0.6954019744791666 0.6497406666666666 0.6954221239583334 0.6429809064814815 0.6864436833333334 0.6429951555555555
3 0.6968305458333333 0.692690225 0.69682853125 0.7198375601851852 0.6935845255208334 0.7198375601851852 0.6935845255208334 0.7221459101851853 0.7182611322916667 0.7221744083333334 0.7182268786458333 0.7194499861111111 0.6985673989583333 0.7194043888888889 0.6985613541666668 0.6951610148148148 0.702176103125 0.6951638638888888 0.7021720734375 0.6801282416666666 0.7163026395833333 0.6801424907407407 0.7162925651041667 0.7065061268518519 0.7182853114583333 0.7065032768518519 0.7182873260416667 0.677312625 0.7124380416666667 0.677312625 0.7124239369791667 0.6658848675925926 0.7107696958333333 0.6658934166666667 0.7107898447916666 0.6770874888888889 0.6935845255208334 0.677115987037037 0.6935643765625 0.6797150185185186 0.7004130567708333 0.6796865203703705 0.7004332057291667 0.692673125925926 0.6968305458333333 0.692690225
4 0.6446322786458333 0.8044086638888889 0.6446604874999999 0.812294100925926 0.6834293776041667 0.8122513537037037 0.6834616161458332 0.804422912962963 0.6446322786458333 0.8044086638888889
4 0.6958130161458332 0.7822485037037037 0.6958533145833333 0.7868509546296296 0.7134495265624999 0.7868652037037037 0.7134394520833334 0.7822627527777778 0.6958130161458332 0.7822485037037037
4 0.7218375984375 0.6619578231481481 0.7218174489583333 0.666531775 0.7310779770833334 0.666546024074074 0.731047753125 0.6619578231481481 0.7218375984375 0.6619578231481481
4 0.1501450734375 0.20399544074074075 0.15011485 0.22850099722222222 0.15491839635416668 0.22849529814814815 0.15490429166666667 0.20393844444444445 0.1501450734375 0.20399544074074075
4 0.1679689703125 0.317289825925926 0.1679871046875 0.32524365925925924 0.18066895 0.3252636074074074 0.1806387265625 0.31731547407407407 0.1679689703125 0.317289825925926
2 0.24760427135416666 0.20646907962962963 0.24756195833333333 0.22167284166666665 0.2565323390625 0.22173838703703705 0.25650211562499997 0.2064833287037037 0.24760427135416666 0.20646907962962963
2 0.22427966979166666 0.19004274722222222 0.22424944583333334 0.2053833 0.23350392916666665 0.2053462527777778 0.23347370520833335 0.19001709907407408 0.22427966979166666 0.19004274722222222
3 0.23362280885416667 0.1666970648148148 0.23360265989583334 0.1687403814814815 0.24105178333333335 0.16875748055555556 0.24104573854166667 0.16673696203703703 0.23362280885416667 0.1666970648148148
3 0.21827120677083334 0.16677970925925925 0.21830949010416667 0.1247278425925926 0.21671569635416665 0.12473069259259259 0.216784203125 0.16880877777777778 0.22310296197916665 0.16880877777777778 0.22308281302083335 0.16677970925925925 0.21827120677083334 0.16677970925925925
3 0.29691114270833335 0.21073525185185185 0.29691114270833335 0.21830721018518517 0.2980656859375 0.21830721018518517 0.29802538802083334 0.21073525185185185 0.29691114270833335 0.21073525185185185
2 0.15735039270833334 0.15542889722222222 0.157322184375 0.17077230000000002 0.16677211354166666 0.1707324027777778 0.1667358453125 0.15540894814814815 0.15735039270833334 0.15542889722222222
3 0.2179689703125 0.23859789074074073 0.2179689703125 0.22925049907407408 0.233435421875 0.2292932462962963 0.23346564583333332 0.2385551435185185 0.23532339322916668 0.2385693925925926 0.23533346770833333 0.2268053574074074 0.21822889375 0.2268053574074074 0.21827926666666667 0.19268452592592591 0.22424541614583332 0.19272727314814814 0.22424541614583332 0.19041322314814813 0.21627644583333333 0.19041892314814815 0.21627040104166667 0.20565403240740743 0.21322788645833332 0.20565403240740743 0.21322788645833332 0.20772869722222223 0.21629055 0.20771444814814816 0.21627040104166667 0.23858364166666668 0.2179689703125 0.23859789074074073
3 0.2005117869791667 0.19395554259259257 0.2005420109375 0.22319749259259258 0.2019685671875 0.22319749259259258 0.20198670156249998 0.19396979166666664 0.2005117869791667 0.19395554259259257
3 0.15445093697916665 0.23927614722222224 0.15445093697916665 0.24264462777777776 0.16894821666666668 0.24269877499999998 0.16894821666666668 0.23926189814814816 0.15445093697916665 0.23927614722222224
3 0.1665766671875 0.18310914814814816 0.16654644375000002 0.1898290111111111 0.15342937760416667 0.1897862638888889 0.15341930260416667 0.19217155925925927 0.16925851302083333 0.19217155925925927 0.16926858749999998 0.18309489907407409 0.1665766671875 0.18310914814814816
3 0.16783397135416667 0.12646622962962964 0.16783800104166666 0.15538045 0.1667922625 0.15539469907407408 0.1668023375 0.15805357685185187 0.1693431390625 0.15808207500000002 0.16940963125000003 0.12645483055555554 0.16783397135416667 0.12646622962962964
3 0.15353818229166669 0.1554972925925926 0.15352206302083332 0.15821031666666666 0.15726576666666667 0.15821031666666666 0.15725770729166666 0.15552579074074074 0.15353818229166669 0.1554972925925926
3 0.21606286510416667 0.23862068981481482 0.21605077552083335 0.2429837564814815 0.24743703385416668 0.2429695074074074 0.24745718333333333 0.23860929074074075 0.21606286510416667 0.23862068981481482
3 0.1690006046875 0.23872613240740742 0.1690086640625 0.24299230555555557 0.20225266979166667 0.24300370462962964 0.20221237135416667 0.23881447685185186 0.1690006046875 0.23872613240740742
3 0.20213781979166667 0.19386149907407407 0.20210759635416667 0.1894442861111111 0.17264960729166667 0.18950983148148148 0.17237960885416664 0.18979481296296297 0.16984283697916666 0.18979481296296297 0.16983477760416665 0.19355086944444444 0.172405803125 0.1935793675925926 0.17264557708333333 0.19391849537037037 0.20213781979166667 0.19386149907407407
3 0.34059036875 0.24665146759259257 0.3405943984375 0.2416414935185185 0.3357021963541667 0.2416414935185185 0.3356780171875 0.32871473333333334 0.3269232317708333 0.32870333425925924 0.32691920208333336 0.33372470833333334 0.3392222447916666 0.33378170462962964 0.33922828958333334 0.2466685666666667 0.34059036875 0.24665146759259257
3 0.2703727583333333 0.29722143055555555 0.2703425348958334 0.29385579907407405 0.26440660885416667 0.29388144814814815 0.26440660885416667 0.2856568824074074 0.26089059062500003 0.2856568824074074 0.2608845458333333 0.3504303222222222 0.24723352812500002 0.35039327407407406 0.24718315520833334 0.35545169537037036 0.26443884739583334 0.3554773435185185 0.2644368328125 0.29723567962962966 0.2703727583333333 0.29722143055555555
3 0.21692121718750002 0.3503391277777778 0.21692726197916665 0.35540324907407406 0.229762240625 0.3553747509259259 0.22971186770833332 0.3502906814814815 0.21692121718750002 0.3503391277777778
3 0.2078903890625 0.3554659444444444 0.20784001614583333 0.3504217722222222 0.1854402578125 0.35042747222222226 0.18539995989583333 0.3195896268518518 0.18068909947916667 0.3195696777777778 0.18070723333333336 0.3245939018518519 0.181841628125 0.32460815092592593 0.18182147916666666 0.3554288972222222 0.2078903890625 0.3554659444444444
3 0.1533084828125 0.3196295240740741 0.15337497500000002 0.3052066111111111 0.14976828541666667 0.30518666296296293 0.14980052395833335 0.32463949814814813 0.16791456770833332 0.3246907953703704 0.16791456770833332 0.3196295240740741 0.1533084828125 0.3196295240740741
3 0.14977231510416666 0.22854374444444445 0.14973806145833332 0.25523795925925924 0.15335482552083332 0.25523795925925924 0.15328631875 0.2285693925925926 0.14977231510416666 0.22854374444444445
3 0.14980253854166667 0.18303505277777776 0.14979246406250002 0.20390139629629628 0.1533286317708333 0.20384439999999998 0.15347773541666668 0.18304930185185184 0.14980253854166667 0.18303505277777776
3 0.14979850885416665 0.14754915925925927 0.14979850885416665 0.1582901111111111 0.15343340729166668 0.15830151018518518 0.15347370520833334 0.1475919064814815 0.14979850885416665 0.14754915925925927
3 0.16938948229166667 0.12645768055555556 0.1693511989583333 0.12459390185185186 0.24201692500000002 0.124611 0.24197662708333334 0.17827586203703702 0.2745939953125 0.17829296111111112 0.27464436822916666 0.20923055000000002 0.28244005624999996 0.20924764907407406 0.2824017729166667 0.2059760611111111 0.283163409375 0.20593901388888888 0.283163409375 0.20332288425925926 0.27876888958333335 0.2033599314814815 0.27876888958333335 0.17235109722222222 0.2461011484375 0.17236819629629632 0.24610517812500002 0.11967227129629629 0.16780777760416665 0.11966942129629629 0.16780777760416665 0.1213878601851852 0.14980455364583334 0.12143060740740742 0.14980455364583334 0.13131946388888888 0.1534757203125 0.13131946388888888 0.15345154166666666 0.1264747787037037 0.16938948229166667 0.12645768055555556
4 0.16672980052083333 0.15815047037037036 0.16670562135416667 0.18307495 0.17053798125 0.18310914814814816 0.1705500703125 0.1581846675925926 0.16672980052083333 0.15815047037037036
4 0.3406306671875 0.23937874074074075 0.34062865208333337 0.24635223703703701 0.3579750151041667 0.24636933611111114 0.3579750151041667 0.23946138518518517 0.3406306671875 0.23937874074074075
4 0.3059077171875 0.3263094898148148 0.3059782390625 0.33324308888888887 0.32687084427083335 0.3332744370370371 0.3268909932291667 0.3263294388888889 0.3059077171875 0.3263094898148148
3 0.7377050171874999 0.3123510972222222 0.7377150916666667 0.31561983425925927 0.7661595807291667 0.31564548333333337 0.76614950625 0.3123653462962963 0.7377050171874999 0.3123510972222222
2 0.5335784807291667 0.1689626675925926 0.5335804958333333 0.1838387009259259 0.5371045739583333 0.18382160185185187 0.5370944994791667 0.1689626675925926 0.5335784807291667 0.1689626675925926
3 0.8004795484374999 0.22538615 0.800449325 0.21754345925925925 0.7990328432291667 0.2175719574074074 0.7990429177083332 0.22743231666666666 0.8230767682291666 0.2274608148148148 0.82305661875 0.22542889722222223 0.8004795484374999 0.22538615
2 0.77261736875 0.22734682222222222 0.7725931895833333 0.24371900833333332 0.7858452546875 0.24366771203703705 0.7858251057291666 0.22738956944444444 0.77261736875 0.22734682222222222
2 0.5101470885416667 0.22770019907407407 0.5101067901041667 0.24389569722222224 0.5233447510416667 0.24389569722222224 0.5233346765625 0.22769735 0.5101470885416667 0.22770019907407407
3 0.5913016322916668 0.3123453972222222 0.5913117067708333 0.31562553425925927 0.6524420713541667 0.31562838425925926 0.6524561755208332 0.3123510972222222 0.5913016322916668 0.3123453972222222
2 0.7965424140625 0.20174693611111114 0.7966028609375001 0.21750071203703703 0.800880515625 0.21750071203703703 0.8009208140625 0.2017611851851852 0.7965424140625 0.20174693611111114
2 0.49142051197916664 0.21204901666666665 0.49140439270833336 0.22495867777777778 0.5021619989583334 0.22491593055555553 0.5019403588541667 0.21213166111111112 0.49142051197916664 0.21204901666666665
3 0.7847410838541666 0.2273183240740741 0.7847410838541666 0.22595326296296298 0.7777291958333333 0.22595326296296298 0.7776989723958334 0.2041778287037037 0.7848418296874999 0.2041179824074074 0.7848398145833334 0.1941208324074074 0.7832339312500001 0.1941208324074074 0.7832701994791668 0.2018153324074074 0.77609711875 0.20178113425925925 0.7760910739583333 0.2251125675925926 0.774563771875 0.2251125675925926 0.7745859359375 0.19383585092592592 0.7832440057291666 0.19383585092592592 0.7832339312500001 0.1940638361111111 0.7856236145833333 0.1940638361111111 0.7856236145833333 0.19126531759259258 0.7611082005208334 0.19119407222222223 0.761118275 0.16465659722222223 0.8060225671875 0.16453120555555556 0.806052790625 0.19126531759259258 0.7949848880208333 0.19129381574074072 0.7950050375 0.1940638361111111 0.7990529921875 0.19407808518518518 0.7990691114583334 0.2016956398148148 0.8005057427083333 0.2016956398148148 0.8004694739583333 0.19409233425925926 0.8079508359375001 0.19407523518518519 0.8079206125 0.1620433175925926 0.7592988114583333 0.16194357407407406 0.7593592583333333 0.19407808518518518 0.77288938125 0.19407808518518518 0.7729296796875 0.22727557685185187 0.7847410838541666 0.2273183240740741
2 0.48173282291666664 0.19880877777777778 0.48171267395833334 0.20410658333333334 0.4916663307291667 0.20404958703703704 0.4916663307291667 0.1987945287037037 0.48173282291666664 0.19880877777777778
3 0.7333266171874999 0.193465375 0.7332963932291666 0.22508691944444445 0.725974209375 0.22510116851851852 0.7259540598958334 0.22760330555555555 0.7350533953125 0.2276289537037037 0.7350050375 0.1934796240740741 0.7333266171874999 0.193465375
3 0.7089603062500001 0.2478597888888889 0.7089703807291666 0.24988885740740743 0.7330163208333332 0.24986035925925928 0.7330263953125 0.2478597888888889 0.7089603062500001 0.2478597888888889
3 0.697523675 0.30996580185185185 0.6975176302083334 0.2478597888888889 0.6682107593750001 0.24782274166666665 0.6682228489583333 0.24986035925925928 0.6961253276041667 0.2498717583333333 0.6960769697916667 0.30996580185185185 0.697523675 0.30996580185185185
3 0.6291154541666667 0.20940153888888888 0.6290973203125 0.2252750074074074 0.6227322182291667 0.22527785648148146 0.6227261734374999 0.20944713611111113 0.6211585734375 0.20943288703703705 0.6211948416666666 0.22575092592592594 0.6165343541666667 0.2257224277777778 0.6165242796875 0.2274123685185185 0.6211746927083334 0.22745511574074073 0.6211746927083334 0.22762325462962962 0.6482389682291667 0.22758620648148148 0.648220834375 0.22495867777777778 0.6307636510416667 0.2249472787037037 0.6307596213541667 0.20984896018518517 0.6451420510416667 0.20982046203703703 0.6451198869791667 0.19976346574074075 0.669877090625 0.19976061574074075 0.6698650010416666 0.22491308055555556 0.6575962119791666 0.22493017962962963 0.6576062864583334 0.2276289537037037 0.7150876484375 0.2276289537037037 0.71508361875 0.2251695638888889 0.7041990729166667 0.22519521203703702 0.704166834375 0.19553149074074075 0.7151783197916667 0.19559703611111112 0.7151662302083334 0.19330863518518518 0.7027382630208333 0.19322029074074074 0.7027019947916667 0.2252721574074074 0.6716683458333333 0.22524650925925926 0.6716582713541667 0.19723282962962965 0.6447551885416666 0.19722428055555555 0.6447289947916667 0.18487033333333333 0.6430707234375 0.18487033333333333 0.6430364697916667 0.2071359361111111 0.6211202901041666 0.2071416361111111 0.6211202901041666 0.20733827314814815 0.61766471875 0.20733827314814815 0.61766471875 0.20069250462962962 0.6164779369791666 0.20069820462962965 0.6164980859375 0.2089398685185185 0.6211686479166667 0.20897976666666668 0.6211585734375 0.2093901398148148 0.6291154541666667 0.20940153888888888
3 0.5952468265624999 0.22571387870370369 0.5952548859375 0.2274209175925926 0.5996030625 0.22743516666666666 0.599595003125 0.22571387870370369 0.5952468265624999 0.22571387870370369
3 0.5854342130208334 0.2256654314814815 0.5854442875 0.2274123685185185 0.5921942375 0.22744086666666666 0.5922043119791667 0.22570817870370372 0.5854342130208334 0.2256654314814815
3 0.5982933708333333 0.18518951296296296 0.5982792666666668 0.19436021666666667 0.5952488416666667 0.19438871481481482 0.5952488416666667 0.19679110833333335 0.5999496270833333 0.19679110833333335 0.5999093291666667 0.18518951296296296 0.5982933708333333 0.18518951296296296
3 0.5868204713541666 0.19441721296296294 0.5867700989583333 0.18440296388888888 0.5924944588541667 0.18443146203703703 0.5924743098958333 0.18220290648148146 0.5852024984375 0.18221715555555557 0.5852125729166667 0.19676261018518518 0.5922526697916666 0.19676261018518518 0.5922425953125 0.1944029638888889 0.5868204713541666 0.19441721296296294
3 0.5870783802083334 0.1632858361111111 0.5870441265624999 0.15266742685185186 0.5855107796875 0.15268452592592593 0.5855309286458333 0.1656597324074074 0.5928954260416667 0.16569392962962962 0.5928833364583334 0.16331433425925926 0.5870783802083334 0.1632858361111111
3 0.5336792260416666 0.15281846666666668 0.5337034052083334 0.16662581944444443 0.5216018536458333 0.16655742407407406 0.5215958088541667 0.16212881203703705 0.5199194036458333 0.16217155925925927 0.5199274630208334 0.16892846944444445 0.5353173484375 0.16889427222222222 0.5353415270833334 0.15278426944444445 0.5336792260416666 0.15281846666666668
3 0.5273644973958334 0.18387859814814814 0.5273725567708333 0.18566828148148148 0.5354563770833334 0.18568253055555556 0.5354160791666666 0.18392134537037036 0.5273644973958334 0.18387859814814814
3 0.5273342734375001 0.22537475092592593 0.5273443479166666 0.2274066685185185 0.5354483177083333 0.22744941574074073 0.5354080192708334 0.225389 0.5273342734375001 0.22537475092592593
3 0.5218879708333334 0.3038842972222222 0.5219000604166667 0.2803761759259259 0.5181523270833334 0.280390425 0.5181563572916666 0.28441721296296296 0.5203042515624999 0.28440296388888886 0.5203485796874999 0.30387859814814816 0.5218879708333334 0.3038842972222222
3 0.49863590572916666 0.29780564259259257 0.49863590572916666 0.3038273009259259 0.5004150713541666 0.30384154999999996 0.5004049968750001 0.29781989166666667 0.49863590572916666 0.29780564259259257
3 0.5004150713541666 0.28404103703703704 0.5003848479166667 0.280390425 0.472573040625 0.2803761759259259 0.4725831151041667 0.2824907379629629 0.49862583125 0.28244799074074073 0.49863590572916666 0.284026787962963 0.5004150713541666 0.28404103703703704
3 0.49167640520833333 0.22501567407407408 0.49170259947916667 0.22762610462962965 0.5246907114583333 0.2276289537037037 0.5246987708333334 0.22495582777777778 0.49167640520833333 0.22501567407407408
3 0.47409026822916667 0.22612425185185184 0.4740822083333333 0.22743516666666666 0.4810195447916667 0.22744656574074074 0.48102155937499996 0.22612710185185186 0.47409026822916667 0.22612425185185184
3 0.4740600442708333 0.19923339999999998 0.4740600442708333 0.2005414648148148 0.48169252447916666 0.20056996296296295 0.48169252447916666 0.19930464537037038 0.4740600442708333 0.19923339999999998
3 0.5101632078125 0.19975491574074075 0.5102337296875 0.20992875462962962 0.5247128755208333 0.20982616111111113 0.5247249645833334 0.20732117407407408 0.5119685671875 0.20730407499999998 0.5119766270833334 0.19723282962962965 0.49339109427083333 0.19723282962962965 0.49339109427083333 0.1929267601851852 0.52472295 0.1929638074074074 0.5247128755208333 0.1905614138888889 0.49348982447916667 0.19059846111111112 0.4934656458333333 0.16210601296296295 0.49172476302083334 0.16208606481481483 0.49170259947916667 0.21199202037037038 0.4936610921875 0.2119777712962963 0.4936530322916666 0.19972926759259257 0.5101632078125 0.19975491574074075
3 0.5247511583333334 0.1834796240740741 0.5247209348958334 0.22788543703703704 0.5273121093750001 0.22788543703703704 0.5273322588541667 0.1834796240740741 0.5247511583333334 0.1834796240740741
3 0.8177916583333332 0.15618124814814816 0.8178037479166667 0.16049586759259257 0.8244509369791667 0.16052721574074075 0.8244207130208333 0.31194642314814813 0.8134253473958334 0.311917925 0.8134051984375 0.3161157027777778 0.8274128552083333 0.3161071527777778 0.8274249447916666 0.15616414907407408 0.8177916583333332 0.15618124814814816
3 0.7756800322916667 0.2647335425925926 0.7758110015625 0.2646224 0.7757908520833333 0.2437959537037037 0.7727987104166666 0.24376745555555554 0.7727987104166666 0.26465089814814813 0.77288938125 0.26471929351851853 0.7729296796875 0.2705158166666667 0.7756901067708333 0.2705158166666667 0.7756800322916667 0.2647335425925926
3 0.7661797302083334 0.3128070675925926 0.7661898046875 0.3161157027777778 0.7853435421875 0.31612995185185183 0.7852931692708334 0.31192362500000004 0.7742756395833333 0.3119378740740741 0.7742655651041667 0.2714249074074074 0.7644126536458333 0.27139640925925923 0.764422728125 0.27565973240740743 0.7713016322916667 0.2756312342592593 0.7713217812500001 0.31273582222222224 0.7661797302083334 0.3128070675925926
3 0.7359077171875 0.27045597037037034 0.7358976427083334 0.26473069259259263 0.7360084625 0.26466229722222223 0.7360124921875 0.24738102037037035 0.7330525890625 0.24738671944444446 0.7330062463541667 0.2647021944444445 0.7331251260416667 0.2647591907407408 0.7331251260416667 0.2704417212962963 0.7359077171875 0.27045597037037034
3 0.7433548255208334 0.27565973240740743 0.7433366916666666 0.27141065833333333 0.7346846666666667 0.2713935592592593 0.7346423536458333 0.3119065259259259 0.7244328026041666 0.311917925 0.7244589963541667 0.31615845 0.7376647187500001 0.31612140185185184 0.7376385249999999 0.27563408333333334 0.7433548255208334 0.27565973240740743
3 0.6851581703124999 0.31189797685185183 0.6851480958333334 0.3161014537037037 0.7067620390625 0.3161157027777778 0.7067620390625 0.31191222592592593 0.6851581703124999 0.31189797685185183
3 0.6677009875 0.3161726990740741 0.6676707635416667 0.31192362500000004 0.6554563770833333 0.3118951268518519 0.6554745114583334 0.24970076944444444 0.6448035463541667 0.24969222037037037 0.6448216802083333 0.2538956972222222 0.6524783395833332 0.2538956972222222 0.6524803546875 0.31612710185185183 0.6677009875 0.3161726990740741
3 0.5965121901041667 0.25392419537037036 0.5964900260416666 0.24968367037037037 0.5883316541666667 0.24967797129629632 0.5883457588541667 0.2589826157407408 0.5913197661458334 0.2590111138888889 0.5912955875 0.25391279537037037 0.5965121901041667 0.25392419537037036
3 0.5882974005208333 0.2988857222222222 0.588325609375 0.31191222592592593 0.5797400765624999 0.31189797685185183 0.5797199276041667 0.31614420092592593 0.5912794682291668 0.31614420092592593 0.5913096916666666 0.2988714731481481 0.5882974005208333 0.2988857222222222
3 0.522996171875 0.27612995185185185 0.5231170661458333 0.2759874611111111 0.5231090067708333 0.2439669425925926 0.5201249244791667 0.2439669425925926 0.5201027604166667 0.2759304648148148 0.5202035057291667 0.2759304648148148 0.5202337296875 0.27988030740740744 0.5230062463541667 0.2798945564814815 0.522996171875 0.27612995185185185
3 0.5994257505208334 0.18399259074074073 0.5994217208333333 0.1824223425925926 0.6004593994791667 0.18239954444444445 0.6004593994791667 0.17978626388888888 0.5964436833333333 0.17977486481481483 0.5964436833333333 0.14707608981481482 0.5553979447916666 0.14707893981481482 0.5553777958333334 0.15131091481481482 0.5934434817708334 0.15131091481481482 0.5934555713541666 0.18396979166666666 0.5994257505208334 0.18399259074074073
3 0.53794680625 0.1513052148148148 0.5379568807291667 0.14707893981481482 0.5170159177083333 0.14708463981481482 0.5170058432291667 0.15662296944444445 0.4889905296875 0.1565830722222222 0.48903082812500004 0.16095753796296294 0.52 0.16096893703703705 0.5199798510416667 0.15134511296296296 0.53794680625 0.1513052148148148
3 0.5302135807291667 0.3161014537037037 0.5301793270833334 0.31188942685185184 0.5217831958333333 0.31188942685185184 0.5216965546875 0.3039270444444444 0.5183719526041667 0.3039555425925926 0.5183659078125 0.30813052129629626 0.5188172473958333 0.3081162722222222 0.5188212776041666 0.3161071527777778 0.5302135807291667 0.3161014537037037
3 0.49396735833333333 0.3038842972222222 0.49395728385416665 0.3082046166666667 0.5004855932291666 0.30814762037037036 0.50047551875 0.3038700481481481 0.49396735833333333 0.3038842972222222
3 0.5922808786458333 0.19424337407407408 0.592228490625 0.22792248518518518 0.5952307072916666 0.22793673425925925 0.5952065281250001 0.194226275 0.5922808786458333 0.19424337407407408
3 0.7802780578125 0.1512681675925926 0.7802276848958333 0.16050726666666668 0.8086238161458333 0.16045312037037035 0.80862583125 0.15613280092592594 0.7832319161458333 0.15617839814814816 0.7832399760416667 0.1470361925925926 0.7551098125000001 0.14707039074074074 0.7551138421875 0.1878483898148148 0.7539975822916667 0.1878683388888889 0.75401773125 0.19207466481481483 0.7582127744791667 0.19206326574074073 0.7581885958333333 0.15133371296296297 0.7802780578125 0.1512681675925926
3 0.4824461010416667 0.3082046166666667 0.48242595208333333 0.3039412935185185 0.47590771718749997 0.3039555425925926 0.4759278661458334 0.282504987037037 0.47254281666666664 0.2825334851851852 0.472573040625 0.1609774861111111 0.4798650010416667 0.16092048981481483 0.4798750755208333 0.15656027314814813 0.46961112239583336 0.15660302037037035 0.46961112239583336 0.28587346851851847 0.47294579895833333 0.28587346851851847 0.4729357244791667 0.30817611851851856 0.4824461010416667 0.3082046166666667
3 0.7093491838541667 0.18397549166666669 0.7093330645833333 0.1920889138888889 0.715127946875 0.19207466481481483 0.715127946875 0.18788543703703703 0.7123272213541667 0.18785693888888888 0.7123312510416666 0.17975206574074074 0.7088071729166666 0.17975206574074074 0.7088232921875 0.14579937314814814 0.7057989119791667 0.14581362222222222 0.7057868223958333 0.1797663148148148 0.6136570625 0.17970076944444444 0.6136671369791666 0.18241379351851852 0.6145395932291666 0.18241949259259257 0.6145496677083333 0.18398119166666668 0.7093491838541667 0.18397549166666669
3 0.7257122708333333 0.18782844074074073 0.7257324197916667 0.1920889138888889 0.7365303244791667 0.19206041574074076 0.73652025 0.18785408981481483 0.7257122708333333 0.18782844074074073
3 0.7088595609375 0.14752636111111112 0.7088494859375001 0.15097748611111111 0.7550715291666666 0.1510344824074074 0.7550715291666666 0.1475833574074074 0.7088595609375 0.14752636111111112
4 0.736564578125 0.18836705648148147 0.7365766671874999 0.19436876574074072 0.7539915374999999 0.19443716203703704 0.7539190005208333 0.18833285833333333 0.736564578125 0.18836705648148147
4 0.8086600843749999 0.15661726944444443 0.8086721739583334 0.1627386722222222 0.8177735239583334 0.16272727314814814 0.8177433005208333 0.1566315185185185 0.8086600843749999 0.15661726944444443
4 0.78530324375 0.30968082037037037 0.7854039895833334 0.31568823055555556 0.813374975 0.3156739814814815 0.8133951239583334 0.30969506944444447 0.78530324375 0.30968082037037037
4 0.7433951239583333 0.2692163009259259 0.7433951239583333 0.2752721574074074 0.7643925046875 0.27530350555555555 0.7643622807291667 0.2692533481481481 0.7433951239583333 0.2692163009259259
4 0.7068164416666666 0.3097207185185185 0.7067962927083333 0.31563123425925926 0.7243985494791667 0.31563123425925926 0.7243723552083333 0.30973781666666667 0.7068164416666666 0.3097207185185185
4 0.6677009875 0.30969506944444447 0.6677372557291666 0.31563408333333337 0.6851178723958333 0.3156597324074074 0.6851198869791666 0.30973781666666667 0.6677009875 0.30969506944444447
4 0.5965262947916667 0.2474693648148148 0.5965565182291667 0.25337988055555555 0.6447713078124999 0.25342832685185185 0.6447471286458334 0.24752921018518517 0.5965262947916667 0.2474693648148148
4 0.59112835 0.2590681101851852 0.5868204713541666 0.25903961203703707 0.5867942776041667 0.298845825 0.5911243197916666 0.29881732685185186 0.59112835 0.2590681101851852
4 0.5301793270833334 0.3097207185185185 0.5302639531250001 0.31673981203703705 0.5796836588541667 0.3167027638888889 0.5796695546875 0.3097235675925926 0.5301793270833334 0.3097207185185185
4 0.4824461010416667 0.30374180648148147 0.48248639947916666 0.30766315185185183 0.4939069109375 0.30770589907407403 0.4939169859375 0.3036563120370371 0.4824461010416667 0.30374180648148147
4 0.5005057427083334 0.30348532314814813 0.5005158171875 0.3087574805555556 0.5183215796874999 0.3087717296296297 0.5183215796874999 0.30344542592592594 0.5005057427083334 0.30348532314814813
3 0.7133951239583334 0.8067027638888888 0.7133810197916667 0.8116756907407408 0.7199335078125001 0.8116956398148149 0.7199335078125001 0.8066856657407407 0.7133951239583334 0.8067027638888888