3 0.8008907697916666 0.37630558703703704 0.7536174927083333 0.3761830101851852 0.7536074161458333 0.37960376296296294 0.8008625552083333 0.3796408212962963 0.8008907697916666 0.37630558703703704
3 0.7560177348958333 0.37966362592592595 0.7536860135416668 0.37966362592592595 0.7536416765625 0.4370125425925926 0.7560096734375 0.4370125425925926 0.7560177348958333 0.37966362592592595
3 0.8081156791666667 0.3643700111111111 0.8037142281249999 0.3643985175925926 0.8037505036458333 0.3917246296296296 0.8081418781249999 0.39176168796296296 0.8081156791666667 0.3643700111111111
3 0.7303829098958333 0.3475057009259259 0.7303990328125 0.3505530212962963 0.7537081822916666 0.35069270277777775 0.7536920598958333 0.3473660203703704 0.7303829098958333 0.3475057009259259
3 0.7559895203125 0.33379703518518516 0.7536396614583333 0.33379703518518516 0.7537404270833333 0.35166191574074074 0.75606005625 0.351647662037037 0.7559895203125 0.33379703518518516
3 0.7560157192708333 0.2938626 0.7536638453125001 0.2938169898148148 0.7536436921875 0.3082525657407408 0.7560278114583333 0.3082525657407408 0.7560157192708333 0.2938626
3 0.8081882307291667 0.29401368333333333 0.8037827489583333 0.2939424175925926 0.8037988713541666 0.3061801592592593 0.8082083838541667 0.30611174444444444 0.8081882307291667 0.29401368333333333
3 0.7304474 0.5619469787037037 0.7259572755208333 0.5620153935185185 0.7259794437499999 0.6121664768518519 0.7303325270833334 0.6122491444444444 0.7304474 0.5619469787037037
3 0.682101975 0.500168187037037 0.6812132203125 0.5001938425925926 0.6811467151041666 0.5165963509259259 0.6821342203125 0.5165963509259259 0.682101975 0.500168187037037
3 0.6821503427083333 0.5078249712962963 0.6821503427083333 0.5091277083333333 0.7107738812500001 0.509150512962963 0.7107758968750001 0.5077508555555555 0.6821503427083333 0.5078249712962963
2 0.6929746067708333 0.5167132268518518 0.6802760984374999 0.516644812037037 0.6802760984374999 0.5336060435185185 0.6930249901041667 0.5334207527777778 0.6929746067708333 0.5167132268518518
2 0.6803083432291667 0.48325256574074077 0.6803244661458333 0.5001225768518519 0.6929282546875 0.5001282777777778 0.6929081015624999 0.48332383148148145 0.6803083432291667 0.48325256574074077
2 0.6628718260416666 0.4787856324074074 0.6629201932291667 0.483580387962963 0.6789258364583334 0.48360319259259255 0.6789419588541666 0.4787400231481481 0.6628718260416666 0.4787856324074074
2 0.7283071343749999 0.5373745722222223 0.7096493348958333 0.5374686435185185 0.709899234375 0.562163625925926 0.7284079 0.5618785629629629 0.7283071343749999 0.5373745722222223
2 0.8340024182291667 0.6136488027777778 0.8194719869791667 0.6136031925925927 0.8194941557291667 0.6361887111111111 0.8341334140625 0.636197262962963 0.8340024182291667 0.6136488027777778
2 0.7020999598958333 0.4203933861111111 0.7020717453124999 0.425059862962963 0.7182587666666667 0.42503705833333333 0.7182587666666667 0.4203591787037037 0.7020999598958333 0.4203933861111111
2 0.7305139057291666 0.3874572407407407 0.7277166463541668 0.38746294166666667 0.7277005239583333 0.42089509722222224 0.7305139057291666 0.42089509722222224 0.7305139057291666 0.3874572407407407
2 0.6939117291666667 0.4197291907407407 0.6939278515624999 0.38983181296296293 0.6697480854166666 0.3898061574074074 0.66953043125 0.41990592962962964 0.6939117291666667 0.4197291907407407
2 0.7301692864583333 0.37086659074074074 0.7303486494791667 0.3504361462962963 0.7152015317708333 0.35023375185185185 0.7150886739583334 0.3707782212962963 0.7301692864583333 0.37086659074074074
2 0.7537081822916666 0.3517160777777778 0.7536577994791667 0.37608893981481484 0.7723075375 0.3761374 0.7721664651041666 0.35178734351851854 0.7537081822916666 0.3517160777777778
2 0.7536336156250001 0.4370923601851852 0.7535751713541666 0.4617958953703704 0.7724264411458334 0.46176738888888885 0.7723800885416666 0.43713511944444444 0.7536336156250001 0.4370923601851852
2 0.75648931875 0.3082753703703704 0.7531338171874999 0.3083437851851852 0.7531519546875 0.33374002314814816 0.7564691656250001 0.33374002314814816 0.75648931875 0.3082753703703704
4 0.8080471583333334 0.30620866574074074 0.8006247479166666 0.30637685277777776 0.8005421203124999 0.364375712962963 0.8080068520833333 0.36428734351851855 0.8080471583333334 0.30620866574074074
4 0.8338109635416667 0.30636545 0.8295465536458334 0.30636545 0.829572753125 0.3641248574074074 0.8337847640625 0.364147662037037 0.8338109635416667 0.30636545
4 0.8080431276041666 0.39185575833333336 0.8005259973958334 0.39183295370370375 0.80061265625 0.4496835805555556 0.8080491739583333 0.449657925 0.8080431276041666 0.39185575833333336
4 0.8338331317708333 0.3920153935185185 0.8295707375 0.39193272500000004 0.8295445385416667 0.4497234888888889 0.8338371625 0.44970068425925924 0.8338331317708333 0.3920153935185185
4 0.859572753125 0.4749572407407407 0.8553788796874999 0.47505131111111115 0.8553204354166667 0.5331043333333334 0.8595969369791666 0.5330815277777778 0.859572753125 0.4749572407407407
4 0.8596634421875 0.5711858611111111 0.8553365578125 0.5712314712962963 0.8553204354166667 0.6045524518518519 0.8596473197916666 0.604435575925926 0.8596634421875 0.5711858611111111
4 0.8193490526041667 0.5713996583333333 0.8119125354166666 0.5712314712962963 0.8118278921875 0.6044583805555556 0.8193107619791667 0.6045324972222222 0.8193490526041667 0.5713996583333333
4 0.8484522369791667 0.6522348916666667 0.830735590625 0.652212087037037 0.8307698510416667 0.6582383120370371 0.8484361145833332 0.6583095777777778 0.8484522369791667 0.6522348916666667
4 0.8032224911458333 0.6729732037037037 0.8032648125 0.6670096925925926 0.7391172916666666 0.667049600925926 0.739183796875 0.6729133407407407 0.8032224911458333 0.6729732037037037
4 0.717551390625 0.6522434435185185 0.6709109229166667 0.6522320407407408 0.6709431682291667 0.6583979472222222 0.7175352682291667 0.6582782212962963 0.717551390625 0.6522434435185185
4 0.7176985088541666 0.6112998861111112 0.6708544942708333 0.6112029648148148 0.67077388125 0.621881413888889 0.7176924625000001 0.621875712962963 0.7176985088541666 0.6112998861111112
4 0.8034119307291667 0.6259521092592593 0.739062878125 0.6260746861111112 0.7390467552083333 0.6367046749999999 0.8034340989583334 0.6367217787037037 0.8034119307291667 0.6259521092592593
3 0.6138532848958334 0.4255929305555555 0.6139318822916666 0.4319498287037037 0.6939298671874999 0.4320638537037037 0.6939459895833333 0.4256185861111111 0.6138532848958334 0.4255929305555555
3 0.6503567109374999 0.43207810740740743 0.6459814588541666 0.43203249722222226 0.6459109229166666 0.6519726342592592 0.6504836760416667 0.6519954388888889 0.6503567109374999 0.43207810740740743
3 0.7274707781249999 0.6520667046296296 0.7175997583333333 0.6520667046296296 0.7175997583333333 0.6582554157407408 0.7275030229166667 0.6582782212962963 0.7274707781249999 0.6520667046296296
3 0.7275151151041667 0.6583124287037038 0.7231116484375 0.6582782212962963 0.7231398630208333 0.6730872296296296 0.7275151151041667 0.6731356898148148 0.7275151151041667 0.6583124287037038
3 0.7275695286458334 0.6668415055555555 0.7275675130208333 0.6731527935185184 0.7391495364583334 0.6731071833333333 0.7390830312500001 0.6668015962962963 0.7275695286458334 0.6668415055555555
3 0.8033494557291667 0.6668500574074074 0.80330511875 0.6731470925925926 0.8192684401041667 0.6731014824074074 0.8192785166666667 0.6668643101851851 0.8033494557291667 0.6668500574074074
3 0.819246271875 0.6521807296296296 0.8148125755208333 0.6522092361111111 0.814836759375 0.6668187 0.819266425 0.6667987453703704 0.819246271875 0.6521807296296296
3 0.8192946390625 0.6521807296296296 0.8192785166666667 0.6584863166666667 0.8306952843750001 0.6583950972222222 0.8306711005208334 0.6521265675925926 0.8192946390625 0.6521807296296296
3 0.8172450625 0.6369184722222222 0.814836759375 0.6369184722222222 0.814877065625 0.6521636259259259 0.8171866182291667 0.6521066138888888 0.8172450625 0.6369184722222222
3 0.6939621119791667 0.4198004564814815 0.6896029828125 0.41984606574074074 0.6896029828125 0.42552451574074074 0.6939621119791667 0.42557012499999997 0.6939621119791667 0.4198004564814815
3 0.8337706567708333 0.29398802777777777 0.8294115276041667 0.2940108324074074 0.8293954052083333 0.30631984074074076 0.8338210401041667 0.3062742305555555 0.8337706567708333 0.29398802777777777
3 0.6939500203125 0.2937143675925926 0.6896573963541666 0.29373717222222223 0.6895949213541667 0.3897690990740741 0.6940266020833333 0.3897377425925926 0.6939500203125 0.2937143675925926
3 0.833835146875 0.4497548462962963 0.8294457880208334 0.44979190462962965 0.8294941557291666 0.4577166472222222 0.8338371625 0.4577052453703704 0.833835146875 0.4497548462962963
3 0.8552720677083333 0.45775085555555556 0.829510278125 0.45777366018518517 0.8295002015624999 0.46385119722222223 0.8552398223958334 0.46387115185185185 0.8552720677083333 0.45775085555555556
3 0.8337706567708333 0.3642132268518518 0.8295163239583334 0.36420182407407403 0.8294195890625 0.3918842648148148 0.8338532848958333 0.39192417314814815 0.8337706567708333 0.3642132268518518
3 0.6896049979166666 0.29365165370370366 0.8415356713541667 0.2939652222222222 0.8415195484375 0.2876596351851852 0.6896291817708333 0.28781927037037036 0.6896049979166666 0.29365165370370366
3 0.8552902057291667 0.47496864351851853 0.8596493348958333 0.4748774231481481 0.8597057640625 0.4576938425925926 0.8553043130208333 0.45772805 0.8552902057291667 0.47496864351851853
3 0.6138694072916666 0.3674144814814815 0.6139097140625 0.3737827824074074 0.6514389359375 0.3736830101851852 0.6514207979166666 0.367328962037037 0.6138694072916666 0.3674144814814815
3 0.6470032244791667 0.36726909907407407 0.6514127369791667 0.36726909907407407 0.6513583234375001 0.3474116305555556 0.64699919375 0.3474116305555556 0.6470032244791667 0.36726909907407407
3 0.6512777104166666 0.29202394537037035 0.6470536072916667 0.29205245185185186 0.6469347036458333 0.3148175601851852 0.6513361546875001 0.3147063851851852 0.6512777104166666 0.29202394537037035
3 0.6513160015625 0.24246009166666666 0.646938734375 0.24249999999999997 0.6469931479166667 0.25929874537037034 0.6513885531250001 0.2593871148148148 0.6513160015625 0.24246009166666666
3 0.7084018541666667 0.24246579259259257 0.7040669083333333 0.2425028509259259 0.7040991536458333 0.2877594074074074 0.7083756552083333 0.2877594074074074 0.7084018541666667 0.24246579259259257
3 0.6920999598958333 0.24243443518518518 0.6896090286458333 0.2425313564814815 0.6896432890625 0.2877936148148148 0.6920536072916667 0.28777651111111113 0.6920999598958333 0.24243443518518518
3 0.7304373234374999 0.29381984074074075 0.7280693270833333 0.2937856324074074 0.7280632807291667 0.3503449259259259 0.7303164046875 0.35039053611111115 0.7304373234374999 0.29381984074074075
3 0.7280431276041667 0.30573831203703705 0.6954816604166666 0.30571550740740744 0.6954756145833334 0.30895096944444445 0.728020959375 0.3089566703703704 0.7280431276041667 0.30573831203703705
3 0.6975977427083334 0.30897377407407406 0.6954756145833334 0.30897377407407406 0.6954735994791666 0.37093500555555553 0.6976118499999999 0.3709122009259259 0.6975977427083334 0.30897377407407406
3 0.8596795645833333 0.652157925 0.8485268036458333 0.6520895092592592 0.8484945588541667 0.6583950972222222 0.8596755338541667 0.658298175925926 0.8596795645833333 0.652157925
3 0.730306328125 0.37723204074074074 0.7280955260416667 0.37723204074074074 0.7279967755208333 0.38736316944444443 0.7303002822916667 0.38738882592592594 0.730306328125 0.37723204074074074
3 0.7020394999999999 0.42117445833333333 0.6958121723958333 0.42112884814814816 0.69579605 0.4243158490740741 0.7020394999999999 0.4242901935185185 0.7020394999999999 0.42117445833333333
3 0.7183071343749999 0.42103477777777776 0.7183151953125001 0.42433865462962966 0.7259895203125001 0.4243614592592593 0.7260056427083333 0.4209635120370371 0.7183071343749999 0.42103477777777776
3 0.7303748489583334 0.4209435574074074 0.7260640869791666 0.4209435574074074 0.7260137041666667 0.47957810740740736 0.7303990328125 0.47957810740740736 0.7303748489583334 0.4209435574074074
3 0.6962535265625001 0.4348261120370371 0.69365376875 0.4348717222222222 0.6936275692708332 0.47944982870370373 0.6962978635416667 0.47946123148148145 0.6962535265625001 0.4348261120370371
3 0.730284159375 0.4796465222222222 0.6789923416666667 0.47946123148148145 0.6789923416666667 0.48283352314814815 0.7302962515625 0.4827508555555555 0.730284159375 0.4796465222222222
3 0.7303002822916667 0.4827879129629629 0.7281459088541666 0.4828107185185185 0.7281116484375 0.5372833527777778 0.7303164046875 0.5373061574074074 0.7303002822916667 0.4827879129629629
3 0.713450221875 0.4828677305555556 0.7111265619791667 0.4828677305555556 0.7111527609375 0.5339538194444444 0.7134542520833332 0.5339310148148148 0.713450221875 0.4828677305555556
3 0.72808141875 0.5340421888888889 0.6814429666666667 0.5339538194444444 0.6814429666666667 0.5373061574074074 0.7280511890625 0.5372548462962963 0.72808141875 0.5340421888888889
3 0.6504615072916666 0.47949828981481485 0.6504413541666667 0.4829874574074074 0.66285771875 0.48304446944444446 0.6628375656250001 0.4795068416666667 0.6504615072916666 0.47949828981481485
3 0.6619024588541667 0.5339566703703704 0.6504997984374999 0.5339082101851852 0.6504756145833334 0.5373346638888888 0.6619024588541667 0.5372976055555556 0.6619024588541667 0.5339566703703704
3 0.6707174526041667 0.6159064990740741 0.6505340588541666 0.6159064990740741 0.6505078598958334 0.6220039907407408 0.6707013302083333 0.6219099203703704 0.6707174526041667 0.6159064990740741
3 0.7272773072916666 0.6158637398148148 0.7177488916666667 0.6158836944444445 0.7177327692708333 0.6219327250000001 0.7272732770833333 0.6219555305555555 0.7272773072916666 0.6158637398148148
1 0 0 0 1 1 1 1 0 0 0
3 0.6708282947916667 0.6521094638888889 0.6254050786458334 0.6519498287037037 0.6253466343749999 0.6583808435185186 0.6708847239583334 0.6583010259259259 0.6708282947916667 0.6521094638888889
4 0.32134421614583336 0.5296636259259259 0.37378879479166666 0.5295439000000001 0.37410318437499995 0.5193700111111111 0.3212595729166667 0.5191704675925927 0.32134421614583336 0.5296636259259259
2 0.13776904479166668 0.5190165333333334 0.1622974609375 0.519481186111111 0.16223700104166666 0.4899486888888889 0.13757960520833334 0.4900171037037037 0.13776904479166668 0.5190165333333334
3 0.1332648125 0.5311488027777778 0.157855703125 0.5312571268518519 0.15778315208333332 0.5276852907407408 0.13319629166666666 0.5277651083333333 0.1332648125 0.5311488027777778
3 0.13064691666666667 0.5734407074074074 0.1331136640625 0.5733722916666667 0.13321241458333333 0.5277879129629629 0.1307456671875 0.5277651083333333 0.13064691666666667 0.5734407074074074
2 0.19611043958333332 0.5190450398148148 0.21155380885416666 0.5194612314814815 0.21113663854166667 0.4891875712962963 0.19569729947916667 0.48944697870370374 0.19611043958333332 0.5190450398148148
2 0.20037283333333333 0.48896237129629627 0.21781942760416667 0.489378562962963 0.21756952864583334 0.46245153888888885 0.20037887968749998 0.4628249712962963 0.20037283333333333 0.48896237129629627
2 0.21997380104166667 0.48923888240740737 0.23790407083333334 0.48918187037037036 0.23722692447916666 0.46300741203703705 0.21983071354166667 0.4627166472222222 0.21997380104166667 0.48923888240740737
2 0.27968762604166664 0.4048517675925926 0.29344820625 0.40511972592592593 0.2930935109375 0.3844469787037037 0.27987505052083334 0.38411060462962965 0.27968762604166664 0.4048517675925926
3 0.2755401046875 0.3948090083333333 0.2776622328125 0.3948090083333333 0.27761185000000005 0.3876197259259259 0.27545747708333335 0.38757411666666663 0.2755401046875 0.3948090083333333
2 0.2706549776041667 0.5215935009259259 0.25162031458333334 0.5215935009259259 0.25129181770833336 0.5513540481481481 0.27101571927083334 0.5510575824074074 0.2706549776041667 0.5215935009259259
3 0.27080008072916667 0.5251795898148147 0.2848004838541666 0.5254104907407406 0.28492341822916667 0.5194469787037037 0.2706771463541667 0.5191562148148148 0.27080008072916667 0.5251795898148147
2 0.21017130208333334 0.6070239453703704 0.21338371614583332 0.6072263398148148 0.21349657395833335 0.5833010259259259 0.21008665885416666 0.5833010259259259 0.21017130208333334 0.6070239453703704
3 0.16234381302083334 0.3877223490740741 0.17384522395833332 0.3875969212962963 0.17396412760416666 0.38119726296296297 0.16234381302083334 0.3812656787037037 0.16234381302083334 0.3877223490740741
3 0.16238815 0.3813968074074074 0.1580088671875 0.38148517685185185 0.15792220885416666 0.4896408212962963 0.16212212812500001 0.4896693268518519 0.16238815 0.3813968074074074
3 0.1288049171875 0.44661060462962965 0.157855703125 0.44661060462962965 0.15792019322916667 0.4402765111111111 0.1288049171875 0.4403705814814815 0.1288049171875 0.44661060462962965
3 0.16229947604166667 0.5194982898148147 0.1578859333333333 0.5196835805555556 0.15778919791666668 0.5732069555555555 0.16226521562500001 0.5732525657407407 0.16229947604166667 0.5194982898148147
3 0.18177347864583335 0.57340935 0.13060661041666666 0.5735290768518518 0.13066303906249999 0.5796807296296297 0.18170898854166667 0.5797462944444445 0.18177347864583335 0.57340935
3 0.130592503125 0.5972462944444444 0.13492744843749999 0.5971807296296296 0.13504635208333332 0.5797890537037037 0.13066303906249999 0.5797206388888889 0.130592503125 0.5972462944444444
3 0.13062071770833333 0.6518101481481482 0.13508262812500002 0.6518101481481482 0.13495969375 0.6299800453703704 0.1307033453125 0.6299800453703704 0.13062071770833333 0.6518101481481482
3 0.177408303125 0.6729732037037037 0.18184199895833333 0.6729732037037037 0.1816727125 0.5796094638888889 0.177202740625 0.5797063851851851 0.177408303125 0.6729732037037037
3 0.18170495781249998 0.6318643101851852 0.3175695286458333 0.6319127703703703 0.3176380489583333 0.6254475481481481 0.18177347864583335 0.6254475481481481 0.18170495781249998 0.6318643101851852
3 0.31313583229166664 0.6254960092592593 0.3175695286458333 0.6255416194444445 0.3176380489583333 0.618691562037037 0.31306731145833333 0.6187856324074075 0.31313583229166664 0.6254960092592593
3 0.32154373229166666 0.559885975 0.31303909739583335 0.5599515388888889 0.31313583229166664 0.569033637037037 0.31758766614583334 0.5689994296296296 0.31753929843749995 0.5660176740740741 0.3215679161458333 0.5659179018518519 0.32154373229166666 0.559885975
3 0.3739338973958333 0.5599771953703703 0.37389560677083333 0.5660176740740741 0.38988512708333334 0.5659806157407407 0.3897662234375 0.5599201824074074 0.3739338973958333 0.5599771953703703
3 0.3855219671875 0.5598090083333334 0.3898065296875 0.5598631694444445 0.3898186213541667 0.36484036481481485 0.3854594921875 0.3649087796296296 0.3855219671875 0.5598090083333334
3 0.36608222500000004 0.36495724074074076 0.38985086666666663 0.3648175601851852 0.3899072953125 0.35850057037037036 0.3661628375 0.3585575824074074 0.36608222500000004 0.36495724074074076
3 0.2951068119791667 0.3646921324074074 0.31938331302083334 0.36481185833333335 0.31936315989583336 0.3584891675925926 0.2951068119791667 0.35857753703703704 0.2951068119791667 0.3646921324074074
3 0.2732950421875 0.38111174444444446 0.27772672291666667 0.3811602055555556 0.27772672291666667 0.35872291944444445 0.2733272875 0.35857753703703704 0.2732950421875 0.38111174444444446
3 0.2651309953125 0.38748859722222223 0.2777106005208333 0.3874800453703704 0.2777045546875 0.38118015925925924 0.26514913333333334 0.38129133425925926 0.2651309953125 0.38748859722222223
3 0.20885933072916665 0.3875969212962963 0.230225715625 0.38756271388888885 0.23027206770833333 0.3814623712962963 0.20885933072916665 0.38129703518518515 0.20885933072916665 0.3875969212962963
3 0.1623297057291667 0.42375712685185185 0.17377871822916668 0.4237086657407408 0.17387142291666666 0.4178050166666667 0.1623297057291667 0.4176026222222222 0.1623297057291667 0.42375712685185185
3 0.20882305520833333 0.4236687574074074 0.23007456666666667 0.4237656787037037 0.23007456666666667 0.41773375185185185 0.208754534375 0.41773375185185185 0.20882305520833333 0.4236687574074074
3 0.26537283333333334 0.42342930462962963 0.27369810572916664 0.423523375 0.27366989114583334 0.4177793611111111 0.26531035885416665 0.41768529074074073 0.26537283333333334 0.42342930462962963
3 0.26925231770833336 0.4176482324074074 0.273673921875 0.4177594074074074 0.27364772291666667 0.4010917898148148 0.26920596510416667 0.401023375 0.26925231770833336 0.4176482324074074
3 0.2692926239583333 0.4009834666666667 0.27961305937500003 0.40090079814814816 0.27969770260416665 0.3949914481481481 0.2692382104166667 0.3950741166666667 0.2692926239583333 0.4009834666666667
3 0.29324062864583333 0.40059578148148145 0.3194195890625 0.40080672777777776 0.319469971875 0.394831812962963 0.2931902458333333 0.3950370583333333 0.29324062864583333 0.40059578148148145
3 0.309326884375 0.3947890537037037 0.311388553125 0.39486031944444444 0.3110943166666667 0.36474629444444445 0.3092099958333333 0.364660775 0.309326884375 0.3947890537037037
3 0.36602781145833335 0.40058437870370367 0.3854292625 0.4008152796296296 0.38538895624999997 0.3948546175925926 0.36602781145833335 0.3947377425925926 0.36602781145833335 0.40058437870370367
3 0.3739318822916667 0.5295439000000001 0.3854735994791667 0.5297035351851852 0.3854735994791667 0.5238740018518518 0.3739318822916667 0.5238740018518518 0.3739318822916667 0.5295439000000001
3 0.29197904062499996 0.5298745722222222 0.32123740416666663 0.5296750287037038 0.321205159375 0.5237941842592593 0.291938734375 0.5237371722222223 0.29197904062499996 0.5298745722222222
3 0.28748488489583335 0.5690450398148148 0.29198710208333334 0.5690450398148148 0.29191656614583333 0.5237371722222223 0.2875171302083333 0.5235461805555556 0.28748488489583335 0.5690450398148148
3 0.287674325 0.6254418472222223 0.29199717864583336 0.6254988601851852 0.2917593713541667 0.6187970351851851 0.28761386562499996 0.6186516537037037 0.287674325 0.6254418472222223
3 0.21066102395833333 0.6214680731481481 0.21307940364583333 0.6215136833333333 0.21295646927083334 0.6072092361111111 0.21060862552083334 0.6071522231481481 0.21066102395833333 0.6214680731481481
3 0.2491515515625 0.5799230333333333 0.25149738020833334 0.5799572407407407 0.2512837567708333 0.5253420750000001 0.24917573541666668 0.5252423037037037 0.2491515515625 0.5799230333333333
3 0.19786779531249998 0.48878563240740736 0.2000705359375 0.4889538194444444 0.2000987505208333 0.4781328388888889 0.197797259375 0.4781584944444444 0.19786779531249998 0.48878563240740736
3 0.21057235 0.5253306731481482 0.2514772270833333 0.5254903074074074 0.2514248286458333 0.5192730898148148 0.21054413541666667 0.519378562962963 0.21057235 0.5253306731481482
3 0.212855703125 0.5380957814814815 0.24920395 0.5381670462962963 0.24916364375000002 0.5351995435185185 0.212898025 0.5351425314814815 0.212855703125 0.5380957814814815
3 0.16456469166666665 0.5253107185185185 0.19623538906250002 0.5253420750000001 0.196164853125 0.5190108324074074 0.16449214010416666 0.519312999074074 0.16456469166666665 0.5253107185185185
3 0.16444377291666665 0.5714794759259259 0.16664651354166665 0.5714794759259259 0.16669488125 0.5253420750000001 0.16451430885416668 0.5253734324074074 0.16444377291666665 0.5714794759259259
3 0.16666666666666666 0.5714680731481482 0.21068722291666667 0.5716904222222222 0.2107255140625 0.5683694416666666 0.16662636041666667 0.5683979472222223 0.16666666666666666 0.5714680731481482
3 0.21068722291666667 0.5832525657407408 0.21285771875 0.5832782212962963 0.21285771875 0.5253677305555555 0.2105884723958333 0.5253135694444444 0.21068722291666667 0.5832525657407408
3 0.21779524375 0.48909350092592596 0.21980652968749997 0.4888996583333333 0.21987505052083334 0.428010262037037 0.217591696875 0.428010262037037 0.21779524375 0.48909350092592596
3 0.164713825 0.47808437870370374 0.200082628125 0.47811003425925924 0.20011487291666666 0.4750171037037037 0.16469165677083333 0.47487457222222224 0.164713825 0.47808437870370374
3 0.2377448609375 0.48909350092592596 0.27233776718749997 0.4890535916666666 0.2722813380208333 0.485795325 0.2377448609375 0.48583523333333334 0.2377448609375 0.48909350092592596
3 0.24230955260416664 0.4858580388888889 0.24461305937500002 0.48583523333333334 0.24451430885416667 0.4693842648148148 0.24230955260416664 0.469432725 0.24230955260416664 0.4858580388888889
3 0.27231559843750003 0.4892930444444445 0.2766384520833334 0.48912485740740747 0.27665860520833335 0.42767103796296296 0.2722571541666667 0.4277252 0.27231559843750003 0.4892930444444445
3 0.27667875833333333 0.4725399083333333 0.30005038281249996 0.4724857472222222 0.2999717854166667 0.4692189277777778 0.27667875833333333 0.4693015962962963 0.27667875833333333 0.4725399083333333
3 0.27670898854166665 0.4592787916666667 0.2999677546875 0.45923888240740746 0.2999476015625 0.4562257694444445 0.27673317187499996 0.4564623712962963 0.27670898854166665 0.4592787916666667
3 0.3000342604166667 0.4857696694444445 0.3024022572916667 0.48583523333333334 0.3022611848958333 0.4346066138888889 0.3000181380208333 0.43452964629629626 0.3000342604166667 0.4857696694444445
3 0.3000181380208333 0.43462086666666666 0.31356509479166667 0.43455530185185187 0.3135892786458333 0.4315735462962963 0.29999193854166667 0.4315735462962963 0.3000181380208333 0.43462086666666666
3 0.30005038281249996 0.48898517685185183 0.31357315572916666 0.48887400185185187 0.313651753125 0.48580387685185183 0.30007053593750005 0.48574686388888894 0.30005038281249996 0.48898517685185183
4 0.3193792822916667 0.3644669324074074 0.3660781942708333 0.3645439 0.3661144697916667 0.35869726296296295 0.31936315989583336 0.3587428731481481 0.3193792822916667 0.3644669324074074
4 0.31947400260416664 0.4054703537037037 0.36614066927083333 0.4053591787037037 0.3660016125 0.3952252 0.3194357114583333 0.3951111740740741 0.31947400260416664 0.4054703537037037
4 0.27782345833333333 0.3645667046296296 0.29507658177083335 0.36450969259259264 0.2950564286458333 0.35870296481481484 0.2777448609375 0.35864595185185183 0.27782345833333333 0.3645667046296296
4 0.23029625156250003 0.38736316944444443 0.26509471979166666 0.3874572407407407 0.2650705359375 0.3814994296296296 0.23029625156250003 0.3814310148148148 0.23029625156250003 0.38736316944444443
4 0.1739419588541667 0.3873945268518519 0.20895002031249998 0.3873403648148148 0.2087646109375 0.3814994296296296 0.17396614270833333 0.3814623712962963 0.1739419588541667 0.3873945268518519
4 0.17375856510416668 0.4281784490740741 0.20888351458333335 0.42817559907407404 0.20877871822916666 0.4178050166666667 0.17384320833333333 0.4178449259259259 0.17375856510416668 0.4281784490740741
4 0.23031237395833332 0.4281071833333333 0.26548166041666665 0.42820125462962966 0.265243853125 0.4177793611111111 0.2301430875 0.41768529074074073 0.23031237395833332 0.4281071833333333
4 0.31343006875 0.618691562037037 0.31755542135416664 0.6186231472222222 0.31735792031250004 0.5690136833333332 0.3132325677083333 0.5690136833333332 0.31343006875 0.618691562037037
4 0.2843490526041667 0.6189680731481481 0.29191455052083337 0.6188312425925926 0.29171704947916666 0.5690136833333332 0.2842523177083333 0.5690136833333332 0.2843490526041667 0.6189680731481481
4 0.3215477630208333 0.5659122009259259 0.3738593307291667 0.566023375 0.37383917760416663 0.5601881416666666 0.3215477630208333 0.5600769666666666 0.3215477630208333 0.5659122009259259
3 0.7272289401041667 0.6220296462962963 0.7228859333333334 0.6219840361111111 0.7228879484374999 0.636878562962963 0.7273216442708333 0.6368956666666666 0.7272289401041667 0.6220296462962963
3 0.7273216442708333 0.6304960092592593 0.7273559046875 0.6368956666666666 0.7390044338541667 0.636872862037037 0.7389641276041666 0.6305900796296297 0.7273216442708333 0.6304960092592593
3 0.803470375 0.6305900796296297 0.8035147119791667 0.6367816416666666 0.8193772671875 0.636824400925926 0.8193752520833333 0.6305102620370371 0.803470375 0.6305900796296297
3 0.7304010479166667 0.3709891675925926 0.6953607416666666 0.3710290768518519 0.6953224505208334 0.37722063888888885 0.7304856911458334 0.3771807296296296 0.7304010479166667 0.3709891675925926
3 0.8553204354166667 0.6520895092592592 0.8596795645833333 0.6521123148148148 0.8596795645833333 0.6045267962962964 0.8552720677083333 0.6045980611111111 0.8553204354166667 0.6520895092592592
3 0.8596876260416667 0.5331299888888889 0.8552781135416667 0.5331784490740741 0.855286175 0.5711545037037037 0.8596634421875 0.5711374 0.8596876260416667 0.5331299888888889
3 0.8149778317708333 0.6304789055555556 0.8193611447916667 0.6304247435185185 0.8194095125 0.6046208666666667 0.8150221682291666 0.6045923601851851 0.8149778317708333 0.6304789055555556
3 0.83410116875 0.6128107185185184 0.8341172916666667 0.6170239453703703 0.8552216848958333 0.61704675 0.8552398223958334 0.6128363740740741 0.83410116875 0.6128107185185184
3 0.8150503828125 0.5188597490740741 0.8150342604166667 0.5712086657407407 0.81942765 0.5712770805555556 0.8193389760416667 0.5187856324074075 0.8150503828125 0.5188597490740741
3 0.8194377265625 0.5187827824074074 0.8194095125 0.5250142527777778 0.8397924223958333 0.5251368305555556 0.8397924223958333 0.5189851768518519 0.8194377265625 0.5187827824074074
3 0.8397460703125 0.46395096944444447 0.835409109375 0.46395096944444447 0.8353990328125 0.5188996583333334 0.8397682385416666 0.5189253138888889 0.8397460703125 0.46395096944444447
3 0.8552378072916667 0.5372348916666666 0.835286175 0.5373090083333333 0.8353002822916668 0.5405843787037037 0.8552378072916667 0.5404247435185185 0.8552378072916667 0.5372348916666666
3 0.8377005239583333 0.5406071833333334 0.8353002822916668 0.5406328388888889 0.8352357921875 0.566647662037037 0.83757154375 0.566647662037037 0.8377005239583333 0.5406071833333334
3 0.8376985088541667 0.5629789055555555 0.8376642484375 0.5665507407407407 0.8551894395833333 0.5666932722222222 0.8551975010416667 0.563124287037037 0.8376985088541667 0.5629789055555555
3 0.829429665625 0.457440137037037 0.8037827489583333 0.4575655648148148 0.8037444578125 0.46366305555555554 0.8294639260416666 0.46375997685185183 0.829429665625 0.457440137037037
3 0.8081358322916666 0.4497177879629629 0.8037988713541666 0.4497234888888889 0.8037827489583333 0.4574486888888889 0.8081116484374999 0.4574600916666667 0.8081358322916666 0.4497177879629629
3 0.8012273276041667 0.4618358037037037 0.7535288192708334 0.46186145925925925 0.7535066505208333 0.4680558722222222 0.8011970979166667 0.4684378564814815 0.8012273276041667 0.4618358037037037
3 0.75597944375 0.4681299888888889 0.7536598145833333 0.4681299888888889 0.753593309375 0.4860689851851852 0.7559290609375 0.4860689851851852 0.75597944375 0.4681299888888889