3 0.76080999375 0.8749415787037037 0.7608341729166667 0.8771273870370371 0.762510578125 0.8771644342592593 0.7624863994791667 0.8748674833333334 0.76080999375 0.8749415787037037
3 0.6663147291666667 0.7376033055555555 0.6665383838541667 0.7750527212962963 0.6686540401041667 0.775001425 0.6687265765625 0.7376033055555555 0.6663147291666667 0.7376033055555555
3 0.6558613739583333 0.7724365916666667 0.6558915979166666 0.7751068675925926 0.6664436833333334 0.775018524074074 0.6664134593750001 0.7724793388888889 0.6558613739583333 0.7724365916666667
3 0.6337154947916667 0.7723966944444445 0.6337154947916667 0.7748446851851852 0.6443300421875 0.7748047879629629 0.6442796697916666 0.7726617268518519 0.6337154947916667 0.7723966944444445
3 0.6339875078125 0.8031490453703704 0.6342192223958333 0.7999914509259259 0.595718315625 0.8001025935185185 0.5957989119791667 0.8472670277777778 0.5972556921875001 0.8472527787037037 0.5974128552083333 0.8029324592592593 0.6339875078125 0.8031490453703704
3 0.5834233328124999 0.8506070101851851 0.5835563166666666 0.853448275925926 0.6124823697916667 0.853448275925926 0.6125226677083333 0.8508577944444444 0.5834233328124999 0.8506070101851851
3 0.6476949427083334 0.8000028499999999 0.6478803145833333 0.8474437157407407 0.6506508161458334 0.8478369907407407 0.6509288734375 0.8001339416666667 0.6476949427083334 0.8000028499999999
3 0.6383538182291667 0.8507609009259259 0.6383981463541667 0.8534112287037037 0.6596574651041667 0.8534739240740741 0.6597461213541667 0.8506355083333332 0.6383538182291667 0.8507609009259259
3 0.7208926052083334 0.7936278138888888 0.7174068104166668 0.7933855796296296 0.717735240625 0.8479652324074074 0.7208764859375 0.8478369907407407 0.7208926052083334 0.7936278138888888
3 0.7089341124999999 0.8510715305555555 0.7089341124999999 0.8533399833333333 0.7223453557291666 0.8532487888888889 0.7222808786458333 0.8510715305555555 0.7089341124999999 0.8510715305555555
3 0.7526213984375 0.85077515 0.7526939348958332 0.8533542324074074 0.7608623817708333 0.8534055287037037 0.7609369333333333 0.8508834425925926 0.7526213984375 0.85077515
3 0.7818597625 0.8527301222222222 0.7818597625 0.8507637499999999 0.7610034255208333 0.8509147907407407 0.761057828125 0.8570418925925926 0.7625025187500001 0.8570418925925926 0.7625025187500001 0.8528042175925926 0.7818597625 0.8527301222222222
3 0.7842313114583334 0.8331205472222222 0.784158775 0.85076945 0.7861998791666667 0.8505585638888888 0.7860145072916667 0.8331205472222222 0.7842313114583334 0.8331205472222222
3 0.7859963729166667 0.7385722425925926 0.7842131776041666 0.7386235398148149 0.7841426557291666 0.8087517814814814 0.7861212973958334 0.8087517814814814 0.7859963729166667 0.7385722425925926
3 0.7808079791666667 0.7688116268518519 0.7808240984375 0.7360957537037037 0.7791134395833333 0.736164149074074 0.7792041104166666 0.7715218009259259 0.7820552083333333 0.7715844972222222 0.7820995364583333 0.7688116268518519 0.7808079791666667 0.7688116268518519
3 0.7431976625 0.768278712037037 0.7429296796875 0.7431718435185185 0.7579347166666667 0.7430151037037037 0.7580032239583333 0.736337987962963 0.75603465625 0.736337987962963 0.7559238364583333 0.7405243657407407 0.7413802135416667 0.7405243657407407 0.7411122307291667 0.7691137074074074 0.7335381822916667 0.7689968648148148 0.7335180333333333 0.7714562555555556 0.7674733026041667 0.7713821601851851 0.7676344953124999 0.7683556564814815 0.7431976625 0.768278712037037
3 0.7176909125000001 0.7685836416666667 0.7176909125000001 0.7715332 0.7298287328125 0.7716072953703703 0.7298287328125 0.7685836416666667 0.7176909125000001 0.7685836416666667
3 0.7178198671874999 0.7319635222222223 0.7178803145833333 0.7346907953703703 0.7298549265625 0.7347620407407407 0.729850896875 0.7319635222222223 0.7178198671874999 0.7319635222222223
3 0.658581503125 0.7317269879629629 0.6585170260416666 0.7346309490740741 0.6965041307291667 0.7344485611111111 0.6965041307291667 0.7320889138888889 0.658581503125 0.7317269879629629
3 0.6295869432291668 0.6871872324074074 0.6296413458333333 0.7104816185185185 0.6318335682291667 0.7105585638888888 0.6318355833333332 0.6871159870370371 0.6295869432291668 0.6871872324074074
3 0.6094076161458334 0.7322741518518519 0.6093955270833333 0.7345483046296296 0.6414809588541667 0.7347306925925926 0.6412875276041666 0.7322456537037036 0.6173524078125 0.731735537037037 0.61753375 0.7079566824074074 0.609427765625 0.707871187962963 0.6093471692708333 0.7103277287037038 0.6154281682291667 0.7104075231481481 0.6155551078125 0.7323710462962963 0.6094076161458334 0.7322741518518519
3 0.5810981260416667 0.7397036194444444 0.6145295182291667 0.7397036194444444 0.6149788432291667 0.7749187805555555 0.6337134796875 0.7750755203703703 0.6334636307291667 0.737475063888889 0.6238707098958333 0.737290987037037 0.6238733750000001 0.7396038907407407 0.6238706427083333 0.7396038759259259 0.6238114968749999 0.7373396435185186 0.6223151317708333 0.7392932462962962 0.6222948791666667 0.7392933435185185 0.6222949828125 0.739250499074074 0.6238107114583333 0.7373095731481482 0.6238101953124999 0.737289825925926 0.6238258973958334 0.7372901277777777 0.6238371177083334 0.7372757592592593 0.5798791052083333 0.7376175546296296 0.5798287328125 0.7749615277777777 0.6030445296875 0.7749187805555555 0.6029800526041666 0.7720119694444444 0.5812955875 0.7723339981481482 0.5810981260416667 0.7397036194444444
3 0.5733326614583334 0.7728498148148149 0.5734011687499999 0.7748760333333333 0.5798287328125 0.7747905388888888 0.57985895625 0.7729723564814815 0.5733326614583334 0.7728498148148149
3 0.5733971390625 0.7375434592592592 0.5733971390625 0.739632374074074 0.5800100744791667 0.7399886009259259 0.5799395526041666 0.7376318037037036 0.5733971390625 0.7375434592592592
3 0.58227281875 0.8031775435185184 0.5823090875 0.8001852379629629 0.555796896875 0.8001339416666667 0.5559077171875 0.7916243944444444 0.5540137015625 0.7916243944444444 0.5540499697916667 0.7998689083333334 0.5452871244791667 0.8001339416666667 0.5452125729166667 0.8031262472222223 0.58227281875 0.8031775435185184
3 0.5558996572916667 0.7752066111111111 0.5556417489583333 0.7635907666666667 0.554229296875 0.7635993157407408 0.5541023572916667 0.7725762324074075 0.5454402578124999 0.7726674268518519 0.5453113036458334 0.7750270731481481 0.5558996572916667 0.7752066111111111
3 0.554166834375 0.7377258481481481 0.5542313114583333 0.7470732398148149 0.5557062260416666 0.7470732398148149 0.5556437640625 0.7377286972222222 0.554166834375 0.7377258481481481
3 0.5736751963541666 0.7114505555555555 0.5736751963541666 0.7280991731481482 0.575718315625 0.7280991731481482 0.5756115255208333 0.7115075518518518 0.5736751963541666 0.7114505555555555
3 0.5770884546875 0.6946451981481482 0.5769292765625 0.6722542037037037 0.5886338906249999 0.671926475 0.5885573239583334 0.6947164435185186 0.5918214791666667 0.6991479055555556 0.5916361072916666 0.6720347675925926 0.6041889984375001 0.6720347675925926 0.6040338505208334 0.6675833574074074 0.5764054000000001 0.6674266175925926 0.57531331875 0.6653918490740741 0.5737336286458333 0.6663066398148149 0.5736953453125 0.6991536046296297 0.5917146885416666 0.6991536046296297 0.5885069515625 0.6946879453703704 0.5770884546875 0.6946451981481482
3 0.56761233125 0.6505500138888889 0.5695285109375 0.6560330574074075 0.5713560348958333 0.6549615277777777 0.5696614953125 0.6504246222222222 0.56761233125 0.6505500138888889
3 0.5110155145833333 0.6595440296296297 0.5110195447916667 0.6838358509259259 0.5129316947916667 0.6838073527777777 0.5129498286458333 0.6596295240740742 0.5110155145833333 0.6595440296296297
3 0.5449707838541666 0.8407039046296296 0.5452387666666667 0.735200912037037 0.5540076567708333 0.7355029925925926 0.5540076567708333 0.7311171277777778 0.5559339109375 0.731342262962963 0.5559339109375 0.7281647194444445 0.5473765869791667 0.7281647194444445 0.5474309890625 0.6841493305555555 0.5307999192708334 0.6839213453703703 0.5307999192708334 0.6869478481481481 0.5325851302083333 0.6871587342592592 0.5325750552083334 0.6908948416666667 0.5434213177083334 0.6912596185185185 0.543260125 0.7279367342592593 0.5413882734375 0.7277885435185185 0.5410679026041667 0.8364690796296297 0.5389280677083333 0.8364690796296297 0.5386620994791667 0.882299800925926 0.5574853916666667 0.8822257055555556 0.5574853916666667 0.8772328296296297 0.542510578125 0.8773867194444445 0.5428853515625 0.8410059842592593 0.5449707838541666 0.8407039046296296
3 0.5836530322916667 0.8772727268518519 0.5836570625 0.8822542037037037 0.6122063265625 0.8820832148148148 0.6123352812499999 0.8771815333333333 0.5836530322916667 0.8772727268518519
3 0.6383900864583333 0.8773867194444445 0.6384424744791667 0.8823767453703704 0.6593511989583334 0.8823767453703704 0.6594579890625 0.877309775 0.6383900864583333 0.8773867194444445
3 0.709250453125 0.8771444851851852 0.7092061255208333 0.8823767453703704 0.7223070723958334 0.8822513537037037 0.7223070723958334 0.8773354231481482 0.709250453125 0.8771444851851852
3 0.7527604270833332 0.8772556287037037 0.7528007255208333 0.882296950925926 0.7656880916666666 0.8823539472222223 0.7656840619791667 0.8771957824074074 0.7527604270833332 0.8772556287037037
3 0.7819181947916667 0.8771416361111111 0.7783215796875 0.8772698777777778 0.7783779973958332 0.8821943574074074 0.7860487609375001 0.8823254490740741 0.7861394317708333 0.8565802222222222 0.8061918192708333 0.8567113138888889 0.8062845052083334 0.8331860925925926 0.8022184161458333 0.833448275925926 0.8024037880208332 0.8503049305555556 0.7818899859375 0.8508292962962962 0.7819181947916667 0.8771416361111111
3 0.7335442270833333 0.7714619546296296 0.7330002015625 0.7361755481481481 0.8025327421875 0.7360701055555555 0.8021539390625 0.7741920777777778 0.8066169656250001 0.7742946712962963 0.8063852510416667 0.7397691648148148 0.8058815234375001 0.7309261898148148 0.7332319161458333 0.730188087962963 0.7334575859375001 0.6930977490740741 0.7363892807291667 0.6930977490740741 0.7364658473958333 0.6860815046296297 0.7328853515625 0.6859789111111111 0.7328249041666666 0.6881390712962963 0.6856336890625 0.687871187962963 0.6858190609375 0.6928355657407408 0.7297924640625 0.6930977490740741 0.7299234333333333 0.7716813907407407 0.7335442270833333 0.7714619546296296
3 0.6696171671875 0.6931490453703704 0.6696171671875 0.6879310342592593 0.6590308281249999 0.6880051296296296 0.6589240380208333 0.6818808777777777 0.6268386057291667 0.6818808777777777 0.626731815625 0.6870988888888888 0.6552871244791666 0.6870219435185185 0.6553415270833334 0.6929980055555556 0.6696171671875 0.6931490453703704
3 0.5707979046875 0.6070817898148148 0.5709308885416667 0.5925933314814815 0.6041950432291666 0.5931575944444444 0.604062059375 0.6434055287037037 0.5705802942708333 0.6433485324074074 0.5706588755208333 0.6293274435185185 0.5672053192708333 0.6291023083333332 0.5672053192708333 0.6501795379629629 0.603929075 0.6503676259259259 0.604062059375 0.7279053861111111 0.5721277453125 0.7280906240740741 0.5719947614583333 0.7309147907407407 0.5737235541666668 0.7309147907407407 0.5737235541666668 0.7356198342592593 0.6092121703125 0.7350926185185186 0.6093471692708333 0.6869877453703704 0.6126516218750001 0.6871159870370371 0.6125911744791667 0.6819464231481481 0.6095083619791667 0.6818324305555555 0.6093451541666667 0.5854773435185184 0.5629457989583333 0.5861926472222223 0.5629457989583333 0.5925933314814815 0.5670703203124999 0.5927814194444444 0.5670703203124999 0.6065203759259259 0.5707979046875 0.6070817898148148
3 0.5411908119791666 0.6174038185185184 0.5410799921875 0.5930948990740741 0.5456276447916667 0.5929381592592592 0.5456115255208334 0.5859732120370371 0.540969171875 0.5857224277777778 0.5410799921875 0.5410259333333333 0.5257787630208334 0.5410259333333333 0.5258895828125 0.5480849240740742 0.5355369734375 0.5480849240740742 0.5359802536458333 0.6172442287037038 0.5411908119791666 0.6174038185185184
3 0.5127785614583333 0.6869877453703704 0.514704815625 0.6869877453703704 0.51458190625 0.6838102027777778 0.4981503125 0.6840809351851852 0.49814225260416667 0.6469307490740741 0.5410699171875 0.6473895694444445 0.5410014104166667 0.6401253916666667 0.49801128333333333 0.6401253916666667 0.4981503125 0.5481533203703703 0.5083135197916666 0.5482616129629629 0.5084666531250001 0.540963237037037 0.49299012708333334 0.540963237037037 0.4930203505208333 0.6908862925925926 0.5127785614583333 0.6912596185185185 0.5127785614583333 0.6869877453703704
2 0.7607374572916666 0.8572328296296297 0.7608482770833334 0.8749871759259259 0.7734374369791667 0.8747762898148148 0.7737336286458334 0.8573382731481481 0.7607374572916666 0.8572328296296297
2 0.7171388270833333 0.7716158453703703 0.7172274833333333 0.7934853231481481 0.7339371348958333 0.7929182101851852 0.7350070520833333 0.7718039324074074 0.7171388270833333 0.7716158453703703
2 0.75463429375 0.768084924074074 0.7581644166666667 0.7680877740740741 0.7580999395833333 0.753471074074074 0.7542494458333333 0.7535622685185186 0.75463429375 0.768084924074074
2 0.7675962119791666 0.7718951268518519 0.7790187385416666 0.7720775148148148 0.778889784375 0.753653462962963 0.7680455369791667 0.7535622685185186 0.7675962119791666 0.7718951268518519
2 0.63435220625 0.799831861111111 0.6344448921875 0.8213964092592593 0.6472879307291667 0.8215275009259259 0.647656659375 0.7995725277777778 0.63435220625 0.799831861111111
2 0.5823292364583333 0.7994414361111111 0.5822365505208332 0.8208748935185185 0.5954503322916668 0.8212653175925926 0.5956357041666667 0.7995725277777778 0.5823292364583333 0.7994414361111111
2 0.6031009468749999 0.7755115416666667 0.6149284708333334 0.7755115416666667 0.6146201895833333 0.7567369620370371 0.60317146875 0.757121687037037 0.6031009468749999 0.7755115416666667
4 0.802431996875 0.8093758907407407 0.8020975218749999 0.8333713305555556 0.806423534375 0.8333713305555556 0.8061998791666666 0.8092191509259259 0.802431996875 0.8093758907407407
2 0.5697461213541666 0.7008321462962963 0.572087446875 0.7073382731481481 0.5730606489583334 0.7114078083333333 0.5756719723958333 0.7115218009259259 0.5756538385416667 0.6992220009259259 0.5732480354166667 0.6992818462962963 0.5697461213541666 0.7008321462962963
2 0.5714406609375 0.6550299231481481 0.5654523473958334 0.6575263611111111 0.571815434375 0.6672014814814814 0.5753435421875001 0.6652408092592592 0.5714406609375 0.6550299231481481
2 0.5111525286458334 0.6472955259259259 0.5111525286458334 0.6595269305555556 0.516475921875 0.6598404101851852 0.516475921875 0.6471387861111111 0.5111525286458334 0.6472955259259259
2 0.5385291156249999 0.6401424907407407 0.5383074755208334 0.6175605583333333 0.5203465645833333 0.6175605583333333 0.5203465645833333 0.6399857509259259 0.5385291156249999 0.6401424907407407
3 0.18426959479166666 0.6512054712962964 0.18431392291666665 0.6744628101851852 0.1866310697916667 0.674397263888889 0.18658674166666664 0.6512681675925927 0.18426959479166666 0.6512054712962964
3 0.16454765260416665 0.6933713305555556 0.16472496458333333 0.7310259333333333 0.166721740625 0.730963237037037 0.16654442864583335 0.6963664861111111 0.18508361874999998 0.6964291824074074 0.18508361874999998 0.717098888888889 0.18954060052083335 0.7172242805555555 0.18956276458333335 0.7477115990740741 0.16491436614583332 0.7478227416666666 0.16491436614583332 0.7503305787037037 0.193022365625 0.7503305787037037 0.1929780375 0.7478683388888889 0.19131573645833333 0.747663151851852 0.19126939375 0.7147762898148148 0.1867801734375 0.7148389851851852 0.18681241197916665 0.6931974925925926 0.21251460833333333 0.6933542324074075 0.21251460833333333 0.6906725564814815 0.18655651822916666 0.6904075231481481 0.18652427968750002 0.6895753777777778 0.1844408625 0.6897321175925927 0.18451742916666666 0.6935594185185185 0.1667539796875 0.6937475064814814 0.16666532343749998 0.6906526074074074 0.15477332239583333 0.6906526074074074 0.15476727760416667 0.684995725 0.15254281666666666 0.6851838129629629 0.15267177135416665 0.751365061111111 0.15449123489583333 0.751365061111111 0.15444489218750002 0.6932288398148148 0.16454765260416665 0.6933713305555556
3 0.15257304062500002 0.7818666287037037 0.15246625 0.8295098314814815 0.15444489218750002 0.8297378166666667 0.1545516822916667 0.7817868342592593 0.15257304062500002 0.7818666287037037
3 0.1571670359375 0.8298290111111111 0.15722345364583334 0.8322513537037037 0.16080394947916668 0.832325449074074 0.160749546875 0.8298290111111111 0.1571670359375 0.8298290111111111
3 0.19128954270833332 0.8295041324074074 0.19134193020833334 0.8322257055555555 0.20439048958333333 0.8325306351851852 0.20439048958333333 0.8297321175925926 0.19128954270833332 0.8295041324074074
3 0.19241587760416667 0.7726902250000001 0.19306266354166668 0.826534625 0.19592786614583335 0.826534625 0.19602055208333333 0.7725591333333334 0.19241587760416667 0.7726902250000001
3 0.25395526875 0.8296950694444445 0.25396534374999996 0.8322941009259259 0.2746040703125 0.8324223425925926 0.27446705625 0.8296494731481482 0.25395526875 0.8296950694444445
3 0.2928027401041666 0.6695012824074074 0.29291356041666666 0.6747278425925926 0.30077775520833333 0.6745739527777778 0.3007213380208333 0.6695810768518519 0.2928027401041666 0.6695012824074074
3 0.3161898046875 0.8262154462962963 0.3161898046875 0.7793872898148149 0.27922828958333334 0.7794955824074075 0.27922828958333334 0.7820005703703704 0.31464839791666666 0.7824365916666667 0.31464839791666666 0.8261100027777778 0.3161898046875 0.8262154462962963
3 0.3005661895833333 0.8300370472222223 0.3004996979166667 0.8320319175925925 0.32847471302083336 0.832123112037037 0.3284787427083333 0.8297663148148148 0.3005661895833333 0.8300370472222223
3 0.3563147291666667 0.7791137074074074 0.35600644791666664 0.7733428324074073 0.35446705624999997 0.7732345398148148 0.35477533749999995 0.7793331435185186 0.3297481364583333 0.7791137074074074 0.32982671770833333 0.7822713027777778 0.3650151119791667 0.7821630092592592 0.3653233932291667 0.779441436111111 0.3563147291666667 0.7791137074074074
3 0.36517025989583335 0.7524308916666667 0.36509167864583336 0.7500370472222223 0.3563147291666667 0.7503619268518519 0.35639129583333334 0.7414306074074074 0.35469675625 0.7413223138888889 0.3545416078125 0.7570076944444445 0.35646987708333333 0.7572185805555556 0.3562361473958333 0.7524308916666667 0.36517025989583335 0.7524308916666667
3 0.35463630885416664 0.7139498435185185 0.3547854119791667 0.7247705898148149 0.3562704010416667 0.7247164435185185 0.35623211770833335 0.7139498435185185 0.35463630885416664 0.7139498435185185
3 0.19320975208333332 0.6964063833333333 0.1928410234375 0.750379025 0.196167640625 0.750379025 0.1963530125 0.6960131092592593 0.19320975208333332 0.6964063833333333
3 0.25813822291666666 0.7486634370370371 0.25798105989583336 0.7045597037037037 0.25682651614583335 0.7045597037037037 0.25682853125 0.7513850101851852 0.28023574427083336 0.751168424074074 0.28039089270833334 0.7489911657407406 0.25813822291666666 0.7486634370370371
3 0.271188796875 0.7009803361111111 0.27112834999999996 0.6983385583333334 0.26099536562500003 0.6983357083333334 0.2609329036458333 0.6907124537037037 0.23404594010416666 0.6905300657407407 0.23410840208333333 0.6930835 0.258942171875 0.6928925620370371 0.2590711265625 0.7006953546296296 0.271188796875 0.7009803361111111
3 0.2604714890625 0.6719350240740741 0.2604714890625 0.6512425194444444 0.25873463645833333 0.6515161018518518 0.25899455989583337 0.6745682527777778 0.26592383645833334 0.6747477916666667 0.26592383645833334 0.6718466796296296 0.2604714890625 0.6719350240740741
3 0.31678218802083336 0.7027272731481482 0.3166935322916667 0.7005243657407407 0.297709046875 0.7006469083333333 0.29775539010416663 0.6983813055555556 0.29280878489583334 0.6983784555555556 0.2928027401041666 0.701151325 0.296193834375 0.7010886296296296 0.2962885354166667 0.7026702768518519 0.31678218802083336 0.7027272731481482
3 0.3291436630208333 0.715762325 0.3292726171875 0.7484354518518519 0.3080959098958333 0.7483442574074074 0.30796695572916666 0.7512482185185185 0.33094096302083337 0.7510686805555555 0.33068305468750003 0.7134026787037037 0.2957747328125 0.7132202907407408 0.29583920989583334 0.7037817046296296 0.2942353416666667 0.7038728981481481 0.2941708645833333 0.7507950981481482 0.29571227083333335 0.7507950981481482 0.2957747328125 0.7154887435185185 0.3291436630208333 0.715762325
4 0.13244811614583335 0.7008093472222222 0.13226274427083334 0.7189740666666666 0.1371589765625 0.7189740666666666 0.13706830520833335 0.7009404388888889 0.13244811614583335 0.7008093472222222
4 0.1325952046875 0.7511370759259259 0.1322244609375 0.7693046453703704 0.13703002239583334 0.7690424620370371 0.13703002239583334 0.7511370759259259 0.1325952046875 0.7511370759259259
3 0.164872053125 0.6514163583333333 0.16474511406249998 0.6823624962962963 0.15665927864583334 0.6824536907407407 0.1565948015625 0.6851781129629629 0.166669353125 0.6851781129629629 0.16664517447916666 0.6513907092592593 0.164872053125 0.6514163583333333
3 0.18258311510416667 0.6460615555555556 0.18258311510416667 0.651142775925926 0.21184364270833334 0.6512339694444444 0.21197259739583335 0.6460615555555556 0.18258311510416667 0.6460615555555556
3 0.27119887187499997 0.6747392416666667 0.2712633489583334 0.6695668277777778 0.269401571875 0.6694756342592593 0.269401571875 0.6460615555555556 0.23847672760416666 0.6459618120370371 0.23847672760416666 0.6511484750000001 0.2660668947916667 0.6510515814814815 0.265937940625 0.6748304361111112 0.27119887187499997 0.6747392416666667
3 0.2621801328125 0.7789883157407407 0.26264154739583334 0.8270817898148148 0.26575256927083335 0.826902250925926 0.26536369114583336 0.7789826157407408 0.2621801328125 0.7789883157407407
3 0.4329397541666667 0.7549130805555555 0.43303244010416664 0.6059276148148148 0.3866451744791667 0.6063208888888889 0.3866451744791667 0.6127244231481482 0.3910799921875 0.6129866055555555 0.3910799921875 0.6269677972222222 0.3944066088541666 0.6269677972222222 0.3945919807291667 0.6127244231481482 0.4280415072916667 0.6127244231481482 0.4280415072916667 0.6634311768518518 0.3947773526041667 0.6636933601851851 0.3944992947916666 0.6495782277777777 0.39098730625000006 0.6493160444444445 0.3910799921875 0.6708805925925926 0.4282268786458333 0.6707495009259259 0.42831755 0.7487717296296296 0.3957928671875 0.748640637962963 0.396070925 0.7507324027777778 0.39773322604166667 0.7512539185185185 0.39764054010416666 0.7553063546296296 0.4329397541666667 0.7549130805555555
3 0.3649304854166667 0.6374237675925927 0.3649304854166667 0.6132459388888889 0.369365303125 0.6132459388888889 0.369365303125 0.6060587064814815 0.36483779947916667 0.6060587064814815 0.36483779947916667 0.5613622111111112 0.3495003020833333 0.5612311203703704 0.34954060052083336 0.568444000925926 0.35996574635416667 0.568657737037037 0.3600342536458333 0.6374237675925927 0.3649304854166667 0.6374237675925927
3 0.3650413057291667 0.6676147046296296 0.3650413057291667 0.6603220287037037 0.32192625416666665 0.6603220287037037 0.3220934916666666 0.5683157592592593 0.3321841630208333 0.5683157592592593 0.3321841630208333 0.5614277574074075 0.31693733645833333 0.5613280138888889 0.316862784375 0.6691821027777778 0.3138142255208333 0.6693131944444445 0.3139854927083333 0.6746451981481482 0.31704815625 0.6744884583333334 0.3169272619791667 0.7114790537037037 0.3365424140625 0.7114363064814815 0.3366028609375 0.7076004555555555 0.3385412046875 0.7075149611111111 0.3385774734375 0.7042063268518518 0.32169655468749997 0.7044286120370371 0.3220008057291667 0.667509262037037 0.3650413057291667 0.6676147046296296
3 0.3813781984375 0.9023596462962963 0.3813781984375 0.8982188657407407 0.36660890572916666 0.8972784268518519 0.3665242796875 0.8611456259259259 0.369004634375 0.8612738675925926 0.3691053796875 0.7558706185185186 0.3778218817708333 0.755585637037037 0.3777856135416667 0.7516158453703703 0.37997179114583335 0.7516357935185185 0.37991134375 0.7486548870370371 0.371533346875 0.7487916787037037 0.3712653635416666 0.7051325166666668 0.35463429375 0.7043801657407408 0.35436832552083336 0.7072014814814815 0.3567620390625 0.7072014814814815 0.35689502291666664 0.7109660870370371 0.36751763020833333 0.7113365629629629 0.36787023958333337 0.7493502425925926 0.3651178723958333 0.7493502425925926 0.36500705208333334 0.8560615555555555 0.3546322786458333 0.8560615555555555 0.35459198072916664 0.8612026222222222 0.36261736875 0.8611456259259259 0.36261736875 0.9025477342592592 0.3813781984375 0.9023596462962963
3 0.30064678645833337 0.8563579370370371 0.30062663697916664 0.8611456259259259 0.3284847875 0.8610715305555556 0.328325609375 0.8563835851851852 0.30064678645833337 0.8563579370370371
3 0.25402377604166665 0.8563066398148148 0.25418496875 0.8610743805555555 0.2746121296875 0.8612225703703703 0.27455772708333337 0.8563066398148148 0.25402377604166665 0.8563066398148148
3 0.19157364479166666 0.856355087037037 0.19157364479166666 0.8612596185185185 0.20414870052083334 0.8612596185185185 0.2042151921875 0.8564434314814814 0.19157364479166666 0.856355087037037
3 0.16091073958333332 0.8612311203703703 0.1609913359375 0.8562325444444444 0.15720330468750002 0.8563009407407408 0.15701390312500002 0.8298803074074074 0.13736852708333333 0.8292989453703704 0.13717509583333334 0.7693815898148147 0.13238565364583332 0.7695696777777778 0.13225266979166667 0.8367569111111111 0.152343340625 0.836942149074074 0.15194438854166667 0.8610316333333333 0.16091073958333332 0.8612311203703703
3 0.13218416302083333 0.7193046453703704 0.13232520677083334 0.751353662037037 0.13719121510416665 0.7513194638888889 0.1371871854166667 0.7191906527777778 0.13218416302083333 0.7193046453703704
3 0.1370824098958333 0.7009917351851851 0.1370824098958333 0.684995725 0.15650816041666668 0.684431462037037 0.15664114427083334 0.6513080648148147 0.168351803125 0.6513080648148147 0.1684847875 0.6466030203703704 0.15185170260416667 0.6464149333333333 0.15198468645833335 0.6782217157407407 0.13215998385416666 0.6784069537037037 0.13202498489583334 0.7009917351851851 0.1370824098958333 0.7009917351851851
4 0.33233125104166666 0.5615844972222223 0.33239572864583333 0.5680279277777778 0.3493995567708333 0.5681191222222223 0.3492081401041667 0.5614933027777778 0.33233125104166666 0.5615844972222223
3 0.39126133385416667 0.6710914787037038 0.3931775135416667 0.6758164722222223 0.39469272604166666 0.6737988027777778 0.39371146458333334 0.6710259333333333 0.39126133385416667 0.6710914787037038
2 0.39459601041666664 0.6739754916666667 0.3898811203125 0.6802222851851852 0.39486600833333335 0.689615275 0.3992363489583333 0.6854545453703704 0.39459601041666664 0.6739754916666667
2 0.39580697135416665 0.7325961814814815 0.399595003125 0.7324080935185184 0.399595003125 0.720179537962963 0.39308885729166665 0.7201168425925926 0.39602861197916667 0.7278711879629629 0.39580697135416665 0.7325961814814815
2 0.38010276041666663 0.7513821601851852 0.39573846458333334 0.751741237037037 0.39573846458333334 0.7277457962962963 0.37965948020833334 0.7285294953703704 0.38010276041666663 0.7513821601851852
3 0.39753777968750004 0.732473638888889 0.39742897447916664 0.7483585064814814 0.39951440677083333 0.7483585064814814 0.39951440677083333 0.732325449074074 0.39753777968750004 0.732473638888889
2 0.17667942760416666 0.7180307777777778 0.17667942760416666 0.7122228555555555 0.16673383020833335 0.7118580796296297 0.166925246875 0.7178483898148148 0.17667942760416666 0.7180307777777778
4 0.36947209375 0.606355087037037 0.369365303125 0.6129353092592593 0.3865303244791667 0.6129353092592593 0.3866915171875 0.6062781416666667 0.36947209375 0.606355087037037
2 0.3624199072916667 0.6602080361111111 0.3624199072916667 0.6376631518518519 0.34440257916666667 0.6379908805555556 0.34401773125 0.6600997435185185 0.3624199072916667 0.6602080361111111
2 0.33491638125 0.6677970935185186 0.3349123515625 0.679823311111111 0.3407918598958333 0.679601025925926 0.3406810395833333 0.667868338888889 0.33491638125 0.6677970935185186
3 0.33490832135416665 0.6800626962962963 0.33467660677083333 0.7040210888888888 0.3369091276041667 0.7041322314814815 0.33667338281250003 0.6800854944444444 0.33490832135416665 0.6800626962962963
2 0.33821881927083336 0.6835480194444444 0.33853113020833336 0.7077286972222222 0.35423534166666665 0.7077258481481482 0.35439048958333336 0.683650612962963 0.33821881927083336 0.6835480194444444
4 0.7042071328125 0.3534454259259259 0.7042071328125 0.36204901666666667 0.7302317145833332 0.36215731018518516 0.7303868630208333 0.3531205472222222 0.7042071328125 0.3534454259259259
4 0.5481946401041667 0.3565032768518519 0.5481946401041667 0.3620176685185185 0.5741527302083332 0.3620718157407407 0.574114446875 0.35645198055555555 0.5481946401041667 0.3565032768518519
2 0.5288776947916667 0.2231746935185185 0.5290288130208334 0.2286805361111111 0.540608503125 0.2287945287037037 0.5406125328125 0.2231746935185185 0.5288776947916667 0.2231746935185185
4 0.6579286723958333 0.3533200342592593 0.6580394921875 0.36210316296296297 0.6836530322916666 0.3619464231481481 0.6837638526041666 0.3533200342592593 0.6579286723958333 0.3533200342592593
2 0.570263953125 0.23589341666666666 0.5703163411458333 0.2472385296296296 0.5759318958333334 0.24731547407407406 0.5757727182291668 0.23589341666666666 0.570263953125 0.23589341666666666
4 0.524281684375 0.35652607592592594 0.5242192223958333 0.3611199768518518 0.5385774734375001 0.36120832129629626 0.5386097119791666 0.35652607592592594 0.524281684375 0.35652607592592594
4 0.5531855734375 0.1669848962962963 0.5533125125 0.17143345648148148 0.56531331875 0.1712510685185185 0.5652488416666667 0.16689655185185184 0.5531855734375 0.1669848962962963
4 0.5284767276041666 0.1670732398148148 0.5282853114583334 0.17478768888888888 0.5410618578124999 0.17478768888888888 0.5411223052083333 0.1669848962962963 0.5284767276041666 0.1670732398148148
3 0.6441084020833333 0.24762040462962964 0.6442897442708334 0.19129381574074072 0.6428128145833334 0.19142205740740742 0.6426314729166667 0.24997435185185188 0.6654543625 0.24984326018518516 0.6653616765625 0.24736107129629628 0.6441084020833333 0.24762040462962964
3 0.6467660687500001 0.18528070648148148 0.6467217406250001 0.16025933333333334 0.6451642151041667 0.16045312037037035 0.6451642151041667 0.18767170092592594 0.65269595 0.18799658055555554 0.6526052791666667 0.18534055277777778 0.6467660687500001 0.18528070648148148
3 0.7035059437500001 0.2001681388888889 0.7036590770833333 0.24688800185185186 0.6919544630208333 0.24677970925925927 0.6918778963541666 0.24993730370370373 0.7051219020833333 0.24972071851851851 0.7052750354166667 0.19755200925925925 0.6805581302083333 0.19722713055555555 0.6804775338541666 0.19056711296296294 0.6784787427083334 0.19054146481481482 0.6784787427083334 0.24972071851851851 0.6807072333333333 0.2498347111111111 0.6809691718750001 0.20064120833333335 0.7035059437500001 0.2001681388888889
3 0.7288575458333334 0.21788543703703703 0.7288575458333334 0.22542889722222223 0.7307354421875 0.22547164444444445 0.7306890994791666 0.21795383333333335 0.7288575458333334 0.21788543703703703
3 0.7391617973958333 0.2510971787037037 0.7391517229166666 0.24845540000000002 0.7307173083333333 0.2485237962962963 0.7305561151041666 0.24141635833333333 0.7287386661458334 0.2416414935185185 0.7290590369791666 0.25261043055555554 0.7307173083333333 0.25261043055555554 0.7306629057291667 0.2510971787037037 0.7391617973958333 0.2510971787037037
3 0.7306850692708333 0.274821887037037 0.7305782791666666 0.26914790555555557 0.7287064276041666 0.26937589074074075 0.7289200078125 0.2748959814814815 0.7087064276041667 0.2750470222222222 0.7087306062500001 0.27800227962962965 0.7395083619791667 0.2781476203703704 0.7393471692708334 0.27520091203703706 0.7306850692708333 0.274821887037037
3 0.6931996776041667 0.2754260472222222 0.6928793067708334 0.35310059814814815 0.6950715291666667 0.35310059814814815 0.69469675625 0.2755029925925926 0.6931996776041667 0.2754260472222222
3 0.6803364901041667 0.278258762962963 0.6803364901041667 0.2749330296296296 0.6452569010416667 0.27481333703703703 0.6452569010416667 0.3525363351851852 0.6484505338541666 0.3529125111111111 0.6486278458333333 0.278258762962963 0.6803364901041667 0.278258762962963
3 0.5740137015625 0.3300655453703704 0.5741285510416667 0.3563778851851852 0.5760225671875 0.35627529166666666 0.5760225671875 0.33000854907407406 0.5740137015625 0.3300655453703704
3 0.5395345557291668 0.34958392685185186 0.5396050776041666 0.3562040462962963 0.5418335682291667 0.3562011972222222 0.5418738666666666 0.34952693055555556 0.5395345557291668 0.34958392685185186
3 0.5419343140625 0.33431176944444446 0.5418114041666667 0.33256198333333337 0.5483115052083334 0.3325192361111111 0.5481563572916667 0.32989455648148147 0.5220370744791667 0.3297606157407407 0.522131775 0.33247363888888887 0.5394297802083333 0.3326503277777778 0.5394600041666667 0.3342690222222222 0.5419343140625 0.33431176944444446
3 0.5751521255208334 0.27262467962962966 0.5751521255208334 0.3267512111111111 0.5780777755208334 0.3267512111111111 0.5785391901041667 0.27262467962962966 0.5751521255208334 0.27262467962962966
3 0.5220894619791667 0.24848389814814817 0.5220894619791667 0.2510572814814815 0.5310376786458334 0.2511114277777778 0.5309973807291667 0.24854089444444447 0.5220894619791667 0.24848389814814817
3 0.54066895 0.22343972685185187 0.5406991739583333 0.22574237685185186 0.5474047953125001 0.22578797407407408 0.5473503927083333 0.22337133055555555 0.54066895 0.22343972685185187
3 0.5220572234375 0.22344542592592592 0.5221640135416666 0.2259418638888889 0.5287426958333333 0.22578797407407408 0.5287950838541666 0.2235195212962963 0.5220572234375 0.22344542592592592
3 0.5705863390625 0.2154431462962963 0.5706387265625 0.22172128796296295 0.584114446875 0.22164434351851853 0.5838787026041667 0.24753491018518517 0.5475156156250001 0.24750356203703705 0.5475156156250001 0.250966087037037 0.5861998791666667 0.25089199166666665 0.5862099536458333 0.22194927314814816 0.5907918598958334 0.22190367592592591 0.590775740625 0.1990168138888889 0.5885532942708332 0.1990168138888889 0.5885150109375 0.21886862314814817 0.5728793067708333 0.21881447685185185 0.5728410234375 0.21293245925925927 0.5493350796875001 0.21293245925925927 0.5494096312500001 0.2014277574074074 0.5473765869791667 0.20160444537037037 0.5475377796875001 0.2311000287037037 0.5494378401041666 0.2310401824074074 0.5493028411458333 0.21529210555555556 0.5705863390625 0.2154431462962963
3 0.5473987505208334 0.19908805925925926 0.5473987505208334 0.2014220574074074 0.5669171869791667 0.20129381574074073 0.566872859375 0.19927899722222223 0.5473987505208334 0.19908805925925926
3 0.5498730604166667 0.1715958962962963 0.5498730604166667 0.18283841574074072 0.5513580494791667 0.18288971203703705 0.5512109609375 0.1715958962962963 0.5498730604166667 0.1715958962962963
3 0.5385835182291667 0.35627814166666666 0.5386580697916667 0.36116272407407407 0.5481281484375 0.3613736111111111 0.5482026999999999 0.3563835851851852 0.5385835182291667 0.35627814166666666
3 0.5742474307291666 0.35645198055555555 0.574203103125 0.36124251944444447 0.5871206932291667 0.3612453694444444 0.5871710661458334 0.35645198055555555 0.5742474307291666 0.35645198055555555
3 0.6367680838541666 0.3563693361111111 0.6367680838541666 0.36146195462962966 0.6577856135416666 0.36146195462962966 0.6577110619791667 0.35647192962962965 0.6367680838541666 0.3563693361111111
3 0.14920411041666667 0.19230835 0.14915172291666667 0.1948788833333333 0.15591779166666667 0.19480193796296294 0.15594197083333333 0.19245938981481484 0.14920411041666667 0.19230835
3 0.16802740260416668 0.16659447129629631 0.16797299999999998 0.17143345648148148 0.17984485208333334 0.17173553703703703 0.17989925468749998 0.16644343148148147 0.16802740260416668 0.16659447129629631
3 0.1938766875 0.21345397592592594 0.19746927239583334 0.21345397592592594 0.1974047953125 0.16017953796296297 0.22480556093749998 0.16008834444444445 0.22480556093749998 0.15509831851851852 0.19381221041666666 0.15509831851851852 0.19394116458333333 0.16644343148148147 0.19240177291666666 0.16662296944444446 0.19240177291666666 0.17161584537037036 0.19394116458333333 0.17161584537037036 0.1938766875 0.21345397592592594
3 0.28300624635416666 0.15518951296296296 0.25143461614583335 0.1548247361111111 0.25143461614583335 0.15999715 0.2796695546875 0.16008834444444445 0.2796695546875 0.18822456574074076 0.28473906927083337 0.18831290925925925 0.28461011510416667 0.1831433453703704 0.28307072343749995 0.18305215185185186 0.28300624635416666 0.15518951296296296
3 0.3994076161458333 0.20891707037037038 0.40344952656250005 0.20882587592592594 0.40357848072916663 0.1818694787037037 0.4335442270833333 0.18177828425925927 0.43341728802083335 0.17633513796296296 0.4290529921875 0.17678825833333334 0.4291819463541667 0.06470219444444444 0.37746121302083335 0.06479338888888889 0.37746121302083335 0.07078369907407407 0.38426355052083333 0.0706013111111111 0.3841990729166667 0.0843972638888889 0.38830546041666664 0.08430607037037037 0.38843441458333333 0.0706013111111111 0.4246886963541667 0.07087489351851851 0.4246886963541667 0.12024508425925926 0.3884988916666667 0.12033627777777778 0.3884988916666667 0.10672271296296297 0.3841990729166667 0.106543175 0.3841345958333333 0.12605585648148146 0.42481765052083337 0.12614704999999998 0.42481765052083337 0.17660872037037037 0.3998569411458333 0.17651752592592593 0.3996635098958333 0.2037418064814815 0.3976103161458333 0.2037446564814815 0.3976103161458333 0.20710173796296297 0.3994076161458333 0.20701054444444444 0.3994076161458333 0.20891707037037038
3 0.3543119083333333 0.13913935555555554 0.35434414687500004 0.07076090092592592 0.36032440052083337 0.0707096037037037 0.360211565625 0.0647249925925926 0.33947410833333336 0.06456540370370371 0.33947410833333336 0.07084354537037037 0.349955671875 0.07069250462962963 0.3499919401041666 0.13914505555555554 0.3543119083333333 0.13913935555555554
3 0.3371408421875 0.18321744074074073 0.3120753578125 0.18294955833333332 0.31198267187499995 0.16808777407407408 0.3541285510416667 0.16808777407407408 0.35422728177083335 0.16197492129629631 0.31188595625000004 0.16197492129629631 0.31230304270833337 0.07105443148148148 0.322361475 0.07105443148148148 0.322361475 0.06439726388888889 0.3080858354166667 0.06439726388888889 0.30792262760416667 0.18255343425925927 0.3034757203125 0.18291251111111112 0.3034757203125 0.18798518055555558 0.3335281078125 0.18798518055555558 0.3335099739583333 0.215186662962963 0.3374370338541667 0.21514391574074074 0.33747733229166665 0.21311199814814813 0.3391940359375 0.21309774907407406 0.33920612552083335 0.2102137361111111 0.3370098729166667 0.21013109166666666 0.3371408421875 0.18321744074074073
3 0.37967156979166666 0.35509546851851853 0.37963127135416663 0.3500797944444445 0.37054805572916666 0.3501196925925926 0.37045738489583335 0.20899971481481483 0.3797823895833333 0.20887147314814813 0.37973806145833333 0.20695069814814815 0.38154745104166665 0.20701624351851852 0.38145678020833335 0.20394129351851853 0.36615756614583334 0.20394129351851853 0.36624823697916664 0.21002279814814814 0.35547249635416667 0.21008834444444444 0.35556316718750003 0.21303505277777776 0.35705823072916665 0.21296950740740742 0.35705823072916665 0.2152750074074074 0.3663832359375 0.2152094611111111 0.36625226666666666 0.3563037898148148 0.3572375578125 0.35639498425925925 0.3572839010416667 0.36132231388888886 0.37054805572916666 0.36132231388888886 0.37054805572916666 0.3551752638888889 0.37967156979166666 0.35509546851851853
3 0.310828128125 0.3562011972222222 0.31099335104166664 0.3613736111111111 0.3311444692708333 0.3614249074074074 0.3310356640625 0.3562011972222222 0.310828128125 0.3562011972222222
3 0.2637840015625 0.35623254444444447 0.26384847864583333 0.3613964092592593 0.2845778760416667 0.3613023657407407 0.2845778760416667 0.35641493333333335 0.2637840015625 0.35623254444444447
3 0.2012311104166667 0.3564206324074074 0.20115454375 0.36127386759259256 0.2140217609375 0.36127386759259256 0.2139431796875 0.3563664861111111 0.2012311104166667 0.3564206324074074
3 0.16546040677083335 0.35627529166666666 0.16534958697916666 0.3614306074074074 0.174960709375 0.3614306074074074 0.17512190208333334 0.3563607861111111 0.16546040677083335 0.35627529166666666
3 0.14250050364583336 0.3563750351851852 0.14257102552083334 0.3613166148148148 0.1513177515625 0.3612596185185185 0.15127745312500002 0.3563750351851852 0.14901873854166667 0.35651467685185184 0.14904694739583332 0.17143060740740743 0.15514406614583331 0.17158734722222221 0.15518839427083334 0.16644343148148147 0.1385331453125 0.1665460240740741 0.1385331453125 0.1716471925925926 0.14479951666666666 0.17172983796296296 0.14462220416666666 0.35620689629629626 0.14250050364583336 0.3563750351851852
3 0.17672778541666664 0.1717041888888889 0.17673786041666667 0.17541179814814814 0.1783034453125 0.17541749814814814 0.17828531145833332 0.1717469361111111 0.17672778541666664 0.1717041888888889
3 0.17838001197916667 0.1991251064814815 0.1783034453125 0.19237959537037036 0.17714285729166665 0.19226845277777777 0.17714285729166665 0.19923625 0.17482168020833333 0.19927044722222223 0.17484787447916667 0.20113137685185187 0.19380012083333334 0.2012054712962963 0.19385250833333334 0.19916215462962963 0.17838001197916667 0.1991251064814815
2 0.17679830729166665 0.1755115416666667 0.17685875468749998 0.19200911944444443 0.18937134791666665 0.19227985185185184 0.18917993125 0.1754003990740741 0.17679830729166665 0.1755115416666667
2 0.38501712656250003 0.14261897962962963 0.38491033645833334 0.12628099166666665 0.37972194218750005 0.1261328009259259 0.37977634479166666 0.14261897962962963 0.38501712656250003 0.14261897962962963
2 0.35212170052083336 0.16202336851851853 0.3522506546875 0.13933314351851853 0.3347330244791667 0.13897121666666665 0.3346040703125 0.1619321740740741 0.35212170052083336 0.16202336851851853
2 0.33501511197916667 0.1684098037037037 0.33501511197916667 0.18302365370370371 0.34098327604166667 0.18302650370370369 0.34092282916666666 0.16832145925925926 0.33501511197916667 0.1684098037037037
4 0.17532943802083334 0.3263094898148148 0.17536570625 0.33250783703703707 0.20102558958333333 0.3324536907407407 0.20117469270833332 0.32636078611111113 0.17532943802083334 0.3263094898148148
2 0.3075579286458333 0.2508976916666667 0.319057021875 0.25098318611111115 0.319057021875 0.23153605 0.3076627041666667 0.23153890000000002 0.3075579286458333 0.2508976916666667
2 0.3217489421875 0.27465089814814814 0.3220209552083333 0.296352237037037 0.3355490630208333 0.296352237037037 0.3353354828125 0.27464804814814814 0.3217489421875 0.27465089814814814
2 0.3068345760416667 0.27464804814814814 0.3068345760416667 0.2962838416666667 0.3197703 0.2964263324074074 0.320149103125 0.2745711027777778 0.3068345760416667 0.27464804814814814
2 0.15608905885416666 0.33453975462962965 0.15608905885416666 0.34898546574074074 0.16871448697916666 0.3492476490740741 0.16863993541666666 0.33443431203703705 0.15608905885416666 0.33453975462962965
2 0.188299415625 0.2718096324074074 0.205937940625 0.2720376175925926 0.20586137395833332 0.25090624074074075 0.18807777552083332 0.25091194074074075 0.188299415625 0.2718096324074074
2 0.19713882708333333 0.23600171018518518 0.19718315520833332 0.2474750638888889 0.2028430385416667 0.2474750638888889 0.20280274010416666 0.23599601018518518 0.19713882708333333 0.23600171018518518
4 0.2849385453125 0.3261014537037037 0.2850433203125 0.33230265000000003 0.3106568609375 0.3323767453703704 0.310660890625 0.3265574240740741 0.2849385453125 0.3261014537037037
4 0.2140157161458333 0.35642633240740745 0.2138545234375 0.36217440833333336 0.263638928125 0.3619492731481481 0.26353012291666666 0.356352237037037 0.2140157161458333 0.35642633240740745
1 0 0 0 1 1 1 1 0 0 0
4 0.21416481979166668 0.32664291851851857 0.2143260125 0.33231405 0.26357445104166666 0.33231405 0.26357445104166666 0.3264918777777778 0.21416481979166668 0.32664291851851857
4 0.17530324375 0.35651467685185184 0.17519242395833334 0.3619549731481481 0.20120491614583333 0.36199772037037037 0.20109409635416667 0.35658592222222224 0.17530324375 0.35651467685185184
2 0.33934515416666666 0.21300085462962962 0.35545234739583337 0.21309204907407406 0.35545637708333333 0.18948988333333336 0.3392806770833333 0.18922200092592592 0.33934515416666666 0.21300085462962962
4 0.15139834791666665 0.3569478481481481 0.15139834791666665 0.36118267314814817 0.16524884166666667 0.36133086388888885 0.16524884166666667 0.3567996583333333 0.15139834791666665 0.3569478481481481
2 0.15612532760416667 0.19529780555555554 0.16721337916666668 0.19529780555555554 0.16728994583333331 0.17645768055555555 0.1560487609375 0.17634938703703704 0.15612532760416667 0.19529780555555554
2 0.15569615156250002 0.22303505277777777 0.1557485390625 0.22870903425925926 0.16767882343749999 0.22886577407407407 0.16762039114583333 0.22303505277777777 0.15569615156250002 0.22303505277777777
2 0.17381825520833333 0.23145910555555554 0.173947209375 0.2475178111111111 0.18697158958333335 0.2477058990740741 0.18710054427083334 0.23145910555555554 0.17381825520833333 0.23145910555555554
4 0.28469877083333334 0.35645768055555554 0.2846081 0.3620974638888889 0.3108422322916667 0.36222570555555555 0.3107515614583333 0.3564861787037037 0.28469877083333334 0.35645768055555554
4 0.33123312499999996 0.3263208888888889 0.33123312499999996 0.3324650898148148 0.35673584531249997 0.3322029064814815 0.35691920208333333 0.3264519805555555 0.33123312499999996 0.3263208888888889
4 0.331251259375 0.3566856657407408 0.33136006458333334 0.3618865777777778 0.357092484375 0.36216870925925926 0.3573262140625 0.3562239953703704 0.331251259375 0.3566856657407408
4 0.28350594375 0.21185807962962963 0.28344348177083334 0.21802792777777777 0.3017308078125 0.21802792777777777 0.30179528489583335 0.21167569074074075 0.28350594375 0.21185807962962963
4 0.28482772500000003 0.18231404999999998 0.28473503906250003 0.1881960675925926 0.3033084828125 0.1880678259259259 0.30321781197916664 0.18257053333333334 0.28482772500000003 0.18231404999999998
4 0.2240479546875 0.18402108888888888 0.22398347760416665 0.19001424907407408 0.24509570833333333 0.18991450555555556 0.24522264739583333 0.18392989444444444 0.2240479546875 0.18402108888888888
4 0.22485794895833333 0.15430607037037036 0.22485794895833333 0.15996865185185186 0.2514990932291667 0.16007694537037037 0.25142252656249997 0.15419777685185185 0.22485794895833333 0.15430607037037036
4 0.18003425364583334 0.1667540611111111 0.18002216406250002 0.17150470185185185 0.19234737031250002 0.17143345648148148 0.19237759427083334 0.16675976018518518 0.18003425364583334 0.1667540611111111
4 0.15535966145833333 0.1667569111111111 0.15531533333333333 0.17135936203703703 0.16788031458333333 0.17154744907407407 0.1679689703125 0.1667569111111111 0.15535966145833333 0.1667569111111111
3 0.20194841822916668 0.27259048148148146 0.20225669947916666 0.32661157037037036 0.20541406406249998 0.32661157037037036 0.2054845859375 0.27247648888888887 0.20194841822916668 0.27259048148148146
3 0.2713439453125 0.24738387037037035 0.2714507354166667 0.21788828703703703 0.26941769114583336 0.21773439722222224 0.2695788838541667 0.25002849814814815 0.28305460416666667 0.2501054435185185 0.2830002015625 0.2474579648148148 0.2713439453125 0.24738387037037035
3 0.29607898437499997 0.2473553722222222 0.29607898437499997 0.25000285 0.3057042109375 0.25006554537037035 0.30564980833333333 0.24736107129629628 0.29607898437499997 0.2473553722222222
3 0.30738061666666666 0.24963522407407407 0.30748539166666666 0.19964377314814816 0.3304795484375 0.19979481296296298 0.33053395104166666 0.24699059537037038 0.31909127552083333 0.24713878611111112 0.31919605052083333 0.24963522407407407 0.3322446098958334 0.24963522407407407 0.33208341718749995 0.19714733518518518 0.30738061666666666 0.19745226574074073 0.3074330041666667 0.19041607314814815 0.3057747328125 0.19026503240740741 0.3056679427083333 0.21166999166666667 0.3018718515625 0.21174408703703704 0.3018718515625 0.21446281018518518 0.30577876302083334 0.21446281018518518 0.3057747328125 0.24956112870370373 0.30738061666666666 0.24963522407407407
3 0.35578279270833335 0.21794243333333332 0.35585935937499996 0.2252750074074074 0.3577150916666667 0.22523795925925924 0.3576909125 0.2178683388888889 0.35578279270833335 0.21794243333333332
3 0.36627443072916666 0.25132516388888887 0.36625226666666666 0.24856084351851854 0.357656659375 0.2486805361111111 0.357656659375 0.2415987462962963 0.3558089864583333 0.24166144166666664 0.3558936125 0.252693075 0.3578279265625 0.2527244231481482 0.3578077776041667 0.25132516388888887 0.36627443072916666 0.25132516388888887
3 0.3576627041666667 0.2750213731481481 0.3576183760416667 0.269033912962963 0.3556578682291667 0.269033912962963 0.3558351802083333 0.27495867777777777 0.33547048177083333 0.2750869194444444 0.3354684666666667 0.2781162722222222 0.3661293572916666 0.27811057314814813 0.3661293572916666 0.27495867777777777 0.3576627041666667 0.2750213731481481
3 0.321700584375 0.2752607583333333 0.32009470104166665 0.2752607583333333 0.319903284375 0.32662866944444446 0.321956478125 0.326537475 0.321700584375 0.2752607583333333
3 0.3067439046875 0.2780592759259259 0.306836590625 0.2754459962962963 0.27209349166666663 0.27531490462962965 0.272123715625 0.3271245370370371 0.2752367520833333 0.32706754074074074 0.27560548072916663 0.27792818425925925 0.3067439046875 0.2780592759259259
3 0.35698166406250004 0.3298147620370371 0.35698166406250004 0.3325220861111111 0.36620189427083333 0.3325705333333333 0.3662321177083333 0.32995155277777777 0.35698166406250004 0.3298147620370371
3 0.31076365104166664 0.3299601027777778 0.3107314125 0.33262182962962966 0.33122103541666664 0.33249358796296297 0.33118879687499997 0.32982616111111107 0.31076365104166664 0.3299601027777778
3 0.2636953453125 0.3298432601851852 0.2637860166666667 0.33249073796296297 0.2848176505208333 0.33249358796296297 0.28485794895833333 0.3298375601851852 0.2636953453125 0.3298432601851852
3 0.16650010052083333 0.3493730407407407 0.16647390677083335 0.35622969537037036 0.16879508385416667 0.3563037898148148 0.1687185171875 0.34941008796296297 0.16650010052083333 0.3493730407407407
3 0.20114446927083335 0.3297378166666667 0.20114446927083335 0.3324650898148148 0.21407011875 0.33250783703703707 0.2140157161458333 0.32977201481481483 0.20114446927083335 0.3297378166666667
3 0.16877694947916666 0.33426617314814816 0.16882933697916666 0.3324508407407407 0.17525287135416667 0.33243659166666667 0.17514003645833334 0.329806212962963 0.14915172291666667 0.32972926759259263 0.14915172291666667 0.3324508407407407 0.16653032447916666 0.33267882592592596 0.16654442864583335 0.33429752037037036 0.16877694947916666 0.33426617314814816
3 0.28339109427083337 0.21436306666666666 0.28335281093750003 0.21179253333333334 0.27409228281250003 0.2117640351851852 0.2739592989583333 0.18822456574074076 0.2796050776041667 0.18822456574074076 0.27957485416666666 0.18535480185185185 0.27381019531249995 0.1853263037037037 0.2738303447916667 0.16017953796296297 0.27177715104166666 0.16017953796296297 0.2719061052083333 0.18386719907407406 0.24521055833333336 0.18395839259259258 0.24533951250000002 0.1865887712962963 0.27209349166666663 0.18654887407407406 0.27209752187499997 0.21454260462962965 0.28339109427083337 0.21436306666666666
3 0.1976425546875 0.18382445185185184 0.1976425546875 0.18653462499999998 0.22393310520833334 0.18685095462962964 0.22393310520833334 0.1838871472222222 0.1976425546875 0.18382445185185184
3 0.19772718125 0.21545169537037037 0.19786016510416668 0.22166429166666668 0.21094499270833333 0.2217127388888889 0.21094499270833333 0.2476688518518519 0.1744972796875 0.24785123981481483 0.1744972796875 0.2507552009259259 0.21312714062500002 0.2507552009259259 0.21299818645833335 0.21908235925925926 0.1995587348958333 0.2187945287037037 0.19946000416666668 0.21300085462962962 0.1762301026041667 0.21281846666666665 0.17635905677083336 0.20120262222222224 0.17469071145833331 0.20129096574074073 0.1744972796875 0.231151325 0.17648599635416667 0.231151325 0.17635905677083336 0.21554288981481481 0.19772718125 0.21545169537037037
3 0.149119484375 0.2481704185185185 0.14909530520833333 0.25086919351851855 0.15791456770833331 0.25086919351851855 0.15788837395833333 0.2482445138888889 0.149119484375 0.2481704185185185
3 0.1676888979166667 0.22336848148148147 0.16761031614583333 0.2258848675925926 0.1744710859375 0.2258848675925926 0.1744710859375 0.22333428333333336 0.1676888979166667 0.22336848148148147
3 0.14909530520833333 0.2232972361111111 0.14909933489583332 0.22585351944444443 0.15556719739583333 0.22585351944444443 0.15559742083333333 0.2232972361111111 0.14909530520833333 0.2232972361111111
3 0.16741486979166667 0.19229125092592594 0.16730404999999998 0.19486463425925926 0.177144871875 0.19491593055555556 0.177144871875 0.19234539722222221 0.16741486979166667 0.19229125092592594
3 0.6838766875 0.356352237037037 0.6838766875 0.36134796203703706 0.7041970583333333 0.36134796203703706 0.7041204916666667 0.3564234824074074 0.6838766875 0.356352237037037
3 0.7394801531249999 0.21508691944444444 0.7395264958333333 0.35645198055555555 0.73025589375 0.35645198055555555 0.73025589375 0.36136791111111116 0.7436248234375 0.3614306074074074 0.7436248234375 0.3552550583333333 0.752536771875 0.3553177546296296 0.7525831151041668 0.3501510398148148 0.7433125125 0.3502764324074074 0.7434475114583333 0.2089085212962963 0.7528007255208333 0.20897976666666668 0.7527604270833332 0.20664006851851852 0.7547189197916667 0.20681960648148148 0.7546322786458333 0.20392989444444443 0.7393229901041667 0.20399259074074072 0.7393330645833333 0.21017098888888888 0.7281624015625 0.21010544351851854 0.7281624015625 0.21306925092592593 0.730211565625 0.2131319462962963 0.73025589375 0.21502422314814815 0.7394801531249999 0.21508691944444444
3 0.761533346875 0.08437731574074074 0.761347975 0.07078369907407407 0.7976627041666667 0.07091479074074074 0.7980314328125 0.12044742129629629 0.761533346875 0.12031632962962961 0.761533346875 0.10633228796296296 0.7572839010416667 0.10633228796296296 0.7570985291666666 0.1261954972222222 0.7977553901041666 0.1261954972222222 0.797938746875 0.17638073518518518 0.7730828130208334 0.17651182685185185 0.772714084375 0.20395839259259257 0.7709590973958333 0.2036962101851852 0.7710517833333334 0.20696209722222222 0.7723453557291666 0.20722428055555556 0.7723453557291666 0.20918495277777777 0.7764094296875 0.20892277037037038 0.776502115625 0.18174123703703704 0.8065343541666666 0.18161014537037037 0.8064416682291667 0.17664291851851852 0.8021902072916667 0.17677400925925926 0.8020975218749999 0.06451125648148148 0.7504452953125 0.06477343981481481 0.75053798125 0.07078369907407407 0.7570985291666666 0.07078369907407407 0.7574672578125 0.08411513240740741 0.761533346875 0.08437731574074074
3 0.7272516625000001 0.13918780277777776 0.7272516625000001 0.0706526074074074 0.733145275 0.07064690833333333 0.7332057223958334 0.06477913981481481 0.7125266973958334 0.06485038518518518 0.7125871447916666 0.07081789722222222 0.7227060244791667 0.07080934722222222 0.7229276645833332 0.13918780277777776 0.7272516625000001 0.13918780277777776
3 0.7066209953125 0.21530065555555555 0.7105238765624999 0.21530065555555555 0.7103646989583333 0.21295525833333334 0.712343340625 0.2130322027777778 0.7122365505208333 0.21030777962962965 0.7101511182291667 0.21023368518518518 0.7101511182291667 0.18300655462962961 0.6850171265624999 0.1828526648148148 0.6849647390625001 0.16795383333333333 0.7272617369791666 0.16810487314814815 0.7273685270833333 0.1621316611111111 0.6849647390625001 0.16205471666666665 0.6850715291666667 0.07069250462962963 0.6956054807291667 0.07076945 0.6954442875000001 0.06464234814814815 0.680634696875 0.06471929351851852 0.6807938744791666 0.18300655462962961 0.676590771875 0.1828697638888889 0.6766915171875 0.1879110861111111 0.7065142052083334 0.188073525 0.7066209953125 0.21530065555555555
3 0.6575861375 0.1878597888888889 0.6576284505208334 0.1829267601851852 0.6561736854166667 0.18277856944444446 0.6561092083333333 0.15536905092592593 0.6243461614583333 0.15509831851851852 0.6242836994791666 0.15999715 0.6525811 0.15999715 0.65283699375 0.18777144444444444 0.6575861375 0.1878597888888889
3 0.5978621802083333 0.1592875462962963 0.5977694942708334 0.15523795925925926 0.5670924843749999 0.1551068675925926 0.567013903125 0.16666001666666666 0.5653959296875001 0.16671701296296296 0.5653959296875001 0.17156169814814815 0.5668144265625 0.17157309814814814 0.567013903125 0.21328298703703705 0.5705299213541667 0.2133114851851852 0.5701410437500001 0.15981191203703704 0.5978621802083333 0.1592875462962963
3 0.54115454375 0.16684240555555555 0.5410618578124999 0.17141635833333335 0.5531674390625 0.17141635833333335 0.553074753125 0.16671131388888888 0.54115454375 0.16684240555555555
3 0.5156276447916667 0.3564861787037037 0.515692121875 0.36111427777777777 0.5240278057291666 0.3612596185185185 0.5241446703125 0.35635508703703705 0.5220048359375 0.3562011972222222 0.5218577473958333 0.17167569074074077 0.5282651619791666 0.17163294351851852 0.5282329234375001 0.16646907962962965 0.5115474510416667 0.1666571675925926 0.511470884375 0.17123112037037036 0.5183094901041667 0.17277856944444445 0.5176808380208333 0.3563066398148148 0.5156276447916667 0.3564861787037037
2 0.7747954864583334 0.17634938703703704 0.7747954864583334 0.16409803333333334 0.7692343338541666 0.1637959537037037 0.7693935119791667 0.17650042777777777 0.7747954864583334 0.17634938703703704
2 0.7528007255208333 0.14243659166666664 0.7579871046875 0.14251923611111111 0.7581482973958333 0.12640353333333335 0.7526939348958332 0.12618409814814815 0.7528007255208333 0.14243659166666664
2 0.7076365104166666 0.16181533240740742 0.7250916786458333 0.16172413796296298 0.7250272010416666 0.13966942129629628 0.7079588958333333 0.13994015370370372 0.7076365104166666 0.16181533240740742
2 0.7080737458333334 0.16797663148148148 0.7079447916666666 0.1828612138888889 0.7139129557291667 0.18295525833333334 0.7139129557291667 0.16798233148148148 0.7080737458333334 0.16797663148148148
2 0.7125005036458333 0.21299230555555557 0.727902478125 0.21290111111111112 0.7282873260416667 0.1878512398148148 0.7124380416666667 0.187306925 0.7125005036458333 0.21299230555555557
2 0.6808684265624999 0.2505015675925926 0.691815434375 0.2505585638888889 0.69170864375 0.2318609287037037 0.6808643963541667 0.23170418888888888 0.6808684265624999 0.2505015675925926
2 0.6655289140625 0.2505585638888889 0.6784868020833333 0.2505044175925926 0.6784505338541666 0.22933884259259257 0.6655289140625 0.22976061574074075 0.6655289140625 0.2505585638888889
2 0.6947713078125 0.2747449416666667 0.6950392906249999 0.29614989999999997 0.7085794880208333 0.29611570277777777 0.7085391901041667 0.27475064166666663 0.6947713078125 0.2747449416666667
2 0.6802800723958333 0.27459390185185184 0.6800644770833333 0.2958449703703704 0.6928510979166667 0.2963693361111111 0.6928994557291667 0.2747449416666667 0.6802800723958333 0.27459390185185184
2 0.54148901875 0.34941008796296297 0.5412834979166666 0.33430892037037035 0.5292101552083334 0.3345967509259259 0.5292907515625 0.3490139638888889 0.54148901875 0.34941008796296297
2 0.578978440625 0.27259048148148146 0.5790550072916666 0.25113707592592593 0.5612290953125 0.251168424074074 0.5614205119791666 0.27193787407407405 0.578978440625 0.27259048148148146
2 0.5495567197916666 0.1829752064814815 0.5497783598958333 0.19885722407407408 0.5624340114583333 0.19929894537037038 0.5625690109375 0.1829752064814815 0.5495567197916666 0.1829752064814815
4 0.5978984484375 0.1543887148148148 0.5979286723958332 0.16356511851851852 0.6243018333333333 0.1633998287037037 0.6243018333333333 0.15420917685185184 0.5978984484375 0.1543887148148148
2 0.5468426354166667 0.23135651203703705 0.5470562161458333 0.24761755462962964 0.5601571630208333 0.24761755462962964 0.5598891796875001 0.23128241666666666 0.5468426354166667 0.23135651203703705
4 0.6577291958333333 0.1820319175925926 0.6576888979166667 0.1913251638888889 0.6767700989583333 0.1913650611111111 0.6765202499999999 0.18221715555555557 0.6577291958333333 0.1820319175925926
4 0.5483296395833333 0.32666856666666666 0.5484384442708333 0.3323396981481481 0.5739512390625 0.33249643796296297 0.5741003427083334 0.32635223703703703 0.5483296395833333 0.32666856666666666
4 0.5872738265625 0.35316329444444444 0.5870521859375 0.3619464231481481 0.6365061453125 0.3622599027777778 0.6369494255208333 0.3528498148148148 0.5872738265625 0.35316329444444444
2 0.29625831145833337 0.6817725851851851 0.29625831145833337 0.698472499074074 0.3089623213541667 0.698472499074074 0.3089623213541667 0.6815930462962964 0.29625831145833337 0.6817725851851851
2 0.2804916380208333 0.7516015962962963 0.2940942979166667 0.7517839842592592 0.2938384041666666 0.7308121972222221 0.2809389484375 0.7313622111111111 0.2804916380208333 0.7516015962962963
2 0.2960830140625 0.7329980055555555 0.29576264375 0.7519663722222223 0.3078259119791667 0.7519663722222223 0.30776143437500003 0.7330863490740741 0.2960830140625 0.7329980055555555
2 0.316564578125 0.7791479055555556 0.316564578125 0.8002251351851852 0.32993552291666667 0.8005329157407408 0.3296050776041667 0.7791479055555556 0.316564578125 0.7791479055555556
2 0.26560346562500003 0.7789598175925926 0.26573644947916664 0.8000398972222222 0.27837799739583335 0.8000398972222222 0.2790429177083333 0.7791479055555556 0.26560346562500003 0.7789598175925926
2 0.19615353593749998 0.7723197490740741 0.1962421921875 0.750758050925926 0.17840822083333335 0.7503676259259259 0.17895829114583334 0.7715389 0.19615353593749998 0.7723197490740741
2 0.16412452135416666 0.7309945851851852 0.16412452135416666 0.7478597888888889 0.17738464635416668 0.7474807638888888 0.17717106614583333 0.7310715305555555 0.16412452135416666 0.7309945851851852
3 0.4159480151041667 0.7198119120370371 0.4156820473958333 0.6923339981481482 0.42792262760416666 0.6927130240740741 0.42792262760416666 0.6880079796296297 0.4120894619791667 0.6883841546296297 0.41209181822916663 0.6884072805555556 0.4002699979166667 0.6879823314814816 0.3992464234375 0.6855970361111111 0.39758412239583335 0.6872527787037036 0.3977191213541667 0.720188087962963 0.4159480151041667 0.7198119120370371
3 0.4125144947916667 0.6925702175925925 0.4010235744791667 0.6924422916666667 0.4010336489583333 0.7149159305555556 0.4123332661458334 0.7148589342592593 0.4125144947916667 0.6925702175925925
2 0.18595204531249998 0.6896067259259259 0.1861454765625 0.6749045314814814 0.17401773125 0.674813337037037 0.17382430000000001 0.6893331435185185 0.18595204531249998 0.6896067259259259
4 0.16863389062499998 0.6462610425925925 0.16855329427083332 0.6508634935185186 0.18260326406250002 0.6508520944444445 0.18251460833333333 0.6462524935185184 0.16863389062499998 0.6462610425925925
4 0.212651621875 0.6908862925925926 0.21254483177083333 0.6966343685185186 0.23382631458333333 0.6965602731481481 0.23382631458333333 0.6908121972222222 0.212651621875 0.6908862925925926
4 0.21213781979166668 0.6453662009259259 0.21213781979166668 0.6514819037037037 0.23819665520833333 0.6514819037037037 0.23808583541666667 0.6455200907407408 0.21213781979166668 0.6453662009259259
4 0.30098932083333335 0.6697720148148149 0.30098932083333335 0.6743032203703704 0.3137557927083333 0.6745768027777778 0.313691315625 0.6698575092592592 0.30098932083333335 0.6697720148148149
3 0.29649405625 0.6749387287037036 0.29630062447916666 0.6818381305555555 0.29784203125000003 0.6819293249999999 0.2977775536458333 0.6749387287037036 0.29649405625 0.6749387287037036
4 0.2714668546875 0.6689541175925926 0.2713338708333334 0.674813337037037 0.292677815625 0.6746879453703704 0.292677815625 0.6688258759259259 0.2714668546875 0.6689541175925926
4 0.27145476510416666 0.6984269018518519 0.2714608098958333 0.7043060703703704 0.29269595 0.7044172129629629 0.29269595 0.6985180962962962 0.27145476510416666 0.6984269018518519
3 0.3546242192708334 0.8297891138888889 0.3544952651041667 0.8319663722222223 0.36489220208333334 0.8319663722222223 0.36489220208333334 0.8295155314814815 0.3546242192708334 0.8297891138888889
4 0.3286359057291667 0.82615845 0.3285069515625 0.8320575666666666 0.3541748942708333 0.8322399546296296 0.35436832552083336 0.82615845 0.3286359057291667 0.82615845
4 0.32857142864583333 0.8562011972222222 0.32857142864583333 0.8617355370370371 0.3546242192708334 0.8620091194444444 0.35455974218749997 0.8564719296296296 0.32857142864583333 0.8562011972222222
4 0.27469877083333333 0.856346537037037 0.274652428125 0.8618295814814815 0.3005077572916666 0.8619407240740741 0.3004070119791667 0.8564719296296296 0.27469877083333333 0.856346537037037
4 0.27456175677083333 0.826534625 0.27483981458333334 0.8318922768518519 0.3005258916666667 0.8321544601851851 0.30061857760416666 0.8266628666666667 0.27456175677083333 0.826534625
3 0.2565061453125 0.7515559990740741 0.25659883125 0.6961442009259259 0.23100342552083333 0.6967968083333334 0.23100342552083333 0.6991507555555555 0.25456578697916665 0.6996722712962964 0.25465847291666666 0.7512938157407407 0.2565061453125 0.7515559990740741
4 0.20449929479166667 0.8261869481481482 0.2044448921875 0.8322855518518518 0.25379004635416663 0.8322855518518518 0.25379004635416663 0.8262952407407408 0.20449929479166667 0.8261869481481482
4 0.20431996770833333 0.8562097462962963 0.20431996770833333 0.8618067824074074 0.2539975822916667 0.8619578231481482 0.2539975822916667 0.8562838416666667 0.20431996770833333 0.8562097462962963
4 0.16096111197916668 0.8565146768518518 0.16096111197916668 0.8619606722222222 0.19160386875000002 0.8619834712962963 0.19160789843749998 0.8561897972222222 0.16096111197916668 0.8565146768518518
4 0.16126939375 0.826346537037037 0.16111424531250002 0.8320119694444444 0.19122305052083333 0.8323368481481482 0.19114446927083334 0.8265659731481482 0.16126939375 0.826346537037037
4 0.15270199479166668 0.7511370759259259 0.15242393697916665 0.7813280138888888 0.15722949843749998 0.7813280138888888 0.1570441265625 0.7512681675925926 0.15270199479166668 0.7511370759259259
4 0.6126637114583333 0.6823624962962963 0.6126637114583333 0.6865232259259259 0.6267257708333334 0.6866742657407408 0.6267257708333334 0.6821373611111111 0.6126637114583333 0.6823624962962963
4 0.6093854526041667 0.7033684814814815 0.6093854526041667 0.7078341407407407 0.6294056015625 0.7080507268518519 0.6297138828125 0.7035850666666668 0.6093854526041667 0.7033684814814815
4 0.6698367921875 0.6874465657407407 0.6696776145833333 0.6928925620370371 0.685718315625 0.6930436018518519 0.6857727182291666 0.6874465657407407 0.6698367921875 0.6874465657407407
4 0.6417630463541666 0.7323339981481481 0.64160386875 0.7378540898148148 0.6585532942708333 0.7383841546296296 0.658607696875 0.7318780277777778 0.6417630463541666 0.7323339981481481
4 0.6966109208333333 0.732111712962963 0.6966109208333333 0.7380136787037037 0.7177876286458333 0.7384668 0.7178400161458334 0.7318096324074075 0.6966109208333333 0.732111712962963
4 0.8023836390625 0.7745739527777777 0.80238766875 0.7925477342592593 0.8058472697916667 0.7922171555555555 0.806078984375 0.7745739527777777 0.8023836390625 0.7745739527777777
2 0.5560407010416667 0.7315702481481482 0.571815434375 0.7318723287037037 0.5719222244791666 0.7072926759259259 0.5559339109375 0.7073667712962962 0.5560407010416667 0.7315702481481482
3 0.8022083416666667 0.7927529212962963 0.8024279671875 0.808429751851852 0.806423534375 0.808278712037037 0.806423534375 0.7925961814814815 0.8022083416666667 0.7927529212962963
4 0.781815434375 0.8091507555555556 0.781815434375 0.8329296092592593 0.7861797302083333 0.8329296092592593 0.7860507755208332 0.8090595611111111 0.781815434375 0.8091507555555556
4 0.7658190609375001 0.8773268740740741 0.7656901067708334 0.8818666287037037 0.7781402375 0.8819578231481482 0.7781402375 0.877509262037037 0.7658190609375001 0.8773268740740741
4 0.7221942375 0.8472470787037036 0.7222708041666667 0.8531290962962963 0.7526858755208334 0.8532373898148149 0.7528410234374999 0.8474636648148148 0.7221942375 0.8472470787037036
4 0.7225025187499999 0.8774152175925926 0.7223473703125 0.8826446277777779 0.7527624421875 0.8828612138888888 0.7528410234374999 0.8773069250000001 0.7225025187499999 0.8774152175925926
4 0.6595829135416668 0.8775662583333333 0.6595829135416668 0.8831205472222222 0.7093270197916667 0.8829039611111111 0.7093270197916667 0.8775662583333333 0.6595829135416668 0.8775662583333333
4 0.6595144067708334 0.8470931888888888 0.6599576869791667 0.852895412037037 0.7086359057291667 0.852895412037037 0.7088575458333334 0.8470931888888888 0.6595144067708334 0.8470931888888888
4 0.6125085635416667 0.8472100314814816 0.6125972192708333 0.8531974925925926 0.6383538182291667 0.8533855796296297 0.6383538182291667 0.8472100314814816 0.6125085635416667 0.8472100314814816
4 0.6124581906250001 0.8772356796296297 0.6124581906250001 0.882681675925926 0.6384444890625001 0.8828640638888889 0.6383820270833334 0.8772356796296297 0.6124581906250001 0.8772356796296297
4 0.5576224057291667 0.8772955259259259 0.5575176302083332 0.882892562037037 0.5836651218750001 0.882892562037037 0.5835583317708333 0.8773696212962964 0.5576224057291667 0.8772955259259259
3 0.5428793067708334 0.8506070101851851 0.5429095307291667 0.8535024222222222 0.5574027807291666 0.8533770305555556 0.5574330041666666 0.8508178972222222 0.5428793067708334 0.8506070101851851
4 0.5574853916666667 0.8471786833333333 0.5575478541666666 0.8530778 0.583471690625 0.8531689944444444 0.583471690625 0.8472698777777777 0.5574853916666667 0.8471786833333333
4 0.5456780171875 0.5856540324074074 0.5456135401041667 0.5926417787037037 0.5625528911458333 0.5924593898148148 0.5626818458333334 0.5861954972222222 0.5456780171875 0.5856540324074074
4 0.5086218015625 0.5419977203703703 0.5085452348958334 0.5479880305555556 0.5255611526041667 0.547879737962963 0.5254845859375 0.5419977203703703 0.5086218015625 0.5419977203703703