1 0 0 0 1 1 1 1 0 0 0
3 0.32498488802083336 0.4995155314814815 0.31227080416666664 0.4996865203703703 0.312290953125 0.5136221148148149 0.32504533541666664 0.5135936166666667 0.32498488802083336 0.4995155314814815
3 0.312317146875 0.49956682777777783 0.32241184791666666 0.49942433703703704 0.3224178921875 0.45172128796296296 0.31230304270833337 0.45166429166666666 0.312317146875 0.49956682777777783
3 0.3224984890625 0.45172128796296296 0.32247833958333333 0.46557138796296293 0.3770018135416667 0.46568538055555553 0.3769615151041667 0.45166429166666666 0.3224984890625 0.45172128796296296
3 0.36707636510416664 0.4515816472222222 0.3717509572916667 0.45155314907407407 0.3717509572916667 0.44742091759259256 0.36707636510416664 0.44742091759259256 0.36707636510416664 0.4515816472222222
3 0.36706830520833333 0.3981533203703704 0.3770098729166667 0.3981476203703704 0.3769917390625 0.3653576518518519 0.36710255885416665 0.3653576518518519 0.36706830520833333 0.3981533203703704
3 0.3717428973958333 0.3982416638888889 0.3670884546875 0.3982416638888889 0.36711666354166667 0.4018523796296296 0.3717428973958333 0.40186092870370366 0.3717428973958333 0.3982416638888889
3 0.37708039479166666 0.3653263037037037 0.37708039479166666 0.3796323740740741 0.3999899255208333 0.3796038759259259 0.3999697765625 0.3653833 0.37708039479166666 0.3653263037037037
3 0.3901108203125 0.3652550583333333 0.3999516421875 0.3652550583333333 0.400018134375 0.2368680537037037 0.39008664114583336 0.2368082074074074 0.3901108203125 0.3652550583333333
3 0.4001208947916667 0.2370960388888889 0.4001208947916667 0.24909375925925925 0.5847874270833333 0.2490652611111111 0.5847471286458333 0.2370390425925926 0.4001208947916667 0.2370960388888889
3 0.5847471286458333 0.24918780277777774 0.5779165828125 0.24921630092592595 0.5778561354166667 0.2815332 0.5847672776041667 0.28150470185185184 0.5847471286458333 0.24918780277777774
3 0.5847330244791666 0.34732972314814814 0.5778621802083334 0.34732972314814814 0.5778521057291666 0.40214876018518514 0.5847632479166667 0.40214876018518514 0.5847330244791666 0.34732972314814814
3 0.5847874270833333 0.46822741481481484 0.5779165828125 0.468255912962963 0.5779165828125 0.496725562962963 0.5847068307291666 0.4966685666666667 0.5847874270833333 0.46822741481481484
3 0.584827725 0.4869791962962963 0.5848075760416667 0.4966400685185185 0.63413258125 0.4967540611111111 0.6341527302083333 0.4869791962962963 0.584827725 0.4869791962962963
3 0.6341124317708334 0.4968965518518519 0.6270803947916667 0.49692505 0.6270360666666667 0.5277486462962963 0.6341084020833333 0.5277742944444443 0.6341124317708334 0.4968965518518519
3 0.6341184765625001 0.5769620972222222 0.6270259921875 0.5770190935185185 0.6270380817708333 0.6297777148148148 0.6340902682291667 0.6297777148148148 0.6341184765625001 0.5769620972222222
3 0.6187527703125001 0.7406554574074075 0.61879306875 0.7506298092592593 0.634166834375 0.7506868055555556 0.634166834375 0.7406269592592593 0.6187527703125001 0.7406554574074075
3 0.627013903125 0.7405129666666667 0.634166834375 0.7405129666666667 0.634114446875 0.6658677685185186 0.6270421114583333 0.6659247648148149 0.627013903125 0.7405129666666667
3 0.5939169859375001 0.6878312907407408 0.5939169859375001 0.694043887037037 0.6269595005208333 0.6941008833333333 0.6269393510416666 0.6879167851851852 0.5939169859375001 0.6878312907407408
3 0.5474591979166666 0.7976118555555556 0.5474189 0.8072727268518519 0.5722425953125001 0.8073297231481482 0.5722425953125001 0.7977258481481481 0.5474591979166666 0.7976118555555556
3 0.5652307072916667 0.7975833574074075 0.5722425953125001 0.7975548592592593 0.5722566994791667 0.6879509833333334 0.5651843640624999 0.6879509833333334 0.5652307072916667 0.7975833574074075
3 0.57233528125 0.7406383583333332 0.5723090875000001 0.7506041611111112 0.5786822484375 0.7506697064814816 0.5786359057291667 0.7406554574074075 0.57233528125 0.7406383583333332
3 0.4231090067708333 0.7976489027777778 0.42317146875 0.8073382731481482 0.45023171458333333 0.8073952694444445 0.4501894015625 0.7977058990740741 0.4231090067708333 0.7976489027777778
3 0.42315131979166665 0.7434311768518518 0.42315131979166665 0.7495297805555555 0.43239975833333333 0.7495297805555555 0.43237960885416665 0.7435166712962963 0.42315131979166665 0.7434311768518518
3 0.4324340114583333 0.7496437731481481 0.4281624015625 0.749615275 0.42818859583333335 0.7975491592592592 0.43239975833333333 0.7975776574074074 0.4324340114583333 0.7496437731481481
3 0.36334878072916665 0.7976318037037038 0.3633004229166667 0.807309775 0.37964537552083333 0.8073439722222223 0.3795970177083333 0.7976318037037038 0.36334878072916665 0.7976318037037038
3 0.37483376979166666 0.797495012962963 0.37918597604166665 0.797495012962963 0.3791698567708333 0.7805927611111111 0.3747975015625 0.780564262962963 0.37483376979166666 0.797495012962963
3 0.32092282916666665 0.7976888000000001 0.320942978125 0.8074351666666667 0.3375055411458333 0.8073781703703704 0.33744509375000004 0.7976888000000001 0.32092282916666665 0.7976888000000001
3 0.31770904687499996 0.7435651185185186 0.31770904687499996 0.7540638361111112 0.329435825 0.754029637962963 0.329339109375 0.7434967231481481 0.31770904687499996 0.7435651185185186
3 0.3294660489583333 0.7541265314814815 0.32201088072916667 0.7541835277777778 0.3219725973958333 0.7976147046296297 0.32940761614583336 0.7975577083333334 0.3294660489583333 0.7541265314814815
3 0.3294418697916666 0.743473924074074 0.3295023171875 0.7495155314814814 0.37963328645833333 0.7495155314814814 0.37963328645833333 0.7435309203703703 0.3294418697916666 0.743473924074074
3 0.325206528125 0.5310914787037037 0.32498488802083336 0.5311199768518519 0.32496473906249995 0.5136791111111112 0.31793270208333335 0.5137361074074075 0.31801329843750004 0.531176973148148 0.31773121093749995 0.531176973148148 0.3177876286458333 0.7259076657407407 0.3179669557291666 0.7259076657407407 0.31794680625 0.7434340268518518 0.3249989927083333 0.7433770305555555 0.324924440625 0.7258763175925925 0.3252024984375 0.7258706185185184 0.325206528125 0.5310914787037037
3 0.4289220229166667 0.7262268453703703 0.4364980859375 0.726169849074074 0.43646786197916665 0.640014249074074 0.4289723958333333 0.6400427472222222 0.4289220229166667 0.7262268453703703
3 0.4289723958333333 0.5985779425925926 0.4364880114583333 0.5984924481481482 0.43646383229166663 0.45137361111111113 0.42890791875 0.45137361111111113 0.4289723958333333 0.5985779425925926
3 0.471894015625 0.4917469361111111 0.471894015625 0.502690225 0.5369554703125 0.502690225 0.5369151723958333 0.4918324305555556 0.471894015625 0.4917469361111111
3 0.46886963541666665 0.3292846962962963 0.47634495260416665 0.3292277 0.47632480364583335 0.2664177824074074 0.4688091880208333 0.2664462805555555 0.46886963541666665 0.3292846962962963