1 0.0026637114583333336 0 0.0026637114583333336 1 1 1 1 0.000738312037037037 0.41102760416666667 0 0.0026637114583333336 0
2 0.6290328432291666 0.49828962407407407 0.6293532135416666 0.47388540462962964 0.6085351604166667 0.4739509694444445 0.6085794880208333 0.49817559907407405 0.6290328432291666 0.49828962407407407
2 0.47975418072916665 0.5013939564814816 0.4800745515625 0.47698688703703707 0.4592585130208333 0.4770524518518518 0.4593028411458333 0.5012799314814815 0.47975418072916665 0.5013939564814816
2 0.48277453177083335 0.46614880277777776 0.4998247026041666 0.4662058157407407 0.49974410625 0.436704675 0.4827342333333334 0.4368187 0.48277453177083335 0.46614880277777776
3 0.3502861171875 0.41043044444444443 0.37870441250000003 0.41043044444444443 0.37870441250000003 0.4146778787037037 0.38130566197916665 0.41462941851851853 0.38118073750000003 0.391647662037037 0.3787709046875 0.3916020527777778 0.37870441250000003 0.40594640833333334 0.3502861171875 0.40599486851851857 0.3502861171875 0.41043044444444443
2 0.5568527098958334 0.5491362601851852 0.5739008666666667 0.5491932722222223 0.5738222848958333 0.5196921324074074 0.5568124119791666 0.5198061574074074 0.5568527098958334 0.5491362601851852
2 0.34867620416666667 0.5987856324074075 0.36572637500000005 0.5988426453703704 0.3656457786458333 0.5693415055555555 0.3486359057291667 0.5694555305555555 0.34867620416666667 0.5987856324074075
2 0.5505802942708333 0.4660889398148148 0.567630465625 0.46614595185185187 0.5675498692708333 0.43664481203703703 0.5505399958333334 0.43675883703703705 0.5505802942708333 0.4660889398148148
3 0.3333266171875 0.5942132268518519 0.33336691510416666 0.5983751425925925 0.34863993541666666 0.5985176740740741 0.34863993541666666 0.5940136833333333 0.3333266171875 0.5942132268518519
3 0.3787769494791667 0.6210661342592593 0.3815635703125 0.6211630555555555 0.38152327239583333 0.5900228046296296 0.3786036671875 0.5901311287037038 0.3786036671875 0.5942673888888889 0.3657565989583333 0.5941704675925926 0.36582510572916666 0.5984549601851852 0.3787426958333333 0.5981584944444445 0.3787769494791667 0.6210661342592593
3 0.4793673182291667 0.5015250851851852 0.47690912760416665 0.5015108324074075 0.4769292765625 0.5063568981481481 0.3813096916666667 0.5066220064814815 0.38127543802083336 0.49359749166666667 0.37874068125 0.49364310185185184 0.37874068125 0.5161060435185185 0.38134193020833335 0.5161516537037037 0.38134193020833335 0.5100655648148148 0.479427765625 0.5102622574074075 0.4793673182291667 0.5015250851851852
3 0.5324259520833333 0.5245610037037037 0.52985895625 0.5246094638888888 0.5296574651041667 0.5485319268518519 0.55070521875 0.5484863166666667 0.5507374572916667 0.5448061574074075 0.5406991739583333 0.5447092361111111 0.5406991739583333 0.5246094638888888 0.5377956880208333 0.5246094638888888 0.5378964338541666 0.5447092361111111 0.5323594598958333 0.5446636259259259 0.5324259520833333 0.5245610037037037
3 0.5677412854166667 0.4608295324074074 0.5677009875 0.46522234907407406 0.6087326213541666 0.465171037962963 0.6086983677083333 0.46087799351851855 0.5677412854166667 0.4608295324074074
3 0.5398186578125 0.395342075 0.5426616963541666 0.3953021666666667 0.5426616963541666 0.37321835833333333 0.539673584375 0.37325826666666667 0.539673584375 0.38754275925925924 0.5244992947916667 0.38754275925925924 0.5246141447916667 0.391197262962963 0.5398186578125 0.3912799314814815 0.5398186578125 0.395342075
3 0.5215796895833333 0.46087799351851855 0.5246363088541667 0.46083808425925926 0.5244408625 0.3732041046296296 0.5216804354166666 0.3731755990740741 0.5215796895833333 0.46087799351851855
3 0.5396534354166668 0.44204675 0.5396534354166668 0.4384264537037037 0.52458190625 0.4385034203703704 0.5245617567708334 0.44204675 0.5396534354166668 0.44204675
3 0.5398690307291666 0.46091505092592594 0.5428692322916666 0.46083808425925926 0.5426758010416666 0.43520524537037036 0.5397561958333333 0.4351197259259259 0.5398690307291666 0.46091505092592594
3 0.5000141041666667 0.460966362962963 0.49998589583333336 0.46537058148148147 0.5506004432291667 0.46509692129629626 0.550572234375 0.4610461805555555 0.5000141041666667 0.460966362962963
3 0.4794741083333333 0.4611174462962963 0.4794741083333333 0.46508266851851854 0.4826234130208333 0.46505131111111114 0.4826234130208333 0.4610860888888889 0.4794741083333333 0.4611174462962963
3 0.47943582500000004 0.37322976018518517 0.4766995770833333 0.37322976018518517 0.47674793489583334 0.47673888240740736 0.4794076161458333 0.47671037592592597 0.47943582500000004 0.37322976018518517
3 0.5535825104166666 0.5245752564814815 0.5508462625 0.5245752564814815 0.550749546875 0.6211316990740741 0.5535825104166666 0.6211316990740741 0.5535825104166666 0.5245752564814815
3 0.5567197260416666 0.524486887037037 0.5567942776041667 0.5207668185185186 0.5296131369791667 0.520570125 0.5296816442708333 0.5243871148148148 0.5567197260416666 0.524486887037037
3 0.6117469270833333 0.5207012546296296 0.6117932703125 0.5104418472222222 0.60896030625 0.5103734324074074 0.6090086640625 0.5207012546296296 0.573947209375 0.5208380842592593 0.5738988515625 0.5245068416666667 0.6224561755208333 0.5243015962962962 0.6225045333333333 0.5207012546296296 0.6117469270833333 0.5207012546296296
3 0.6115817046875001 0.4982212083333333 0.6089119484375 0.4982212083333333 0.6089119484375 0.5100655648148148 0.6226213984375 0.5102080953703704 0.6225871447916667 0.532100912037037 0.6250896635416667 0.5321978333333333 0.6250554098958333 0.5065735462962963 0.6116139432291666 0.5066676166666666 0.6115817046875001 0.4982212083333333
3 0.6250352609375 0.6039139111111111 0.6224823697916667 0.6038711518518518 0.6225387869791666 0.6212371722222222 0.33332057239583335 0.6213169898148148 0.33329236354166664 0.5903249712962964 0.3305359661458333 0.590285062962963 0.33068103958333334 0.6252166472222223 0.6252387666666667 0.6252594074074074 0.6250352609375 0.6039139111111111
3 0.330564175 0.5162742305555555 0.33355228697916667 0.5162742305555555 0.33355228697916667 0.5117987453703704 0.3503244005208333 0.511758837037037 0.3502941770833334 0.4932440138888889 0.34736449739583336 0.4932440138888889 0.3474712875 0.5078107185185184 0.33059439843750005 0.5077765111111111 0.330564175 0.5162742305555555
3 0.37873665104166665 0.38743158518518517 0.3473705421875 0.3874572407407407 0.34745113854166665 0.41445838055555556 0.3502075359375 0.41445838055555556 0.3502579083333333 0.39083808425925926 0.3812431994791667 0.391476625 0.3813943177083334 0.3731755990740741 0.6239089260416667 0.37303306759259264 0.6240177312499999 0.38366590648148147 0.6268164416666667 0.38360319259259257 0.6268164416666667 0.3691305583333333 0.37873665104166665 0.3689908777777778 0.37873665104166665 0.38743158518518517
3 0.6239492244791667 0.4481043333333333 0.6239492244791667 0.4609720638888889 0.6087870239583334 0.46084948703703704 0.60896030625 0.47408779907407406 0.6116461817708333 0.47408779907407406 0.6117328229166666 0.4651396805555556 0.6269816640625 0.4652622574074074 0.6268990531249999 0.44817559907407406 0.6239492244791667 0.4481043333333333
4 0.5434596010416667 0.3953050166666667 0.5391879911458334 0.3953335231481481 0.5392907515625001 0.43503420740740745 0.5432198265625 0.4350627138888889 0.5434596010416667 0.3953050166666667
4 0.6277211364583334 0.38373717222222226 0.6234495265625 0.3837656787037037 0.6235543020833333 0.44814709259259256 0.62738263125 0.4481185861111111 0.6277211364583334 0.38373717222222226
4 0.6258875682291667 0.532212087037037 0.6216159583333333 0.5322405925925926 0.6215796895833333 0.6037343212962962 0.6254080192708333 0.6037058157407408 0.6258875682291667 0.532212087037037
4 0.3342776546875 0.5163255416666667 0.3300060447916667 0.5163540481481481 0.3299637317708333 0.5901567842592592 0.333832359375 0.5901567842592592 0.3342776546875 0.5163255416666667
4 0.3823916984375 0.516248575 0.3781200885416667 0.5162770805555555 0.3780777755208333 0.5900798175925926 0.381946403125 0.5900798175925926 0.3823916984375 0.516248575
4 0.38204513385416666 0.4147833527777778 0.3777735239583333 0.41481185833333334 0.3776929276041667 0.4934891675925926 0.38182349374999996 0.4935461805555555 0.38204513385416666 0.4147833527777778
4 0.35087648593750004 0.41445267962962967 0.3466048760416667 0.4144811861111111 0.34652427968750005 0.49315849444444443 0.35065484583333334 0.4932155074074074 0.35087648593750004 0.41445267962962967