1 0 0 0 1 1 1 1 0 0 0
3 0.4144650411458333 0.480054162037037 0.40842232500000003 0.4801026222222223 0.4084021760416666 0.48856898518518516 0.4144267578125 0.48856898518518516 0.4144650411458333 0.480054162037037
3 0.40980455364583335 0.4710889398148148 0.41306669375 0.4711744583333334 0.413048559375 0.468124287037037 0.4097642557291667 0.4680957814814815 0.40980455364583335 0.4710889398148148
3 0.3229498286458333 0.4712001138888889 0.32647592187499996 0.4712001138888889 0.32645577291666666 0.468121437037037 0.323030425 0.46809293055555556 0.3229498286458333 0.4712001138888889
3 0.22366109218750002 0.5744127703703704 0.3026435625 0.5743643101851852 0.30257908541666667 0.5666590648148149 0.22360467447916665 0.5666590648148149 0.22366109218750002 0.5744127703703704
3 0.3195285109375 0.4880786768518518 0.3213016322916667 0.4880245157407407 0.32117872239583334 0.46528506296296296 0.31958895833333334 0.465399087962963 0.3195285109375 0.4880786768518518
3 0.32117872239583334 0.46528506296296296 0.32121700572916667 0.4676453824074074 0.36802337291666665 0.4603762824074074 0.368043521875 0.4577252 0.32117872239583334 0.46528506296296296
3 0.368043521875 0.4577252 0.36802337291666665 0.4603762824074074 0.41476929270833335 0.46758836944444443 0.4148095911458333 0.46522234907407406 0.368043521875 0.4577252
3 0.4148095911458333 0.46522234907407406 0.4148901875 0.4881128851851852 0.41670360677083335 0.4880843787037037 0.4167640541666667 0.46547890555555554 0.4148095911458333 0.46522234907407406
3 0.19373362864583335 0.46225484629629626 0.19390489635416666 0.48004846111111116 0.20251259322916668 0.47998859722222226 0.20247028020833333 0.4621978333333333 0.19373362864583335 0.46225484629629626
3 0.19885150104166666 0.46220068425925925 0.20247028020833333 0.4621978333333333 0.20247833958333333 0.4592360314814815 0.19875075572916667 0.4592360314814815 0.19885150104166666 0.46220068425925925
3 0.193753778125 0.4712086657407407 0.19373362864583335 0.46225484629629626 0.139109409375 0.4624002277777778 0.13912955885416667 0.4711231472222222 0.193753778125 0.4712086657407407
3 0.13924642343750002 0.48003420740740743 0.139109409375 0.4624002277777778 0.13051783177083334 0.46234891666666666 0.13056618958333333 0.47996579259259264 0.13924642343750002 0.48003420740740743
3 0.13192625416666667 0.46233181296296294 0.13563368906249998 0.46236031944444445 0.13559339114583333 0.460735462037037 0.1319867015625 0.46062143703703706 0.13192625416666667 0.46233181296296294
3 0.13048156354166665 0.4780473203703704 0.1305420109375 0.46955245185185185 0.0974410640625 0.46957525648148146 0.09752367499999999 0.4779703537037037 0.13048156354166665 0.4780473203703704
3 0.13162804739583334 0.38920752592592595 0.13627040104166666 0.38924173333333334 0.1361857744791667 0.37369441296296296 0.1315192421875 0.3680843787037037 0.13162804739583334 0.38920752592592595
3 0.1315192421875 0.3680843787037037 0.1361857744791667 0.37369441296296296 0.17711061875 0.34720638518518515 0.17713479739583335 0.33855188148148146 0.1315192421875 0.3680843787037037
3 0.17713479739583335 0.33855188148148146 0.17711061875 0.34720638518518515 0.21795285104166667 0.37354618055555555 0.22266774114583335 0.36821550740740744 0.17713479739583335 0.33855188148148146
3 0.22266774114583335 0.36821550740740744 0.21795285104166667 0.37354618055555555 0.21803344739583333 0.38999429907407407 0.223030425 0.3899087796296296 0.22266774114583335 0.36821550740740744
4 0.21894015729166666 0.5675883694444445 0.22216401354166668 0.567673887962963 0.22204311927083334 0.39005131111111113 0.2189200078125 0.39005131111111113 0.21894015729166666 0.5675883694444445
4 0.3274390489583333 0.4886060435185185 0.3242957890625 0.4886060435185185 0.324344146875 0.5658694416666666 0.3274068104166667 0.5659264537037036 0.3274390489583333 0.4886060435185185
4 0.411894015625 0.48861174444444444 0.40856941354166665 0.488640250925926 0.4085996375 0.5238283925925925 0.4118637921875 0.5238283925925925 0.411894015625 0.48861174444444444
4 0.4085754583333333 0.5469441277777778 0.4085512796875 0.5659293046296296 0.4118637921875 0.5658950972222222 0.41174289739583336 0.546875712962963 0.4085754583333333 0.5469441277777778
2 0.1352730203125 0.3893244009259259 0.13208946197916666 0.38921037592592594 0.13233729583333334 0.46065849444444446 0.13519846875 0.4606841509259259 0.1352730203125 0.3893244009259259
4 0.4085996375 0.5238283925925925 0.4085754583333333 0.5469441277777778 0.41879911354166666 0.5466647666666667 0.41859762239583337 0.5240307870370371 0.4085996375 0.5238283925925925
3 0.09764054010416667 0.5693956666666666 0.09767479322916667 0.5776083240740741 0.22366109218750002 0.5777052453703704 0.22361474895833336 0.5695838083333333 0.09764054010416667 0.5693956666666666
3 0.22366109218750002 0.5777052453703704 0.21493048541666668 0.5777080953703704 0.2149909328125 0.5870011398148148 0.22371549479166666 0.5870011398148148 0.22366109218750002 0.5777052453703704
3 0.21855732395833333 0.5695353481481481 0.22248639947916665 0.5695068416666668 0.22244610104166668 0.5677109462962964 0.218537175 0.5676824398148148 0.21855732395833333 0.5695353481481481
3 0.13796292552083333 0.5776254277777778 0.12931896041666666 0.5776254277777778 0.12929881145833333 0.5870039907407407 0.1380233729166667 0.5868614592592593 0.13796292552083333 0.5776254277777778
3 0.24862381614583334 0.5944412768518519 0.2355813015625 0.5943814138888889 0.23553495885416667 0.6118899657407408 0.24866209947916668 0.611992587962963 0.24862381614583334 0.5944412768518519
3 0.24982470260416667 0.6120267962962963 0.234898246875 0.6119441277777778 0.23497884322916668 0.6145239453703704 0.24982470260416667 0.6145581527777778 0.24982470260416667 0.6120267962962963
3 0.23989925468749998 0.5943529074074074 0.2442111625 0.5944099203703703 0.24425549062500002 0.5744840361111111 0.23994358229166668 0.5744840361111111 0.23989925468749998 0.5943529074074074
3 0.2927483375 0.5944184722222222 0.2797219421875 0.5944184722222222 0.27968970364583334 0.6119156212962963 0.2927785614583333 0.6120267962962963 0.2927483375 0.5944184722222222
3 0.29398146302083333 0.6120353481481481 0.2790711265625 0.6119783351851852 0.2790711265625 0.614657925 0.29396131354166666 0.614657925 0.29398146302083333 0.6120353481481481
3 0.28407817864583335 0.5943842648148149 0.2883921015625 0.5944127703703703 0.2883356838541667 0.5744441277777779 0.28406205937499995 0.5744583805555555 0.28407817864583335 0.5943842648148149
3 0.3216663307291666 0.5920724055555556 0.3278641947916666 0.5920724055555556 0.32786822499999996 0.5659492592592592 0.321559540625 0.5658922462962963 0.3216663307291666 0.5920724055555556
3 0.32792867239583334 0.5747035351851851 0.32788031458333333 0.5827765111111112 0.40838404166666664 0.5826624861111112 0.4083598630208333 0.5746921324074075 0.32792867239583334 0.5747035351851851
3 0.408414265625 0.5919754842592593 0.4145154140625 0.5920923601851852 0.4144731010416667 0.5657867731481482 0.4082893411458333 0.5659663629629629 0.408414265625 0.5919754842592593
3 0.3216179729166667 0.48867445833333334 0.3278561354166667 0.4885518814814815 0.3277694942708333 0.48001425277777776 0.321559540625 0.4799714935185185 0.3216179729166667 0.48867445833333334
3 0.321559540625 0.4799714935185185 0.4144650411458333 0.480054162037037 0.4144650411458333 0.4711887111111111 0.32164819687499996 0.4712286203703704 0.321559540625 0.4799714935185185