1 0 0 0 1 1 1 1 0 0 0
3 0.3338686276041667 0.5414509694444445 0.33053798125 0.5414082101851851 0.33053798125 0.5442759407407407 0.33388273229166665 0.5443072972222223 0.3338686276041667 0.5414509694444445
3 0.33052992135416664 0.5439623712962963 0.33052992135416664 0.5416590648148149 0.3154019744791666 0.5416875712962963 0.315436228125 0.5439623712962963 0.33052992135416664 0.5439623712962963
3 0.33161797291666667 0.5395096925925926 0.33161797291666667 0.5414053592592593 0.3338686276041667 0.5414509694444445 0.33386661302083337 0.5363283925925926 0.31347370520833334 0.5362913342592593 0.31345154166666667 0.5390336370370371 0.31536369114583335 0.5390649944444444 0.31538585520833334 0.5396151657407406 0.33161797291666667 0.5395096925925926
3 0.31350594375 0.499826112037037 0.3118658067708333 0.4998574685185185 0.311920209375 0.5390108324074074 0.31345154166666667 0.5390336370370371 0.31350594375 0.499826112037037
3 0.30682853125 0.541302737037037 0.306854725 0.544312999074074 0.3100483578125 0.5443101481481482 0.31001611927083333 0.5413169898148148 0.30682853125 0.541302737037037
3 0.25267983072916667 0.5413397944444445 0.24931896041666668 0.5413283925925926 0.24936328854166667 0.5442759407407407 0.2526939348958333 0.5442759407407407 0.25267983072916667 0.5413397944444445
3 0.24068506927083336 0.5413340935185185 0.24068506927083336 0.5442730898148148 0.24397340312500002 0.5443101481481482 0.24397340312500002 0.5413312425925926 0.24068506927083336 0.5413340935185185
3 0.18333870624999998 0.5443015962962963 0.18661898020833334 0.5443415055555556 0.186590771875 0.541416762037037 0.18329437864583334 0.5413854046296296 0.18333870624999998 0.5443015962962963
3 0.16419302864583332 0.5414880277777777 0.16084021770833334 0.5414880277777777 0.16082409843749998 0.544261687962963 0.164203103125 0.5442930444444445 0.16419302864583332 0.5414880277777777
3 0.16419302864583332 0.5414880277777777 0.164203103125 0.5439965796296297 0.17795285104166667 0.5439737740740741 0.17793874687500003 0.5416989740740741 0.16419302864583332 0.5414880277777777
3 0.1814245416666667 0.49993443518518516 0.1798287328125 0.49993443518518516 0.179850896875 0.5390421888888889 0.18146886979166668 0.5390421888888889 0.1814245416666667 0.49993443518518516
3 0.249030828125 0.49990307870370365 0.24434616145833335 0.4999429870370371 0.2442776546875 0.5389994296296295 0.249030828125 0.5390222351851851 0.249030828125 0.49990307870370365
3 0.11720531927083333 0.5416590648148149 0.11722748333333333 0.5439623712962963 0.130995365625 0.5439908777777778 0.13098529114583332 0.5416847203703704 0.11720531927083333 0.5416590648148149
3 0.13436429583333334 0.5443015962962963 0.13434011666666665 0.5414652222222222 0.13099738072916667 0.5414566703703704 0.13098730625000002 0.544261687962963 0.13436429583333334 0.5443015962962963
3 0.11536973593750001 0.5261374 0.11351803333333334 0.5261374 0.11353213802083334 0.539030787037037 0.11536973593750001 0.5390336370370371 0.11536973593750001 0.5261374
3 0.11351803333333334 0.5261374 0.11536973593750001 0.5261374 0.11535563177083333 0.5212685287037037 0.11351601875 0.5212998861111111 0.11351803333333334 0.5261374
4 0.11535563177083333 0.5212685287037037 0.11534757187500001 0.48954675000000003 0.10804755208333333 0.48939851759259256 0.10803747708333335 0.5211744583333333 0.11535563177083333 0.5212685287037037
3 0.11532943802083334 0.4719099203703704 0.11346161614583333 0.47189281666666666 0.11349385468749999 0.4848574685185185 0.11533346770833333 0.48482611203703707 0.11532943802083334 0.4719099203703704
3 0.11534757187500001 0.48954675000000003 0.11533346770833333 0.48482611203703707 0.11349385468749999 0.4848574685185185 0.11348378020833333 0.4894954388888889 0.11534757187500001 0.48954675000000003
3 0.115268990625 0.39711801574074074 0.11347370520833334 0.39705530185185184 0.1135422125 0.4642901935185185 0.11532742291666667 0.4643044472222222 0.115268990625 0.39711801574074074
3 0.11882329218750001 0.41429874537037037 0.11552286927083334 0.41428164166666664 0.11545637708333333 0.4172776509259259 0.11886963541666667 0.4172605472222222 0.11882329218750001 0.41429874537037037
3 0.11728994583333334 0.3895952111111111 0.11731009479166667 0.394429875 0.17793471666666666 0.39447548425925927 0.17793068697916667 0.3894954388888889 0.11728994583333334 0.3895952111111111
3 0.1833084828125 0.39213797037037035 0.1833084828125 0.39440992037037037 0.19720128958333336 0.394432725 0.19715696145833334 0.3922377425925926 0.1833084828125 0.39213797037037035
3 0.18179327031249998 0.3970838083333333 0.17949627239583332 0.3970838083333333 0.17943985468749998 0.41715222314814815 0.1817751359375 0.41717787870370365 0.18179327031249998 0.3970838083333333
3 0.17943985468749998 0.41715222314814815 0.17943381041666667 0.4141875712962963 0.17617973020833333 0.41416191574074074 0.17627443072916668 0.41708665925925925 0.17943985468749998 0.41715222314814815
3 0.182246625 0.44192417314814814 0.18232117656250002 0.4171693268518518 0.17887769479166668 0.41714937314814815 0.1789381421875 0.44192417314814814 0.182246625 0.44192417314814814
3 0.18332661718749999 0.4949885972222222 0.18332661718749999 0.4972748 0.19717509583333334 0.49727195 0.19717509583333334 0.4949515388888888 0.18332661718749999 0.4949885972222222
3 0.1971771104166667 0.49472063888888884 0.1971771104166667 0.49758836944444446 0.2003244005208333 0.4975741166666667 0.20032037083333334 0.49473204074074073 0.1971771104166667 0.49472063888888884
3 0.22688897864583335 0.49471493703703706 0.22687890364583332 0.49763112870370363 0.23020149114583335 0.49763112870370363 0.23020149114583335 0.4946835805555556 0.22688897864583335 0.49471493703703706
3 0.23022566979166664 0.4949515388888888 0.23020350572916665 0.49728620277777785 0.24401773125 0.4973033064814815 0.24402780572916666 0.4949828962962963 0.23022566979166664 0.4949515388888888
3 0.2493874671875 0.49494013703703704 0.2493874671875 0.4972605472222222 0.2632077375 0.4972919046296296 0.2632077375 0.49501425277777783 0.2493874671875 0.49494013703703704
3 0.2632218416666667 0.49474629444444446 0.26320975208333336 0.4975997722222222 0.2665303244791667 0.49761687592592596 0.2665363692708333 0.49473204074074073 0.2632218416666667 0.49474629444444446
3 0.29629055 0.4947690990740741 0.292996171875 0.49476054722222224 0.29300624635416667 0.4976282777777778 0.29625025208333333 0.4976852907407408 0.29629055 0.4947690990740741
3 0.29629659479166665 0.4949743444444444 0.29627443072916665 0.49735461759259253 0.3100483578125 0.4973489166666667 0.3100362682291667 0.4949515388888888 0.29629659479166665 0.4949743444444444
3 0.35238766875 0.40025940740740745 0.350122909375 0.40025940740740745 0.35013298385416664 0.45555302129629627 0.35239774322916667 0.45555302129629627 0.35238766875 0.40025940740740745
3 0.35013298385416664 0.45555302129629627 0.3501208947916667 0.45261402500000003 0.311136409375 0.45269099166666665 0.31111223072916666 0.45557582685185183 0.35013298385416664 0.45555302129629627
3 0.31871650208333335 0.39474344351851853 0.31871851718750005 0.3918101481481482 0.31538384062499997 0.3918101481481482 0.31540600468749996 0.39475769629629626 0.31871650208333335 0.39474344351851853
3 0.311533346875 0.3971265675925926 0.3115655854166667 0.4003107185185185 0.31870239791666666 0.4002480046296297 0.31871650208333335 0.39474344351851853 0.31540600468749996 0.39475769629629626 0.3154402578125 0.3970667046296296 0.311533346875 0.3971265675925926
3 0.313858553125 0.40030786759259257 0.3115655854166667 0.4003107185185185 0.31155148072916666 0.42927594074074077 0.31383034479166666 0.42935575833333334 0.313858553125 0.40030786759259257
3 0.2929417692708334 0.3917816416666667 0.2929417692708334 0.39466077499999996 0.29629860989583334 0.39460376296296296 0.2962663713541666 0.3917673888888889 0.2929417692708334 0.3917816416666667
3 0.22690106770833335 0.3917673888888889 0.22690509791666666 0.3946436712962963 0.23021358072916664 0.39463511944444446 0.23021358072916664 0.3917987453703704 0.22690106770833335 0.3917673888888889
3 0.23021358072916664 0.3921123148148148 0.23021358072916664 0.3944469787037037 0.24398347760416667 0.3944640824074074 0.24397340312500002 0.39217502870370374 0.23021358072916664 0.3921123148148148
3 0.249365303125 0.39211801574074073 0.2493794078125 0.39441562129629626 0.26315937916666665 0.394432725 0.26314729010416665 0.3921721777777778 0.249365303125 0.39211801574074073
3 0.26314930468750003 0.3918044472222222 0.26317348385416667 0.39463511944444446 0.2665041307291667 0.39463226944444446 0.2664859963541667 0.3918301027777778 0.26314930468750003 0.3918044472222222
3 0.29626435625 0.3921094638888889 0.2962865203125 0.3944469787037037 0.31003223854166667 0.3944954388888889 0.31002014895833335 0.3921066138888889 0.29626435625 0.3921094638888889
4 0.18492645572916666 0.39466932685185185 0.18492645572916666 0.39854047870370374 0.2423393109375 0.39854047870370374 0.2423393109375 0.39463511944444446 0.18492645572916666 0.39466932685185185
4 0.25100745520833334 0.3946237175925926 0.25097521666666667 0.39857468611111113 0.30840419114583334 0.3985262259259259 0.308388071875 0.3946237175925926 0.25100745520833334 0.3946237175925926
4 0.31871650208333335 0.39474344351851853 0.31871247239583333 0.4010604333333333 0.3397521661458333 0.4009834666666667 0.33983074739583335 0.3946066138888889 0.31871650208333335 0.39474344351851853
4 0.37778158385416666 0.4138939564814815 0.37383840416666664 0.4138939564814815 0.3737195244791666 0.4475826685185185 0.37778359843750003 0.4475256555555555 0.37778158385416666 0.4138939564814815
4 0.3777634494791667 0.48862884814814816 0.3735744510416667 0.48861459537037033 0.37349788437500003 0.5222434435185185 0.377753375 0.5221978333333334 0.3777634494791667 0.48862884814814816
4 0.3338464640625 0.5354047888888889 0.3338686276041667 0.5414509694444445 0.3577231515625 0.5414652222222222 0.3577231515625 0.5354218925925925 0.3338464640625 0.5354047888888889
4 0.2509671567708333 0.4908979472222223 0.2510054401041667 0.49474344351851846 0.3084424744791667 0.49474629444444446 0.3084424744791667 0.4908637398148148 0.2509671567708333 0.4908979472222223
4 0.18483376979166666 0.49087514259259263 0.1848498890625 0.4947576962962963 0.2423836390625 0.4946807296296296 0.24236348958333334 0.49078107222222217 0.18483376979166666 0.49087514259259263
4 0.186590771875 0.541416762037037 0.18661898020833334 0.5443415055555556 0.24068506927083336 0.5442730898148148 0.24068506927083336 0.5413340935185185 0.186590771875 0.541416762037037
4 0.25267983072916667 0.5413397944444445 0.2526939348958333 0.5442759407407407 0.306854725 0.544312999074074 0.30682853125 0.541302737037037 0.25267983072916667 0.5413397944444445
2 0.182246625 0.44192417314814814 0.1789381421875 0.44192417314814814 0.17902075364583334 0.49234321574074075 0.18227281875 0.49234321574074075 0.182246625 0.44192417314814814
4 0.11811404375 0.4718329537037037 0.11532943802083334 0.4719099203703704 0.11536973593750001 0.5390336370370371 0.1182429984375 0.5390649944444444 0.11811404375 0.4718329537037037
4 0.11880717291666666 0.537559862962963 0.11888776927083335 0.541416762037037 0.17632480364583333 0.5416134546296296 0.1762945796875 0.5376168759259259 0.11880717291666666 0.537559862962963
4 0.16084021770833334 0.5414880277777777 0.13434011666666665 0.5414652222222222 0.13434616145833334 0.5542474342592593 0.1607616359375 0.5543956666666666 0.16084021770833334 0.5414880277777777
4 0.22688897864583335 0.49471493703703706 0.20032037083333334 0.49473204074074073 0.20028813229166667 0.5071921324074075 0.22687890364583332 0.5070667046296295 0.22688897864583335 0.49471493703703706
4 0.292996171875 0.49476054722222224 0.2665363692708333 0.49473204074074073 0.26649002604166666 0.5067217787037036 0.2929115453125 0.5065250851851852 0.292996171875 0.49476054722222224
4 0.3577231515625 0.5414652222222222 0.3338686276041667 0.5414509694444445 0.33393109010416666 0.5526482324074075 0.3577473302083333 0.552782212037037 0.3577231515625 0.5414652222222222
4 0.3777634494791667 0.48862884814814816 0.377753375 0.5221978333333334 0.3855651822916667 0.5221778787037037 0.3855268989583333 0.48864595185185183 0.3777634494791667 0.48862884814814816
3 0.5813640942708334 0.4651852907407407 0.5813862583333334 0.48070410462962965 0.5838363890624999 0.480738312037037 0.5838021359375 0.4651539342592592 0.5813640942708334 0.4651852907407407
3 0.583779971875 0.46510832407407404 0.58586741875 0.464997149074074 0.5858029416666667 0.45612884814814814 0.5794378401041667 0.4561060435185185 0.5794056015625001 0.46511117407407404 0.5813640942708334 0.4651852907407407 0.583779971875 0.46510832407407404
3 0.5857646583333334 0.3673204101851852 0.5794458994791667 0.3671807296296296 0.5794358249999999 0.37631128888888893 0.5857283901041667 0.3763283925925926 0.5857646583333334 0.3673204101851852
3 0.6642615354166667 0.3672662481481481 0.657876284375 0.3673118583333333 0.6579085229166667 0.37639110648148144 0.6643602661458333 0.37643956666666667 0.6642615354166667 0.3672662481481481
3 0.7428752770833333 0.3672206388888889 0.7364215192708333 0.36721778796296295 0.7364376385416667 0.37631128888888893 0.7428631874999999 0.3762799314814815 0.7428752770833333 0.3672206388888889
3 0.5815152124999999 0.37635974907407405 0.5814527505208333 0.45609464074074074 0.5837134796875 0.45609464074074074 0.5836570625 0.3763283925925926 0.5815152124999999 0.37635974907407405
3 0.6578541203125 0.3703078675925926 0.5858069713541667 0.3704190425925926 0.5857727182291667 0.37339509722222225 0.6578984484375 0.37324116296296295 0.6578541203125 0.3703078675925926
3 0.6807616359375 0.3701368305555555 0.6643360869791667 0.3701368305555555 0.6643562359375 0.37335803888888885 0.6807233526041667 0.37338654537037036 0.6807616359375 0.3701368305555555
3 0.6847108604166666 0.37009122037037034 0.6807616359375 0.3701368305555555 0.6807233526041667 0.37338654537037036 0.6847491437500001 0.37356043333333333 0.6847108604166666 0.37009122037037034
3 0.7363912958333334 0.37005416203703706 0.7200624619791667 0.3701054731481481 0.7200523874999999 0.37358323796296294 0.7364054 0.37339509722222225 0.7363912958333334 0.37005416203703706
3 0.7200624619791667 0.3701054731481481 0.7161958494791667 0.37015678425925924 0.7161313723958334 0.37349486851851854 0.7200523874999999 0.37358323796296294 0.7200624619791667 0.3701054731481481
3 0.7592464234374999 0.3700684148148148 0.7428712473958333 0.3701168759259259 0.7428974411458333 0.3734122009259259 0.7592464234374999 0.3733922462962963 0.7592464234374999 0.3700684148148148
3 0.7631493046875 0.3700427592592593 0.7592464234374999 0.3700684148148148 0.7592464234374999 0.3733922462962963 0.7631613942708333 0.37348916759259254 0.7631493046875 0.3700427592592593
3 0.8213862583333333 0.36735461759259264 0.8151017531250001 0.36735461759259264 0.8149909328124999 0.37624287314814814 0.8213600645833333 0.37624287314814814 0.8213862583333333 0.36735461759259264
3 0.8149627239583332 0.37007981759259256 0.7985049364583333 0.3701995435185185 0.7985049364583333 0.3735518814814815 0.8149627239583332 0.37339509722222225 0.8149627239583332 0.37007981759259256
3 0.7985049364583333 0.3701995435185185 0.7947531734375001 0.3700969212962963 0.7946927260416667 0.3735376287037037 0.7985049364583333 0.3735518814814815 0.7985049364583333 0.3701995435185185
3 0.8167962927083334 0.4144840361111111 0.8194720937500001 0.4144840361111111 0.8195526901041668 0.3800883694444444 0.8239310901041667 0.3801282777777778 0.8239854927083333 0.3735062712962963 0.8252931692708334 0.3735518814814815 0.8252710052083334 0.3700427592592593 0.821392303125 0.3700427592592593 0.8213600645833333 0.37624287314814814 0.816872859375 0.37635974907407405 0.8167962927083334 0.4144840361111111
3 0.8516058833333333 0.3801368305555555 0.8912955875 0.3801482324074074 0.8913237958333333 0.3944954388888889 0.8954120489583333 0.39441562129629626 0.8954019744791667 0.39639110648148146 0.8979488213541666 0.39639110648148146 0.8979830750000001 0.3906527935185185 0.8939613135416666 0.3905758268518518 0.8939270604166667 0.3762656787037037 0.8543884744791667 0.3761687574074074 0.8543522062500001 0.3700427592592593 0.8503425348958333 0.37005416203703706 0.8502982067708333 0.37366305555555557 0.8515837192708333 0.37366305555555557 0.8516058833333333 0.3801368305555555
3 0.8935422125 0.3700313564814815 0.8543522062500001 0.3700427592592593 0.8543602661458334 0.37328962407407407 0.8935422125 0.3734578111111111 0.8935422125 0.3700313564814815
3 0.8935946 0.3762172175925926 0.8939270604166667 0.3762656787037037 0.89985895625 0.3762656787037037 0.8998992546875001 0.36728050185185185 0.8935462421874999 0.3672234888888889 0.8935422125 0.3700313564814815 0.8935422125 0.3734578111111111 0.8935946 0.3762172175925926
3 0.8954563770833333 0.37631128888888893 0.8954785411458333 0.39059007962962966 0.8979830750000001 0.3906527935185185 0.8979266572916667 0.3762799314814815 0.8954563770833333 0.37631128888888893
3 0.8913580494791666 0.483352337962963 0.8954342130208333 0.4833665907407408 0.8954342130208333 0.485171037962963 0.8979488213541666 0.48521664722222224 0.8979709854166666 0.47944982870370373 0.8939713880208333 0.47941847222222217 0.8939270604166667 0.4651539342592592 0.8935401973958333 0.4651225768518518 0.8935663911458334 0.4562257694444445 0.8939774328125 0.4562257694444445 0.8940157161458333 0.44194127685185186 0.8979387468750001 0.44194127685185186 0.8979568807291667 0.4362343212962963 0.8954463026041667 0.4362029648148148 0.8954180937499999 0.4379817555555555 0.8913016322916667 0.4379817555555555 0.8913580494791666 0.483352337962963
3 0.8939270604166667 0.4651539342592592 0.8998992546875001 0.46510832407407404 0.8997602255208333 0.45617730925925926 0.8939774328125 0.4562257694444445 0.8935663911458334 0.4562257694444445 0.8935401973958333 0.4651225768518518 0.8939270604166667 0.4651539342592592
3 0.8955007052083332 0.44198688703703704 0.8955228692708334 0.45615735462962964 0.8979830750000001 0.45615735462962964 0.8979387468750001 0.44194127685185186 0.8955007052083332 0.44198688703703704
3 0.8979407614583333 0.4651311287037037 0.8954724963541667 0.4651852907407407 0.8954724963541667 0.47943272499999995 0.8979709854166666 0.47944982870370373 0.8979407614583333 0.4651311287037037
3 0.8191537375000001 0.5419127703703704 0.8192988114583333 0.49846351203703704 0.8168950229166666 0.49846351203703704 0.8169171869791667 0.5448888259259259 0.8191537375000001 0.5449201824074074 0.8191537375000001 0.5419127703703704
3 0.8192988114583333 0.49846351203703704 0.8214043927083333 0.49852622592592594 0.8213056619791667 0.4895439 0.8149526494791667 0.4894982898148148 0.8149204109375 0.49843500555555553 0.8168950229166666 0.49846351203703704 0.8192988114583333 0.49846351203703704
3 0.8149204109375 0.49231470925925924 0.7985452348958333 0.49222633981481484 0.7985109812500001 0.49573546203703706 0.8148861578125001 0.4955957814814814 0.8149204109375 0.49231470925925924
3 0.7985452348958333 0.49222633981481484 0.7946544427083333 0.49220638518518517 0.7946201895833334 0.4957639685185185 0.7985109812500001 0.49573546203703706 0.7985452348958333 0.49222633981481484
3 0.7428531130208333 0.48942987499999996 0.7365403989583333 0.48954675000000003 0.7364577874999999 0.4984007981481482 0.7428531130208333 0.4984407074074074 0.7428531130208333 0.48942987499999996
3 0.7593048557291666 0.4922548462962963 0.7428853515624999 0.49227195000000007 0.7428913963541667 0.49573831203703705 0.7593270197916666 0.49573831203703705 0.7593048557291666 0.4922548462962963
3 0.7632057223958333 0.4922548462962963 0.7593048557291666 0.4922548462962963 0.7593270197916666 0.49573831203703705 0.7632379609375001 0.4956413907407407 0.7632057223958333 0.4922548462962963
3 0.736423534375 0.4921465222222222 0.7200805963541667 0.49228620277777774 0.7200805963541667 0.49561003425925926 0.7364557729166666 0.49561003425925926 0.736423534375 0.4921465222222222
3 0.7200805963541667 0.49228620277777774 0.71614950625 0.492160775 0.7160850291666667 0.4954817555555556 0.7200805963541667 0.49561003425925926 0.7200805963541667 0.49228620277777774
3 0.6643239973958334 0.48948118611111113 0.6578984484375 0.4894640824074074 0.6578863588541667 0.4984777648148148 0.6642534755208334 0.49838654537037036 0.6643239973958334 0.48948118611111113
3 0.6806951442708333 0.4923546175925926 0.6642635505208333 0.4923546175925926 0.6642635505208333 0.49570980648148144 0.6807213380208333 0.49570980648148144 0.6806951442708333 0.4923546175925926
3 0.6847330244791666 0.4922976055555556 0.6806951442708333 0.4923546175925926 0.6807213380208333 0.49570980648148144 0.6846947411458333 0.4957126564814815 0.6847330244791666 0.4922976055555556
3 0.6598932098958333 0.49852337500000005 0.6599919401041666 0.5449201824074074 0.6621761031250001 0.5449344351851851 0.6623292364583333 0.49846351203703704 0.6598932098958333 0.49852337500000005
3 0.8653536166666667 0.3801824398148148 0.8625851302083334 0.38016818703703703 0.8625851302083334 0.442331812962963 0.81682853125 0.4422548462962963 0.8167942776041667 0.44571835833333334 0.8654321984375 0.44574971481481485 0.8653536166666667 0.3801824398148148
3 0.6599052989583334 0.37639965833333333 0.6598650010416667 0.4000456101851852 0.6624863994791668 0.4000456101851852 0.6624461010416667 0.37645667037037034 0.6599052989583334 0.37639965833333333
4 0.7200523874999999 0.37358323796296294 0.7161313723958334 0.37349486851851854 0.6847491437500001 0.37356043333333333 0.6807233526041667 0.37338654537037036 0.666070925 0.37339794722222225 0.666070925 0.3779418472222222 0.7344771307291666 0.37828962407407407 0.7344771307291666 0.37351482314814816 0.7200523874999999 0.37358323796296294
4 0.7161958494791667 0.37015678425925924 0.7160084624999999 0.35889680740740737 0.6846201895833333 0.3591476620370371 0.6847108604166666 0.37009122037037034 0.6847209348958334 0.37208095740740743 0.7161414468749999 0.3718928166666667 0.7161958494791667 0.37015678425925924
4 0.7985049364583333 0.3735518814814815 0.7946927260416667 0.3735376287037037 0.7631613942708333 0.37348916759259254 0.7592464234374999 0.3733922462962963 0.7446806364583334 0.37346351203703704 0.7444831755208334 0.3779361462962963 0.8130606489583333 0.3780216648148148 0.8131049770833333 0.3734749148148148 0.7985049364583333 0.3735518814814815
4 0.7947531734375001 0.3700969212962963 0.794626234375 0.35892816388888893 0.7632520651041667 0.3586858611111111 0.7631493046875 0.3700427592592593 0.7631493046875 0.37184435555555556 0.7947249645833333 0.3718928166666667 0.7947531734375001 0.3700969212962963
4 0.8238988515625 0.37730330648148147 0.8515877494791667 0.3772576962962963 0.8515837192708333 0.37366305555555557 0.8502982067708333 0.37366305555555557 0.8252931692708334 0.3735518814814815 0.8239854927083333 0.3735062712962963 0.8238988515625 0.37730330648148147
4 0.8503425348958333 0.37005416203703706 0.8504090265625001 0.3601054731481481 0.8252992140625001 0.35995724074074076 0.8252710052083334 0.3700427592592593 0.8252992140625001 0.37192987499999997 0.8503304453124999 0.37188996574074074 0.8503425348958333 0.37005416203703706
4 0.8954180937499999 0.4379817555555555 0.8954463026041667 0.4362029648148148 0.8954019744791667 0.39639110648148146 0.8954120489583333 0.39441562129629626 0.8928873666666667 0.3945581527777778 0.8929437838541666 0.4379076398148148 0.8954180937499999 0.4379817555555555
4 0.8979568807291667 0.4362343212962963 0.9050171265625 0.4360319268518519 0.9048619786458333 0.39639110648148146 0.8979488213541666 0.39639110648148146 0.8966975619791667 0.3964538194444444 0.8966935322916666 0.43619441296296296 0.8979568807291667 0.4362343212962963
4 0.8980052385416666 0.5248432157407408 0.9048398145833333 0.524826112037037 0.9050614546875 0.48521664722222224 0.8979488213541666 0.48521664722222224 0.8966089057291666 0.48515393425925923 0.8966310697916666 0.5248118583333333 0.8980052385416666 0.5248432157407408
4 0.8954342130208333 0.5249372861111111 0.8954342130208333 0.485171037962963 0.8954342130208333 0.4833665907407408 0.8929216197916666 0.4833437851851852 0.8929196052083334 0.5267217787037036 0.8954241385416667 0.5268015962962963 0.8954342130208333 0.5249372861111111
4 0.8715152125 0.5477879129629629 0.8727745317708333 0.5477309009259259 0.8728369937499999 0.5440849490740741 0.8420612531249999 0.5441505129629629 0.8420229697916667 0.5477565564814815 0.8433185572916667 0.5477423037037037 0.8715152125 0.5477879129629629
4 0.8433064677083333 0.5512685287037037 0.8433729598958333 0.5615051314814814 0.8713822286458334 0.5611288481481481 0.8715152125 0.5511288481481481 0.8714789442708334 0.5493415055555555 0.8433064677083333 0.5494355759259258 0.8433064677083333 0.5512685287037037
4 0.8111122307291667 0.5477565564814815 0.7468083817708333 0.5478050166666667 0.7468265161458334 0.551245724074074 0.8111082005208333 0.5511887111111111 0.8111122307291667 0.5477565564814815
4 0.7946544427083333 0.49220638518518517 0.7985452348958333 0.49222633981481484 0.8131170661458333 0.49247434444444443 0.8132722145833333 0.48770809537037035 0.7446806364583334 0.48772519999999997 0.7447471286458334 0.49206670462962965 0.7593048557291666 0.4922548462962963 0.7632057223958333 0.4922548462962963 0.7946544427083333 0.49220638518518517
4 0.7945738463541667 0.49381698981481487 0.7632520651041667 0.4939281638888889 0.7632379609375001 0.4956413907407407 0.7632157968750001 0.5069099203703704 0.794537578125 0.5069583805555555 0.7946201895833334 0.4957639685185185 0.7945738463541667 0.49381698981481487
4 0.7324743098958333 0.5478050166666667 0.6682550875000001 0.5478107185185185 0.6682571026041667 0.551191562037037 0.7324743098958333 0.551191562037037 0.7324743098958333 0.5478050166666667
4 0.71614950625 0.492160775 0.7200805963541667 0.49228620277777774 0.7345355630208333 0.4922833527777778 0.7346101151041666 0.4878506268518519 0.6661958494791667 0.48781927037037043 0.66609711875 0.4923346638888889 0.6806951442708333 0.4923546175925926 0.6847330244791666 0.4922976055555556 0.71614950625 0.492160775
4 0.7159016723958334 0.4937115166666667 0.6848035463541666 0.49403363703703707 0.6846947411458333 0.4957126564814815 0.6846322786458334 0.5065649944444445 0.7160185369791667 0.5064880277777778 0.7160850291666667 0.4954817555555556 0.7159016723958334 0.4937115166666667
4 0.6375800927083334 0.5478648805555556 0.6415635703125001 0.5479161916666667 0.6561011484375 0.5479988601851852 0.6561837598958333 0.5431071833333333 0.5875297197916667 0.5428734324074074 0.5875297197916667 0.5475313564814814 0.6023695343750001 0.547776511111111 0.6061797302083334 0.5478107185185185 0.6375800927083334 0.5478648805555556
4 0.6063127140625001 0.5493301027777778 0.606220028125 0.5512371722222222 0.6063590567708333 0.5624771953703703 0.6375579286458334 0.5623346638888889 0.6375357645833333 0.5494042185185185 0.6063127140625001 0.5493301027777778
4 0.5838363890624999 0.4861858611111111 0.5838968364583333 0.5239167620370371 0.5838968364583333 0.5296465222222222 0.5839089260416667 0.5450028509259259 0.5857686885416666 0.5447890537037037 0.5868265161458334 0.544826112037037 0.5869373364583333 0.4649657925925926 0.58586741875 0.464997149074074 0.583779971875 0.46510832407407404 0.5838363890624999 0.480738312037037 0.5838363890624999 0.4861858611111111
4 0.5827443078125001 0.5239310148148149 0.5826596817708333 0.4861744583333333 0.5813741687499999 0.48609464074074077 0.5744731010416667 0.48633124259259264 0.5747169052083334 0.5239167620370371 0.5813560348958333 0.5238626000000001 0.5827443078125001 0.5239310148148149
2 0.8167962927083334 0.4144840361111111 0.81682853125 0.4422548462962963 0.8392847067708333 0.4418301027777778 0.8388857546874999 0.41471493703703705 0.8194720937500001 0.4144840361111111 0.8167962927083334 0.4144840361111111
2 0.6558976427083334 0.39666761666666667 0.6223534151041666 0.39666476666666667 0.6226234130208332 0.4116106046296296 0.6561031635416666 0.41179874537037037 0.6558976427083334 0.39666761666666667
2 0.6624863994791668 0.4000456101851852 0.6597924640625 0.40010547314814815 0.6591174692708334 0.40010547314814815 0.6590731411458334 0.489432725 0.6631835583333333 0.4895125425925926 0.6632157968750001 0.400059862962963 0.6624863994791668 0.4000456101851852
2 0.5877694942708334 0.3969697833333333 0.5876022567708333 0.4114082101851852 0.6210820067708334 0.4117189277777778 0.6211908119791667 0.39673888240740746 0.5877694942708334 0.3969697833333333
3 0.8935281078125 0.5479304444444444 0.8756316744791667 0.5480017101851852 0.87553294375 0.5510689851851852 0.89350594375 0.5510347777777778 0.8935281078125 0.5479304444444444
3 0.8756357041666667 0.5457981759259259 0.8934817651041667 0.5457212083333334 0.8934817651041667 0.5449686435185186 0.8939834776041666 0.5449828962962964 0.8939935520833333 0.530735462037037 0.8979931494791666 0.530735462037037 0.8980052385416666 0.5248432157407408 0.8954342130208333 0.5249372861111111 0.8954241385416667 0.5268015962962963 0.8912915572916666 0.5268329537037038 0.8913520046875 0.5417873435185184 0.8728108 0.5418187 0.8727745317708333 0.5477309009259259 0.8715152125 0.5477879129629629 0.8715152125 0.5511288481481481 0.87553294375 0.5510689851851852 0.8756316744791667 0.5480017101851852 0.8756357041666667 0.5457981759259259
3 0.89350594375 0.5510347777777778 0.8935140036458333 0.5540108324074073 0.8998327625000001 0.5540108324074073 0.8998549265625001 0.5450399083333334 0.8939834776041666 0.5449828962962964 0.8934817651041667 0.5449686435185186 0.8934817651041667 0.5457212083333334 0.8935281078125 0.5479304444444444 0.89350594375 0.5510347777777778
3 0.8979306869791667 0.5448973777777777 0.8979931494791666 0.530735462037037 0.8954825708333334 0.5306698972222221 0.8954483177083333 0.5448973777777777 0.8979306869791667 0.5448973777777777
3 0.8214043927083333 0.545735462037037 0.8393290348958333 0.5457981759259259 0.8393088859375 0.5512286203703703 0.8433064677083333 0.5512685287037037 0.8433185572916667 0.5477423037037037 0.8420229697916667 0.5477565564814815 0.8420108807291666 0.5418187 0.8191537375000001 0.5419127703703704 0.8191537375000001 0.5449201824074074 0.8214144671875 0.5448888259259259 0.8214043927083333 0.545735462037037
3 0.8392847067708333 0.5477993157407407 0.8214205119791667 0.5478534777777777 0.8213802135416667 0.5512257694444445 0.8393088859375 0.5512286203703703 0.8392847067708333 0.5477993157407407
3 0.8213802135416667 0.5512257694444445 0.8214205119791667 0.5478534777777777 0.8214043927083333 0.545735462037037 0.8214144671875 0.5448888259259259 0.8191537375000001 0.5449201824074074 0.8150453354166667 0.5449572407407407 0.8149768286458333 0.5539253138888889 0.8213862583333333 0.5539908777777778 0.8213802135416667 0.5512257694444445
3 0.8149889182291666 0.5477736601851851 0.8111122307291667 0.5477565564814815 0.8111082005208333 0.5511887111111111 0.8149788432291667 0.5512058157407408 0.8149889182291666 0.5477736601851851
3 0.7427382630208333 0.5449572407407407 0.7364658473958333 0.5449572407407407 0.736387265625 0.5539994296296297 0.7427382630208333 0.5539424175925926 0.7427382630208333 0.5449572407407407
3 0.7468083817708333 0.5478050166666667 0.7428087848958334 0.5477879129629629 0.7427745317708333 0.5512229194444445 0.7468265161458334 0.551245724074074 0.7468083817708333 0.5478050166666667
3 0.73643159375 0.5477594074074074 0.7324743098958333 0.5478050166666667 0.7324743098958333 0.551191562037037 0.7363832359375 0.5512143675925926 0.73643159375 0.5477594074074074
3 0.6642514609375 0.5449087796296297 0.6579004635416666 0.5449543898148148 0.6579327020833333 0.5540820981481482 0.6642857140624999 0.554033637037037 0.6642514609375 0.5449087796296297
3 0.657876284375 0.5478192703703704 0.6415635703125001 0.5479161916666667 0.6415232723958333 0.5512314712962962 0.6579085229166667 0.551191562037037 0.657876284375 0.5478192703703704
3 0.6415635703125001 0.5479161916666667 0.6375800927083334 0.5478648805555556 0.6375357645833333 0.5511744583333333 0.6415232723958333 0.5512314712962962 0.6415635703125001 0.5479161916666667
3 0.5857686885416666 0.5447890537037037 0.579365303125 0.5448717222222222 0.5794217208333333 0.5540108324074073 0.5857686885416666 0.5540108324074073 0.5857686885416666 0.5447890537037037
3 0.6023695343750001 0.547776511111111 0.5857747328124999 0.5478335231481481 0.5857747328124999 0.5510889398148149 0.6023292364583334 0.5512029648148149 0.6023695343750001 0.547776511111111
3 0.6061797302083334 0.5478107185185185 0.6023695343750001 0.547776511111111 0.6023292364583334 0.5512029648148149 0.606220028125 0.5512371722222222 0.6061797302083334 0.5478107185185185
3 0.5838968364583333 0.5239167620370371 0.5813560348958333 0.5238626000000001 0.5813560348958333 0.5295353481481482 0.5838968364583333 0.5296465222222222 0.5838968364583333 0.5239167620370371
3 0.5813560348958333 0.5295353481481482 0.5813681239583333 0.544831812962963 0.5839089260416667 0.5450028509259259 0.5838968364583333 0.5296465222222222 0.5813560348958333 0.5295353481481482
3 0.5838363890624999 0.480738312037037 0.5813862583333334 0.48070410462962965 0.5813741687499999 0.48609464074074077 0.5838363890624999 0.4861858611111111 0.5838363890624999 0.480738312037037
3 0.6682550875000001 0.5478107185185185 0.6642917588541667 0.5477736601851851 0.6642796697916666 0.5512058157407408 0.6682571026041667 0.551191562037037 0.6682550875000001 0.5478107185185185
4 0.37778158385416666 0.4138939564814815 0.37778359843750003 0.4475256555555555 0.3855833166666667 0.44748859722222223 0.3855833166666667 0.4138825537037037 0.37778158385416666 0.4138939564814815
4 0.31871650208333335 0.39474344351851853 0.33983074739583335 0.3946066138888889 0.33981261354166664 0.3833437851851852 0.31872254687499996 0.3835376287037037 0.31871650208333335 0.39474344351851853
4 0.2665041307291667 0.39463226944444446 0.2929417692708334 0.39466077499999996 0.2929619182291667 0.3824714935185185 0.2664275640625 0.3827423037037037 0.2665041307291667 0.39463226944444446
4 0.20033246041666666 0.39467787870370374 0.22690509791666666 0.3946436712962963 0.226899053125 0.38269954351851854 0.20027402760416668 0.38272805 0.20033246041666666 0.39467787870370374
2 0.31108200677083336 0.4292901935185185 0.311136409375 0.45269099166666665 0.32991134375000003 0.45269099166666665 0.32977231510416666 0.4293671611111111 0.31108200677083336 0.4292901935185185
2 0.35274229270833335 0.4472576962962963 0.3528249041666667 0.45150798148148147 0.37363489843750003 0.45160205277777776 0.3736731817708333 0.44728335277777775 0.35274229270833335 0.4472576962962963
3 0.11728994583333334 0.3895952111111111 0.1118718515625 0.3895952111111111 0.11191013489583333 0.3970439 0.11729397552083333 0.39708095740740745 0.11728994583333334 0.3895952111111111
3 0.1832560953125 0.38950684166666666 0.17793068697916667 0.3894954388888889 0.17795285104166667 0.39711231481481485 0.18333669166666666 0.39708095740740745 0.1832560953125 0.38950684166666666
3 0.249320975 0.389432725 0.24399355208333334 0.38942132314814815 0.24401571614583334 0.3970381981481481 0.249401571875 0.39700684166666667 0.249320975 0.389432725
3 0.31535966145833333 0.389492587962963 0.3100342536458333 0.38947833518518515 0.3100564177083333 0.3970980611111111 0.3154402578125 0.3970667046296296 0.31535966145833333 0.389492587962963
3 0.38140842239583334 0.3895011398148148 0.3760830140625 0.38948973796296293 0.376105178125 0.39710661388888885 0.38148901875 0.39707525648148145 0.38140842239583334 0.3895011398148148
3 0.3813943177083334 0.4642873435185185 0.37606890989583336 0.46427594074074074 0.37609107395833336 0.47189566666666666 0.3814749145833333 0.47186431018518515 0.3813943177083334 0.4642873435185185
3 0.3813781984375 0.5390735462962963 0.37605279062499997 0.5390621435185184 0.37607495468749996 0.5466790194444444 0.3814587953125 0.546647662037037 0.3813781984375 0.5390735462962963
3 0.31536369114583335 0.5390649944444444 0.3100362682291667 0.5390535916666667 0.3100584322916667 0.5466704675925925 0.31544428750000003 0.5466391101851852 0.31536369114583335 0.5390649944444444
3 0.31535764635416663 0.49223774259259256 0.31003223854166667 0.49222633981481484 0.31005440260416667 0.4998432157407408 0.3154382432291667 0.4998118583333333 0.31535764635416663 0.49223774259259256
3 0.24934112447916668 0.4923318129629629 0.2440137015625 0.4923204101851852 0.244035865625 0.49993728611111116 0.24942172083333333 0.49990592962962965 0.24934112447916668 0.4923318129629629
3 0.249286721875 0.539030787037037 0.24396131354166667 0.5390193842592593 0.24398347760416667 0.5466362601851852 0.24936731822916666 0.5466049027777778 0.249286721875 0.539030787037037
3 0.18327422916666666 0.4923375138888889 0.17794882135416668 0.4923261120370371 0.17797098541666667 0.4999429870370371 0.18335482552083335 0.4999116305555555 0.18327422916666666 0.4923375138888889
3 0.18326213958333334 0.5390450398148148 0.17793471666666666 0.5390336370370371 0.17795688072916666 0.546650512962963 0.18334273645833335 0.5466191564814815 0.18326213958333334 0.5390450398148148
3 0.11717106614583334 0.5390507407407408 0.1118456578125 0.539036487962963 0.111867821875 0.5466562148148149 0.11725166249999999 0.5466248574074074 0.11717106614583334 0.5390507407407408
3 0.11720330468750001 0.4642873435185185 0.11187588177083334 0.46427594074074074 0.1118980453125 0.47189566666666666 0.11728390104166667 0.47186431018518515 0.11720330468750001 0.4642873435185185
3 0.339840821875 0.3918301027777778 0.33983074739583335 0.3946066138888889 0.3431090067708333 0.3946208666666667 0.3431090067708333 0.3917987453703704 0.339840821875 0.3918301027777778
3 0.34311908125 0.3921123148148148 0.34311908125 0.39441562129629626 0.3761031635416667 0.39441562129629626 0.3761031635416667 0.3921436712962963 0.34311908125 0.3921123148148148
3 0.37960306250000003 0.39711231481481485 0.3777412854166667 0.39711231481481485 0.3777856135416667 0.4091020527777778 0.3795365708333333 0.40913340925925923 0.37960306250000003 0.39711231481481485
3 0.3421015515625 0.39463511944444446 0.33983074739583335 0.3946066138888889 0.3397521661458333 0.4002793611111111 0.34216804375 0.4002793611111111 0.3421015515625 0.39463511944444446
3 0.342123715625 0.39698688703703705 0.34216804375 0.4002793611111111 0.37654644374999996 0.4002309009259259 0.3765565182291667 0.39709521111111107 0.342123715625 0.39698688703703705
3 0.3777634494791667 0.41065564444444447 0.3765565182291667 0.410624287037037 0.37654644374999996 0.4002309009259259 0.37418496875 0.4002309009259259 0.37418496875 0.41389965833333336 0.37778158385416666 0.4138939564814815 0.3777634494791667 0.41065564444444447
3 0.3777856135416667 0.4091020527777778 0.37778158385416666 0.4138939564814815 0.37991335885416666 0.41389965833333336 0.3798811203125 0.40913340925925923 0.3777856135416667 0.4091020527777778
3 0.3798247026041667 0.4475199546296296 0.37778359843750003 0.4475256555555555 0.377753375 0.4522862027777778 0.37985895625 0.45233181296296293 0.3798247026041667 0.4475199546296296
3 0.3777412854166667 0.4853905361111111 0.37654644374999996 0.4853734324074074 0.3765565182291667 0.47192417314814816 0.37609107395833336 0.47189566666666666 0.37606890989583336 0.46427594074074074 0.3765786822916667 0.46427594074074074 0.37654644374999996 0.45068700092592595 0.3777412854166667 0.45068700092592595 0.37778359843750003 0.4475256555555555 0.37421922239583333 0.44756841481481485 0.37418496875 0.48861744629629633 0.3777634494791667 0.48862884814814816 0.3777412854166667 0.4853905361111111
3 0.37985895625 0.45233181296296293 0.377753375 0.4522862027777778 0.3778198671875 0.46426453796296296 0.3798629859375 0.46426453796296296 0.37985895625 0.45233181296296293
3 0.3798367921875 0.48380273703703697 0.377753375 0.4838055870370371 0.3777634494791667 0.48862884814814816 0.3798650010416667 0.4886431018518519 0.3798367921875 0.48380273703703697
3 0.37958895833333334 0.47186431018518515 0.3779306869791667 0.4718871148148148 0.3779750151041667 0.4838369444444445 0.37958089843750004 0.4838141388888889 0.37958895833333334 0.47186431018518515
3 0.3798811203125 0.5221921324074074 0.377753375 0.5221978333333334 0.3777755390625 0.5270353481481481 0.3798811203125 0.5270667046296296 0.3798811203125 0.5221921324074074
3 0.37605279062499997 0.5390621435185184 0.3766008463541667 0.5390421888888889 0.37659077187499995 0.5255159638888889 0.377753375 0.5255017101851851 0.377753375 0.5221978333333334 0.37417489427083334 0.5222405925925926 0.37411847656249997 0.5395923601851852 0.3760366713541667 0.5396066138888889 0.37605279062499997 0.5390621435185184
3 0.35990529895833334 0.539603762962963 0.37411847656249997 0.5395923601851852 0.3741225067708333 0.536308437962963 0.3577574046875 0.53636545 0.3577231515625 0.5414652222222222 0.35990529895833334 0.5414253138888888 0.35990529895833334 0.539603762962963
3 0.360890590625 0.5414253138888888 0.3577231515625 0.5414652222222222 0.3577332260416667 0.5442787916666667 0.3609349182291667 0.5442787916666667 0.360890590625 0.5414253138888888
3 0.3609026796875 0.5416619157407407 0.36092484375 0.5439338657407408 0.3760366713541667 0.5439338657407408 0.37602458177083337 0.5416448120370371 0.3609026796875 0.5416619157407407
3 0.37955873489583336 0.5270724055555556 0.3779850895833333 0.5270410490740741 0.37798911927083334 0.5390621435185184 0.3795627645833333 0.5390792472222222 0.37955873489583336 0.5270724055555556