1 0 0 0 1 1 1 1 0 0 0
3 0.7092887364583333 0.807440137037037 0.74037074375 0.8076425314814815 0.7403284302083333 0.7995410490740741 0.7093270197916667 0.7995980611111112 0.7092887364583333 0.807440137037037
3 0.7303868630208333 0.7995239453703704 0.7359923432291667 0.7995752564814815 0.7359460005208334 0.7935290768518518 0.7304251458333333 0.7936145953703704 0.7303868630208333 0.7995239453703704
3 0.7816502114583332 0.799657925 0.7816441666666667 0.807554162037037 0.7953113036458334 0.8075199546296296 0.795268990625 0.7995410490740741 0.7816502114583332 0.799657925
3 0.7897138828125 0.7995410490740741 0.795268990625 0.7995410490740741 0.7953113036458334 0.17574686388888888 0.7896715697916666 0.17580387685185186 0.7897138828125 0.7995410490740741
3 0.7953113036458334 0.17574686388888888 0.7953113036458334 0.16788483425925926 0.7531533348958334 0.16790193888888888 0.7531553494791667 0.17592360277777777 0.7953113036458334 0.17574686388888888
3 0.7897138828125 0.7363511972222222 0.7897138828125 0.7286887111111111 0.7212754380208334 0.7282639685185185 0.7214184968749999 0.7363740018518519 0.7897138828125 0.7363511972222222
3 0.73604473125 0.7363711518518519 0.7304735041666667 0.7363711518518519 0.7304735041666667 0.756419612037037 0.736070925 0.7563911064814814 0.73604473125 0.7363711518518519
3 0.7655974208333334 0.4989680731481482 0.7656578682291666 0.5068842648148149 0.7896635098958333 0.5067987453703703 0.7897239572916667 0.49871151666666663 0.7655974208333334 0.4989680731481482
3 0.7081603869791666 0.46046180185185187 0.7024783395833333 0.46050741203703704 0.7023735645833333 0.5049287342592592 0.7081966552083333 0.5047805018518519 0.7081603869791666 0.46046180185185187
3 0.7023735645833333 0.5049287342592592 0.7024239369791666 0.4970239453703703 0.5900664921875 0.49692132314814813 0.5900161192708333 0.5047548462962963 0.7023735645833333 0.5049287342592592
3 0.6124924442708333 0.5141106046296297 0.6180999395833333 0.5140564425925926 0.618158371875 0.5047805018518519 0.6124722947916666 0.5047805018518519 0.6124924442708333 0.5141106046296297
3 0.6259862984375 0.4969726342592593 0.6316623010416667 0.4969726342592593 0.6316340921875 0.3243443555555555 0.6260326416666667 0.3243443555555555 0.6259862984375 0.4969726342592593
3 0.7148116057291667 0.37536773055555556 0.714757203125 0.36720353518518517 0.6316703604166667 0.3673717222222222 0.6316703604166667 0.37545895092592596 0.7148116057291667 0.37536773055555556
3 0.7530122911458333 0.375342075 0.7896635098958333 0.37528506296296293 0.7896635098958333 0.3675427592592593 0.7529619182291667 0.3676282777777778 0.7530122911458333 0.375342075
3 0.7081563572916667 0.37530216666666666 0.7024319968749999 0.3753620296296296 0.7023070723958333 0.423241162962963 0.7081200885416667 0.4231470925925926 0.7081563572916667 0.37530216666666666
3 0.5900664921875 0.49692132314814813 0.5956820473958333 0.49695267962962963 0.5956316744791667 0.4681527935185185 0.5899153739583334 0.46822405925925925 0.5900664921875 0.49692132314814813
3 0.5956316744791667 0.4681527935185185 0.5956820473958333 0.47609749166666665 0.6259721942708333 0.4762827824074074 0.6259923432291666 0.46807297592592595 0.5956316744791667 0.4681527935185185
3 0.6816260328125 0.3672633981481482 0.687181140625 0.3672633981481482 0.6872657666666666 0.17592360277777777 0.6816240177083334 0.17596921296296297 0.6816260328125 0.3672633981481482
3 0.7178400161458334 0.16808437870370369 0.6509570822916667 0.16790193888888888 0.6509832760416666 0.17594070740740742 0.7178259119791667 0.17594070740740742 0.7178400161458334 0.16808437870370369
3 0.6097703 0.17587229166666665 0.6096635098958333 0.16797605462962964 0.5886157567708333 0.1679047888888889 0.5886157567708333 0.17587229166666665 0.6097703 0.17587229166666665
3 0.5886157567708333 0.17587229166666665 0.5884948619791667 0.20068985185185184 0.5941345958333333 0.2006299888888889 0.5942615354166667 0.17586373981481482 0.5886157567708333 0.17587229166666665
3 0.5884948619791667 0.20068985185185184 0.5885351604166666 0.1922748 0.5464638322916666 0.1924372861111111 0.5464638322916666 0.200342075 0.5884948619791667 0.20068985185185184
3 0.588555309375 0.3126453824074074 0.5886157567708333 0.3240022805555555 0.59423735625 0.32411630555555554 0.594176909375 0.3125855185185185 0.588555309375 0.3126453824074074
3 0.5941466854166666 0.315849487037037 0.59423735625 0.32411630555555554 0.6816502114583333 0.3246721777777778 0.6815635703125 0.31670752592592594 0.5941466854166666 0.315849487037037
3 0.588555309375 0.2756157351851852 0.5943683255208333 0.27544469814814815 0.5941345958333333 0.2006299888888889 0.5884948619791667 0.20068985185185184 0.588555309375 0.2756157351851852
3 0.465524884375 0.5039053592592593 0.46542413854166664 0.49610034166666667 0.358881725 0.49617160740740734 0.3588877692708333 0.5038683009259259 0.465524884375 0.5039053592592593
3 0.4353939151041667 0.49613455000000006 0.4409993953125 0.4961830101851852 0.440237759375 0.20031356944444442 0.4346282489583333 0.20028506296296297 0.4353939151041667 0.49613455000000006
3 0.48160386875 0.20042759444444444 0.4815192421875 0.19250855185185184 0.4090691114583333 0.19236887129629632 0.4090691114583333 0.2002423037037037 0.48160386875 0.20042759444444444
3 0.4089683661458333 0.27259977222222226 0.4089683661458333 0.26417616851851855 0.3993149307291667 0.2643956666666667 0.3993592583333333 0.2726966935185185 0.4089683661458333 0.27259977222222226
3 0.4146443682291666 0.26429304444444446 0.41464839791666663 0.2725484611111111 0.4347813822916667 0.27239167592592595 0.43479750156249997 0.26419612314814817 0.4146443682291666 0.26429304444444446
3 0.3178722546875 0.5038483462962963 0.33251259322916665 0.5038683009259259 0.3325408020833333 0.4960661342592593 0.317912553125 0.4960661342592593 0.3178722546875 0.5038483462962963
3 0.3235462421875 0.49606043333333333 0.3292524682291667 0.49606043333333333 0.32923030416666665 0.34429589537037036 0.3235260932291667 0.3444469787037037 0.3235462421875 0.49606043333333333
3 0.29149707812500003 0.5038483462962963 0.2915736447916667 0.49610319259259256 0.20961515208333334 0.49601767407407404 0.2095547046875 0.5038968074074075 0.29149707812500003 0.5038483462962963
3 0.3462885354166667 0.2642702398148148 0.312915575 0.26424173333333334 0.3130062463541667 0.2724515388888889 0.3462482369791667 0.2723802740740741 0.3462885354166667 0.2642702398148148
3 0.3292706026041667 0.27243728611111107 0.32358452552083333 0.27251995462962963 0.3235543020833333 0.3069156212962963 0.3290973203125 0.30684150555555556 0.3292706026041667 0.27243728611111107
3 0.3234777354166667 0.3584549601851852 0.3234777354166667 0.35029931574074075 0.27304654427083336 0.3504760546296296 0.2731210963541667 0.35846636296296297 0.3234777354166667 0.3584549601851852
3 0.2776586739583333 0.27252280462962963 0.27766471875 0.26418757129629633 0.2671307677083333 0.2644355759259259 0.2671307677083333 0.2723802740740741 0.2776586739583333 0.27252280462962963
3 0.27284706822916666 0.2723802740740741 0.2671307677083333 0.2723802740740741 0.26718114062500004 0.35834948703703706 0.2731210963541667 0.35846636296296297 0.27284706822916666 0.2723802740740741
3 0.26718114062500004 0.35834948703703706 0.26719121510416666 0.35037913333333337 0.24480354635416665 0.35042759444444443 0.2445939953125 0.3582098064814815 0.26718114062500004 0.35834948703703706
3 0.25029619166666667 0.3581955527777778 0.2445939953125 0.3582098064814815 0.24452951822916666 0.39806157314814816 0.2503123109375 0.39806157314814816 0.25029619166666667 0.3581955527777778
3 0.24452951822916666 0.39806157314814816 0.24456981666666666 0.38996579259259256 0.20195446302083334 0.3900228046296296 0.20192826927083332 0.3978249712962963 0.24452951822916666 0.39806157314814816
3 0.3195647791666667 0.4191562148148148 0.32351803333333334 0.41916191574074074 0.3234777354166667 0.4109464083333333 0.31963328645833333 0.41082953240740744 0.3195647791666667 0.4191562148148148
3 0.2931493046875 0.4191277083333333 0.2932278864583333 0.4109891675925926 0.284273625 0.4108808435185185 0.28423937135416666 0.4190564425925926 0.2931493046875 0.4191277083333333
3 0.28423937135416666 0.4190564425925926 0.284273625 0.4108808435185185 0.25016522239583333 0.41095496018518524 0.25022365520833334 0.41895381944444443 0.28423937135416666 0.4190564425925926
3 0.27851098125 0.4109122009259259 0.284273625 0.4108808435185185 0.28432802760416664 0.35849201851851853 0.2787124723958333 0.35849201851851853 0.27851098125 0.4109122009259259
3 0.2503123109375 0.39806157314814816 0.24452951822916666 0.39806157314814816 0.24456981666666666 0.4960319268518518 0.2502337296875 0.4960319268518518 0.2503123109375 0.39806157314814816
3 0.20961515208333334 0.49601767407407404 0.2150876484375 0.4960319268518518 0.21524078177083333 0.47370296481481483 0.20952246614583334 0.47375712685185184 0.20961515208333334 0.49601767407407404
3 0.209532540625 0.4234777648148148 0.2151501109375 0.4235604333333333 0.21513197656250002 0.39794754814814814 0.20951037656250002 0.39786202962962963 0.209532540625 0.4234777648148148
3 0.41474712864583335 0.20023660185185185 0.4090691114583333 0.2002423037037037 0.4089683661458333 0.27259977222222226 0.41464839791666663 0.2725484611111111 0.41474712864583335 0.20023660185185185
2 0.17541204895833334 0.39791619166666664 0.20192826927083332 0.3978249712962963 0.20202296979166665 0.35374857499999995 0.17561958489583332 0.3543899657407407 0.17541204895833334 0.39791619166666664
2 0.2151501109375 0.4235604333333333 0.20879306875 0.4234977194444445 0.20874672552083334 0.47370296481481483 0.21524078177083333 0.47370296481481483 0.2151501109375 0.4235604333333333
2 0.2931493046875 0.4191277083333333 0.3195647791666667 0.4191562148148148 0.31970582291666666 0.37477195 0.293471690625 0.37548460648148146 0.2931493046875 0.4191277083333333
2 0.29149707812500003 0.5038483462962963 0.3178722546875 0.5038483462962963 0.3179931494791666 0.4598346638888889 0.29193834375 0.46008551851851853 0.29149707812500003 0.5038483462962963
2 0.33251259322916665 0.5038683009259259 0.3588877692708333 0.5038683009259259 0.35900866406250004 0.4598546175925926 0.3326818458333333 0.4600342074074074 0.33251259322916665 0.5038683009259259
2 0.32923030416666665 0.34429589537037036 0.3290973203125 0.30684150555555556 0.2982067296875 0.30752565555555555 0.2982067296875 0.34455530185185185 0.32923030416666665 0.34429589537037036
4 0.27766471875 0.26418757129629633 0.27766471875 0.2736231472222222 0.31299617187499995 0.2738312425925926 0.312915575 0.26424173333333334 0.27766471875 0.26418757129629633
4 0.3462885354166667 0.2642702398148148 0.3462885354166667 0.27370581574074077 0.3993149307291667 0.27366020555555554 0.3993149307291667 0.2643956666666667 0.3462885354166667 0.2642702398148148
4 0.4814809588541667 0.19125997685185187 0.48160386875 0.20042759444444444 0.5464638322916666 0.200342075 0.5464033848958334 0.191248575 0.4814809588541667 0.19125997685185187
4 0.7178400161458334 0.16808437870370369 0.7178924036458334 0.17713797037037038 0.7531734838541666 0.17705245185185184 0.7531533348958334 0.16790193888888888 0.7178400161458334 0.16808437870370369
4 0.6096635098958333 0.16797605462962964 0.6097158973958333 0.17702964629629628 0.6508563369791667 0.17693842685185185 0.6509570822916667 0.16790193888888888 0.6096635098958333 0.16797605462962964
2 0.6195788838541667 0.312385975 0.6194479145833333 0.2749344351851852 0.588555309375 0.2756157351851852 0.588555309375 0.3126453824074074 0.6195788838541667 0.312385975
2 0.7081603869791666 0.46046180185185187 0.7081200885416667 0.4231470925925926 0.6771368125 0.4234407074074074 0.6771368125 0.4604703537037037 0.7081603869791666 0.46046180185185187
2 0.7147592182291667 0.3663169898148148 0.7148116057291667 0.37536773055555556 0.7530122911458333 0.375342075 0.7528712473958333 0.36613455 0.7147592182291667 0.3663169898148148
2 0.64345355625 0.5509806157407408 0.6438041505208333 0.5139680731481481 0.6124924442708333 0.5141106046296297 0.6126536369791666 0.5513683009259259 0.64345355625 0.5509806157407408
2 0.7359460005208334 0.7935290768518518 0.736070925 0.7563911064814814 0.7047592182291668 0.756533637037037 0.7049204109375 0.7937913342592592 0.7359460005208334 0.7935290768518518
4 0.6532843036458333 0.7274087796296297 0.6533346765625 0.7364595212962962 0.7214184968749999 0.7363740018518519 0.7211968567708333 0.7272519953703703 0.6532843036458333 0.7274087796296297
4 0.7403183557291667 0.7985889398148148 0.74037074375 0.8076425314814815 0.7816441666666667 0.807554162037037 0.781611928125 0.7985148231481481 0.7403183557291667 0.7985889398148148
4 0.6501007453125 0.7985803879629629 0.6501531333333334 0.8076311287037037 0.7092887364583333 0.807440137037037 0.7093088859375 0.7985461805555556 0.6501007453125 0.7985803879629629
4 0.43662099531250004 0.8131641962962963 0.4366713682291667 0.822217787962963 0.5851702598958333 0.8224629416666667 0.5851904088541667 0.8129988601851852 0.43662099531250004 0.8131641962962963
4 0.2900402984375 0.7909435574074074 0.29009067083333334 0.7999971490740742 0.36399355208333334 0.8000570129629629 0.3638525083333333 0.7908209805555556 0.2900402984375 0.7909435574074074
4 0.17906306666666666 0.7908608898148148 0.17914567812499999 0.8001995435185185 0.24692726197916667 0.8000285064814815 0.24672577083333333 0.7908494870370371 0.17906306666666666 0.7908608898148148
2 0.232740278125 0.6120068416666667 0.25911545416666665 0.6120068416666667 0.2591577677083333 0.5677594074074074 0.2327624421875 0.567901938888889 0.232740278125 0.6120068416666667
2 0.27465444270833334 0.6121408212962963 0.3010296192708333 0.6121408212962963 0.30104775312500004 0.5679874574074074 0.27479347187500003 0.567901938888889 0.27465444270833334 0.6121408212962963
3 0.17541204895833334 0.39791619166666664 0.17545637708333334 0.3899828962962963 0.13868829322916668 0.3901767388888889 0.13864195052083333 0.3978762824074074 0.17541204895833334 0.39791619166666664
3 0.14426758020833336 0.3978762824074074 0.13864195052083333 0.3978762824074074 0.13859560729166667 0.7921493731481482 0.14422728177083333 0.7921322694444444 0.14426758020833336 0.3978762824074074
3 0.13859560729166667 0.7921493731481482 0.13864598020833335 0.8002651083333334 0.17914567812499999 0.8001995435185185 0.17911142447916667 0.7918785629629629 0.13859560729166667 0.7921493731481482
3 0.24680435208333332 0.7918643101851851 0.24692726197916667 0.8000285064814815 0.29009067083333334 0.7999971490740742 0.2900483578125 0.7918643101851851 0.24680435208333332 0.7918643101851851
3 0.26494459010416666 0.7917531361111111 0.270739471875 0.7918443555555555 0.27060245833333335 0.5761972629629629 0.2649405598958333 0.5761687574074074 0.26494459010416666 0.7917531361111111
3 0.232740278125 0.5759920185185184 0.2327624421875 0.567901938888889 0.1442655651041667 0.5679418472222223 0.1442655651041667 0.5761259981481481 0.232740278125 0.5759920185185184
3 0.2591577677083333 0.5677594074074074 0.2591356036458333 0.5762257694444445 0.27477130781250003 0.576131699074074 0.27479347187500003 0.567901938888889 0.2591577677083333 0.5677594074074074
3 0.30104775312500004 0.5679874574074074 0.3010517833333333 0.5758238314814814 0.40578279270833334 0.5761117444444445 0.40570219635416666 0.5679874574074074 0.30104775312500004 0.5679874574074074
3 0.40578279270833334 0.5761117444444445 0.3999496270833333 0.576131699074074 0.3999194036458333 0.8144241731481482 0.405823090625 0.8143671611111111 0.40578279270833334 0.5761117444444445
3 0.37654644374999996 0.5760547324074073 0.3709449927083333 0.5759692129629629 0.37092484375 0.6080957814814815 0.3767076364583334 0.607896237037037 0.37654644374999996 0.5760547324074073
3 0.37666330833333334 0.6000427592592593 0.3767076364583334 0.607896237037037 0.3999355229166667 0.6079618018518519 0.3999355229166667 0.5999828962962963 0.37666330833333334 0.6000427592592593
3 0.3638444489583333 0.7920011398148148 0.36399355208333334 0.8000570129629629 0.392907515625 0.800171037962963 0.392766471875 0.791875712962963 0.3638444489583333 0.7920011398148148
3 0.392907515625 0.800171037962963 0.3872879307291667 0.8001681870370371 0.38731815416666665 0.8223774231481481 0.3928873666666667 0.8223346638888889 0.392907515625 0.800171037962963
3 0.392907515625 0.8143956666666666 0.3928873666666667 0.8223346638888889 0.4366713682291667 0.822217787962963 0.436590771875 0.8144241731481482 0.392907515625 0.8143956666666666
3 0.392907515625 0.800171037962963 0.3999194036458333 0.8001995435185185 0.3998992546875 0.791875712962963 0.392766471875 0.791875712962963 0.392907515625 0.800171037962963
3 0.5852145880208333 0.8146436712962962 0.5851702598958333 0.8224629416666667 0.6316965546875 0.8224258833333333 0.6316340921875 0.8144811861111111 0.5852145880208333 0.8146436712962962
3 0.6260145072916666 0.8145553018518519 0.6316340921875 0.8144811861111111 0.6316542411458334 0.7994811861111111 0.62609711875 0.7994811861111111 0.6260145072916666 0.8145553018518519
3 0.6316542411458334 0.7994811861111111 0.6316502114583333 0.8074743444444444 0.6501531333333334 0.8076311287037037 0.6501329838541667 0.7995952111111111 0.6316542411458334 0.7994811861111111
3 0.6124763249999999 0.8145039907407408 0.617771509375 0.8145895092592592 0.618132178125 0.5512314712962962 0.6126536369791666 0.5513683009259259 0.6124763249999999 0.8145039907407408
3 0.62609711875 0.7994811861111111 0.6316542411458334 0.7994811861111111 0.6316542411458334 0.7362884833333333 0.6259903286458334 0.7362058157407407 0.62609711875 0.7994811861111111
3 0.6533346765625 0.7364595212962962 0.6532984083333333 0.7283694416666667 0.6179508359375 0.7283694416666667 0.6178924036458333 0.7361744583333333 0.6533346765625 0.7364595212962962