1 0 0 0 1 1 1 1 0 0 0
3 0.6818456578125001 0.5051425314814815 0.6819262541666667 0.5177309009259259 0.6910135000000001 0.5177309009259259 0.6909933510416667 0.5050741166666667 0.6818456578125001 0.5051425314814815
3 0.6909147692708333 0.3993215509259259 0.68586741875 0.39937286203703704 0.6859157765624999 0.5050627138888889 0.6909933510416667 0.5050741166666667 0.6909147692708333 0.3993215509259259
3 0.47544831770833335 0.5118956666666666 0.47544831770833335 0.5051596351851851 0.44486399375 0.5050997722222222 0.44486399375 0.5119555305555555 0.47544831770833335 0.5118956666666666
3 0.444872053125 0.5137713796296297 0.44486399375 0.5050997722222222 0.42653032447916667 0.5050826685185186 0.4266149505208333 0.5136516537037037 0.444872053125 0.5137713796296297
3 0.42656457812500004 0.51704675 0.42653032447916667 0.5050826685185186 0.42006044739583337 0.5051425314814815 0.4201329838541667 0.5169441277777778 0.42656457812500004 0.51704675
3 0.4206770098958333 0.5051168759259259 0.42494861979166665 0.5050883694444445 0.4252004833333333 0.41900513148148144 0.420687084375 0.41897947592592594 0.4206770098958333 0.5051168759259259
3 0.420687084375 0.41897947592592594 0.4777553901041667 0.41909920185185184 0.4777150916666667 0.40789623703703703 0.420713278125 0.40786773055555553 0.420687084375 0.41897947592592594
3 0.4758815234375 0.40786773055555553 0.4777150916666667 0.40789623703703703 0.477735240625 0.39760547314814815 0.4758210760416667 0.39763397962962965 0.4758815234375 0.40786773055555553
3 0.477735240625 0.39760547314814815 0.477735240625 0.4010547324074074 0.626616965625 0.40108323796296297 0.6266572635416666 0.39760547314814815 0.477735240625 0.39760547314814815
3 0.6284908322916666 0.39760547314814815 0.6266572635416666 0.39760547314814815 0.6265766671875 0.4189851768518518 0.6284908322916666 0.4189851768518518 0.6284908322916666 0.39760547314814815
3 0.6284706828125 0.407782212037037 0.6284908322916666 0.4189851768518518 0.6631875880208333 0.4191277083333333 0.6631674390625 0.40795325 0.6284706828125 0.407782212037037
3 0.6629478140625 0.419144812037037 0.6600664921875 0.419144812037037 0.6600866411458333 0.42076966944444444 0.6629276645833334 0.42076966944444444 0.6629478140625 0.419144812037037
3 0.660044328125 0.40789623703703703 0.6631674390625 0.40795325 0.663127140625 0.3992873435185185 0.6600846260416666 0.399258837037037 0.660044328125 0.40789623703703703
3 0.6600241791666667 0.5051026222222222 0.6631775135416667 0.505168187037037 0.6631372156249999 0.4991248574074074 0.6600544026041667 0.4991248574074074 0.6600241791666667 0.5051026222222222
3 0.6681644166666667 0.5131698972222222 0.6654724963541666 0.5131784490740741 0.6654523473958334 0.5167417333333333 0.6681321781249999 0.5167417333333333 0.6681644166666667 0.5131698972222222
3 0.44186983697916665 0.5299315851851851 0.44466854739583334 0.5299543898148148 0.4447430989583333 0.5138397944444444 0.4418617770833333 0.5137827824074074 0.44186983697916665 0.5299315851851851
3 0.43959500312500005 0.6210661342592593 0.443524078125 0.6211231472222222 0.443524078125 0.6162770805555555 0.4396957484375 0.6163055870370371 0.43959500312500005 0.6210661342592593
3 0.3896453755208333 0.6358950972222223 0.3896453755208333 0.6453021666666666 0.4003646989583334 0.6453591787037037 0.40040499687500003 0.6359521092592593 0.3896453755208333 0.6358950972222223
3 0.41658271197916663 0.6358893953703704 0.41658271197916663 0.6452679592592593 0.42720531927083333 0.6453306731481482 0.42724561770833336 0.6359236027777778 0.41658271197916663 0.6358893953703704
3 0.42024984895833334 0.6358466361111111 0.42317146875 0.6358466361111111 0.42315131979166665 0.628919612037037 0.4202297 0.628919612037037 0.42024984895833334 0.6358466361111111
3 0.39351400364583333 0.635906499074074 0.39639532552083334 0.635906499074074 0.39631472916666666 0.628922462962963 0.39347370520833336 0.6288939564814815 0.39351400364583333 0.635906499074074
4 0.44466854739583334 0.5299543898148148 0.43975418072916667 0.5299885972222222 0.4396957484375 0.6163055870370371 0.44493250052083333 0.6162770805555555 0.44466854739583334 0.5299543898148148
4 0.6644972796875 0.621080387962963 0.6687688895833334 0.6210205240740742 0.6687507557291668 0.5167930444444444 0.6648821276041667 0.516764537962963 0.6644972796875 0.621080387962963
4 0.6627241588541666 0.42075256574074077 0.660326415625 0.42075256574074077 0.6602861171875 0.4991163055555556 0.6627443078125 0.4991163055555556 0.6627241588541666 0.42075256574074077
4 0.6510276041666666 0.4190564425925926 0.6265766671875 0.4189851768518518 0.6268647994791666 0.4992987453703704 0.6510638729166666 0.49910205277777775 0.6510276041666666 0.4190564425925926
2 0.6631190812500001 0.5438626000000001 0.6269091276041666 0.5439253138888889 0.6267962927083333 0.6143529074074073 0.6631231109375 0.6143044472222222 0.6631190812500001 0.5438626000000001
3 0.4201088052083334 0.39923033055555557 0.4201088052083334 0.407668187037037 0.47590167239583336 0.40763968055555555 0.475841225 0.3993158490740741 0.4201088052083334 0.39923033055555557
3 0.4201088052083334 0.39923033055555557 0.42501712656249996 0.3992217787037037 0.42472093489583335 0.33401653333333337 0.4200866411458334 0.3340450398148148 0.4201088052083334 0.39923033055555557
3 0.4201088052083334 0.3312143675925926 0.4200866411458334 0.3340450398148148 0.5174692723958334 0.334036487962963 0.5174692723958334 0.3312143675925926 0.4201088052083334 0.3312143675925926
3 0.4201088052083334 0.3312143675925926 0.4247612333333333 0.3312172175925926 0.42474914375 0.29419042222222225 0.420070521875 0.2941932722222222 0.4201088052083334 0.3312143675925926
3 0.4201088052083334 0.2901653361111111 0.420070521875 0.2941932722222222 0.5174491234374999 0.29421322685185186 0.5174491234374999 0.2902508555555556 0.4201088052083334 0.2901653361111111
3 0.5160185369791667 0.3311858611111111 0.5174692723958334 0.3312143675925926 0.5174491234374999 0.29421322685185186 0.5160588354166666 0.29421322685185186 0.5160185369791667 0.3311858611111111
3 0.5174692723958334 0.334036487962963 0.5160386864583333 0.33406499444444443 0.5160588354166666 0.3975769666666667 0.5174491234374999 0.3975769666666667 0.5174692723958334 0.334036487962963
3 0.4332500505208333 0.6487542759259259 0.4331855734375 0.6611174462962963 0.45176304635416664 0.6610319268518519 0.45174289739583334 0.6488027370370371 0.4332500505208333 0.6487542759259259
3 0.43936731822916664 0.6487400231481482 0.4457344348958333 0.6487685287037037 0.44568204739583334 0.6300427592592592 0.43939552708333335 0.6300427592592592 0.43936731822916664 0.6487400231481482
3 0.43939552708333335 0.6300427592592592 0.6620390890625 0.6300171037037037 0.6620390890625 0.6210946407407407 0.43937134791666665 0.6211231472222222 0.43939552708333335 0.6300427592592592
3 0.6620390890625 0.6210946407407407 0.6620592385416667 0.6515678453703704 0.6689824703125 0.6515507407407407 0.6689582911458333 0.621071836111111 0.6620390890625 0.6210946407407407
3 0.6746121296875 0.6516533638888888 0.6559923432291667 0.6516163055555556 0.6559923432291667 0.6637343212962963 0.6745436229166667 0.6638511972222222 0.6746121296875 0.6516533638888888
3 0.4331855734375 0.6611174462962963 0.4332500505208333 0.6487542759259259 0.43936731822916664 0.6487400231481482 0.43935119895833336 0.6453306731481482 0.35034454947916666 0.6453534777777777 0.35038081822916667 0.6610661342592592 0.4331855734375 0.6611174462962963
3 0.364203103125 0.6453648805555555 0.3788515010416667 0.6453648805555555 0.3788515010416667 0.6354161916666667 0.3698650010416667 0.6354161916666667 0.364203103125 0.6453648805555555
3 0.3698650010416667 0.6354161916666667 0.3788515010416667 0.6354161916666667 0.3788031432291667 0.5173603194444445 0.370159178125 0.5173603194444445 0.3698650010416667 0.6354161916666667
3 0.37887769479166666 0.624486887037037 0.37889784427083334 0.6289053592592593 0.4394056015625 0.6288939564814815 0.4393854526041666 0.6245324972222223 0.37887769479166666 0.624486887037037
3 0.62845859375 0.5050684148148148 0.6284182953124999 0.5118671611111112 0.6540338505208333 0.5119726342592592 0.6540137015624999 0.5050769666666667 0.62845859375 0.5050684148148148
3 0.6540137015624999 0.5050769666666667 0.6540197463541666 0.5277080953703704 0.6626032640625 0.5277080953703704 0.6627644567708334 0.5051596351851851 0.6540137015624999 0.5050769666666667
3 0.6627644567708334 0.5051596351851851 0.66269595 0.5131470925925926 0.6818698369791666 0.5131470925925926 0.6818456578125001 0.5051425314814815 0.6627644567708334 0.5051596351851851