1 0 0 0.0003828328125 1 0.9996776145833334 0.9995440296296296 1 0 0 0
2 0.5117670765625 0.7451695638888889 0.5060245817708333 0.7452265601851852 0.5061253276041666 0.8147620407407408 0.5115655854166666 0.8147335425925927 0.5117670765625 0.7451695638888889
3 0.5726556520833334 0.8328384157407408 0.41767076354166666 0.8329438583333334 0.41767277864583335 0.8346736962962963 0.5726556520833334 0.8343858648148148 0.5726556520833334 0.8328384157407408
4 0.4639834776041667 0.7443659166666667 0.4279568807291667 0.7443659166666667 0.4279568807291667 0.7902137361111111 0.46383840416666666 0.7902137361111111 0.4639834776041667 0.7443659166666667
2 0.49437840000000005 0.6785408944444444 0.48752770520833333 0.678654887037037 0.48758815208333334 0.7138785981481481 0.49430787812500004 0.7138102027777778 0.49437840000000005 0.6785408944444444
3 0.41212976041666666 0.6634368768518519 0.578158371875 0.6635508694444445 0.578158371875 0.6673411231481482 0.6018335682291667 0.6674551157407408 0.601894015625 0.6570817898148148 0.3886560546875 0.6571387861111111 0.3886560546875 0.6674551157407408 0.41214990937499996 0.6672841268518519 0.41212976041666666 0.6634368768518519
3 0.4793874671875 0.8147335425925927 0.4739270604166667 0.8147620407407408 0.4738666130208333 0.8208036481481481 0.47932701979166664 0.8207466518518518 0.4793874671875 0.8147335425925927
3 0.40481563593750003 0.8620689657407408 0.42474309895833334 0.8620689657407408 0.42470280052083337 0.8514676546296296 0.41767076354166666 0.8515246509259259 0.41767076354166666 0.8297805638888889 0.5726979651041667 0.8298375601851852 0.5725972192708333 0.8515246509259259 0.565524884375 0.8514961527777778 0.5655450333333333 0.8620689657407408 0.5854724963541666 0.8621259620370371 0.58553294375 0.8514676546296296 0.5782792666666666 0.8514961527777778 0.578299415625 0.7899116555555555 0.5726375177083334 0.7899401537037036 0.572677815625 0.8236249648148147 0.41767076354166666 0.8235394703703705 0.41767076354166666 0.7232829870370371 0.4738867619791666 0.7233114851851852 0.47396735833333337 0.7451695638888889 0.4795285109375 0.7453120546296296 0.4795083619791667 0.7232259907407408 0.5060044328125 0.7233399833333333 0.5060245817708333 0.7452265601851852 0.5117670765625 0.7451695638888889 0.5116260328125001 0.723254488888889 0.5725972192708333 0.7232829870370371 0.5726375177083334 0.7453120546296296 0.6006649203125 0.7451695638888889 0.6006447713541667 0.7388714731481482 0.5782591177083333 0.7390139638888888 0.5781785208333333 0.7090339129629629 0.57261736875 0.7090339129629629 0.57261736875 0.7170133944444445 0.41783195624999997 0.7169848962962964 0.41793270208333333 0.6702479342592592 0.48756800312500004 0.6703334287037037 0.48752770520833333 0.678654887037037 0.49437840000000005 0.6785408944444444 0.4944186984375 0.6702764324074074 0.5725569213541667 0.6703049305555555 0.57261736875 0.689028212962963 0.5782389682291666 0.6889997148148148 0.5781382229166667 0.6635223712962963 0.41214990937499996 0.6634368768518519 0.4120693130208333 0.8515531490740741 0.40483578489583333 0.8514676546296296 0.40481563593750003 0.8620689657407408
3 0.5115655854166666 0.8147335425925927 0.5061253276041666 0.8147620407407408 0.5061454765625 0.8207181537037036 0.5115454364583333 0.8207181537037036 0.5115655854166666 0.8147335425925927
2 0.4795285109375 0.7453120546296296 0.47396735833333337 0.7451695638888889 0.4739270604166667 0.8147620407407408 0.4793874671875 0.8147335425925927 0.4795285109375 0.7453120546296296
4 0.583074753125 0.6888857222222222 0.57261736875 0.689028212962963 0.57261736875 0.7090339129629629 0.5831553494791667 0.7090339129629629 0.583074753125 0.6888857222222222
4 0.5832359458333334 0.7452835564814815 0.5726375177083334 0.7453120546296296 0.5726375177083334 0.7899401537037036 0.583215796875 0.7900256481481481 0.5832359458333334 0.7452835564814815