1 0 0 0 1 1 1 1 0 0 0
3 0.31753375 0.5745581527777778 0.3137557927083333 0.5815706953703704 0.31556921197916665 0.5877708092592593 0.49090066510416663 0.5531613453703704 0.48094700781250005 0.5425826685185186 0.31753375 0.5745581527777778
3 0.49090066510416663 0.5531613453703704 0.49471690520833334 0.5460319268518519 0.47915776770833335 0.38820695555555557 0.47413459583333334 0.38286488055555556 0.49090066510416663 0.5531613453703704
3 0.47413459583333334 0.38286488055555556 0.469250453125 0.37765393425925925 0.3423211765625 0.4024657925925926 0.33870038281250003 0.40973204074074077 0.47413459583333334 0.38286488055555556
3 0.33870038281250003 0.40973204074074077 0.33626435625 0.38512542777777775 0.33175095729166665 0.38594070740740744 0.33423131145833335 0.41073546203703704 0.33870038281250003 0.40973204074074077
3 0.3323836390625 0.3921465222222222 0.33175095729166665 0.38594070740740744 0.3122506546875 0.3897862027777778 0.3129437838541667 0.3960347777777778 0.3323836390625 0.3921465222222222
3 0.3122506546875 0.3897862027777778 0.31682248645833333 0.38887970370370367 0.3131210963541667 0.35133124259259263 0.30875881510416664 0.35371151666666667 0.3122506546875 0.3897862027777778
3 0.3081885958333333 0.34751995462962965 0.30875881510416664 0.35371151666666667 0.32667741302083336 0.34372862037037033 0.3257848078125 0.3374059296296297 0.3081885958333333 0.34751995462962965
3 0.3257848078125 0.3374059296296297 0.32667741302083336 0.34372862037037033 0.37604674583333336 0.33513968055555554 0.37546846666666667 0.32857183611111107 0.3257848078125 0.3374059296296297
3 0.37301027604166664 0.3011545037037037 0.3724642354166667 0.29477765092592595 0.3188414265625 0.30424458425925927 0.31989320989583336 0.3105359175925926 0.37301027604166664 0.3011545037037037
3 0.31989320989583336 0.3105359175925926 0.3188414265625 0.30424458425925927 0.28087245625 0.32608323796296296 0.28151722760416664 0.3326197259259259 0.31989320989583336 0.3105359175925926
3 0.2859137619791667 0.3300741166666667 0.28151722760416664 0.3326197259259259 0.2875639734375 0.3947234888888889 0.2922043119791667 0.39386830092592595 0.2859137619791667 0.3300741166666667
3 0.2922043119791667 0.39386830092592595 0.2875639734375 0.3947234888888889 0.29104976822916667 0.42968928148148144 0.2955430182291667 0.42874857499999997 0.2922043119791667 0.39386830092592595
3 0.2951783197916667 0.42448118611111113 0.2955430182291667 0.42874857499999997 0.2970199473958333 0.4284777648148148 0.29663509947916666 0.4242075259259259 0.2951783197916667 0.42448118611111113
3 0.31104573854166667 0.42135404814814814 0.3114769291666667 0.42558152777777775 0.31874874062499997 0.4242303305555556 0.3183477734375 0.4199201824074074 0.31104573854166667 0.42135404814814814
3 0.31733024375 0.4244954388888889 0.3141466854166667 0.42507696666666667 0.31716703593749995 0.45380558703703705 0.3201954463541667 0.45318985185185184 0.31733024375 0.4244954388888889
3 0.31716703593749995 0.45380558703703705 0.3166935322916667 0.44929304444444446 0.29802538802083334 0.45314424166666667 0.29848680208333334 0.45753990833333336 0.31716703593749995 0.45380558703703705
3 0.2940459401041667 0.4583580388888889 0.29848680208333334 0.45753990833333336 0.2955430182291667 0.42874857499999997 0.29104976822916667 0.42968928148148144 0.2940459401041667 0.4583580388888889
3 0.8997703 0.5816847203703704 0.8998549265625001 0.5772890537037036 0.8612230505208333 0.5773489166666667 0.8612230505208333 0.5817132268518518 0.8997703 0.5816847203703704
3 0.8581079989583333 0.5816277083333333 0.8612230505208333 0.5817132268518518 0.8612190208333333 0.5068187 0.8581079989583333 0.5068187 0.8581079989583333 0.5816277083333333
3 0.8612190208333333 0.5068187 0.861233125 0.5114281638888889 0.8772274833333333 0.5114110601851851 0.8772153937499999 0.5068728620370371 0.8612190208333333 0.5068187
3 0.8772153937499999 0.5068728620370371 0.8772274833333333 0.5114110601851851 0.9294479145833333 0.5114623712962963 0.9294479145833333 0.5068557583333333 0.8772153937499999 0.5068728620370371
3 0.9294479145833333 0.5114623712962963 0.9263348781249999 0.5114709231481481 0.9263651015625 0.5133409351851852 0.9294700786458333 0.5133209805555555 0.9294479145833333 0.5114623712962963
3 0.9294700786458333 0.5133209805555555 0.9263651015625 0.5133409351851852 0.9263288333333333 0.5257069555555556 0.92946201875 0.5257240592592592 0.9294700786458333 0.5133209805555555
3 0.92946201875 0.5257240592592592 0.9263288333333333 0.5257069555555556 0.9263288333333333 0.5321351194444445 0.9294741083333334 0.532100912037037 0.92946201875 0.5257240592592592
3 0.9294741083333334 0.532100912037037 0.9263288333333333 0.5321351194444445 0.9263147291666667 0.5527223490740741 0.9294479145833333 0.552671037962963 0.9294741083333334 0.532100912037037
3 0.9294479145833333 0.552671037962963 0.9263147291666667 0.5527223490740741 0.9263409229166667 0.5817702398148148 0.92946201875 0.5817873435185186 0.9294479145833333 0.552671037962963
3 0.9263409229166667 0.5817702398148148 0.9263409229166667 0.5772862027777778 0.8998549265625001 0.5772890537037036 0.8997703 0.5816847203703704 0.9263409229166667 0.5817702398148148
3 0.9368809187499999 0.4655273657407408 0.9369171869791667 0.46991733148148146 0.9563651015625 0.47002565555555553 0.9563288333333334 0.4655872296296296 0.9368809187499999 0.4655273657407408
3 0.9532621395833334 0.4655530212962963 0.9563288333333334 0.4655872296296296 0.9563127140625001 0.43881128888888893 0.9531734838541667 0.43881128888888893 0.9532621395833334 0.4655530212962963
3 0.9531734838541667 0.43881128888888893 0.9563127140625001 0.43881128888888893 0.9563328630208333 0.4200969212962963 0.9531996776041667 0.4200969212962963 0.9531734838541667 0.43881128888888893
3 0.9531996776041667 0.4200969212962963 0.9563328630208333 0.4200969212962963 0.9563449526041666 0.37253420740740745 0.9532480354166667 0.3725142527777778 0.9531996776041667 0.4200969212962963
3 0.9397279869791666 0.3768557583333333 0.9396534354166667 0.37246009166666666 0.906625025 0.3725114027777778 0.9066371145833333 0.3768928166666667 0.9397279869791666 0.3768557583333333
3 0.9065746526041667 0.35610034166666665 0.9034414666666667 0.35611744629629627 0.9034152729166667 0.37696693240740736 0.9066371145833333 0.3768928166666667 0.9065746526041667 0.35610034166666665
3 0.9034172880208333 0.3929389962962963 0.9065605479166667 0.3929389962962963 0.9066371145833333 0.3768928166666667 0.9034172880208333 0.3769668861111111 0.9034172880208333 0.3929389962962963
3 0.9065605479166667 0.3929389962962963 0.9034172880208333 0.3929389962962963 0.9034193026041667 0.40767388796296294 0.906564578125 0.40763968055555555 0.9065605479166667 0.3929389962962963
3 0.906564578125 0.40763968055555555 0.9010900666666667 0.40771094629629634 0.9010658874999999 0.4119840361111111 0.906564578125 0.411932725 0.906564578125 0.40763968055555555
3 0.906564578125 0.411932725 0.9034051984375 0.4119840361111111 0.9034193026041667 0.4698346638888889 0.9065887567708334 0.4698517675925926 0.906564578125 0.411932725
3 0.9066008463541666 0.4655330675925926 0.9065887567708334 0.4698517675925926 0.9207777552083333 0.4699258833333333 0.9207475317708333 0.4655530212962963 0.9066008463541666 0.4655330675925926
3 0.9207475317708333 0.4655530212962963 0.9207777552083333 0.4699258833333333 0.9369171869791667 0.46991733148148146 0.9368809187499999 0.4655273657407408 0.9207475317708333 0.4655530212962963
3 0.906502115625 0.3374914481481482 0.906502115625 0.333070125 0.84188595625 0.3331328388888889 0.8418718515625 0.33765393425925927 0.906502115625 0.3374914481481482
3 0.8418718515625 0.33765393425925927 0.84188595625 0.3331328388888889 0.831021559375 0.3330815277777778 0.831021559375 0.3376225768518519 0.8418718515625 0.33765393425925927
3 0.831021559375 0.3376225768518519 0.831021559375 0.3330815277777778 0.8102075359375001 0.33303876851851855 0.81019343125 0.3376824398148148 0.831021559375 0.3376225768518519
3 0.81019343125 0.3376824398148148 0.8102075359375001 0.33303876851851855 0.80148901875 0.3330758268518519 0.8014769291666667 0.3376111740740741 0.81019343125 0.3376824398148148
3 0.8014769291666667 0.3376111740740741 0.80148901875 0.3330758268518519 0.732238565625 0.33312713796296295 0.732238565625 0.3376111740740741 0.8014769291666667 0.3376111740740741
3 0.7355450333333333 0.3376311287037037 0.732238565625 0.3376111740740741 0.7323010276041667 0.35049030740740744 0.7354845859375001 0.3505245157407408 0.7355450333333333 0.3376311287037037
3 0.7354845859375001 0.3505245157407408 0.7323010276041667 0.35049030740740744 0.7323393109374999 0.3939737740740741 0.7354463026041667 0.39395667037037035 0.7354845859375001 0.3505245157407408
3 0.7354463026041667 0.39395667037037035 0.7323393109374999 0.3939737740740741 0.7323252067708333 0.43698403611111114 0.7355087651041666 0.4370210944444444 0.7354463026041667 0.39395667037037035
3 0.7355369734374999 0.43240592962962965 0.7355087651041666 0.4370210944444444 0.7430707234375 0.43683580370370373 0.7430525890625 0.43239452685185187 0.7355369734374999 0.43240592962962965
3 0.7538726578125 0.4324116305555556 0.7538605682291667 0.4369156212962963 0.7658110015625 0.4368614592592593 0.7658613739583333 0.4324315851851852 0.7538726578125 0.4324116305555556
3 0.7766794276041666 0.4324657925925926 0.7766431593750001 0.4368985175925926 0.7886983677083333 0.4368072972222222 0.7886983677083333 0.43244298703703704 0.7766794276041666 0.4324657925925926
3 0.7994559739583333 0.4323631694444445 0.7994317953125001 0.43700399074074076 0.8230626635416667 0.4369526796296296 0.8230263953125 0.4324657925925926 0.7994559739583333 0.4323631694444445
3 0.8229740078125 0.4138939564814815 0.8230626635416667 0.4369526796296296 0.8261192828125 0.4369156212962963 0.8261938343749999 0.41392816388888887 0.8229740078125 0.4138939564814815
3 0.8229740078125 0.4138939564814815 0.8261938343749999 0.41392816388888887 0.8261575661458332 0.4075171037037037 0.822986096875 0.4075342074074074 0.8229740078125 0.4138939564814815
3 0.8261575661458332 0.4075171037037037 0.8262059239583334 0.4121066138888889 0.8437034052083334 0.41208950925925925 0.8436429578125 0.40763968055555555 0.8261575661458332 0.4075171037037037
3 0.8771771104166667 0.40767388796296294 0.8772073343750001 0.4120638537037037 0.8895667942708333 0.41211516574074075 0.8896272416666666 0.40769954351851856 0.8771771104166667 0.40767388796296294
3 0.8229538583333333 0.33765393425925927 0.822986096875 0.4075342074074074 0.8261575661458332 0.4075171037037037 0.8261636109375 0.33765393425925927 0.8229538583333333 0.33765393425925927
4 0.7430525890625 0.43239452685185187 0.7430707234375 0.43683580370370373 0.7538605682291667 0.4369156212962963 0.7538726578125 0.4324116305555556 0.7430525890625 0.43239452685185187
4 0.7658613739583333 0.4324315851851852 0.7658110015625 0.4368614592592593 0.7766431593750001 0.4368985175925926 0.7766794276041666 0.4324657925925926 0.7658613739583333 0.4324315851851852
4 0.7886983677083333 0.43244298703703704 0.7886983677083333 0.4368072972222222 0.7994317953125001 0.43700399074074076 0.7994559739583333 0.4323631694444445 0.7886983677083333 0.43244298703703704
4 0.8436429578125 0.40763968055555555 0.8437034052083334 0.41208950925925925 0.8772073343750001 0.4120638537037037 0.8771771104166667 0.40767388796296294 0.8436429578125 0.40763968055555555
4 0.8896272416666666 0.40769954351851856 0.8895667942708333 0.41211516574074075 0.9010658874999999 0.4119840361111111 0.9010900666666667 0.40771094629629634 0.8896272416666666 0.40769954351851856
4 0.9396534354166667 0.37246009166666666 0.9397279869791666 0.3768557583333333 0.9532057223958332 0.37688426481481485 0.9532480354166667 0.3725142527777778 0.9396534354166667 0.37246009166666666
2 0.9034414666666667 0.35611744629629627 0.9065746526041667 0.35610034166666665 0.906502115625 0.3374914481481482 0.9033870640625 0.3374971490740741 0.9034414666666667 0.35611744629629627