1 0 0 0 1 1 1 1 0 0 0
3 0.2582450130208333 0.53 0.26124722968749997 0.53 0.2614608098958333 0.5227936148148149 0.2580838203125 0.5229446981481481 0.2582450130208333 0.53
3 0.26124722968749997 0.539940137037037 0.25845859375 0.5398631694444445 0.25840419114583335 0.5551881416666667 0.26140842239583334 0.555339225 0.26124722968749997 0.539940137037037
3 0.20820068489583335 0.5554874574074075 0.22756195833333334 0.5554076398148148 0.22761434635416666 0.557152223148148 0.230564175 0.5572291907407408 0.23045738489583334 0.5554076398148148 0.25840419114583335 0.5551881416666667 0.2583397140625 0.550855187962963 0.20820270000000002 0.5509321546296296 0.20820068489583335 0.5554874574074075
3 0.20825710260416666 0.6138226907407407 0.21511988697916667 0.6138996583333333 0.215172275 0.6108608898148149 0.20820068489583335 0.611017674074074 0.20820270000000002 0.5509321546296296 0.20541406406249998 0.551083237962963 0.20530727395833334 0.6403734324074074 0.20820270000000002 0.6402223490740742 0.20825710260416666 0.6138226907407407
3 0.21110820052083332 0.6441305583333333 0.21778158385416668 0.6440421888888889 0.21772113645833333 0.6401368305555555 0.20530727395833334 0.6403734324074074 0.20520854322916668 0.6503876851851851 0.21110820052083332 0.6502622574074074 0.21110820052083332 0.6441305583333333
3 0.22620390885416666 0.6400798175925926 0.2262341328125 0.6441704675925927 0.23313721562499998 0.6443187 0.23313721562499998 0.6399942990740741 0.22620390885416666 0.6400798175925926
3 0.251118275 0.6401083240740741 0.251188796875 0.6440279361111111 0.26140842239583334 0.6440849490740741 0.2614608098958333 0.6402907638888888 0.251118275 0.6401083240740741
3 0.25839008645833333 0.6441818703703703 0.2582349385416667 0.6642844925925926 0.26147894427083335 0.6640649944444444 0.26140842239583334 0.6440849490740741 0.25839008645833333 0.6441818703703703
3 0.26379407604166666 0.6679874574074074 0.2700483578125 0.6678734324074074 0.2699717911458333 0.6637257694444445 0.2584626234375 0.6641676166666667 0.258466653125 0.6734492592592592 0.2639492244791667 0.6734492592592592 0.26379407604166666 0.6679874574074074
3 0.3179931494791666 0.6637970351851852 0.3179951640625 0.6677736601851852 0.32688897864583333 0.6679019388888889 0.32693330625 0.6639167620370371 0.3179931494791666 0.6637970351851852
3 0.8093270197916667 0.4135917898148148 0.8232117671875 0.4136687574074074 0.8231593791666667 0.40979760555555556 0.8092685875 0.4095952111111111 0.8093270197916667 0.4135917898148148
3 0.7787326213541667 0.4138626 0.7864195041666666 0.41392531388888887 0.7863892807291666 0.40964937314814814 0.7787527703125 0.4096778787037037 0.7787326213541667 0.4138626
3 0.7746000401041666 0.43363169907407406 0.7755208541666666 0.43359178981481483 0.7757646583333333 0.5143814138888889 0.7785049364583333 0.5143814138888889 0.7787326213541667 0.4098774231481482 0.7757304052083334 0.4098774231481482 0.7757807776041666 0.4294697833333333 0.77468668125 0.4294697833333333 0.7746000401041666 0.43363169907407406
3 0.7786218015624999 0.4693272518518518 0.7876506145833333 0.46933010277777776 0.7877876286458334 0.46488027407407406 0.778660084375 0.46488027407407406 0.7786218015624999 0.4693272518518518
3 0.7986117265625 0.46522234907407406 0.8010679026041667 0.4650741166666667 0.8007354421875 0.4326396805555556 0.7984988916666667 0.4326396805555556 0.7986117265625 0.46522234907407406
3 0.8107092484374999 0.46911915648148145 0.8232722145833333 0.46915621481481484 0.8233024380208334 0.4649600916666667 0.8105943984375 0.4648375138888889 0.8107092484374999 0.46911915648148145
3 0.7759318958333333 0.5184150509259259 0.823241990625 0.5183580388888889 0.8232399760416667 0.5142417333333333 0.7759339109375 0.5145353481481482 0.7759318958333333 0.5184150509259259
3 0.7756941364583334 0.5632525657407408 0.7788313520833333 0.5632525657407408 0.7788313520833333 0.5617730898148148 0.8231916182291666 0.5619726342592593 0.8231996776041667 0.557899087962963 0.7756437640624999 0.5580387685185185 0.7756941364583334 0.5632525657407408
3 0.77879306875 0.5826966935185185 0.7756800322916667 0.582896237037037 0.7756598833333334 0.5932012546296297 0.7788635906250001 0.5931727481481481 0.77879306875 0.5826966935185185
3 0.7575559135416667 0.5973631694444445 0.7789441869791667 0.5973631694444445 0.7787729197916666 0.5933295324074074 0.760467459375 0.593241162962963 0.76052790625 0.5923033064814816 0.7575881520833333 0.5922206388888889 0.7575559135416667 0.5973631694444445
3 0.7675579286458334 0.5973973777777778 0.7677493453125 0.6447633981481482 0.7702035057291667 0.6446151657407407 0.7702941770833333 0.5974201824074074 0.7675579286458334 0.5973973777777778
3 0.73652025 0.5662913342592593 0.7344650411458333 0.5663454962962963 0.7344650411458333 0.5678135694444444 0.7074229296875 0.5675684148148148 0.7074914364583333 0.5714338657407408 0.7575639734375 0.571482325925926 0.7575639734375 0.5726083240740741 0.7604976828125001 0.5724914481481481 0.7604352208333334 0.5679618018518519 0.7364356234374999 0.5678135694444444 0.73652025 0.5662913342592593
3 0.7341708645833334 0.54886545 0.7365625630208333 0.54886545 0.7365343541666667 0.5361858611111111 0.7341708645833334 0.5362257694444444 0.7341708645833334 0.54886545
4 0.6722849083333333 0.41292759444444443 0.6755389885416666 0.41287343240740737 0.675206528125 0.3579389962962963 0.6723916984374999 0.357785062962963 0.6722849083333333 0.41292759444444443
4 0.6954160791666666 0.42557012499999997 0.7102176104166666 0.4253249712962963 0.7098730604166666 0.386248575 0.6956739875 0.3863683009259259 0.6954160791666666 0.42557012499999997
4 0.769030828125 0.341023375 0.8177916583333332 0.34122576944444444 0.8177191213541666 0.33676168796296296 0.769030828125 0.33676168796296296 0.769030828125 0.341023375
4 0.8264497281250001 0.35437286203703705 0.8233024380208334 0.3542360314814815 0.8232540802083333 0.39639965833333335 0.8266411442708334 0.39639965833333335 0.8264497281250001 0.35437286203703705
4 0.8231613942708333 0.42769384259259263 0.8262442072916667 0.4275798175925926 0.8262704010416667 0.41469213240740743 0.8231875880208332 0.41469213240740743 0.8231613942708333 0.42769384259259263
4 0.8232157968749999 0.4985148231481482 0.8264718921875001 0.49855473240740744 0.8264456979166667 0.4847776509259259 0.8233024380208334 0.4848204101851852 0.8232157968749999 0.4985148231481482
4 0.8230949020833334 0.5445752564814814 0.8262079385416666 0.5445752564814814 0.8263469677083334 0.5313169898148148 0.8231654239583333 0.531413911111111 0.8230949020833334 0.5445752564814814
4 0.8237960911458334 0.6449543898148148 0.826387265625 0.6449600916666667 0.8261555510416667 0.6080216648148148 0.8234172880208334 0.6081841509259259 0.8237960911458334 0.6449543898148148
4 0.7893451541666666 0.6483893953703703 0.8233931088541666 0.6489310148148149 0.8234132583333333 0.6451026222222223 0.7894680635416667 0.6446978333333333 0.7893451541666666 0.6483893953703703
4 0.7167177109375 0.6489794759259259 0.751118275 0.6487428731481482 0.751118275 0.6446351194444444 0.7168003223958334 0.6451054731481481 0.7167177109375 0.6489794759259259
4 0.7045476526041666 0.6297120870370371 0.7075156156250001 0.6296294185185185 0.7074571833333334 0.587106613888889 0.7045174291666666 0.5870239453703704 0.7045476526041666 0.6297120870370371
4 0.7045536973958334 0.5659492592592592 0.7077332260416667 0.566248575 0.7076989723958333 0.5533808435185185 0.7045516822916666 0.5533808435185185 0.7045536973958334 0.5659492592592592
4 0.7579669557291666 0.5207582666666667 0.7607455166666667 0.5205843787037037 0.7605379812499999 0.5106043333333333 0.7578823291666666 0.5108380842592594 0.7579669557291666 0.5207582666666667
4 0.7577211364583333 0.5043443555555556 0.760749546875 0.5045210944444445 0.7604191015624999 0.4944811861111111 0.7578077776041667 0.49448403611111114 0.7577211364583333 0.5043443555555556
4 0.7578621802083333 0.45522234907407405 0.7607435020833333 0.45526225740740744 0.7605138020833333 0.4455986314814815 0.7576888979166667 0.4453534777777778 0.7578621802083333 0.45522234907407405
2 0.7615595406250001 0.43386260000000004 0.7744710859375 0.43386545 0.7746463833333334 0.412557012962963 0.7616784203125 0.4124743444444444 0.7615595406250001 0.43386260000000004
2 0.7865403989583334 0.4095923601851852 0.7865403989583334 0.4139937287037037 0.8092282895833333 0.41428164166666664 0.80929478125 0.4096408212962963 0.7865403989583334 0.4095923601851852
2 0.7982168041666667 0.41418187037037035 0.7982530729166667 0.432385975 0.8118778963541666 0.43248289629629627 0.8117408822916666 0.41393956666666665 0.7982168041666667 0.41418187037037035
2 0.8118053598958334 0.4485746861111111 0.8233004229166667 0.4486316990740741 0.8233004229166667 0.446989737962963 0.8009369333333333 0.4469355759259259 0.8010175296875001 0.4539737740740741 0.8118879708333334 0.45421037592592595 0.8118053598958334 0.4485746861111111
2 0.7877513598958333 0.4692303305555556 0.8105399958333332 0.4691818703703704 0.8104714890625 0.4648745722222222 0.7879206125 0.4651653361111111 0.7877513598958333 0.4692303305555556
2 0.7235341526041666 0.565735462037037 0.7368224864583334 0.5659321546296296 0.7366834578125 0.5488312425925926 0.7239975822916667 0.5488312425925926 0.7235341526041666 0.565735462037037
2 0.7192081401041667 0.5526197259259259 0.71559540625 0.5523517675925925 0.7156457786458332 0.5676881416666667 0.7201349989583333 0.567554162037037 0.7202256697916667 0.5364367157407408 0.7193028411458333 0.5363740018518518 0.7192081401041667 0.5526197259259259
2 0.7604855932291666 0.5727936148148148 0.7456155552083333 0.5727936148148148 0.7456175697916667 0.5915621435185185 0.760890590625 0.5922320407407408 0.7604855932291666 0.5727936148148148
2 0.775823090625 0.5631698972222222 0.775823090625 0.5827936148148148 0.7909631270833334 0.5826966935185185 0.7910255895833332 0.5632639685185186 0.775823090625 0.5631698972222222
3 0.672317146875 0.3577508555555556 0.6753475718749999 0.3579675027777778 0.6755530927083334 0.3366847203703704 0.6723151317708334 0.3368301027777778 0.672317146875 0.3577508555555556
3 0.6755591375000001 0.34089224629629633 0.7689542614583333 0.3409378564814815 0.7690106791666668 0.33686145925925925 0.6755268989583333 0.3368215509259259 0.6755591375000001 0.34089224629629633
3 0.8178279265625 0.3367388824074074 0.8178279265625 0.34077537037037037 0.8263248036458334 0.3407782212962963 0.8263248036458334 0.33690136851851854 0.8178279265625 0.3367388824074074
3 0.8262824906249999 0.34084093518518516 0.8230848276041667 0.340963512037037 0.8232560953125 0.3542958953703704 0.8263973401041667 0.3542132268518518 0.8262824906249999 0.34084093518518516
3 0.8264497281250001 0.39643386574074074 0.8231654239583333 0.3964823259259259 0.8232319161458334 0.41468072962962965 0.8264859963541666 0.4145809574074074 0.8264497281250001 0.39643386574074074
3 0.8261797302083332 0.42757411666666667 0.8232057223958333 0.42757411666666667 0.8232923635416667 0.48486316944444446 0.8263751765625 0.48486316944444446 0.8261797302083332 0.42757411666666667
3 0.8263570421875 0.4985148231481482 0.8232742291666667 0.4985148231481482 0.8232157968749999 0.5313740018518518 0.8263006244791666 0.5312941842592593 0.8263570421875 0.4985148231481482
3 0.8263066692708333 0.5445439 0.8231654239583333 0.5445439 0.8230727380208334 0.608238312037037 0.8262240578125 0.608118586111111 0.8263066692708333 0.5445439
3 0.8234172880208334 0.645 0.8234132583333333 0.648574686111111 0.8262744307291666 0.6486744583333333 0.82626435625 0.6450826685185186 0.8234172880208334 0.645
3 0.7510779770833333 0.6486174462962963 0.7892907515625001 0.6488283925925925 0.7894317953125001 0.6447320407407408 0.7510699171875 0.6449030787037037 0.7510779770833333 0.6486174462962963
3 0.7046846666666667 0.6485091222222222 0.7166774130208334 0.6486858611111112 0.7166733828125 0.6449258833333333 0.7046443682291667 0.6446408212962963 0.7046846666666667 0.6485091222222222
3 0.7046423536458334 0.6445980611111111 0.7075156156250001 0.6446550740740741 0.7075881520833334 0.6298033064814815 0.7044348177083334 0.6297462944444444 0.7046423536458334 0.6445980611111111
3 0.704485190625 0.5869241731481482 0.7075256901041667 0.5868586092592593 0.7075216604166666 0.5661402509259259 0.7045839208333333 0.5660005703703703 0.704485190625 0.5869241731481482
3 0.7045879510416667 0.5532839222222222 0.7077674791666666 0.5534350055555555 0.7077332260416667 0.532100912037037 0.7046907114583333 0.532100912037037 0.7045879510416667 0.5532839222222222
3 0.7077674791666666 0.5364310148148148 0.7578782994791666 0.5362029648148148 0.7578883739583334 0.5321693268518519 0.7077030020833334 0.5320952111111111 0.7077674791666666 0.5364310148148148
3 0.7579669557291666 0.5359179018518518 0.758361878125 0.5359464083333334 0.7583014307291667 0.5502708092592592 0.7606588755208333 0.5502708092592592 0.7605561151041667 0.5206299888888889 0.7578662098958334 0.5206299888888889 0.7579669557291666 0.5359179018518518
3 0.7577070322916666 0.5105758268518518 0.7606085031250001 0.5104760546296296 0.760679025 0.5044612314814815 0.7576365104166667 0.5043614592592592 0.7577070322916666 0.5105758268518518
3 0.7577674791666666 0.49428164166666666 0.76052790625 0.4944555305555556 0.7604332057291666 0.48762257685185184 0.7577433005208333 0.48755416203703705 0.7577674791666666 0.49428164166666666
3 0.7576687489583332 0.47803876851851856 0.7605782791666668 0.4779161916666667 0.76066895 0.45518814166666666 0.7578118072916666 0.4553876851851852 0.7576687489583332 0.47803876851851856
3 0.7578118072916666 0.4452765111111111 0.7605500703125 0.4454389962962963 0.7605641750000001 0.4336031925925926 0.7577674791666666 0.4336088935185185 0.7578118072916666 0.4452765111111111
3 0.6755994359374999 0.4333722916666667 0.7614870036458333 0.4336031925925926 0.7615817046875001 0.42955530185185187 0.6755289140625 0.4294042185185185 0.6755994359374999 0.4333722916666667
3 0.6725972192708334 0.43348061574074076 0.6755712270833333 0.433523375 0.6754321984375 0.4128278222222222 0.6725569213541667 0.4128278222222222 0.6725972192708334 0.43348061574074076
3 0.7578561354166666 0.42955245185185187 0.7607253677083333 0.4294669324074074 0.7604855932291666 0.34103762870370374 0.7577574046875 0.34097776481481484 0.7578561354166666 0.42955245185185187
4 0.7575962119791666 0.487614025 0.7604593994791667 0.4877309009259259 0.7605843239583333 0.47792474351851855 0.7576385250000001 0.47792474351851855 0.7575962119791666 0.487614025
3 0.32400161197916666 0.5768899657407407 0.32167640520833335 0.5769555305555556 0.32167640520833335 0.5804931583333333 0.32417892395833336 0.5804275944444445 0.3237981057291667 0.6641049027777778 0.32693330625 0.6639167620370371 0.32688897864583333 0.5202194981481482 0.32424340104166666 0.519994299074074 0.32400161197916666 0.5768899657407407
3 0.32394519427083335 0.4896294185185185 0.32710054427083335 0.4898802740740741 0.32680233750000004 0.4465108324074074 0.32374571822916665 0.4463854046296296 0.32394519427083335 0.4896294185185185
3 0.32392907499999996 0.43313283888888887 0.32696957499999996 0.43323831203703705 0.32689905312499995 0.37368871111111107 0.32381624010416665 0.3737343212962963 0.32392907499999996 0.43313283888888887
3 0.3225669958333333 0.35996294166666665 0.32399355208333336 0.3599714935185185 0.32408623802083336 0.36438996574074073 0.32701994739583334 0.3644099203703704 0.32676405416666665 0.35598631666666664 0.3224743098958333 0.35598631666666664 0.3225669958333333 0.35996294166666665
3 0.28976425572916664 0.35987742314814813 0.31114245416666664 0.35977765092592595 0.31107797708333335 0.3559378564814815 0.28979044947916666 0.35578392222222227 0.28976425572916664 0.35987742314814813
3 0.2517872255208333 0.35996864351851854 0.25957082395833336 0.35996294166666665 0.2597017932291667 0.35568985185185187 0.25172274843750003 0.35568985185185187 0.2517872255208333 0.35996864351851854
3 0.29457384635416667 0.42793899629629634 0.2975518838541667 0.4282554157407407 0.2974773322916667 0.3598204101851852 0.29457384635416667 0.3598204101851852 0.29457384635416667 0.42793899629629634
3 0.2976324802083333 0.38184150555555557 0.3238565385416667 0.3819127703703704 0.3238021359375 0.3773631694444445 0.2975821078125 0.3772862027777778 0.2976324802083333 0.38184150555555557
3 0.2764255489583333 0.4694640824074074 0.2875035260416666 0.4694184722222222 0.2874733026041667 0.470342075 0.3238565385416667 0.47039623703703703 0.32384243385416667 0.4666533638888889 0.27636308697916667 0.46630273703703706 0.2764255489583333 0.4694640824074074
3 0.2947713078125 0.46619156203703704 0.29746322812500003 0.4662628277777778 0.29755591354166666 0.4466191564814815 0.29459399531249997 0.4466191564814815 0.2947713078125 0.46619156203703704
3 0.27636308697916667 0.46630273703703706 0.2788595609375 0.4661887111111111 0.2788595609375 0.44843500555555554 0.2764013703125 0.4485376287037037 0.27636308697916667 0.46630273703703706
3 0.2877493453125 0.4840935009259259 0.2905601453125 0.4841932722222222 0.2904211161458334 0.4705159638888889 0.28775135989583334 0.4704732037037037 0.2877493453125 0.4840935009259259
3 0.275629659375 0.4877879129629629 0.29064074166666665 0.4881698972222222 0.290598428125 0.48418472037037036 0.2756739875 0.48399372870370366 0.275629659375 0.4877879129629629
3 0.276475921875 0.5179760546296296 0.2786721739583333 0.5179732037037037 0.2787829942708333 0.5077537055555555 0.276625025 0.5077023944444444 0.276475921875 0.5179760546296296
3 0.278863590625 0.5118301027777779 0.3014205119791667 0.511932725 0.30141043697916664 0.5076254277777777 0.2787829942708333 0.5077537055555555 0.278863590625 0.5118301027777779
3 0.30145879531249997 0.507559862962963 0.30159177916666663 0.5337656787037037 0.30483175520833333 0.5336602055555556 0.30474309895833335 0.5075798175925925 0.30145879531249997 0.507559862962963
3 0.2782873260416666 0.5328705814814815 0.27632681822916666 0.5326795898148148 0.2765001005208333 0.5374857472222222 0.324229296875 0.5376710379629629 0.32413459583333337 0.5333751425925927 0.27824702812499996 0.533691562037037 0.2782873260416666 0.5328705814814815
3 0.30831755 0.5600342074074074 0.3061716703125 0.5601111740740741 0.3061716703125 0.5810490305555556 0.31040701197916665 0.5809720638888889 0.310300221875 0.5770296462962963 0.30842434010416664 0.5771807296296296 0.30831755 0.5600342074074074
3 0.2786822484375 0.5601054731481482 0.3084525489583333 0.560119725925926 0.30851098125000004 0.5568072972222222 0.2786218015625 0.5568386546296297 0.2786822484375 0.5601054731481482
3 0.2786218015625 0.5568386546296297 0.2765162197916667 0.5567987453703703 0.2764013703125 0.5808266814814815 0.2787850088541666 0.5807212083333333 0.2786218015625 0.5568386546296297
3 0.2307092484375 0.6141220064814814 0.2307273828125 0.5884264537037037 0.22747330260416668 0.5883266814814815 0.22784606093749998 0.6105330675925926 0.2264275640625 0.6109606611111111 0.22646584739583334 0.6139623712962963 0.2307092484375 0.6141220064814814
3 0.25287124739583333 0.5769526796296296 0.25281684479166666 0.5809749148148148 0.2615051380208333 0.5810490305555556 0.26155752552083333 0.5770296462962963 0.25287124739583333 0.5769526796296296
3 0.2302337296875 0.5729475481481482 0.2276868828125 0.5728192703703704 0.22759419687500002 0.5810575824074075 0.23130163229166667 0.5812856324074075 0.2313520046875 0.5768671611111111 0.23014305885416667 0.5769241731481481 0.2302337296875 0.5729475481481482
3 0.2582712067708333 0.5808865453703704 0.25841628072916667 0.6402765111111112 0.2614608098958333 0.6402907638888888 0.2612855130208333 0.5810860888888889 0.2582712067708333 0.5808865453703704
4 0.20669957708333334 0.35990592962962964 0.2517872255208333 0.35996864351851854 0.25187386666666667 0.35557297592592596 0.20670159166666666 0.35573546203703704 0.20669957708333334 0.35990592962962964
4 0.25957082395833336 0.35996294166666665 0.2898448520833333 0.3596550740740741 0.289814628125 0.35600057037037036 0.2597017932291667 0.35568985185185187 0.25957082395833336 0.35996294166666665
4 0.32395728385416667 0.3644099203703704 0.32381624010416665 0.3737343212962963 0.32689905312499995 0.3736174462962963 0.32694942552083334 0.3644669324074074 0.32395728385416667 0.3644099203703704
4 0.32374571822916665 0.4463854046296296 0.3270441265625 0.44632554166666666 0.32708240989583337 0.4332611175925926 0.32392907499999996 0.43313283888888887 0.32374571822916665 0.4463854046296296
4 0.32406004427083335 0.5198204101851851 0.32710054427083335 0.5199515388888888 0.3271307677083334 0.4897890537037037 0.32394519427083335 0.4896294185185185 0.32406004427083335 0.5198204101851851
4 0.1825508765625 0.4529161916666667 0.19134595989583333 0.4528648805555555 0.19144670572916667 0.4484464083333333 0.1827100541666667 0.44848631666666666 0.1825508765625 0.4529161916666667
4 0.2007797703125 0.4484464083333333 0.2005843239583333 0.4588112888888889 0.24906911145833333 0.45886545 0.2491235140625 0.4485889398148148 0.2007797703125 0.4484464083333333
4 0.25841225052083333 0.47475769629629627 0.26137618385416667 0.47449258796296295 0.26124521458333333 0.46455530185185184 0.2581442677083333 0.4643529074074074 0.25841225052083333 0.47475769629629627
4 0.25828732604166665 0.5068557583333333 0.2612371546875 0.506701824074074 0.26135401979166667 0.49685005740740745 0.25841628072916667 0.4967958953703704 0.25828732604166665 0.5068557583333333
4 0.25823090885416666 0.5229475481481481 0.2614043927083333 0.5228477768518519 0.2613016322916667 0.5133124287037037 0.2583638927083333 0.5132554157407407 0.25823090885416666 0.5229475481481481
4 0.2583638927083333 0.5401368305555555 0.2613137213541667 0.5399828962962963 0.26143058645833334 0.5301311287037037 0.258492846875 0.5300769666666666 0.2583638927083333 0.5401368305555555
4 0.22769494270833332 0.5883979472222223 0.23064678645833334 0.588469212962963 0.23059641354166666 0.5812001138888888 0.2276344953125 0.5811858611111111 0.22769494270833332 0.5883979472222223
4 0.2178017328125 0.6440421888888889 0.2261535359375 0.6442702398148148 0.22613741666666665 0.6400456101851852 0.21783397135416666 0.6398375138888889 0.2178017328125 0.6440421888888889
4 0.2700483578125 0.6678734324074074 0.31781180729166664 0.6678306731481481 0.317912553125 0.6636687574074074 0.2699717911458333 0.6637257694444445 0.2700483578125 0.6678734324074074
2 0.23715494635416665 0.6632839222222222 0.251188796875 0.6633551879629629 0.25114648385416666 0.6402109462962963 0.23313721562499998 0.6399942990740741 0.2331855734375 0.6440706953703704 0.2372939755208333 0.6440678453703703 0.23715494635416665 0.6632839222222222
2 0.2262240578125 0.6109464083333334 0.21528309479166668 0.6109464083333334 0.2152286921875 0.6184492592592593 0.22654644375000002 0.6186003416666667 0.2262240578125 0.6109464083333334
2 0.231444690625 0.5809891675925926 0.2527302036458333 0.5811003416666666 0.25267580104166665 0.5766733185185186 0.2313520046875 0.5768671611111111 0.231444690625 0.5809891675925926
2 0.32167640520833335 0.5769555305555556 0.310300221875 0.5770296462962963 0.31039895208333335 0.5828278222222222 0.3216804354166667 0.5829817555555556 0.32167640520833335 0.5769555305555556
2 0.27632681822916666 0.5182924740740741 0.27632681822916666 0.5326795898148148 0.28787023958333335 0.5326197259259259 0.2876103161458333 0.5180273657407407 0.27632681822916666 0.5182924740740741
2 0.27634898229166666 0.4881670462962963 0.276625025 0.5077023944444444 0.29082611302083333 0.5075769666666667 0.29064074166666665 0.4881698972222222 0.27634898229166666 0.4881670462962963
2 0.31114245416666664 0.35977765092592595 0.3225669958333333 0.35996294166666665 0.32302035052083333 0.3403050166666667 0.3113137213541667 0.34030786759259257 0.31114245416666664 0.35977765092592595
3 0.26137618385416667 0.47449258796296295 0.25830143072916667 0.4748147092592593 0.25841628072916667 0.4967958953703704 0.2614406609375 0.4967958953703704 0.26137618385416667 0.47449258796296295
3 0.1765121901041667 0.355963512037037 0.17315131979166667 0.3560262259259259 0.17317146875 0.4481698972222222 0.1763308484375 0.4480786768518519 0.1765121901041667 0.355963512037037
3 0.17656659270833333 0.3597548462962963 0.20669957708333334 0.35990592962962964 0.20670159166666666 0.35573546203703704 0.1765121901041667 0.355963512037037 0.17656659270833333 0.3597548462962963
3 0.2615393916666667 0.45347776481481483 0.25836792239583334 0.4532896240740741 0.2581442677083333 0.4643529074074074 0.2614950635416667 0.4642246296296296 0.2615393916666667 0.45347776481481483
3 0.24909127552083332 0.44865450370370374 0.24917993125000001 0.45276510833333333 0.2613338708333333 0.45308152777777777 0.2613338708333333 0.44865450370370374 0.24909127552083332 0.44865450370370374
3 0.1825508765625 0.4486374 0.17317146875 0.4481698972222222 0.1732822890625 0.45263683055555554 0.1825508765625 0.4529161916666667 0.1825508765625 0.4486374
3 0.19144670572916667 0.4484464083333333 0.19144670572916667 0.4528221212962963 0.20065484583333332 0.4528221212962963 0.2007797703125 0.4484464083333333 0.19144670572916667 0.4484464083333333
3 0.2583941166666667 0.5133038768518519 0.2612895427083333 0.5133779935185184 0.2612371546875 0.506701824074074 0.25828732604166665 0.5068557583333333 0.2583941166666667 0.5133038768518519