1 0 0 0 1 1 1 1 0 0 0
3 0.5611489619791666 0.6773546175925926 0.5665591614583333 0.6771807296296296 0.566639790625 0.5320410490740741 0.5611066317708333 0.5320381981481482 0.5611489619791666 0.6773546175925926
3 0.5611711348958334 0.525792474074074 0.5666357588541667 0.5258323833333333 0.5666196333333333 0.37374857499999997 0.561157025 0.373691562037037 0.5611711348958334 0.525792474074074
3 0.4545615802083333 0.5263255416666667 0.45902035885416664 0.5263768527777778 0.4589538401041667 0.3810860888888889 0.45449909270833333 0.38114595185185185 0.4545615802083333 0.5263255416666667
3 0.45407579114583335 0.3811174462962963 0.45941745624999997 0.3811174462962963 0.459356984375 0.37370581574074074 0.45411610572916666 0.37364595185185184 0.45407579114583335 0.3811174462962963
3 0.3475025197916667 0.5264595212962963 0.35196129791666664 0.5264110601851852 0.35195121927083334 0.3811516537037037 0.3474742994791667 0.3812115166666667 0.3475025197916667 0.5264595212962963
3 0.3469502114583333 0.3811259981481482 0.35241281979166666 0.3810974916666667 0.3523321911458333 0.37368586111111113 0.34682926822916665 0.3736573546296296 0.3469502114583333 0.3811259981481482
3 0.3519774239583333 0.4751624861111111 0.351937109375 0.4818614592592593 0.45450917135416663 0.48171892777777775 0.45448901406250003 0.4751624861111111 0.3519774239583333 0.4751624861111111
3 0.436514815625 0.4817787916666667 0.43653497291666665 0.4846294185185185 0.4522777666666667 0.48468358055555555 0.45230195520833333 0.4817417333333333 0.436514815625 0.4817787916666667
3 0.4541181213541667 0.4817445842592592 0.45230195520833333 0.4817417333333333 0.4522878453125 0.5184435574074074 0.4541423098958333 0.5184492592592592 0.4541181213541667 0.4817445842592592
3 0.4545333604166667 0.5211288481481482 0.454513203125 0.5185062712962962 0.4396573270833333 0.5184492592592592 0.4396694213541667 0.5211231472222222 0.4545333604166667 0.5211288481481482
3 0.4365047369791667 0.5210946407407407 0.4396694213541667 0.5211231472222222 0.4396694213541667 0.48460661388888887 0.43653497291666665 0.4846294185185185 0.4365047369791667 0.5210946407407407
3 0.43965934270833334 0.4944498287037037 0.43967949999999995 0.4971864305555556 0.45231808125 0.497214937037037 0.4522777666666667 0.4945068416666667 0.43965934270833334 0.4944498287037037
3 0.43969764166666664 0.5073375138888889 0.4396573270833333 0.5100997722222221 0.45229590833333333 0.5099885972222222 0.4522757510416667 0.5073061574074075 0.43969764166666664 0.5073375138888889
3 0.3519895182291667 0.4582497148148148 0.3519492036458333 0.4610148231481481 0.4545373916666666 0.46094640833333334 0.454517234375 0.458352337962963 0.3519895182291667 0.4582497148148148
3 0.3521064302083333 0.4409549601851852 0.352066115625 0.44372006851851853 0.45465430364583337 0.4436516537037037 0.45463414635416666 0.44105758240740744 0.3521064302083333 0.4409549601851852
3 0.35173352135416663 0.42383409351851853 0.3516932067708333 0.42659920185185185 0.4542813947916667 0.42653078703703706 0.45426123749999997 0.42393671574074077 0.35173352135416663 0.42383409351851853
3 0.35198145520833335 0.40688996574074077 0.35194114114583336 0.4096550740740741 0.45452932864583334 0.40958665925925924 0.45450917135416663 0.40699258796296295 0.35198145520833335 0.40688996574074077
3 0.35194114114583336 0.3899087796296296 0.3519008265625 0.392673887962963 0.45448901406250003 0.39260547314814814 0.45446885729166664 0.3900114027777778 0.35194114114583336 0.3899087796296296
3 0.4591937109375 0.3897690990740741 0.4591533963541667 0.3925342074074074 0.561741584375 0.39246579259259257 0.5617214270833333 0.3898717222222222 0.4591937109375 0.3897690990740741
3 0.45876637760416666 0.40708665925925924 0.4587260635416667 0.40985176759259256 0.5613142510416667 0.4097833527777778 0.56129409375 0.4071892814814815 0.45876637760416666 0.40708665925925924
3 0.4588711953125 0.424147662037037 0.45883088072916667 0.42691277037037034 0.56141906875 0.42684435555555555 0.5613989114583333 0.4242502851851852 0.4588711953125 0.424147662037037
3 0.4588711953125 0.4410632842592592 0.45883088072916667 0.44382839259259255 0.56141906875 0.44375997685185187 0.5613989114583333 0.44116590648148146 0.4588711953125 0.4410632842592592
3 0.45907881458333333 0.458124287037037 0.45903850052083334 0.4608893953703703 0.5616266880208334 0.4608209805555556 0.5616065307291667 0.4582269101851852 0.45907881458333333 0.458124287037037
3 0.45901028020833334 0.47425028518518514 0.4590304375 0.47840935 0.5611650874999999 0.47853477777777775 0.5611046161458333 0.4743158490740741 0.45901028020833334 0.47425028518518514
3 0.3484801453125 0.37369441296296296 0.3523321911458333 0.37368586111111113 0.35237452135416664 0.3749258833333334 0.5676476515625001 0.3737998861111111 0.5676718401041666 0.37229475462962963 0.3485043338541667 0.37215507407407405 0.3484801453125 0.37369441296296296