1 0 0 0 1 1 1 1 0 0 0
3 0.3212290953125 0.5074237675925926 0.32453556302083336 0.5175349101851853 0.3799335078125 0.4793701907407407 0.37975418072916667 0.46635508703703704 0.3212290953125 0.5074237675925926
3 0.3793431390625 0.45783699074074075 0.37987910520833335 0.46845255092592597 0.5565424140625 0.4698803074074074 0.5565061453125 0.45787403796296294 0.3793431390625 0.45783699074074075
3 0.5565383838541667 0.4712168712962963 0.5566391296875001 0.48318609259259254 0.6994962723958333 0.48255913333333333 0.6994942572916667 0.47118267314814816 0.5565383838541667 0.4712168712962963
3 0.33630263958333334 0.5091735537037037 0.3363288333333333 0.5944998574074074 0.3424541609375 0.5944998574074074 0.3427463229166667 0.5049387287037037 0.33630263958333334 0.5091735537037037
3 0.6933286317708334 0.48249643796296293 0.6933104979166667 0.594243374074074 0.6995567197916667 0.594414362962963 0.6995587348958333 0.4825847824074074 0.6933286317708334 0.48249643796296293
3 0.6159983880208333 0.4827586203703704 0.6161253276041666 0.5954915925925925 0.6197017932291666 0.5954915925925925 0.6194317953125 0.4827358222222222 0.6159983880208333 0.4827586203703704
3 0.3428611729166667 0.625585637037037 0.34295184375 0.600182387962963 0.4079085229166666 0.6000569962962963 0.4079085229166666 0.6257110287037038 0.40326213958333335 0.6258364203703703 0.40326213958333335 0.6339241953703704 0.4185412046875 0.6339241953703704 0.4185412046875 0.6258364203703703 0.4136268385416667 0.625585637037037 0.4136268385416667 0.6003106296296296 0.5079810598958333 0.600182387962963 0.5083376989583334 0.6258364203703703 0.5032460203125 0.625585637037037 0.5034233328125001 0.6337988027777778 0.5185250854166666 0.634052437037037 0.5181664317708333 0.6258364203703703 0.5135200484375 0.6258364203703703 0.5133427364583334 0.600182387962963 0.6151118276041667 0.600182387962963 0.6152004833333333 0.6258364203703703 0.6102861171874999 0.625964662037037 0.6102861171874999 0.6337988027777778 0.6254765260416666 0.6339241953703704 0.6253878703125 0.6257110287037038 0.6207414869791666 0.6257110287037038 0.6208301432291666 0.600182387962963 0.6929357244791666 0.600182387962963 0.6931150515625001 0.6257110287037038 0.6881100140625 0.6257110287037038 0.6882893411458333 0.6337988027777778 0.70347975 0.6337988027777778 0.7033890791666667 0.6257110287037038 0.6984747130208333 0.6258364203703703 0.6982873260416667 0.5943288685185185 0.337233528125 0.5944970074074074 0.337233528125 0.6258364203703703 0.3326616963541667 0.6260188083333333 0.3324964739583333 0.6339241953703704 0.3475075557291667 0.6339241953703704 0.3475962119791667 0.6257110287037038 0.3428611729166667 0.625585637037037
3 0.5567660687499999 0.5095725277777778 0.5565424140625 0.4698803074074074 0.5506911140625 0.46976631481481484 0.5509590973958333 0.5939925907407407 0.5540862380208333 0.5941179824074074 0.5542635505208333 0.5095725277777778 0.5567660687499999 0.5095725277777778
3 0.4533870640625 0.4691564546296296 0.45308885729166665 0.5941350814814815 0.4565383838541667 0.5941350814814815 0.4564215192708333 0.4692106009259259 0.4533870640625 0.4691564546296296
4 0.6550070520833333 0.5091963518518519 0.6550715291666667 0.5859732120370371 0.6934898244791667 0.5857195777777777 0.6934898244791667 0.5089968648148149 0.6550070520833333 0.5091963518518519
2 0.385057425 0.5146736962962962 0.38544227291666666 0.5861926472222223 0.40795889583333333 0.5863721861111111 0.4078299416666667 0.5144913083333333 0.385057425 0.5146736962962962
2 0.4460769697916667 0.5148931324074074 0.41145275052083335 0.5148931324074074 0.4115051380208333 0.5871473351851851 0.4462764458333333 0.5873553722222222 0.4460769697916667 0.5148931324074074
3 0.4078621802083333 0.5942747222222222 0.41161394322916667 0.5945768027777778 0.4110779770833333 0.4691051583333333 0.4079689703125 0.4691051583333333 0.4078621802083333 0.5942747222222222