1 1 0.000569962962962963 0 0.0005272157407407408 0 0.9998860074074074 1 1 1 0.000569962962962963
2 0.44650413072916667 0.3292390990740741 0.44170864375 0.3292960953703704 0.44170864375 0.3606725564814815 0.44646383229166664 0.36064405833333335 0.44650413072916667 0.3292390990740741
2 0.464819665625 0.4049016814814815 0.44851904114583335 0.4049301796296296 0.4472899458333333 0.4049586777777778 0.44731009479166667 0.4100313481481482 0.4649002619791667 0.4102878314814815 0.464819665625 0.4049016814814815
2 0.6588152328125 0.30826446296296295 0.6376586739583333 0.30803647777777776 0.6376989723958334 0.3149615277777778 0.6588756802083334 0.31473354259259256 0.6588152328125 0.30826446296296295
2 0.5150876484375 0.21668281574074072 0.51347975 0.2168139074074074 0.5132984083333334 0.26964947314814813 0.5151521255208333 0.2696779712962963 0.5150876484375 0.21668281574074072
2 0.5149909328125 0.3667711601851852 0.47308079791666663 0.36668566574074074 0.47310094687500004 0.37041892314814817 0.5149909328125 0.3704759194444444 0.5149909328125 0.3667711601851852
3 0.5211767078125 0.2884497009259259 0.514589965625 0.2885123962962963 0.51463429375 0.34700199444444446 0.5211303645833333 0.34700199444444446 0.5211767078125 0.2884497009259259
3 0.6748136208333333 0.3085779425925926 0.6590167239583333 0.3086349388888889 0.6590771708333333 0.3143630666666667 0.6747733223958333 0.3143630666666667 0.6747733223958333 0.41233969814814814 0.6468668145833333 0.41242519259259264 0.6468063671875 0.41952123148148146 0.6757606286458333 0.41946423518518516 0.6757001812500001 0.4479908805555556 0.6798710458333334 0.4479908805555556 0.6798911947916667 0.20860644074074075 0.6757001812500001 0.20866343703703705 0.6758009270833334 0.23738956944444445 0.6574652427083334 0.2374180675925926 0.6575256901041667 0.244229125 0.6747330244791667 0.244229125 0.6748136208333333 0.3085779425925926
3 0.6324602057291667 0.30860644074074073 0.5919605078125 0.3086349388888889 0.5919605078125 0.3155314907407407 0.5960104776041667 0.3155314907407407 0.5960104776041667 0.31433456851851854 0.6373564374999999 0.3143630666666667 0.6373765869791667 0.3085779425925926 0.6364900260416667 0.3085779425925926 0.6364900260416667 0.244229125 0.6457586135416666 0.24425762314814814 0.6457787630208334 0.2374180675925926 0.6099133588541666 0.23738956944444445 0.6099133588541666 0.24425762314814814 0.6324803546875 0.24425762314814814 0.6324602057291667 0.30860644074074073
3 0.5142252671875 0.4363066398148148 0.5160386864583333 0.4363066398148148 0.5160386864583333 0.46987745833333333 0.5202297 0.46987745833333333 0.5202498489583334 0.419435737037037 0.5387870239583333 0.4194927333333333 0.5387870239583333 0.4123681962962963 0.5202699979166667 0.4123112 0.520290146875 0.34739241944444443 0.515373765625 0.3473639212962963 0.5153939151041667 0.42918210277777774 0.5142454161458333 0.42918210277777774 0.5142252671875 0.4363066398148148
3 0.4783800119791667 0.4194927333333333 0.4782792666666667 0.4627814194444444 0.4650211567708334 0.4627814194444444 0.4649808583333333 0.4699914509259259 0.48333669166666665 0.4699629527777778 0.4833769895833333 0.4363066398148148 0.48823292343749997 0.4362781416666667 0.48829337083333335 0.42918210277777774 0.4834374369791667 0.4292106009259259 0.48341728802083334 0.41228270185185184 0.4727181140625 0.4123966944444445 0.47265766666666664 0.37475064166666666 0.483356840625 0.37475064166666666 0.4833769895833333 0.3710743805555556 0.4726979651041667 0.37104588240740743 0.47267781562500005 0.36651467685185185 0.48333669166666665 0.36651467685185185 0.483356840625 0.36420632685185184 0.4727584125 0.36420632685185184 0.47267781562500005 0.35143915648148144 0.4833769895833333 0.3513821601851852 0.48339713906250004 0.34733542314814814 0.4676808380208334 0.34739241944444443 0.46760024166666664 0.41946423518518516 0.4783800119791667 0.4194927333333333
3 0.4231311708333333 0.4699059564814815 0.44692726197916666 0.4699344546296296 0.44692726197916666 0.46283841574074075 0.4461011484375 0.4628669138888889 0.44612129739583334 0.40980336296296294 0.4469071125 0.4098318611111111 0.4468869635416667 0.4057851240740741 0.44612129739583334 0.40575662592592593 0.44608099947916663 0.4017953833333333 0.4420713276041666 0.40176688518518516 0.44201088072916667 0.46275292129629625 0.4230908723958333 0.4627814194444444 0.4231311708333333 0.4699059564814815
3 0.4600040296875 0.28814477037037034 0.5202699979166667 0.28814477037037034 0.520290146875 0.2701339416666667 0.515373765625 0.2701339416666667 0.515373765625 0.28415502962962963 0.4727181140625 0.28409803333333333 0.4726979651041667 0.27506412037037037 0.4676808380208334 0.27500712407407407 0.4676203911458333 0.2810202333333333 0.4600040296875 0.28104873148148146 0.4600040296875 0.28814477037037034
3 0.47263751770833334 0.2425192361111111 0.47267781562500005 0.2160444574074074 0.4768688291666667 0.2159874611111111 0.476969575 0.2088914222222222 0.4676808380208334 0.20886292407407406 0.46766068906249997 0.24240524351851853 0.47263751770833334 0.2425192361111111
3 0.5734233328124999 0.24425762314814814 0.5735039291666666 0.2374180675925926 0.5202699979166667 0.2373610712962963 0.5202095505208333 0.2088914222222222 0.48845456354166666 0.20891992037037035 0.48845456354166666 0.2160444574074074 0.5154342130208334 0.21590196666666667 0.5153939151041667 0.24420062685185184 0.5734233328124999 0.24425762314814814
3 0.5210155145833333 0.419435737037037 0.5210759619791667 0.4707609009259259 0.5168446505208333 0.4708463953703704 0.5168446505208333 0.4698489601851852 0.5160386864583333 0.46987745833333333 0.5160386864583333 0.4363066398148148 0.5140036270833334 0.4363066398148148 0.5139834776041667 0.4750926185185185 0.5240983276041666 0.4751211166666667 0.5240781786458333 0.419435737037037 0.5210155145833333 0.419435737037037
3 0.4271408421875 0.4707893990740741 0.42718114062499996 0.4750356222222222 0.4871851703125 0.4749786268518518 0.48716502135416667 0.4362781416666667 0.48414265572916665 0.4363066398148148 0.48422325208333333 0.4708463953703704 0.4271408421875 0.4707893990740741
3 0.3772315130208333 0.33858649166666666 0.37719121510416664 0.3342832712962963 0.37350392916666664 0.33436876574074076 0.37363086822916663 0.43974921666666666 0.37660689114583334 0.43981191203703707 0.37656659270833337 0.33858649166666666 0.3772315130208333 0.33858649166666666
4 0.4592988114583333 0.2762040462962963 0.44870038281249996 0.2762040462962963 0.44876083020833335 0.28860074074074077 0.4595808984375 0.2886292388888889 0.4592988114583333 0.2762040462962963
2 0.47328228906250003 0.24320319166666668 0.46661293593750003 0.24317469351851853 0.4665726375 0.27443716203703705 0.4731613942708333 0.27455115462962965 0.47328228906250003 0.24320319166666668
2 0.596413459375 0.31612995185185183 0.5916179729166667 0.3160444574074074 0.5915373765624999 0.3459105157407407 0.5963933104166668 0.34599601018518517 0.596413459375 0.31612995185185183
3 0.58188595625 0.41957822777777776 0.6030022161458334 0.41946423518518516 0.6030425145833332 0.41233969814814814 0.5960306265625 0.4123681962962963 0.5960306265625 0.34619549722222226 0.5919403588541667 0.3461669990740741 0.5920008057291667 0.4123681962962963 0.5818255088541666 0.4123966944444445 0.58188595625 0.41957822777777776
3 0.382228490625 0.3681960675925926 0.4421116260416667 0.36822456574074075 0.44209147708333335 0.3693074953703704 0.446000403125 0.3693644916666667 0.44604070104166665 0.3613850101851852 0.44201088072916667 0.36129951574074076 0.4420511786458333 0.36255343425925923 0.382228490625 0.3625819324074074 0.382238565625 0.3356711314814815 0.379981865625 0.3356711314814815 0.3800020151041667 0.33430322037037036 0.3772113640625 0.3343402675925926 0.37719121510416664 0.44568253055555557 0.38224864010416665 0.44573952685185186 0.382228490625 0.3681960675925926
3 0.4420713276041666 0.32886862314814813 0.4461011484375 0.32886862314814813 0.44608099947916663 0.2881732685185185 0.4482772515625 0.2880592759259259 0.44831754999999995 0.28110572777777776 0.37717106614583334 0.28099173518518517 0.3772315130208333 0.29441436296296297 0.3822687890625 0.2943573666666667 0.3822687890625 0.2880592759259259 0.44203102968749997 0.2881162722222222 0.4420713276041666 0.32886862314814813
3 0.37656659270833337 0.2909660870370371 0.37654644374999996 0.27988030740740744 0.44628249062500003 0.2799088055555556 0.4463227885416667 0.28110572777777776 0.44831754999999995 0.28110572777777776 0.44831754999999995 0.28198917037037036 0.44870038281249996 0.2819606722222222 0.44870038281249996 0.2758620685185185 0.37354422708333335 0.2758335703703704 0.37354422708333335 0.29441436296296297 0.3772516625 0.2943573666666667 0.3772113640625 0.2909660870370371 0.37656659270833337 0.2909660870370371
3 0.4600040296875 0.28104873148148146 0.46201894010416666 0.2810202333333333 0.46201894010416666 0.27988030740740744 0.46760024166666664 0.2799088055555556 0.46766068906249997 0.2758335703703704 0.4593189604166667 0.2758335703703704 0.4594600041666667 0.2821601592592593 0.4600040296875 0.28221715555555554 0.4600040296875 0.28104873148148146
4 0.6095305260416667 0.23536620092592592 0.5735240781250001 0.23536620092592592 0.5735240781250001 0.2449415787037037 0.6095708239583334 0.24511256759259256 0.6095305260416667 0.23536620092592592
4 0.6464638322916667 0.4114277574074074 0.6032037072916666 0.41145625555555554 0.6032037072916666 0.4213166148148148 0.6466250250000001 0.42125961851851856 0.6464638322916667 0.4114277574074074
4 0.5817852104166668 0.41145625555555554 0.5390288130208333 0.4116272444444445 0.539109409375 0.42134511296296295 0.5818255088541666 0.4210886296296296 0.5817852104166668 0.41145625555555554
4 0.4883739671875 0.2068680537037037 0.4773322588541667 0.20701054444444444 0.477312109375 0.2165859222222222 0.4883941166666667 0.21684240555555556 0.4883739671875 0.2068680537037037
4 0.6570622609375001 0.23536620092592592 0.6465444286458334 0.23536620092592592 0.6463227885416667 0.2446280990740741 0.6570824098958333 0.2445711027777778 0.6570622609375001 0.23536620092592592
4 0.38287326197916666 0.2943858648148148 0.37711061874999996 0.2943858648148148 0.3772113640625 0.33431176944444446 0.38269192031250004 0.33431176944444446 0.38287326197916666 0.2943858648148148
4 0.3827322182291667 0.46223995462962963 0.3827725166666667 0.4457110287037037 0.37719121510416664 0.44568253055555557 0.3774189 0.4699857509259259 0.4229095307291667 0.4699059564814815 0.4227684869791667 0.46195497314814815 0.3827322182291667 0.46223995462962963
2 0.4883739671875 0.42844115092592594 0.48845456354166666 0.4377885435185185 0.5142857140625 0.43767455092592594 0.5143260125 0.42849814722222224 0.4883739671875 0.42844115092592594
2 0.4649405598958333 0.4627244231481481 0.44724964739583334 0.4627814194444444 0.4471892 0.46677116018518516 0.4649647390625 0.46678255925925927 0.4649405598958333 0.4627244231481481
2 0.4463429375 0.36996295277777774 0.44166834583333336 0.3700199490740741 0.44164819687499995 0.40148190370370374 0.44646383229166664 0.40142490740740744 0.4463429375 0.36996295277777774