1 0 0 0 1 1 1 1 0 0 0
3 0.4372415875 0.32327252037037035 0.43731815416666664 0.3348660203703704 0.50711061875 0.33492873425925923 0.507084425 0.32324686388888885 0.4372415875 0.32327252037037035
3 0.23465444270833336 0.5484777648148148 0.23461414479166667 0.5572862027777777 0.2581684463541667 0.5571436712962963 0.25808785 0.5484207527777778 0.23465444270833336 0.5484777648148148
3 0.28632278854166665 0.5485547324074075 0.2863630869791667 0.556878562962963 0.3192262744791667 0.5570210944444444 0.31922224479166666 0.5483751425925926 0.28632278854166665 0.5485547324074075
3 0.31032037083333336 0.5482924740740741 0.316616965625 0.5482497148148148 0.31662502499999995 0.3353591787037037 0.31035865416666664 0.33531641944444446 0.31032037083333336 0.5482924740740741
3 0.3462381625 0.3887913342592592 0.3462381625 0.3903876851851852 0.3775095708333333 0.3905872296296296 0.3775095708333333 0.3888198407407408 0.3462381625 0.3887913342592592
3 0.3488998588541667 0.48117160740740744 0.3489562765625 0.49049030740740734 0.38592182135416664 0.49049030740740734 0.38583518020833335 0.48117160740740744 0.3488998588541667 0.48117160740740744
3 0.3776808380208333 0.48109178981481476 0.38583518020833335 0.4810490305555556 0.3858049567708333 0.33506271388888886 0.37766471875 0.3350342074074074 0.3776808380208333 0.48109178981481476
3 0.46266371145833335 0.4904361462962962 0.46925246822916666 0.49037913333333333 0.46917791666666664 0.3350513111111111 0.46250251875 0.33506271388888886 0.46266371145833335 0.4904361462962962
3 0.6196715697916667 0.49579247407407406 0.6283356838541666 0.49564994259259254 0.628247028125 0.33510262222222226 0.6197239572916666 0.33510262222222226 0.6196715697916667 0.49579247407407406
3 0.619647390625 0.5436259981481482 0.6196876890625 0.5483295324074073 0.62829135625 0.5483295324074073 0.6282510578125 0.5436545037037037 0.619647390625 0.5436259981481482
3 0.3916965546875 0.5599486888888889 0.3917247630208333 0.5483323833333333 0.35374370364583335 0.548415050925926 0.35383235937499996 0.5572006842592593 0.37762442083333336 0.5572006842592593 0.37767479322916664 0.5598346638888889 0.3916965546875 0.5599486888888889
3 0.38583518020833335 0.560114025 0.3776808380208333 0.5600741166666666 0.3776344953125 0.7250313564814814 0.3858371953125 0.7250912203703704 0.38583518020833335 0.560114025
3 0.45899858958333334 0.548349487037037 0.45901873854166664 0.5597519953703703 0.46453959322916666 0.5598090083333334 0.4644992947916667 0.548349487037037 0.45899858958333334 0.548349487037037
4 0.3860648802083333 0.7258494870370371 0.3860165223958333 0.736248575 0.4596413458333333 0.7363511972222222 0.459568809375 0.7257126564814815 0.3860648802083333 0.7258494870370371
4 0.4650533953125 0.7248717222222222 0.4722103567708333 0.724940137037037 0.4722768484375 0.5696465222222222 0.46492242604166667 0.5697035351851851 0.4650533953125 0.7248717222222222
4 0.2646987708333333 0.7257696694444444 0.264678621875 0.7366020527777778 0.34702800729166666 0.7364880277777778 0.3470078583333333 0.7259692129629629 0.2646987708333333 0.7257696694444444
2 0.3918718515625 0.5487913342592593 0.3918718515625 0.5593129990740741 0.458889784375 0.5593129990740741 0.458889784375 0.5487913342592593 0.3918718515625 0.5487913342592593
4 0.6780213578125001 0.559714937037037 0.6778762843749999 0.5405045611111111 0.65631674375 0.5405074120370371 0.6563187588541666 0.5595096925925926 0.6780213578125001 0.559714937037037
4 0.7121096109375 0.5596351194444444 0.7120290145833333 0.540735462037037 0.6902619385416667 0.5407326111111111 0.690263953125 0.5597348916666667 0.7121096109375 0.5596351194444444
4 0.7463066692708333 0.5600484611111112 0.7461615958333333 0.5408352333333333 0.7246020552083333 0.5408380842592593 0.7246040703125 0.5598432157407407 0.7463066692708333 0.5600484611111112
4 0.28498891822916667 0.342331812962963 0.2851299614583333 0.3232326111111111 0.25956679427083335 0.32328392222222224 0.2597017932291667 0.3423888259259259 0.28498891822916667 0.342331812962963
4 0.3459500302083333 0.3238825537037037 0.3244549666666667 0.32383694444444444 0.3245254885416667 0.34515108333333333 0.34612734218749996 0.3447947546296296 0.3459500302083333 0.3238825537037037
4 0.4371065885416667 0.32408209814814815 0.4115736447916667 0.32391676203703706 0.41180535989583333 0.3425940703703704 0.4371065885416667 0.34230900833333333 0.4371065885416667 0.32408209814814815
4 0.5817489421875001 0.32358038796296296 0.507181140625 0.3237172175925926 0.5072133791666666 0.3438141388888889 0.5817892406249999 0.34426168796296297 0.5817489421875001 0.32358038796296296
2 0.35351803333333337 0.54795325 0.31952448125 0.5478107185185185 0.3196050776041667 0.6023090083333333 0.3538384041666667 0.6024800453703704 0.35351803333333337 0.54795325
2 0.2584324 0.557554162037037 0.28620793854166665 0.5577194981481481 0.2859157765625 0.5299372861111111 0.257964940625 0.530230900925926 0.2584324 0.557554162037037
2 0.31675599427083334 0.4908637398148148 0.34886560572916664 0.49082953240740745 0.348210759375 0.44166476666666665 0.3167721135416667 0.44163626018518515 0.31675599427083334 0.4908637398148148
2 0.3167479348958333 0.3905330675925926 0.3461454765625 0.39044754814814814 0.3459943583333333 0.37531071851851855 0.31677614322916664 0.37535062685185183 0.3167479348958333 0.3905330675925926
2 0.6195023171875 0.4959464083333333 0.6195264958333334 0.5434264537037037 0.6600644770833333 0.5432440138888889 0.6597078380208334 0.4959777648148148 0.6195023171875 0.4959464083333333
4 0.49219625208333334 0.5318101481481482 0.4922687890625 0.5593871148148148 0.6045577270833333 0.559264537962963 0.6043401166666666 0.5331898518518519 0.49219625208333334 0.5318101481481482
3 0.2595547046875 0.3351197259259259 0.25937134791666666 0.3232782212962963 0.22589562760416668 0.32321265648148145 0.22585129947916668 0.33486031944444444 0.2595547046875 0.3351197259259259
3 0.23443884739583334 0.3351624861111111 0.225841225 0.3351624861111111 0.22584726979166667 0.736992587962963 0.23457586145833334 0.7369469787037037 0.23443884739583334 0.3351624861111111
3 0.23473705416666668 0.7250826685185185 0.23473705416666668 0.7369441277777778 0.26459802552083334 0.7370011398148149 0.2645577270833333 0.7252166472222222 0.23473705416666668 0.7250826685185185
3 0.34709449947916665 0.7251453824074074 0.3471267380208333 0.7369612314814815 0.3859036875 0.7370068416666667 0.3859036875 0.7251909916666667 0.34709449947916665 0.7251453824074074
3 0.4597038083333333 0.7250513111111111 0.45976828541666664 0.73704675 0.47282087447916665 0.73704675 0.4727563973958333 0.7250513111111111 0.4597038083333333 0.7250513111111111
3 0.46464235364583334 0.5695838083333333 0.47266169635416666 0.5695096925925925 0.47260930885416663 0.5482782212962963 0.464589965625 0.5483181296296297 0.46464235364583334 0.5695838083333333
3 0.472714084375 0.5483181296296297 0.47276647187500004 0.5599230333333333 0.4919806567708333 0.5599600916666666 0.4919544630208333 0.548241162962963 0.472714084375 0.5483181296296297
3 0.6047028005208334 0.5484122009259259 0.6047975015625 0.5598688712962963 0.6561817447916667 0.559828962037037 0.65614950625 0.5484549601851852 0.6047028005208334 0.5484122009259259
3 0.6780576265625 0.548403649074074 0.6781583718749999 0.5598688712962963 0.6900664921874999 0.5598688712962963 0.6900987307291667 0.5484122009259259 0.6780576265625 0.548403649074074
3 0.7122345354166666 0.5483722916666667 0.712264759375 0.559828962037037 0.7244287729166667 0.559828962037037 0.7244287729166667 0.548235462037037 0.7122345354166666 0.5483722916666667
3 0.746449728125 0.5482782212962963 0.7465262947916667 0.5601396805555556 0.7720209552083334 0.5601938425925926 0.7717932703125 0.5481698972222223 0.746449728125 0.5482782212962963
3 0.7637134796874999 0.5481157351851852 0.7720209552083334 0.5479561000000001 0.7720149104166667 0.32324116296296296 0.7635663911458334 0.32331527962962964 0.7637134796874999 0.5481157351851852
3 0.7634273625 0.33492873425925923 0.7634273625 0.3233808435185185 0.5819302838541667 0.3232326111111111 0.5819061052083333 0.3349201824074074 0.7634273625 0.33492873425925923
3 0.285295184375 0.3233067277777778 0.28523272239583336 0.33494298703703707 0.32426153541666664 0.3350769666666667 0.324229296875 0.3231698972222222 0.285295184375 0.3233067277777778
3 0.3461112229166667 0.3233950972222222 0.3462381625 0.3348973777777778 0.41156357031249996 0.33494298703703707 0.41140439270833334 0.3232155074074074 0.3461112229166667 0.3233950972222222