1 0 0 0 1 1 1 1 0 0 0
3 0.06975015104166667 0.4247377425925926 0.069673584375 0.5322035351851852 0.4530364697916667 0.5320353481481481 0.45319363281249997 0.3904703537037037 0.5083800119791666 0.37538768518518517 0.5084182953125 0.36906499444444446 0.07418093906249999 0.3690108324074074 0.074140640625 0.3751653361111111 0.11666733854166668 0.38620011388888886 0.11670562135416666 0.4247377425925926 0.06975015104166667 0.4247377425925926
3 0.9257324197916666 0.5548261120370371 0.925692121875 0.45911915648148144 0.8738384041666667 0.4590621435185185 0.8737981057291666 0.4474173314814815 0.82092484375 0.44747434444444445 0.82092484375 0.4049971490740741 0.8403646989583333 0.39817559907407407 0.840326415625 0.3914680731481482 0.5179891192708334 0.3914680731481482 0.51783195625 0.39795610000000003 0.5633366916666667 0.4082126564814815 0.5635724359375 0.5548261120370371 0.9257324197916666 0.5548261120370371
4 0.3154644369791667 0.4015393388888889 0.3056800322916667 0.4015393388888889 0.3057747328125 0.4340108324074074 0.3155107796875 0.4339452675925926 0.3154644369791667 0.4015393388888889
4 0.330890590625 0.4026026222222222 0.3181926255208333 0.4026026222222222 0.3181462822916667 0.42715222314814816 0.33094096302083337 0.42688426481481484 0.330890590625 0.4026026222222222
4 0.341920209375 0.40266818703703705 0.331533346875 0.402614025 0.33149506354166663 0.4267901935185185 0.34195849270833334 0.4267901935185185 0.341920209375 0.40266818703703705
4 0.3554825708333333 0.4027708092592593 0.3426153536458333 0.4026311287037037 0.3425750552083333 0.4268072972222222 0.3555813015625 0.42688426481481484 0.3554825708333333 0.4027708092592593
4 0.3697380614583333 0.40269099166666666 0.3560749546875 0.40275085555555556 0.35603667135416667 0.42692702407407407 0.3697481364583333 0.42700969259259264 0.3697380614583333 0.40269099166666666
4 0.380378803125 0.40269099166666666 0.3702256697916667 0.40270809537037033 0.3701873864583333 0.42688426481481484 0.3802780578125 0.42688426481481484 0.380378803125 0.40269099166666666
4 0.39713479739583335 0.4016419611111111 0.3867479348958333 0.4015849490740741 0.38684868020833335 0.42672747962962965 0.39683256093749997 0.42700969259259264 0.39713479739583335 0.4016419611111111
4 0.43943784010416664 0.4015592925925926 0.41435220625 0.4015051314814815 0.4143139229166667 0.4339452675925926 0.43943784010416664 0.4339452675925926 0.43943784010416664 0.4015592925925926
4 0.43948821302083335 0.46588084351851855 0.4144952651041667 0.4658295324074074 0.4144569817708333 0.4982696694444445 0.4395808984375 0.4982696694444445 0.43948821302083335 0.46588084351851855
4 0.3971489020833333 0.46618015925925926 0.3867620390625 0.46612599814814815 0.38679226250000004 0.49791619166666673 0.39707838020833336 0.49788483425925933 0.3971489020833333 0.46618015925925926
2 0.37804755208333335 0.46616305555555554 0.368881725 0.4661060435185185 0.36881120312500004 0.5128762824074075 0.37794680625 0.5127679592592592 0.37804755208333335 0.46616305555555554
4 0.26772516614583336 0.4663825537037037 0.25369333072916667 0.4663825537037037 0.2538101953125 0.5105786768518519 0.26780374791666667 0.510855187962963 0.26772516614583336 0.4663825537037037
4 0.2866653234375 0.46637970370370374 0.2726334880208333 0.46637970370370374 0.27275035260416663 0.5105758268518518 0.28674390468750005 0.5108523379629629 0.2866653234375 0.46637970370370374
4 0.24064477135416668 0.4664424175925926 0.23698569427083335 0.4663968074074074 0.23698569427083335 0.4814139111111111 0.24070924843750002 0.4814139111111111 0.24064477135416668 0.4664424175925926
4 0.2330404994791667 0.46622291944444444 0.2273262140625 0.4661060435185185 0.22721942395833333 0.5121351194444443 0.23309893229166667 0.5119156212962963 0.2330404994791667 0.46622291944444444
4 0.34595607500000003 0.4666077537037037 0.3287326213541667 0.4665279361111111 0.32867620416666665 0.5107326111111111 0.3457666734375 0.5105900796296297 0.34595607500000003 0.4666077537037037
4 0.32827523697916666 0.4664794759259259 0.31119685677083336 0.4665108324074074 0.31130767656249997 0.5105416194444444 0.32825307291666667 0.510621437037037 0.32827523697916666 0.4664794759259259
4 0.310660890625 0.46640535925925924 0.293241990625 0.46648517685185187 0.2932037072916666 0.5105729759259259 0.3107838 0.5107155074074075 0.310660890625 0.46640535925925924
4 0.35234535572916664 0.4664937287037037 0.34634898229166666 0.4664937287037037 0.34623211770833334 0.5107440138888889 0.35234535572916664 0.5107440138888889 0.35234535572916664 0.4664937287037037
4 0.19857142864583333 0.38612599814814813 0.18384041927083333 0.38261402499999997 0.1839069109375 0.4019754842592593 0.198440459375 0.4020210944444444 0.19857142864583333 0.38612599814814813
4 0.19843441458333333 0.40305017129629633 0.18395929895833335 0.4030045611111111 0.18389683645833335 0.41572976018518515 0.198466653125 0.41572976018518515 0.19843441458333333 0.40305017129629633
4 0.19840620572916665 0.41686145925925927 0.183929075 0.41681584907407404 0.18386661302083332 0.4295410490740741 0.1984364296875 0.4295410490740741 0.19840620572916665 0.41686145925925927
4 0.19841225052083333 0.444429875 0.18393511979166668 0.4443871148148148 0.1838726578125 0.4571094638888889 0.19844247447916666 0.4571094638888889 0.19841225052083333 0.444429875
4 0.19849083229166667 0.45834948703703704 0.1840137015625 0.45830387685185187 0.1839512390625 0.47102907685185186 0.19852105572916667 0.47102907685185186 0.19849083229166667 0.45834948703703704
4 0.19837195260416665 0.472100912037037 0.18389683645833335 0.47205530185185185 0.18397541822916666 0.4961659064814815 0.19845456354166666 0.4960860888888889 0.19837195260416665 0.472100912037037
4 0.19843844427083335 0.43047890555555557 0.18396332864583334 0.4304361462962963 0.18389885156250002 0.44315849444444444 0.1984706828125 0.44315849444444444 0.19843844427083335 0.43047890555555557
4 0.20370340520833335 0.38379703518518515 0.20014910312499998 0.38633694444444444 0.2001672375 0.4020353481481481 0.20362683854166666 0.40206100370370373 0.20370340520833335 0.38379703518518515
4 0.20365504739583334 0.40310433333333334 0.20019141666666668 0.4029646518518518 0.20015111822916667 0.4157440138888889 0.20368325625 0.41574116296296293 0.20365504739583334 0.40310433333333334
4 0.20371549479166667 0.4168557583333334 0.2002075359375 0.4169099203703704 0.2002075359375 0.42960946388888893 0.20371952447916666 0.42959806111111115 0.20371549479166667 0.4168557583333334
4 0.20363086822916668 0.4306470925925926 0.20012290937500002 0.43070410462962966 0.20012290937500002 0.44340079814814815 0.2036348984375 0.4433922462962963 0.20363086822916668 0.4306470925925926
4 0.20364900260416666 0.44430729722222223 0.20014104375 0.44436145925925924 0.20014104375 0.45706100370370367 0.20365504739583334 0.4570496009259259 0.20364900260416666 0.44430729722222223
4 0.20361877916666668 0.458235462037037 0.20011082031250002 0.4582924740740741 0.20011082031250002 0.4709891675925926 0.20362280885416667 0.47098061574074074 0.20361877916666668 0.458235462037037
4 0.20353012291666667 0.47206670462962963 0.20017328229166667 0.47206670462962963 0.20026193854166668 0.4958808435185186 0.20353012291666667 0.4958637398148148 0.20353012291666667 0.47206670462962963
4 0.2516260328125 0.4014880277777778 0.24323393124999998 0.40145667037037036 0.2432198265625 0.4173375138888889 0.2516260328125 0.41734036481481485 0.2516260328125 0.4014880277777778
4 0.27358251041666665 0.4015992018518519 0.26519040885416667 0.4015678453703703 0.26517630468750003 0.41744868888888886 0.27358251041666665 0.4174515388888889 0.27358251041666665 0.4015992018518519
4 0.2516260328125 0.41734036481481485 0.2432198265625 0.4173375138888889 0.24314325989583332 0.4339965796296296 0.2516260328125 0.4339965796296296 0.2516260328125 0.41734036481481485
4 0.27358251041666665 0.4174515388888889 0.26517630468750003 0.41744868888888886 0.2652024984375 0.43395381944444444 0.2735966151041667 0.43395381944444444 0.27358251041666665 0.4174515388888889
4 0.299621196875 0.40147092314814814 0.2792000807291667 0.401416762037037 0.2791738869791667 0.43387685277777777 0.2997279869791667 0.43394811851851856 0.299621196875 0.40147092314814814
2 0.7797924640624999 0.4882753703703704 0.7692282895833333 0.4882896240740741 0.7692504531250001 0.5356014824074075 0.7797924640624999 0.5356185861111111 0.7797924640624999 0.4882753703703704
4 0.6274289744791666 0.48942702407407407 0.616105178125 0.48950399074074075 0.616105178125 0.5041391101851852 0.6274289744791666 0.5040992018518519 0.6274289744791666 0.48942702407407407
4 0.6272980052083333 0.5048232611111111 0.615974209375 0.5049002277777778 0.615974209375 0.5195324972222223 0.6272980052083333 0.5194954388888888 0.6272980052083333 0.5048232611111111
4 0.6693330645833334 0.4883295324074074 0.6609026796874999 0.4883038768518519 0.6608845458333333 0.50022805 0.6693713479166666 0.5002565564814815 0.6693330645833334 0.4883295324074074
4 0.6693733630208333 0.520399087962963 0.660942978125 0.5203734324074074 0.6609268588541667 0.535287912962963 0.6693592583333333 0.5352708092592593 0.6693733630208333 0.520399087962963
4 0.6693713479166666 0.5002565564814815 0.6608845458333333 0.50022805 0.660942978125 0.5203734324074074 0.6693733630208333 0.520399087962963 0.6693713479166666 0.5002565564814815
4 0.6766935322916667 0.4883124287037037 0.6766673385416666 0.5312856324074074 0.7220955067708333 0.5314025083333334 0.7221217005208334 0.48834948703703707 0.6766935322916667 0.4883124287037037
4 0.73794680625 0.4883010259259259 0.7295526901041666 0.4882554157407407 0.7294882130208333 0.5002679592592593 0.7379145677083333 0.5001311287037037 0.73794680625 0.4883010259259259
4 0.737912553125 0.5204874574074074 0.7295184364583334 0.5204418472222222 0.7295627645833334 0.5353021666666667 0.7379065083333334 0.5352565564814815 0.737912553125 0.5204874574074074
4 0.7379145677083333 0.5001311287037037 0.7294882130208333 0.5002679592592593 0.7295184364583334 0.5204418472222222 0.737912553125 0.5204874574074074 0.7379145677083333 0.5001311287037037
4 0.7961898046875 0.503928163888889 0.796193834375 0.5205017101851852 0.8127725166666667 0.5205017101851852 0.8127342333333334 0.504033637037037 0.7961898046875 0.503928163888889
2 0.8630465442708334 0.48812428703703703 0.8499838807291666 0.48809863148148147 0.8500040296875 0.5349771953703704 0.8631593791666667 0.5348973777777778 0.8630465442708334 0.48812428703703703
4 0.8795083619791666 0.4882725203703704 0.8794821682291667 0.49996294166666666 0.9027866208333334 0.5002594074074074 0.9028510979166666 0.4883551879629629 0.8795083619791666 0.4882725203703704
4 0.9028510979166666 0.4883551879629629 0.9027866208333334 0.5002594074074074 0.9179065083333333 0.500282212037037 0.9179286723958333 0.4882468638888889 0.9028510979166666 0.4883551879629629
4 0.8873141244791667 0.5001054731481481 0.8794821682291667 0.49996294166666666 0.8794438848958334 0.520624287037037 0.8874128552083334 0.5204846064814815 0.8873141244791667 0.5001054731481481
4 0.88733024375 0.5251909916666667 0.8794640338541666 0.525114025 0.8793834374999999 0.5348175601851852 0.8873040499999999 0.5347405925925927 0.88733024375 0.5251909916666667
4 0.6282671770833334 0.45943557592592593 0.6153979447916667 0.45925313611111107 0.6153556317708334 0.48843785648148147 0.6282067296875 0.4883922462962963 0.6282671770833334 0.45943557592592593
4 0.6282450130208334 0.5204446981481482 0.6153596614583333 0.5203734324074074 0.6154483177083333 0.5548574685185186 0.6281865807291667 0.5548574685185186 0.6282450130208334 0.5204446981481482
2 0.6623594598958333 0.42783922500000005 0.6534757203125 0.4277936148148148 0.653409228125 0.4475228046296296 0.662458190625 0.447385975 0.6623594598958333 0.42783922500000005
4 0.681084021875 0.42406784537037034 0.6684122505208333 0.42406784537037034 0.6684283697916666 0.4475114027777778 0.68103969375 0.4475114027777778 0.681084021875 0.42406784537037034
4 0.6935442270833333 0.4241847203703704 0.6815252869791667 0.4241134546296296 0.68154140625 0.447554162037037 0.6936328833333333 0.44755701296296296 0.6935442270833333 0.4241847203703704
4 0.7062039088541667 0.42415336388888886 0.6939613135416667 0.4241191564814815 0.6939774328125 0.4475627138888889 0.7062260729166667 0.4474800453703704 0.7062039088541667 0.42415336388888886
4 0.718801128125 0.4242702398148148 0.7065585333333334 0.4242360314814815 0.7065746526041666 0.44767673888888887 0.7188253072916667 0.44759407037037036 0.718801128125 0.4242702398148148
4 0.7313882734374999 0.4242702398148148 0.7191456781250001 0.4242360314814815 0.7191617973958333 0.44767673888888887 0.7314104369791666 0.44759407037037036 0.7313882734374999 0.4242702398148148
4 0.757348378125 0.4240763972222222 0.7451077979166667 0.4242360314814815 0.7451239171875 0.44767673888888887 0.7573725567708334 0.44759407037037036 0.757348378125 0.4240763972222222