1 0.0001188796875 0 0.00041910156250000004 1 1 1 1 0 0.0001188796875 0
3 0.6293350796875 0.36569555277777777 0.6870340520833333 0.3658836944444444 0.6871005442708333 0.35786202962962965 0.6294438848958334 0.35781071851851853 0.6293350796875 0.36569555277777777
3 0.623806165625 0.4817702398148148 0.6292806770833334 0.48165336388888896 0.6292806770833334 0.32246864351851856 0.6235986296875 0.3224087796296296 0.623806165625 0.4817702398148148
3 0.6926616963541666 0.49022234907407414 0.6927040098958333 0.47988027407407413 0.6872294984374999 0.480057012962963 0.6871448718750001 0.48187001111111116 0.5971086036458334 0.4818301027777778 0.5971086036458334 0.4899287342592592 0.6926616963541666 0.49022234907407414
3 0.6107213380208333 0.49744583796296293 0.6163630869791666 0.49724914444444446 0.6163630869791666 0.4901539342592593 0.6106528307291667 0.4901539342592593 0.6107213380208333 0.49744583796296293
3 0.5970783802083334 0.48181299907407404 0.6026798307291668 0.48178449259259265 0.6026395322916667 0.4569840361111111 0.5970380817708333 0.4570695555555555 0.5970783802083334 0.48181299907407404
3 0.6026596817708333 0.4649372861111111 0.6236429578125 0.46497719537037036 0.6237295989583332 0.45697263425925927 0.6026939348958333 0.4570581527777778 0.6026596817708333 0.4649372861111111
3 0.610687084375 0.7697491444444444 0.6166068911458333 0.7695011398148148 0.6162240578125 0.535966362962963 0.6107213380208333 0.5360148231481482 0.610687084375 0.7697491444444444
3 0.17457586145833334 0.5598546175925926 0.26181341927083335 0.5598546175925926 0.2618980453125 0.5518529074074073 0.17449123489583332 0.5518757129629629 0.17457586145833334 0.5598546175925926
3 0.28896030625 0.5599144814814815 0.3003626838541667 0.5600769666666666 0.3001894015625 0.5518671611111111 0.2891053796875 0.5521550740740742 0.28896030625 0.5599144814814815
3 0.327656659375 0.5598517675925926 0.4211082005208333 0.5600912203703703 0.42098730624999997 0.5520182444444445 0.3276324802083333 0.551984036111111 0.327656659375 0.5598517675925926
3 0.38743703385416667 0.5598546175925926 0.387568003125 0.5776795898148148 0.39311102135416665 0.5775883694444445 0.39311102135416665 0.5600028509259259 0.38743703385416667 0.5598546175925926
3 0.4154785411458333 0.5775741166666667 0.38758815208333336 0.5775655648148148 0.38758815208333336 0.5854047888888889 0.4154785411458333 0.5855530212962963 0.4154785411458333 0.5775741166666667
3 0.4153354828125 0.7524486888888889 0.421251259375 0.7527337518518519 0.4210517833333334 0.5601510833333333 0.4155349588541667 0.5601510833333333 0.4153354828125 0.7524486888888889
3 0.7451883942708334 0.4894640824074074 0.7705359661458334 0.48941562129629623 0.7704996979166666 0.48153363703703705 0.7452226473958333 0.48168187037037036 0.7451883942708334 0.4894640824074074
3 0.708581503125 0.7033751425925926 0.7705823088541667 0.7036202962962963 0.7705420109375001 0.6954561 0.708581503125 0.6953363740740741 0.708581503125 0.7033751425925926
3 0.7233689302083334 0.7289110601851851 0.7290852307291666 0.7289937287037037 0.7290852307291666 0.7035860888888888 0.7233407213541666 0.7035034203703704 0.7233689302083334 0.7289110601851851
3 0.6166310697916667 0.7034207527777778 0.6514285713541667 0.70363455 0.6514769291666667 0.6954047888888889 0.6165323390625 0.6953363740740741 0.6166310697916667 0.7034207527777778
3 0.6391497078125 0.7233751425925925 0.6447713078124999 0.723289624074074 0.6448216802083333 0.7036716074074074 0.6391819463541667 0.7034350055555555 0.6391497078125 0.7233751425925925
3 0.6447713078124999 0.723289624074074 0.6174410640625 0.7234321546296296 0.6175861375 0.7312314712962963 0.6448116057291667 0.7312998861111112 0.6447713078124999 0.723289624074074
3 0.617285915625 0.7234435574074074 0.6230163208333334 0.723238312037037 0.6229881119791667 0.7036088935185185 0.6173665119791667 0.7035518814814815 0.617285915625 0.7234435574074074
4 0.300880515625 0.2802622574074074 0.33108805156250004 0.2802622574074074 0.33104573854166663 0.2708637398148148 0.300880515625 0.27092360277777777 0.300880515625 0.2802622574074074
3 0.34855732395833333 0.3301197259259259 0.3429780375 0.3302736601851852 0.3429578885416667 0.33417901944444445 0.29012089479166664 0.33401938425925926 0.2900624619791667 0.3421892814814815 0.3542434010416667 0.3419840361111111 0.3541285510416667 0.33418472037037034 0.34855732395833333 0.33414481203703705 0.34855732395833333 0.3301197259259259
3 0.3430102760416667 0.2916647666666667 0.34861978645833336 0.2917673888888889 0.3486923234375 0.27859749166666664 0.34296191822916666 0.2787001138888889 0.3430102760416667 0.2916647666666667
3 0.34573846458333335 0.48583238333333334 0.35804956666666665 0.4855758268518518 0.3580737458333333 0.47792474351851855 0.34566995781250004 0.47782212129629636 0.34573846458333335 0.48583238333333334
3 0.34856135416666667 0.47782212129629636 0.3542675802083333 0.47782212129629636 0.35427966979166664 0.3420011398148148 0.34857142864583335 0.342100912037037 0.34856135416666667 0.47782212129629636
3 0.3436026598958334 0.40188141388888887 0.3485593390625 0.4019384268518519 0.3484988916666667 0.39404218888888887 0.34358251041666665 0.39398517685185186 0.3436026598958334 0.40188141388888887
3 0.48544831770833335 0.47779076388888886 0.3852085432291667 0.47779076388888886 0.38524279687499996 0.48567274814814815 0.48551883958333336 0.4858209805555555 0.48544831770833335 0.47779076388888886
3 0.4557928671875 0.4777366018518518 0.46139431770833333 0.47767958981481484 0.46137416875 0.27873432129629633 0.45577271822916665 0.2788768527777778 0.4557928671875 0.4777366018518518
3 0.5969836791666666 0.2720923601851852 0.6026496072916667 0.2720923601851852 0.6027987104166667 0.1868329537037037 0.5971327828124999 0.18697548425925928 0.5969836791666666 0.2720923601851852
3 0.5614265567708333 0.21198973796296297 0.5969836791666666 0.2121094638888889 0.5970662906249999 0.20389110648148148 0.5615534958333334 0.2038340935185185 0.5614265567708333 0.21198973796296297
3 0.6026435625000001 0.3141533638888889 0.6027483375 0.31085233796296297 0.5970380817708333 0.31095210925925926 0.5972133791666666 0.32223204074074074 0.6870421114583334 0.3225769666666667 0.6872516625 0.3143500574074074 0.6026435625000001 0.3141533638888889
3 0.6871126333333333 0.4414880277777778 0.6927866208333333 0.4414880277777778 0.6927523677083334 0.1869669324074074 0.6872174088541667 0.18691847222222222 0.6871126333333333 0.4414880277777778
3 0.7474853916666666 0.365627137962963 0.7706407416666666 0.36553021666666663 0.7705359661458334 0.3578449259259259 0.7473806166666667 0.3576966935185185 0.7474853916666666 0.365627137962963
3 0.6927463229166667 0.36573546203703705 0.7080394921875001 0.36573546203703705 0.7082873260416667 0.35793329537037033 0.6928712473958334 0.3578164194444444 0.6927463229166667 0.36573546203703705
3 0.5611726776041667 0.20376282777777777 0.5611424541666667 0.17933010277777778 0.5555369734375 0.17923318148148148 0.5554664515625 0.20376282777777777 0.5611726776041667 0.20376282777777777
3 0.5614144671875 0.20379133425925924 0.5499234333333334 0.20390250833333334 0.5499939552083333 0.21212656759259257 0.5613781984375 0.21212656759259257 0.5614144671875 0.20379133425925924
3 0.46139431770833333 0.2119811861111111 0.49576868854166667 0.2120296462962963 0.49566794270833336 0.20393386574074074 0.46133790052083334 0.20368871111111111 0.46139431770833333 0.2119811861111111
3 0.45562159999999996 0.2787286203703704 0.461366109375 0.2787286203703704 0.46133790052083334 0.20385404814814814 0.45579488229166665 0.20401938425925925 0.45562159999999996 0.2787286203703704
3 0.4326294578125 0.2784891675925926 0.4555752567708333 0.2786858611111111 0.4555752567708333 0.2709521092592593 0.4325246828125 0.2707069555555556 0.4326294578125 0.2784891675925926
3 0.33115454375000003 0.2785490305555555 0.3634434817708333 0.2786202962962963 0.36359258489583335 0.2709578111111111 0.33115454375000003 0.27067559907407407 0.33115454375000003 0.2785490305555555
3 0.29020753593750004 0.27860319259259264 0.30096715677083336 0.27881984074074073 0.3008563369791667 0.2706813 0.2901793270833333 0.2707639685185185 0.29020753593750004 0.27860319259259264
3 0.2900483578125 0.2708580388888889 0.28476727760416665 0.27094070740740744 0.2845859359375 0.38715507407407407 0.28994559739583337 0.38720068425925924 0.2900483578125 0.2708580388888889
3 0.23279065104166669 0.38710091203703706 0.28444690729166666 0.38725199537037036 0.28458190624999996 0.379258837037037 0.23290550052083334 0.3790963509259259 0.23279065104166669 0.38710091203703706
3 0.23974007656250002 0.40340935 0.24552085416666666 0.4035575824074074 0.24555510781249998 0.38710376296296295 0.2398105984375 0.38705530185185183 0.23974007656250002 0.40340935
3 0.239780375 0.47752850648148143 0.24564174895833332 0.4776510833333333 0.24564174895833332 0.4715763972222222 0.23989723958333334 0.4711659064814815 0.239780375 0.47752850648148143
3 0.3185331453125 0.47772804999999996 0.23979447916666666 0.47745153888888886 0.2398549265625 0.4856613453703704 0.31849687708333335 0.48575826666666666 0.3185331453125 0.47772804999999996
3 0.2845214588541667 0.4775142527777777 0.2901793270833333 0.4775826685185185 0.29001007447916666 0.3872063851851852 0.2845456375 0.3869669324074074 0.2845214588541667 0.4775142527777777
3 0.29002619375 0.4019669324074074 0.31049768281249995 0.40202394537037034 0.31044730989583336 0.39395667037037035 0.29004231302083333 0.3938141388888889 0.29002619375 0.4019669324074074
3 0.30505339531250003 0.39384834629629634 0.31071932291666665 0.3939908777777778 0.31038686302083335 0.34252280462962964 0.30495264947916667 0.3423460657407407 0.30505339531250003 0.39384834629629634
3 0.3104573848958333 0.4019384268518519 0.31634092291666666 0.4019099203703704 0.316220028125 0.3939110601851852 0.3103929072916667 0.3939794759259259 0.3104573848958333 0.4019384268518519
4 0.36375982291666664 0.2801453824074074 0.43261535364583337 0.2801453824074074 0.4320310296875 0.27092360277777777 0.36363489843749996 0.2712200685185185 0.36375982291666664 0.2801453824074074
4 0.4956276447916667 0.2131698972222222 0.5498287328125 0.2132839222222222 0.5499234333333334 0.20390250833333334 0.49566794270833336 0.20393386574074074 0.4956276447916667 0.2131698972222222
4 0.6352971994791666 0.18828677314814815 0.6807132781249999 0.18858323796296295 0.6806367114583334 0.17930444722222222 0.6355389885416667 0.17924173333333335 0.6352971994791666 0.18828677314814815
4 0.7110658875 0.18833808425925927 0.7443763854166666 0.1881328388888889 0.7442071328125 0.17919042222222223 0.7109812614583333 0.17910490277777777 0.7110658875 0.18833808425925927
4 0.7333064677083333 0.7787913342592593 0.7636066895833333 0.779096350925926 0.7636510177083333 0.7695267962962963 0.7334414666666667 0.7696978333333333 0.7333064677083333 0.7787913342592593
4 0.6554906307291667 0.7777366018518518 0.7095063468749999 0.7777679592592593 0.7095103765625 0.7685290768518518 0.6553898848958333 0.7683865453703704 0.6554906307291667 0.7777366018518518
4 0.6514285713541667 0.70363455 0.708581503125 0.7033751425925926 0.708422325 0.6944127703703703 0.6514809588541667 0.6942702398148148 0.6514285713541667 0.70363455
4 0.44819262552083333 0.7921864305555555 0.597400765625 0.7924572407407408 0.5974853916666666 0.7830587231481482 0.448158371875 0.7831755990740741 0.44819262552083333 0.7921864305555555
4 0.31617167031250004 0.760567275 0.3821881927083333 0.7606043333333333 0.382228490625 0.7519070694444444 0.31617167031250004 0.7516704675925926 0.31617167031250004 0.760567275
4 0.211329840625 0.7618671611111112 0.2742454161458333 0.7619156212962963 0.27423937135416665 0.7526681870370371 0.211188796875 0.7529019388888889 0.211329840625 0.7618671611111112
2 0.20550876510416666 0.387160775 0.23279065104166669 0.38710091203703706 0.23319363281250002 0.34268243981481483 0.20691315729166665 0.34268243981481483 0.20550876510416666 0.387160775
2 0.23989723958333334 0.4711659064814815 0.246308684375 0.47137115185185186 0.2464537578125 0.4034749148148148 0.23974007656250002 0.40340935 0.23989723958333334 0.4711659064814815
2 0.2891053796875 0.5521550740740742 0.2618980453125 0.5518529074074073 0.2614950635416667 0.5946693268518519 0.28916985677083334 0.5956898518518519 0.2891053796875 0.5521550740740742
2 0.3276324802083333 0.551984036111111 0.3001894015625 0.5518671611111111 0.3001309692708333 0.5959549601851851 0.32744307864583333 0.5956100342592592 0.3276324802083333 0.551984036111111
2 0.6108704411458333 0.5356100342592592 0.6414064072916666 0.5343785629629629 0.64227281875 0.49694982870370374 0.6107213380208333 0.49744583796296293 0.6108704411458333 0.5356100342592592
2 0.6980495666666666 0.7673745722222223 0.7290147088541666 0.7675313564814814 0.7290852307291666 0.7289937287037037 0.6984082208333333 0.7293329537037037 0.6980495666666666 0.7673745722222223
2 0.6617610317708333 0.47992588333333336 0.6927040098958333 0.47988027407407413 0.6927866208333333 0.4414880277777778 0.6623614750000001 0.4425313564814815 0.6617610317708333 0.47992588333333336
2 0.708079790625 0.3667901935185185 0.7473705421875 0.3667901935185185 0.7473806166666667 0.3576966935185185 0.7082873260416667 0.35793329537037033 0.708079790625 0.3667901935185185
2 0.5970380817708333 0.31095210925925926 0.6282933708333334 0.31120581574074074 0.6290731411458333 0.27296465185185187 0.5969836791666666 0.2720923601851852 0.5970380817708333 0.31095210925925926
2 0.317568003125 0.3306955527777778 0.34855732395833333 0.3301197259259259 0.34839613125 0.2921864305555556 0.3188676203125 0.2921864305555556 0.317568003125 0.3306955527777778
2 0.31634092291666666 0.4019099203703704 0.3432883338541667 0.4019726342592593 0.3439895223958333 0.3577080953703704 0.3171166635416667 0.35785062685185187 0.31634092291666666 0.4019099203703704
2 0.31849687708333335 0.48575826666666666 0.34553898854166665 0.4859007981481482 0.345974209375 0.4414880277777778 0.31952448125 0.441932725 0.31849687708333335 0.48575826666666666
2 0.35804956666666665 0.4855758268518518 0.3850332458333333 0.48572405925925927 0.3851057828125 0.4417331814814815 0.3580737458333333 0.44135689814814816 0.35804956666666665 0.4855758268518518
3 0.16870038281250002 0.38705530185185183 0.20550876510416666 0.387160775 0.20565786822916668 0.37910490277777775 0.16873665104166669 0.3791562148148148 0.16870038281250002 0.38705530185185183
3 0.16856941354166669 0.7527137972222222 0.17449325 0.7527137972222222 0.17461817447916667 0.38697548425925926 0.16863187604166668 0.386932725 0.16856941354166669 0.7527137972222222
3 0.16870038281250002 0.760276511111111 0.21116663333333333 0.7604874574074074 0.21112835 0.7526425314814814 0.16870038281250002 0.7526966935185185 0.16870038281250002 0.760276511111111
3 0.31601652239583333 0.7526254277777777 0.27423937135416665 0.7526681870370371 0.274176909375 0.7606100342592593 0.31617167031250004 0.760567275 0.31601652239583333 0.7526254277777777
3 0.2928168447916667 0.7527137972222222 0.29855530937499997 0.7527137972222222 0.2983699375 0.5602565564814815 0.29269393489583334 0.5602565564814815 0.2928168447916667 0.7527137972222222
3 0.4154583921875 0.7527480046296297 0.3822607291666667 0.7524857472222223 0.3821881927083333 0.7606043333333333 0.4153858552083333 0.7605929305555555 0.4154583921875 0.7527480046296297
3 0.4211867822916667 0.752842075 0.41554301822916667 0.7527194981481481 0.4154785411458333 0.7841676166666667 0.4211444692708334 0.784258837037037 0.4211867822916667 0.752842075
3 0.44806971614583335 0.7842445842592592 0.41544630260416665 0.78409065 0.4155027203125 0.7921408212962963 0.44819262552083333 0.7921864305555555 0.44806971614583335 0.7842445842592592
3 0.6108603666666668 0.7842930444444444 0.5976727786458333 0.7843187 0.5976224057291667 0.7922462944444444 0.610880515625 0.7921892814814815 0.6108603666666668 0.7842930444444444
3 0.6109409630208333 0.792160775 0.6164376385416667 0.7921408212962963 0.6165363692708333 0.7696265675925926 0.6108603666666668 0.7697833527777779 0.6109409630208333 0.792160775
3 0.6165242796875 0.7777537055555556 0.65548055625 0.777614025 0.6553516020833333 0.769312999074074 0.6165363692708333 0.7695581527777777 0.6165242796875 0.7777537055555556
3 0.7290147088541666 0.7675313564814814 0.72345355625 0.7674173314814814 0.7234737052083333 0.7695553018518518 0.7096091072916667 0.7692844925925927 0.7095063468749999 0.7777679592592593 0.73323393125 0.7775114027777777 0.7332661697916667 0.7693643101851851 0.7290026192708333 0.7693643101851851 0.7290147088541666 0.7675313564814814
3 0.7763248036458333 0.7695267962962963 0.7636510177083333 0.7695267962962963 0.7636711666666667 0.7776225768518519 0.7763852510416667 0.7778506268518518 0.7763248036458333 0.7695267962962963
3 0.7705943984375 0.7694555305555556 0.7762542817708333 0.7693985175925926 0.7763429375 0.18694127685185186 0.7707273828125001 0.1870125425925926 0.7705943984375 0.7694555305555556
3 0.7443622807291667 0.186932725 0.7764960708333334 0.18693842685185183 0.7763046546875 0.17893101481481483 0.7443018333333333 0.17909350092592594 0.7443622807291667 0.186932725
3 0.6806447713541667 0.18692132314814816 0.7110376786458333 0.18695553055555555 0.7109409630208333 0.17899087777777778 0.6805964135416667 0.17898517685185183 0.6806447713541667 0.18692132314814816
3 0.5611847671875 0.18711516574074075 0.6353374973958333 0.1866904222222222 0.6355389885416667 0.17924173333333335 0.5611343942708333 0.1789595212962963 0.5611847671875 0.18711516574074075