1 0 0 0 1 1 1 1 0 0 0
3 0.5175559135416666 0.24086944166666668 0.5174954666666667 0.25124572407407403 0.5295667942708333 0.2511088935185185 0.5294841828125 0.24084093518518518 0.5175559135416666 0.24086944166666668
3 0.5546826515625 0.4132725203703704 0.5544025791666667 0.42328962407407406 0.6183578479166666 0.4234863166666667 0.6183578479166666 0.4134150509259259 0.5546826515625 0.4132725203703704
3 0.6065283093749999 0.42346066111111114 0.6064880114583333 0.4257126564814815 0.6135603463541667 0.42557012499999997 0.6135804958333334 0.4235176740740741 0.6065283093749999 0.42346066111111114
3 0.6183578479166666 0.4234863166666667 0.6254483177083333 0.42354618055555554 0.6254684666666667 0.2511687574074074 0.6183759822916667 0.2511687574074074 0.6183578479166666 0.4234863166666667
3 0.6255087651041666 0.2783181296296296 0.6254503322916667 0.2888683009259259 0.7031513197916667 0.2887713796296296 0.7031513197916667 0.27852622592592596 0.6255087651041666 0.2783181296296296
3 0.6254281682291667 0.3717217787037037 0.625488615625 0.3820980611111111 0.6415917791666667 0.3819612314814815 0.6414749145833334 0.37178164166666666 0.6254281682291667 0.3717217787037037
3 0.703048559375 0.3819925879629629 0.7031090067708334 0.3716163055555556 0.6874733026041666 0.3716733185185185 0.6874934515625 0.3819070694444444 0.703048559375 0.3819925879629629
3 0.6063550270833333 0.5009378564814815 0.6063046546875 0.49065279351851854 0.5654321984375 0.49076681851851844 0.5654684666666667 0.5008608898148148 0.6063550270833333 0.5009378564814815
3 0.5654321984375 0.49076681851851844 0.5583014307291666 0.4908665907407407 0.558440459375 0.5217018240740741 0.5655087651041666 0.5217018240740741 0.5654321984375 0.49076681851851844
3 0.5655792869791667 0.5116533638888889 0.5655087651041666 0.5217018240740741 0.6063509973958333 0.5217018240740741 0.6064195041666667 0.5116020527777778 0.5655792869791667 0.5116533638888889
3 0.5175095708333334 0.17084663611111112 0.5102679833333333 0.17089509722222224 0.51037074375 0.1913112888888889 0.5174753171875 0.1910404787037037 0.5175095708333334 0.17084663611111112
3 0.3486923234375 0.4947833527777778 0.3560870442708334 0.4948118583333333 0.3559862984375 0.4889965796296296 0.34879306875 0.4890535916666666 0.3486923234375 0.4947833527777778
3 0.4028611729166667 0.407668187037037 0.41053798125 0.4075285064814815 0.41052790624999996 0.25139110648148144 0.40311706614583337 0.2514053592592593 0.4028611729166667 0.407668187037037
3 0.41061857760416665 0.39760547314814815 0.41053798125 0.4075285064814815 0.44074148697916665 0.407440137037037 0.44066089062499997 0.39763397962962965 0.41061857760416665 0.39760547314814815
3 0.36753979427083333 0.40755416203703704 0.367463228125 0.39761687592592593 0.284166834375 0.39761687592592593 0.284166834375 0.4075370583333333 0.36753979427083333 0.40755416203703704
3 0.2841426557291667 0.35709806111111114 0.27702800729166666 0.35690706944444445 0.2770098729166667 0.42471493703703705 0.28404190989583333 0.424828962037037 0.2841426557291667 0.35709806111111114
3 0.2770098729166667 0.42471493703703705 0.2770441265625 0.4143671611111111 0.2559097317708333 0.41446408240740745 0.25601450729166664 0.4247092361111111 0.2770098729166667 0.42471493703703705
3 0.2622546848958333 0.41433865462962965 0.2694076161458333 0.4143671611111111 0.2693532135416667 0.37750855185185184 0.26224058020833335 0.37753705833333334 0.2622546848958333 0.41433865462962965
3 0.25599435833333334 0.36733181296296297 0.25591376197916665 0.3774800453703704 0.27696957499999997 0.3774230333333333 0.27696957499999997 0.36750285092592594 0.25599435833333334 0.36733181296296297
3 0.28414668541666666 0.27626852870370366 0.27694539583333333 0.27625427592592594 0.2770098729166667 0.3068500574074074 0.2841184765625 0.3067274796296296 0.28414668541666666 0.27626852870370366
3 0.27694338125 0.29278506296296297 0.27694338125 0.2823916759259259 0.25601853697916666 0.282440137037037 0.25594801510416665 0.29283352314814814 0.27694338125 0.29278506296296297
3 0.27703002239583335 0.25894241759259257 0.28412250677083334 0.25886545 0.28404190989583333 0.2512827824074074 0.2769494255208333 0.2512542759259259 0.27703002239583335 0.25894241759259257
3 0.34874068124999996 0.43953819814814815 0.35603465625 0.43965222314814817 0.35601450729166667 0.4075826685185185 0.34876083020833337 0.40763968055555555 0.34874068124999996 0.43953819814814815
3 0.41052790624999996 0.25139110648148144 0.447003828125 0.25108893981481484 0.44671166614583335 0.24072976018518516 0.4104976828125 0.2407639685185185 0.41052790624999996 0.25139110648148144
3 0.41059036875000005 0.22000570092592592 0.41048760833333336 0.23039908796296296 0.4321075963541666 0.23025085555555558 0.4322123713541667 0.22000570092592592 0.41059036875000005 0.22000570092592592
3 0.4392262744791667 0.22003990833333334 0.4322123713541667 0.22000570092592592 0.4321217005208334 0.2405815277777778 0.439260528125 0.24072976018518516 0.4392262744791667 0.22003990833333334
3 0.5174954666666667 0.23452109444444444 0.5104372354166666 0.2343500574074074 0.5103223854166666 0.4132839222222222 0.5173564374999999 0.41333238333333333 0.5174954666666667 0.23452109444444444
3 0.5103223854166666 0.4132839222222222 0.5103163411458334 0.4237172175925926 0.5194438848958334 0.4236316990740741 0.5193632885416667 0.4133694416666666 0.5103223854166666 0.4132839222222222
3 0.5104170864583334 0.240849487037037 0.5071388270833334 0.2407839222222222 0.5071791255208333 0.25116305555555557 0.5103969375 0.2512257694444444 0.5104170864583334 0.240849487037037
4 0.46902478333333336 0.6975342074074075 0.4688172473958333 0.7092787916666666 0.5883034453125 0.7092274796296296 0.5881805359375 0.6974230333333333 0.46902478333333336 0.6975342074074075
4 0.5294781380208333 0.23893101481481482 0.5295667942708333 0.2511088935185185 0.6093673182291667 0.2511088935185185 0.6094559739583333 0.23905644259259257 0.5294781380208333 0.23893101481481482
4 0.44674390468749997 0.23897662500000003 0.447003828125 0.25108893981481484 0.5071408421875 0.2510148231481481 0.5071408421875 0.23912200648148146 0.44674390468749997 0.23897662500000003
2 0.27703002239583335 0.25894241759259257 0.27694539583333333 0.27625427592592594 0.29532137812500003 0.27600912222222224 0.29519242395833334 0.25894241759259257 0.27703002239583335 0.25894241759259257
2 0.2770904692708333 0.30684150555555556 0.27702800729166666 0.35690706944444445 0.3018053598958333 0.3570353481481482 0.30157364479166665 0.3065592925925926 0.2770904692708333 0.30684150555555556
2 0.36753979427083333 0.40755416203703704 0.40282087447916665 0.40763968055555555 0.40255490625 0.3490421888888889 0.36780374791666665 0.3492018240740741 0.36753979427083333 0.40755416203703704
2 0.35592383645833336 0.48887400185185187 0.35603465625 0.43965222314814817 0.314678621875 0.4396151657407407 0.3143038484375 0.4892987453703703 0.35592383645833336 0.48887400185185187
2 0.4273020348958333 0.49489737777777776 0.3916602859375 0.49491163055555554 0.39180938958333333 0.5534749148148148 0.4272274833333333 0.5533694416666667 0.4273020348958333 0.49489737777777776
2 0.28890187395833333 0.7118329537037037 0.2888978442708333 0.7551026222222222 0.3263550270833333 0.7552166472222221 0.3264154744791667 0.7115621435185185 0.28890187395833333 0.7118329537037037
2 0.51952448125 0.4236316990740741 0.5544025791666667 0.42328962407407406 0.5545234739583333 0.36450969259259264 0.5193370942708333 0.3645496009259259 0.51952448125 0.4236316990740741
2 0.51037074375 0.1913112888888889 0.5104372354166666 0.2343500574074074 0.5480294177083334 0.23443842685185184 0.5477594197916668 0.1910575824074074 0.51037074375 0.1913112888888889
2 0.6064880114583333 0.4257126564814815 0.6065283093749999 0.4753135694444445 0.6481543421875 0.4746835805555556 0.6478863588541667 0.425339225 0.6064880114583333 0.4257126564814815
2 0.7223453557291666 0.475114025 0.7223453557291666 0.42576966944444444 0.6804996979166666 0.4262628277777778 0.6806488010416667 0.47520809537037034 0.7223453557291666 0.475114025
3 0.2959520453125 0.7738568981481482 0.29600443281250005 0.7838397944444444 0.6135603463541667 0.7838654500000001 0.61362079375 0.7740022805555555 0.2959520453125 0.7738568981481482
3 0.6063328630208333 0.7738768527777778 0.61362079375 0.7740022805555555 0.6135401973958333 0.707554162037037 0.6063872656249999 0.707611174074074 0.6063328630208333 0.7738768527777778
3 0.5881805359375 0.6974230333333333 0.5883779973958333 0.707559862962963 0.7224803546874999 0.7074771953703703 0.7223010276041666 0.6974942990740741 0.5881805359375 0.6974230333333333
3 0.6063933104166667 0.6974201824074074 0.6136087041666667 0.6974486888888889 0.6134898244791667 0.47534207500000003 0.6064577875 0.4754503990740741 0.6063933104166667 0.6974201824074074
3 0.7150433203125 0.6974515388888889 0.7223010276041666 0.6974942990740741 0.7223655046875 0.4751425314814815 0.7151178723958334 0.4752508555555556 0.7150433203125 0.6974515388888889
3 0.71503123125 0.4257126564814815 0.7223453557291666 0.42576966944444444 0.7223856536458333 0.4144241731481481 0.71503123125 0.41439566666666666 0.71503123125 0.4257126564814815
3 0.7149627239583333 0.4247092361111111 0.71503123125 0.41439566666666666 0.70306669375 0.4144469787037037 0.703163409375 0.42464082129629627 0.7149627239583333 0.4247092361111111
3 0.70306669375 0.4144469787037037 0.7104614145833333 0.4143985175925926 0.7104614145833333 0.24084378518518518 0.7032359458333333 0.24084378518518518 0.70306669375 0.4144469787037037
3 0.7032037072916667 0.25119726296296296 0.7032359458333333 0.24084378518518518 0.6094902276041666 0.240849487037037 0.6093673182291667 0.2511088935185185 0.7032037072916667 0.25119726296296296
3 0.6602176104166666 0.24078677314814814 0.6676405401041666 0.24078677314814814 0.6674853916666666 0.17077252037037038 0.6602659682291667 0.1708437851851852 0.6602176104166666 0.24078677314814814
3 0.6674853916666666 0.17077252037037038 0.6674934515625 0.16075256574074076 0.40304251458333334 0.16080387685185185 0.40306266354166664 0.17080957777777778 0.6674853916666666 0.17077252037037038
3 0.41050574270833334 0.17081527962962964 0.40306266354166664 0.17080957777777778 0.4031231109375 0.24073546203703705 0.4104976828125 0.2407639685185185 0.41050574270833334 0.17081527962962964
3 0.41052790624999996 0.25139110648148144 0.4104976828125 0.2407639685185185 0.25591376197916665 0.24096351203703703 0.2558452546875 0.2512200685185185 0.41052790624999996 0.25139110648148144
3 0.25591376197916665 0.24096351203703703 0.2488938140625 0.24092645370370372 0.24882127760416667 0.7568700111111112 0.2559339109375 0.7567559861111112 0.25591376197916665 0.24096351203703703
3 0.24882127760416667 0.7568700111111112 0.24874068125 0.7671322694444445 0.2888978442708333 0.76704675 0.28891799322916667 0.7570125425925925 0.24882127760416667 0.7568700111111112
3 0.28902276822916667 0.7837770805555555 0.29600443281250005 0.7838397944444444 0.2959580901041667 0.75522805 0.2888958291666667 0.755168187037037 0.28902276822916667 0.7837770805555555
3 0.25597622395833336 0.6974486888888889 0.25594801510416665 0.7075883694444444 0.31281684479166666 0.7075684148148148 0.31263348802083335 0.6974800453703703 0.25597622395833336 0.6974486888888889
3 0.28889985885416664 0.7076767388888889 0.28890187395833333 0.7118329537037037 0.29600846249999996 0.7117417333333333 0.2960386864583333 0.7076767388888889 0.28889985885416664 0.7076767388888889
3 0.41264759218749997 0.7075684148148148 0.4687850088541667 0.707554162037037 0.46902478333333336 0.6975342074074075 0.41272818854166665 0.6974572407407408 0.41264759218749997 0.7075684148148148
3 0.42851098125 0.6974629416666667 0.43592585104166665 0.6974059296296297 0.435885553125 0.4948403648148148 0.4286117265625 0.4948403648148148 0.42851098125 0.6974629416666667
3 0.4286117265625 0.4948403648148148 0.4273020348958333 0.49489737777777776 0.4273423333333334 0.5049030787037038 0.4285714286458333 0.5049030787037038 0.4286117265625 0.4948403648148148
3 0.39151118281249997 0.5048346638888889 0.3916602859375 0.49491163055555554 0.25597219427083334 0.4947862027777778 0.25601450729166664 0.504717787962963 0.39151118281249997 0.5048346638888889
4 0.31265968177083336 0.6956755990740741 0.31281684479166666 0.7075684148148148 0.41264759218749997 0.7075684148148148 0.41264759218749997 0.6958979472222222 0.31265968177083336 0.6956755990740741