1 0 0 0 1 1 1 1 0 0 0
2 0.3230525890625 0.4573204101851852 0.3572919604166667 0.4573204101851852 0.3571206932291667 0.4067189277777778 0.322714084375 0.4062371722222222 0.3230525890625 0.4573204101851852
2 0.2906810395833333 0.5225 0.25581301614583335 0.522328962037037 0.25581301614583335 0.5728677305555555 0.2903123109375 0.5725228046296296 0.2906810395833333 0.5225
2 0.40078581510416667 0.522155074074074 0.36628652031250003 0.522328962037037 0.36665323385416665 0.5728677305555555 0.4010296192708333 0.5730416194444444 0.40078581510416667 0.522155074074074
2 0.5496050776041667 0.7031955527777778 0.549401571875 0.6544441277777778 0.5135140036458333 0.6545866592592592 0.5136167640625 0.7034834666666667 0.5496050776041667 0.7031955527777778
2 0.6424078177083333 0.6513369444444445 0.6205319364583333 0.6512371722222222 0.6201491031249999 0.7072092361111111 0.6424783395833333 0.7072092361111111 0.6424078177083333 0.6513369444444445
2 0.5534172880208333 0.47500285092592587 0.5534172880208333 0.5238968074074074 0.58879306875 0.5233209805555555 0.5889985895833333 0.47500285092592587 0.5534172880208333 0.47500285092592587
2 0.6157183156249999 0.44838939537037037 0.6157183156249999 0.3996379703703704 0.5802397744791666 0.40064994259259257 0.5798327625 0.44896807314814813 0.6157183156249999 0.44838939537037037
2 0.5814648395833333 0.3795895092592592 0.608581503125 0.37988027407407404 0.6083779973958333 0.33949258796296294 0.5815655854166667 0.3403591787037037 0.5814648395833333 0.3795895092592592
3 0.255436228125 0.5245068416666667 0.25581301614583335 0.5143614592592592 0.24710658854166667 0.5147491444444444 0.2468325609375 0.37838654537037036 0.25403788020833334 0.37833808425925924 0.25393511979166666 0.3679047888888889 0.23980052395833334 0.3680501712962963 0.2397320166666667 0.5145068416666666 0.18155148072916666 0.5144583805555556 0.18138222864583334 0.7213426453703704 0.21547451145833335 0.7212229194444444 0.21542212395833332 0.7111516537037037 0.18848277239583336 0.7111516537037037 0.18868829322916666 0.5249885972222222 0.255436228125 0.5245068416666667
3 0.2716340921875 0.7111602055555556 0.27161595833333335 0.7213226907407407 0.3239008666666667 0.7211773092592593 0.32383235937500005 0.7112770805555556 0.2716340921875 0.7111602055555556
3 0.37599435833333333 0.7112001138888889 0.37601652239583333 0.7211773092592593 0.42944186979166665 0.7212428731481482 0.4293592583333333 0.7112001138888889 0.37599435833333333 0.7112001138888889
3 0.5550554098958334 0.7111687574074075 0.5551118276041667 0.7042046750000001 0.5478863588541666 0.7041647666666666 0.5477433005208333 0.7112086657407407 0.525180334375 0.7111259981481481 0.5251138421875 0.7212314712962963 0.5643078781249999 0.7211545037037037 0.56413258125 0.7112086657407407 0.5550554098958334 0.7111687574074075
3 0.6361958494791666 0.731020524074074 0.6361958494791666 0.720570125 0.6229135604166667 0.720570125 0.6228793067708334 0.7072862027777778 0.615744509375 0.7073346638888889 0.6157102557291666 0.7112970351851852 0.6084364296874999 0.7112970351851852 0.6084968770833333 0.7212371722222223 0.6158130161458334 0.7211516537037037 0.6158795083333334 0.7308580388888889 0.6361958494791666 0.731020524074074
3 0.7451178723958333 0.645849487037037 0.7451299614583333 0.5744697833333333 0.7381382229166668 0.5746066138888889 0.7381382229166668 0.6360604333333334 0.6093250052083333 0.6359749148148148 0.6092363489583333 0.6459806157407408 0.6857344348958333 0.6460205240740741 0.6856739875 0.7206698972222222 0.6724380416666667 0.7205843787037037 0.6724138624999999 0.7309606611111111 0.6924743098958334 0.7306299888888889 0.6927745317708334 0.645849487037037 0.7451178723958333 0.645849487037037
3 0.7381079989583333 0.5118415055555555 0.7450735442708333 0.5119156212962963 0.7451984687500001 0.45477195 0.7380656859375 0.4549173314814815 0.7381079989583333 0.5118415055555555
3 0.6926858755208334 0.2548574685185185 0.6589804552083333 0.2547890537037037 0.6588978442708334 0.2648033064814815 0.6857223453125 0.2647434435185185 0.6856256296875001 0.33374002314814816 0.7381422526041667 0.3338768527777778 0.7379971791666667 0.3699657925925926 0.7450997380208333 0.3699771953703704 0.745057425 0.3239908777777778 0.6927342333333333 0.32375142500000004 0.6926858755208334 0.2548574685185185
3 0.6226878906250001 0.26479475462962965 0.6226878906250001 0.25473204074074074 0.514043925 0.25473204074074074 0.5140479546875 0.2648517675925926 0.6226878906250001 0.26479475462962965
3 0.47785613541666666 0.2648232611111111 0.477735240625 0.2547890537037037 0.4043723552083333 0.2548175601851852 0.40428974427083336 0.2648175601851852 0.47785613541666666 0.2648232611111111
3 0.3145859359375 0.35566134537037036 0.3145859359375 0.3675826685185185 0.2931392302083333 0.3675342074074074 0.2931734838541667 0.3780729759259259 0.321585734375 0.37792759444444446 0.321585734375 0.36595781111111114 0.33307475312499996 0.3658095777777778 0.3325528911458333 0.2645809574074074 0.37233326614583334 0.26493158518518517 0.37210558125 0.25482896203703703 0.32590167239583334 0.2550741166666667 0.32607696979166667 0.35566134537037036 0.3145859359375 0.35566134537037036
3 0.321585734375 0.37792759444444446 0.3144892203125 0.3780159638888889 0.3147390692708333 0.4646721777777778 0.3223856536458333 0.46455245185185184 0.321585734375 0.37792759444444446
3 0.3649647390625 0.26496579259259256 0.3575700182291667 0.26496579259259256 0.35767076354166666 0.36696123148148146 0.3649486197916667 0.36696123148148146 0.3649647390625 0.26496579259259256
3 0.3216602859375 0.3674543898148148 0.321585734375 0.37792759444444446 0.4061112229166667 0.37692417314814813 0.4061112229166667 0.36675598611111115 0.3216602859375 0.3674543898148148
3 0.41334273645833336 0.36211516574074076 0.40611525312499996 0.36205530185185186 0.4061112229166667 0.36675598611111115 0.4062865203125 0.46468072962962964 0.41334273645833336 0.4646721777777778 0.41334273645833336 0.36211516574074076
3 0.4062865203125 0.46468072962962964 0.40614950625 0.4545866592592593 0.35741486979166665 0.4546721777777778 0.3573544229166667 0.46454675 0.4062865203125 0.46468072962962964
3 0.40614950625 0.3122833527777778 0.4133225869791667 0.3123346638888889 0.4132661697916667 0.2648717222222222 0.4062683859375 0.2648717222222222 0.40614950625 0.3122833527777778
3 0.5551622005208333 0.26494013703703706 0.5477634494791667 0.2648574685185185 0.5477916583333333 0.47460946388888886 0.5551480958333334 0.47431299907407415 0.5551622005208333 0.26494013703703706
3 0.5744731010416667 0.26489167592592594 0.5673342734375001 0.264942987037037 0.5676002416666667 0.38711516574074073 0.5743058635416667 0.38716647685185185 0.5744731010416667 0.26489167592592594
3 0.5676002416666667 0.38711516574074073 0.5674733026041667 0.37695838055555553 0.5552004833333334 0.3770809574074074 0.5552004833333334 0.3871778787037037 0.5676002416666667 0.38711516574074073
3 0.5743058635416667 0.38716647685185185 0.5813701390625 0.3871379703703704 0.5814285713541667 0.3770410490740741 0.5743784000000001 0.3770410490740741 0.5743058635416667 0.38716647685185185
3 0.6087648598958334 0.3771094638888889 0.6088333666666668 0.38722063888888886 0.6140922828125 0.38707525648148144 0.6140237760416666 0.3770809574074074 0.6087648598958334 0.3771094638888889
3 0.6140922828125 0.3989937287037037 0.621507153125 0.3992417333333333 0.6213983479166667 0.32380273703703705 0.6140560145833334 0.3238454962962963 0.6140922828125 0.3989937287037037
3 0.6140116864583334 0.3339395666666667 0.6140560145833334 0.3238454962962963 0.5744650411458333 0.3237571268518518 0.5744650411458333 0.3338968074074074 0.6140116864583334 0.3339395666666667
3 0.5552347369791666 0.4594954388888889 0.5552347369791666 0.46988027407407407 0.6140681041666666 0.4697462944444445 0.6141265364583333 0.45952679629629634 0.5552347369791666 0.4594954388888889
3 0.61418496875 0.44931584907407407 0.6140681041666666 0.4697462944444445 0.6214789442708334 0.4698232611111111 0.6213580494791666 0.4491391101851852 0.61418496875 0.44931584907407407
3 0.5552246625 0.5242645379629629 0.5477775536458334 0.5242645379629629 0.54784203125 0.6542816416666667 0.555154140625 0.6544583805555556 0.5552246625 0.5242645379629629
3 0.5551944390625 0.6460062712962963 0.5690852307291667 0.6460376287037037 0.5690529921874999 0.6358608898148148 0.5551702598958334 0.6358922462962964 0.5551944390625 0.6460062712962963
3 0.6696353010416666 0.459432725 0.6696353010416666 0.4697291907407407 0.7380354625 0.4697519953703704 0.7379931494791666 0.4594697833333333 0.6696353010416666 0.459432725
3 0.2906830546875 0.7111402509259259 0.29782591197916664 0.7110803879629629 0.2977513598958333 0.5143956666666667 0.290890590625 0.5144954388888889 0.2906830546875 0.7111402509259259
3 0.2977513598958333 0.5143956666666667 0.2977694942708334 0.5248175601851851 0.36618577447916667 0.5248175601851851 0.3662220432291667 0.5145210944444444 0.2977513598958333 0.5143956666666667
3 0.4094076161458334 0.5146550740740741 0.40172073333333336 0.5143586092592592 0.40209550677083333 0.7111972629629629 0.40951642135416666 0.7110575824074074 0.4094076161458334 0.5146550740740741
4 0.32386056822916665 0.7094697833333333 0.3239008666666667 0.7211773092592593 0.37601652239583333 0.7211773092592593 0.3759339109375 0.7094099203703704 0.32386056822916665 0.7094697833333333
4 0.4293471692708334 0.7095381981481481 0.42944186979166665 0.7212428731481482 0.5251138421875 0.7212314712962963 0.5251380213541667 0.7095581527777778 0.4293471692708334 0.7095381981481481
4 0.5641305661458333 0.7094697833333333 0.5643078781249999 0.7211545037037037 0.6084968770833333 0.7212371722222223 0.6083800119791667 0.7095524518518518 0.5641305661458333 0.7094697833333333
4 0.6362361473958333 0.7189053592592592 0.6361958494791666 0.731020524074074 0.6724138624999999 0.7309606611111111 0.6724138624999999 0.7190222351851852 0.6362361473958333 0.7189053592592592
4 0.5690852307291667 0.6342702398148148 0.5690852307291667 0.6460376287037037 0.6092363489583333 0.6459806157407408 0.6092363489583333 0.6342702398148148 0.5690852307291667 0.6342702398148148
4 0.7366290552083333 0.5745667046296297 0.7451299614583333 0.5744697833333333 0.7450735442708333 0.5119156212962963 0.7366350994791666 0.5119612314814815 0.7366290552083333 0.5745667046296297
4 0.7365545031249999 0.4548888259259259 0.7451984687500001 0.45477195 0.7450997380208333 0.3699771953703704 0.7365665927083334 0.3700285064814815 0.7365545031249999 0.4548888259259259
4 0.6226637114583333 0.252839225 0.6226878906250001 0.26479475462962965 0.6588978442708334 0.2648033064814815 0.6589482166666667 0.25291049074074073 0.6226637114583333 0.252839225
4 0.47778762864583335 0.2526795898148148 0.47785613541666666 0.2648232611111111 0.5140479546875 0.2648517675925926 0.51396534375 0.25273660185185187 0.47778762864583335 0.2526795898148148
4 0.3721277453125 0.25293329537037035 0.37233326614583334 0.26493158518518517 0.40428974427083336 0.2648175601851852 0.40433205729166666 0.25275940740740743 0.3721277453125 0.25293329537037035
2 0.25393109010416665 0.37041619166666667 0.29267177135416667 0.37041619166666667 0.29287527708333333 0.31387685277777777 0.25383034479166666 0.31431014814814817 0.25393109010416665 0.37041619166666667
2 0.4113943177083333 0.31275940740740743 0.41132178125 0.36203819814814814 0.4473584526041667 0.3609350055555555 0.44728793072916667 0.31265678425925925 0.4113943177083333 0.31275940740740743
4 0.21547451145833335 0.7094013685185184 0.21547451145833335 0.7212229194444444 0.27161595833333335 0.7213226907407407 0.27161595833333335 0.7093015962962963 0.21547451145833335 0.7094013685185184