1 0 0 0 1 1 1 1 0 0 0
3 0.8030223656250001 0.3882302648148148 0.8030122911458334 0.3837674555555556 0.8045718317708332 0.38361926481481484 0.8043925046875 0.30370475925925927 0.7991738869791667 0.3036192648148148 0.7993552286458333 0.38825876296296297 0.8030223656250001 0.3882302648148148
2 0.7590167239583334 0.3128184666666667 0.7371851703125 0.3125733824074074 0.73744509375 0.3830322027777778 0.7590167239583334 0.38315474537037036 0.7590167239583334 0.3128184666666667
2 0.7867821880208333 0.3131946425925926 0.766334878125 0.3127016240740741 0.7665948015624999 0.38316044444444447 0.786862784375 0.38352807037037034 0.7867821880208333 0.3131946425925926
3 0.6926677411458333 0.4186235398148148 0.6926677411458333 0.3979167851851852 0.7601108203125 0.3981789685185185 0.7601108203125 0.41871188333333337 0.7553939151041666 0.4187973777777778 0.7555168244791666 0.4300598462962963 0.7707072333333334 0.43014819074074073 0.7706467864583334 0.4186235398148148 0.76592988125 0.41871188333333337 0.76592988125 0.398264462962963 0.8283477734375 0.3980906240740741 0.8285331453125 0.41871188333333337 0.8236933307291667 0.41871188333333337 0.8238766875 0.4300598462962963 0.8390670963541667 0.4300598462962963 0.8389462020833334 0.4187973777777778 0.834229296875 0.41888287222222226 0.8338605682291667 0.3878683388888889 0.6873262140624999 0.3900541462962963 0.6871650213541667 0.418666287037037 0.6822546848958333 0.41853804537037037 0.6821942375 0.42997435185185184 0.697630465625 0.43014819074074073 0.697568003125 0.41853804537037037 0.6926677411458333 0.4186235398148148
3 0.6924944588541667 0.29288686203703707 0.6926193833333334 0.303642062962963 0.8289945598958333 0.3035252212962963 0.828952246875 0.2930664009259259 0.6924944588541667 0.29288686203703707
4 0.6851702598958334 0.313650612962963 0.6850896635416667 0.353263037962963 0.6922828932291666 0.3533200342592593 0.6923836390625 0.3135366203703704 0.6851702598958334 0.313650612962963
3 0.6651944390625 0.3085921916666666 0.6719222244791666 0.3085921916666666 0.6719020755208334 0.3037019092592593 0.6848136208333333 0.2938985462962963 0.6848861578125 0.2818580796296296 0.687040096875 0.2818238814814815 0.6870642755208334 0.28035337685185185 0.6888978442708333 0.28041892314814815 0.6888978442708333 0.2882502138888889 0.6923111020833334 0.28804502685185185 0.7586661291666666 0.237301225 0.7586983677083333 0.24200057037037037 0.7625589359375 0.24200057037037037 0.7627644567708334 0.23723282962962963 0.8291356036458333 0.28793103425925926 0.8323695343749999 0.28825876296296293 0.83233528125 0.280384725 0.8339451942708334 0.28035622685185185 0.8339451942708334 0.28178398425925927 0.8363993552083334 0.2818666287037037 0.8363993552083334 0.29370190925925926 0.8561736854166667 0.3085921916666666 0.8560628651041667 0.29221715555555555 0.7606830546875 0.2182929611111111 0.6651944390625 0.29206041574074076 0.6651944390625 0.3085921916666666
3 0.6888978442708333 0.2882502138888889 0.6888978442708333 0.28041892314814815 0.6870642755208334 0.28035337685185185 0.687040096875 0.2818238814814815 0.6848861578125 0.2818580796296296 0.6849264557291667 0.3135024222222222 0.692546846875 0.31335993148148145 0.6923111020833334 0.28804502685185185 0.6888978442708333 0.2882502138888889
3 0.8339451942708334 0.28035622685185185 0.83233528125 0.280384725 0.8323695343749999 0.28825876296296293 0.8291356036458333 0.28793103425925926 0.8290771708333333 0.38415787962962966 0.8305057427083333 0.38415787962962966 0.8305057427083333 0.38765460277777775 0.8339875078125 0.38765460277777775 0.8341265364583333 0.4000142490740741 0.8364598026041666 0.4000142490740741 0.8363993552083334 0.2818666287037037 0.8339451942708334 0.28178398425925927 0.8339451942708334 0.28035622685185185
3 0.6872456177083334 0.3982901111111111 0.6872053192708333 0.3898546592592592 0.6917388677083333 0.38976916481481483 0.6917106588541666 0.38324878888888886 0.6925851302083333 0.38321459074074077 0.6925528911458334 0.3534140777777778 0.6848922020833333 0.3534539759259259 0.68486399375 0.39826731296296297 0.6872456177083334 0.3982901111111111
3 0.760749546875 0.3037332574074074 0.7606890994791667 0.38877172962962964 0.7655047348958333 0.38877172962962964 0.7656054807291667 0.3036762611111111 0.760749546875 0.3037332574074074