1 0 0 0 1 1 1 1 0 0 0
2 0.4633870640625 0.4316790194444445 0.46332661718749996 0.3932896240740741 0.43053798125 0.39354618055555557 0.43029619166666666 0.4325313564814815 0.4633870640625 0.4316790194444445
2 0.6102196249999999 0.4084891675925926 0.6344166833333333 0.4084492592592593 0.6341164619791667 0.3757240592592593 0.6101088052083333 0.3756413907407407 0.6102196249999999 0.4084891675925926
2 0.6606266369791667 0.4084549601851852 0.6848257104166666 0.4083580388888889 0.6847914567708333 0.37536773055555556 0.6611323796874999 0.3757126564814815 0.6606266369791667 0.4084549601851852
2 0.6072657666666667 0.5507212083333334 0.6074350192708333 0.5615992018518519 0.6399234333333333 0.5615564425925926 0.6397420916666667 0.5506413907407408 0.6072657666666667 0.5507212083333334
3 0.365692121875 0.5614965796296296 0.37323594583333336 0.5614538194444445 0.3729740078125 0.5511516537037037 0.365692121875 0.5509064990740741 0.365692121875 0.5614965796296296
3 0.4559097317708333 0.5613141388888889 0.4633608703125 0.5614623712962963 0.4633608703125 0.5510205240740741 0.4559439854166667 0.5510205240740741 0.4559097317708333 0.5613141388888889
3 0.455744509375 0.504147662037037 0.4633165421875 0.5041875712962962 0.46326213958333334 0.4934321546296297 0.45577271822916665 0.4935148231481481 0.455744509375 0.504147662037037
3 0.5099597015625 0.5509207527777777 0.5099173885416667 0.5616220064814815 0.5173967359375 0.5616790194444444 0.5173121093749999 0.5509207527777777 0.5099597015625 0.5509207527777777
3 0.5100564177083333 0.49342075277777775 0.5099415677083333 0.5042559861111111 0.5174551682291667 0.5042987453703703 0.5173987505208334 0.49350342037037037 0.5100564177083333 0.49342075277777775
3 0.6074350192708333 0.5615992018518519 0.6071569614583333 0.5511174462962963 0.6000544026041666 0.5510205240740741 0.6000544026041666 0.5615136833333334 0.6074350192708333 0.5615992018518519
3 0.6901309692708334 0.5510461805555555 0.690096715625 0.5612400231481481 0.6975478541666666 0.5614395666666667 0.6975821078125001 0.5509464083333333 0.6901309692708334 0.5510461805555555
3 0.6900866411458334 0.6889452675925926 0.6975659885416667 0.6889452675925926 0.6977332260416667 0.6784236027777778 0.6900443281249999 0.6786003416666667 0.6900866411458334 0.6889452675925926
3 0.6000624619791667 0.6785889398148147 0.6000624619791667 0.688805587037037 0.6073826312499999 0.6889452675925926 0.6074833770833333 0.6785205240740741 0.6000624619791667 0.6785889398148147
3 0.6901269395833334 0.44651368333333336 0.6975982270833333 0.4467189277777778 0.6975740479166667 0.43611459537037034 0.6900785812500001 0.4361830101851852 0.6901269395833334 0.44651368333333336
3 0.6901289541666666 0.3320496009259259 0.6975841223958333 0.3320496009259259 0.6976244208333333 0.321530787037037 0.6901088052083334 0.32147377407407407 0.6901289541666666 0.3320496009259259
3 0.600096715625 0.3319697833333333 0.6074511385416667 0.3320267962962963 0.6075115859375 0.32145096944444446 0.6000161192708333 0.32145096944444446 0.600096715625 0.3319697833333333
3 0.50992141875 0.3321094638888889 0.5174410640625 0.3321436712962963 0.517489421875 0.3214709231481482 0.5099939552083333 0.3215051314814815 0.50992141875 0.3321094638888889
3 0.45581704635416664 0.3214623712962963 0.4559862984375 0.3320667046296296 0.4632883338541667 0.33210091203703707 0.4633366916666667 0.3214623712962963 0.45581704635416664 0.3214623712962963
3 0.36571025572916666 0.3319697833333333 0.3731331854166667 0.3319697833333333 0.37320572239583333 0.32153648796296297 0.36568607708333334 0.32153648796296297 0.36571025572916666 0.3319697833333333
3 0.37319766249999997 0.44648232592592596 0.37319766249999997 0.43627708055555553 0.36572234531250003 0.4362200685185185 0.3656014505208333 0.4466818703703704 0.37319766249999997 0.44648232592592596
3 0.45587547864583333 0.4466248574074074 0.46332661718749996 0.4466248574074074 0.4632923635416667 0.43608323796296294 0.45587547864583333 0.43613454999999995 0.45587547864583333 0.4466248574074074
3 0.456361071875 0.4934635120370371 0.4628672171875 0.4933751425925926 0.46282691927083336 0.48998574722222227 0.45641748958333334 0.4897947546296296 0.456361071875 0.4934635120370371
3 0.45149103385416667 0.5541932722222223 0.45145073541666664 0.5581271379629629 0.45592383645833334 0.5581556444444444 0.455964134375 0.5542787916666666 0.45149103385416667 0.5541932722222223
3 0.43260729375 0.5542132268518519 0.43260729375 0.5584606611111111 0.4371549463541667 0.5584378564814815 0.4372012895833333 0.5542987453703704 0.43260729375 0.5542132268518519
3 0.37778359843750003 0.5583808435185186 0.37780374791666665 0.5541904222222223 0.3730404994791667 0.5542759407407407 0.37320975208333335 0.5583808435185186 0.37778359843750003 0.5583808435185186
3 0.39195244791666667 0.554204675 0.39197259739583334 0.5582240592592592 0.39646584739583335 0.5583380842592592 0.39632480364583333 0.5542331814814815 0.39195244791666667 0.554204675
3 0.37076969583333336 0.5242132268518519 0.36782792656249996 0.5242702398148148 0.36790852291666665 0.5307981759259259 0.3707898447916667 0.5308836944444444 0.37076969583333336 0.5242132268518519
3 0.36790046354166667 0.4668358037037037 0.3678803145833333 0.4733352333333333 0.3707817854166667 0.4732782212962963 0.37082208333333333 0.46689281666666665 0.36790046354166667 0.4668358037037037
3 0.367823896875 0.4096778787037037 0.36792262760416666 0.4162200685185185 0.370564175 0.41614880277777777 0.3706246223958333 0.40973489166666666 0.367823896875 0.4096778787037037
3 0.3678581505208333 0.3587656787037037 0.3707596213541667 0.3586516537037037 0.3707797703125 0.35206670462962963 0.3678581505208333 0.3520096925925926 0.3678581505208333 0.3587656787037037
3 0.521815434375 0.32864880277777775 0.521815434375 0.3247434435185185 0.5175035260416666 0.3246294185185185 0.5174430786458334 0.3286202962962963 0.521815434375 0.32864880277777775
3 0.5359601046875 0.32460091203703706 0.536000403125 0.32867730925925925 0.5407555911458334 0.32867730925925925 0.5407555911458334 0.3246294185185185 0.5359601046875 0.32460091203703706
3 0.576758009375 0.32472063888888886 0.5766975619791667 0.32874002314814815 0.5812915572916667 0.32882554166666667 0.581251259375 0.32463511944444445 0.576758009375 0.32472063888888886
3 0.5955752567708333 0.3247833527777778 0.5956357041666667 0.32880273703703705 0.6000685067708333 0.3287457240740741 0.6000685067708333 0.3246978333333333 0.5955752567708333 0.3247833527777778
3 0.6075035260416667 0.32466932685185185 0.6075035260416667 0.328916762037037 0.6117146885416667 0.32888825555555556 0.6117348380208333 0.32466932685185185 0.6075035260416667 0.32466932685185185
3 0.6387991135416667 0.32468928148148146 0.6388474713541666 0.32893386574074074 0.6435140036458333 0.32879703518518516 0.6435341526041667 0.32468928148148146 0.6387991135416667 0.32468928148148146
3 0.6953919000000001 0.33211231481481485 0.692369534375 0.33208380833333334 0.692369534375 0.3382126564814815 0.6953314526041667 0.3382696694444444 0.6953919000000001 0.33211231481481485
3 0.6922849083333333 0.37659064999999997 0.6924259520833334 0.38288768518518523 0.6953475718750001 0.38288768518518523 0.6953475718750001 0.37659064999999997 0.6922849083333333 0.37659064999999997
3 0.6922929677083334 0.4795182444444444 0.6953757807291667 0.47957525648148147 0.6954160791666666 0.4731898518518518 0.6923534151041667 0.47324686388888887 0.6922929677083334 0.4795182444444444
3 0.6952367520833334 0.5180843787037037 0.6922748338541667 0.5181128851851852 0.6922748338541667 0.5245267962962963 0.6953193635416667 0.5244697833333334 0.6952367520833334 0.5180843787037037
3 0.6925146083333333 0.5613483462962963 0.6923937135416666 0.5677337518518519 0.6953757807291667 0.5678192703703704 0.6953757807291667 0.5614338657407407 0.6925146083333333 0.5613483462962963
3 0.6924501307291667 0.5943415055555555 0.6954120489583333 0.5943985175925925 0.6954120489583333 0.5882126564814815 0.6924098328125 0.588241162962963 0.6924501307291667 0.5943415055555555
3 0.6924279671875 0.6519127703703703 0.6953697359375001 0.6518557583333333 0.6953898848958333 0.6453848342592593 0.6924239369791666 0.6454389962962963 0.6924279671875 0.6519127703703703
3 0.6924259520833334 0.6721693268518518 0.6925266973958333 0.6785262259259259 0.6953072739583334 0.6784122009259259 0.6953677213541667 0.6721693268518518 0.6924259520833334 0.6721693268518518
3 0.6858432401041666 0.6815193842592593 0.6858754786458333 0.6858893953703703 0.6900261937500001 0.6859464083333334 0.6900261937500001 0.6815279361111111 0.6858432401041666 0.6815193842592593
3 0.6117670765625001 0.6858323833333334 0.6117771510416666 0.6815678453703703 0.6074753171875 0.6815564425925926 0.6074551682291667 0.6858608898148149 0.6117670765625001 0.6858323833333334
3 0.6051299614583333 0.6724087796296296 0.6023090875 0.6723232611111111 0.6022284906250001 0.6785376287037037 0.6051501109374999 0.6785091222222223 0.6051299614583333 0.6724087796296296
3 0.6022305057291667 0.6518272518518519 0.6051924239583334 0.6517417333333333 0.6051178723958334 0.6454104907407407 0.6022305057291667 0.6452708092592593 0.6022305057291667 0.6518272518518519
3 0.6021781182291667 0.5945068416666667 0.6051400364583334 0.5944213231481481 0.6051400364583334 0.5882639685185186 0.6022788635416667 0.5882069555555556 0.6021781182291667 0.5945068416666667
3 0.6023191619791667 0.5676767388888889 0.6051198869791666 0.5676767388888889 0.6050191416666666 0.5615763972222223 0.6022385656250001 0.5616049027777777 0.6023191619791667 0.5676767388888889
3 0.5958089864583334 0.5542759407407407 0.5957283901041667 0.558295325 0.6001007453124999 0.5583238314814815 0.6000402984375001 0.5543329537037037 0.5958089864583334 0.5542759407407407
3 0.521752971875 0.558295325 0.5217408822916666 0.5542474342592593 0.5173685270833334 0.5543329537037037 0.5174088255208333 0.5583808435185186 0.521752971875 0.558295325
3 0.5055591375 0.5541733185185186 0.5056014505208333 0.55840935 0.5099335078125 0.5584378564814815 0.5099536572916666 0.5541619157407407 0.5055591375 0.5541733185185186
3 0.4674793473958333 0.5583238314814815 0.46753979427083336 0.5541733185185186 0.463409228125 0.5542474342592593 0.46336893020833336 0.5582668185185186 0.4674793473958333 0.5583238314814815
3 0.4563892807291667 0.44671037592592594 0.45634092291666667 0.4513968074074074 0.462651621875 0.45149942962962963 0.4627241588541667 0.44671037592592594 0.4563892807291667 0.44671037592592594
3 0.4563651015625 0.43617445833333335 0.4626999796875 0.43614025092592595 0.4627483375 0.4317274796296296 0.4563651015625 0.4317958953703704 0.4563651015625 0.43617445833333335
3 0.37325206510416664 0.32465507407407407 0.3731311708333333 0.3281328388888889 0.4559177916666667 0.3281299888888889 0.4558573442708333 0.3246807296296296 0.37325206510416664 0.32465507407407407
3 0.46333266145833335 0.3246807296296296 0.46333266145833335 0.3282126564814815 0.5099415677083333 0.32813568981481483 0.509981865625 0.324657925 0.46333266145833335 0.3246807296296296
3 0.6117146885416667 0.32888825555555556 0.6088253072916667 0.3288483462962963 0.6088051583333333 0.3320980611111111 0.6117670765625001 0.33204104907407406 0.6117146885416667 0.32888825555555556
3 0.6117670765625001 0.33204104907407406 0.6005843239583334 0.3319840361111111 0.6006044729166666 0.3373717222222222 0.6118275234375 0.3372576962962963 0.6117670765625001 0.33204104907407406
3 0.6075760630208333 0.33728620277777777 0.6006044729166666 0.3373717222222222 0.6006850692708333 0.39789053611111114 0.6074551682291667 0.39797605462962965 0.6075760630208333 0.33728620277777777
3 0.6074551682291667 0.39797605462962965 0.6000604473958333 0.39797605462962965 0.6000201489583333 0.4086374 0.6075962119791666 0.4085518814814815 0.6074551682291667 0.39797605462962965
3 0.6074551682291667 0.39797605462962965 0.6075962119791666 0.4085518814814815 0.6102196249999999 0.4084891675925926 0.6102155953125 0.39794754814814814 0.6074551682291667 0.39797605462962965
3 0.6344307880208333 0.39793614629629626 0.6344166833333333 0.4084492592592593 0.6606266369791667 0.4084549601851852 0.6606890994791667 0.3980387685185185 0.6344307880208333 0.39793614629629626
3 0.6555490630208334 0.3980273657407407 0.6601027604166667 0.3979418472222222 0.6601108203125 0.3371636259259259 0.6555369734375 0.3371636259259259 0.6555490630208334 0.3980273657407407
3 0.6389683661458334 0.33694412777777777 0.6865001005208333 0.3370581527777778 0.6865605479166667 0.3318415055555555 0.6389683661458334 0.3319840361111111 0.6389683661458334 0.33694412777777777
3 0.6388474713541666 0.32893386574074074 0.6389683661458334 0.3319840361111111 0.6418698369791667 0.3319840361111111 0.6418698369791667 0.3288483462962963 0.6388474713541666 0.32893386574074074
3 0.6923634895833334 0.334036487962963 0.6901873864583333 0.3339794759259259 0.6901289541666666 0.3320496009259259 0.6865605479166667 0.3318415055555555 0.6866008463541667 0.33808437870370367 0.692369534375 0.3382126564814815 0.6923634895833334 0.334036487962963
3 0.6435341526041667 0.32468928148148146 0.6435140036458333 0.32879703518518516 0.6901470885416666 0.3286202962962963 0.6901067901041666 0.32460091203703706 0.6435341526041667 0.32468928148148146
3 0.6953475718750001 0.38288768518518523 0.6924259520833334 0.38288768518518523 0.6925649807291666 0.4360889398148148 0.6953455572916667 0.4361174462962963 0.6953475718750001 0.38288768518518523
3 0.6923534151041667 0.47324686388888887 0.6954160791666666 0.4731898518518518 0.6952851098958334 0.4467217787037037 0.6925246828125 0.4466077537037037 0.6923534151041667 0.47324686388888887
3 0.6953193635416667 0.5244697833333334 0.6922748338541667 0.5245267962962963 0.6924642354166667 0.551026225925926 0.6953254078125001 0.5509977194444444 0.6953193635416667 0.5244697833333334
3 0.6922748338541667 0.5181128851851852 0.6871045739583334 0.518187000925926 0.6871247229166666 0.549144812037037 0.6901873864583333 0.549201824074074 0.6900664921874999 0.5220353481481481 0.6922627442708333 0.5219783351851851 0.6922748338541667 0.5181128851851852
4 0.4372012895833333 0.5542987453703704 0.4371549463541667 0.5584378564814815 0.45145073541666664 0.5581271379629629 0.45149103385416667 0.5541932722222223 0.4372012895833333 0.5542987453703704
4 0.37778359843750003 0.5583808435185186 0.39197259739583334 0.5582240592592592 0.39195244791666667 0.554204675 0.37780374791666665 0.5541904222222223 0.37778359843750003 0.5583808435185186
4 0.3707898447916667 0.5308836944444444 0.36790852291666665 0.5307981759259259 0.3679629255208334 0.5509407074074074 0.37079185989583335 0.5510433296296297 0.3707898447916667 0.5308836944444444
4 0.36790046354166667 0.4668358037037037 0.37082208333333333 0.46689281666666665 0.37091476927083333 0.44659065 0.36792262760416666 0.4466362601851852 0.36790046354166667 0.4668358037037037
4 0.370564175 0.41614880277777777 0.36792262760416666 0.4162200685185185 0.36786218020833333 0.4362029648148148 0.37052790625000004 0.43627708055555553 0.370564175 0.41614880277777777
4 0.3678581505208333 0.3520096925925926 0.3707797703125 0.35206670462962963 0.37084021770833336 0.3320324972222222 0.3679065083333333 0.33201824444444444 0.3678581505208333 0.3520096925925926
4 0.521815434375 0.3247434435185185 0.521815434375 0.32864880277777775 0.536000403125 0.32867730925925925 0.5359601046875 0.32460091203703706 0.521815434375 0.3247434435185185
4 0.581251259375 0.32463511944444445 0.5812915572916667 0.32882554166666667 0.5956357041666667 0.32880273703703705 0.5955752567708333 0.3247833527777778 0.581251259375 0.32463511944444445
4 0.6924098328125 0.588241162962963 0.6954120489583333 0.5882126564814815 0.6953757807291667 0.5678192703703704 0.6923937135416666 0.5677337518518519 0.6924098328125 0.588241162962963
4 0.6953697359375001 0.6518557583333333 0.6924279671875 0.6519127703703703 0.6924259520833334 0.6721693268518518 0.6953677213541667 0.6721693268518518 0.6953697359375001 0.6518557583333333
4 0.6023090875 0.6723232611111111 0.6051299614583333 0.6724087796296296 0.6051924239583334 0.6517417333333333 0.6022305057291667 0.6518272518518519 0.6023090875 0.6723232611111111
4 0.6022788635416667 0.5882069555555556 0.6051400364583334 0.5882639685185186 0.6051198869791666 0.5676767388888889 0.6023191619791667 0.5676767388888889 0.6022788635416667 0.5882069555555556
3 0.4579508359375 0.5509891675925926 0.46117469270833333 0.5510176740740741 0.4612371546875 0.5042559861111111 0.45803344739583335 0.5041704675925925 0.4579508359375 0.5509891675925926
3 0.5119867015625 0.5509179018518519 0.5151904088541667 0.5509749148148149 0.5152105583333333 0.5042673888888889 0.5119061052083334 0.5043244009259259 0.5119867015625 0.5509179018518519
3 0.3732016927083333 0.4369156212962963 0.37318154322916663 0.44589509722222226 0.455833165625 0.44592360277777776 0.4558734635416667 0.4370866592592592 0.3732016927083333 0.4369156212962963
3 0.6901007453125001 0.5584720638888888 0.6901611927083333 0.5540792472222222 0.6399576869791667 0.554087799074074 0.6399375380208333 0.5577223490740741 0.6901007453125001 0.5584720638888888
3 0.6923433406249999 0.38067274814814817 0.6922849083333333 0.37659064999999997 0.6871247229166666 0.3764253138888889 0.6871247229166666 0.3988312425925926 0.6848075760416666 0.39885974907407407 0.6848257104166666 0.4083580388888889 0.6871650213541667 0.4084378564814815 0.6872254682291667 0.4795610037037037 0.6922929677083334 0.4795182444444444 0.6923433406249999 0.47673888240740736 0.6902075359375 0.47668187037037035 0.6902276848958333 0.3807012546296296 0.6923433406249999 0.38067274814814817
3 0.6398750755208333 0.5489452675925927 0.6399576869791667 0.554087799074074 0.6901611927083333 0.5540792472222222 0.6901873864583333 0.549201824074074 0.6398750755208333 0.5489452675925927
3 0.45639734010416666 0.39326396851851847 0.4626838604166667 0.3932981759259259 0.46278662083333333 0.33211516574074074 0.45637920625 0.3320553018518519 0.45639734010416666 0.39326396851851847
4 0.52168245 0.5490706953703703 0.521752971875 0.558295325 0.5956336890625 0.5581613453703704 0.5958472697916667 0.5490022805555556 0.52168245 0.5490706953703703
4 0.6051763046875 0.6753306731481481 0.6087608302083333 0.6755245157407407 0.6088776947916668 0.5644270240740741 0.6050654843750001 0.5644697833333334 0.6051763046875 0.6753306731481481
4 0.6040257906250001 0.6452964648148147 0.6039532541666667 0.5944783351851852 0.5934414666666666 0.5946636259259259 0.5936570625 0.6451225768518519 0.6040257906250001 0.6452964648148147
4 0.6858432401041666 0.6815193842592593 0.6117771510416666 0.6815678453703703 0.6119242395833333 0.7027280499999999 0.6857344348958333 0.7018814138888889 0.6858432401041666 0.6815193842592593
4 0.6887910536458333 0.675570125 0.6924380416666666 0.6754275944444444 0.6923453557291667 0.5643671611111111 0.6886197864583333 0.5643671611111111 0.6887910536458333 0.675570125
4 0.6936933307291666 0.5944469787037038 0.693717509375 0.6453620296296296 0.7048559338541666 0.6452679592592593 0.7052790651041666 0.5948118583333333 0.6936933307291666 0.5944469787037038
4 0.6936792260416667 0.4796436712962963 0.6937840015625 0.5180359175925926 0.7015555109374999 0.5178848342592592 0.7018134192708333 0.47952109444444446 0.6936792260416667 0.4796436712962963
4 0.6893773927083333 0.5179532499999999 0.6937840015625 0.5180359175925926 0.6936792260416667 0.4796436712962963 0.6893088859375 0.4795581527777778 0.6893773927083333 0.5179532499999999
4 0.69368325625 0.33829247407407403 0.6936671369791667 0.37655074074074074 0.7018134192708333 0.37645381944444445 0.7018738666666666 0.33842645370370367 0.69368325625 0.33829247407407403
4 0.689320975 0.3766533638888889 0.6936671369791667 0.37655074074074074 0.69368325625 0.33829247407407403 0.6892806770833333 0.33811288518518523 0.689320975 0.3766533638888889
4 0.6389502317708333 0.33622006851851854 0.6388051583333334 0.32858323796296296 0.6118214791666666 0.32858323796296296 0.6119081203125 0.3362599768518518 0.6389502317708333 0.33622006851851854
4 0.6117751359375 0.3269697833333333 0.6387588151041667 0.3267987453703704 0.6387265765625 0.3163911064814815 0.6117046140625 0.3158580388888889 0.6117751359375 0.3269697833333333
4 0.5980495666666666 0.3340051314814815 0.5979286723958332 0.32883979444444444 0.5195426151041667 0.32863739999999997 0.5194841828125 0.33417901944444445 0.5980495666666666 0.3340051314814815
4 0.54075760625 0.32689851759259264 0.5766209953125 0.3269355759259259 0.5767076364583333 0.31237172222222226 0.5408946203125 0.3131784490740741 0.54075760625 0.32689851759259264
4 0.37463227864583337 0.33204104907407406 0.37084021770833336 0.3320324972222222 0.37052790625000004 0.43627708055555553 0.3746181744791667 0.43627708055555553 0.37463227864583337 0.33204104907407406
4 0.3697602255208333 0.40968358055555554 0.3697017932291667 0.3587428731481481 0.35907314114583333 0.358802737037037 0.3590026192708333 0.4097206388888889 0.3697602255208333 0.40968358055555554
4 0.37454160781249995 0.44647662499999996 0.37091476927083333 0.44659065 0.37079185989583335 0.5510433296296297 0.3745939953125 0.5511259981481482 0.37454160781249995 0.44647662499999996
4 0.3697320166666667 0.5242160777777778 0.3696534354166667 0.4734122009259259 0.3588152328125 0.4737172175925926 0.35889381406250004 0.5240621435185185 0.3697320166666667 0.5242160777777778
4 0.37521861770833337 0.5489538194444444 0.3751380213541667 0.554141961111111 0.453612734375 0.554150512962963 0.45367721145833334 0.548973774074074 0.37521861770833337 0.5489538194444444
4 0.43254080208333334 0.5559007981481482 0.3964779369791666 0.5557839222222222 0.396413459375 0.5707497148148147 0.43239169843749997 0.5707497148148147 0.43254080208333334 0.5559007981481482
2 0.5055591375 0.5541733185185186 0.46753979427083336 0.5541733185185186 0.46715696145833335 0.5745153935185185 0.50570018125 0.5745153935185185 0.5055591375 0.5541733185185186
2 0.46335079583333333 0.4969099203703704 0.4633709447916667 0.5008694416666667 0.5099476125 0.5008551879629629 0.5098871651041667 0.4967502851851852 0.46335079583333333 0.4969099203703704
2 0.46336893020833336 0.48992018240740737 0.4632883338541667 0.45151653333333336 0.4304070119791667 0.45127993148148143 0.43071932291666665 0.48892531388888893 0.46336893020833336 0.48992018240740737