1 1 0.0037058157407407408 0.00023171458333333335 0.0008922462962962963 0.00023171458333333335 0.9992018240740741 0.4723292364583333 1 0.9993532135416667 1 1 0.6761516537037037 1 0.0037058157407407408
3 0.3818637921875 0.4083352333333333 0.37941970572916667 0.4083352333333333 0.3797521661458333 0.3963854046296296 0.37241789218750004 0.3963854046296296 0.37308482760416667 0.4209122009259259 0.37030626614583334 0.4209122009259259 0.37064275625 0.4643101481481482 0.3795305260416667 0.46462086666666663 0.37941970572916667 0.4205986314814815 0.38164215208333335 0.4210689851851852 0.3818637921875 0.4083352333333333
3 0.26130566197916666 0.43273660185185187 0.3702176104166667 0.433523375 0.36966149531250003 0.4204732037037037 0.26164013697916666 0.4203135694444444 0.26130566197916666 0.43273660185185187
3 0.25246826510416664 0.4203534777777778 0.24350191406250002 0.4208095777777778 0.2438243 0.4518244009259259 0.26159580885416667 0.4511402509259259 0.261585734375 0.37868586111111113 0.25198468645833333 0.37870581574074075 0.25246826510416664 0.4203534777777778
3 0.4796816442708333 0.4079618018518519 0.48863389062499996 0.4079618018518519 0.48855732395833334 0.29058722962962963 0.47883135208333333 0.29015108333333334 0.4796816442708333 0.4079618018518519
3 0.5374712875000001 0.4262856324074074 0.537285915625 0.4203876851851852 0.56682853125 0.4205188138888889 0.5664577875 0.4116106046296296 0.4886641145833333 0.41147947592592593 0.4886641145833333 0.4075484611111111 0.45374974791666667 0.40794184722222226 0.4536570625 0.41999429907407404 0.5276546442708333 0.41986316944444446 0.5278400161458333 0.42641676203703704 0.5374712875000001 0.4262856324074074
3 0.6159137619791667 0.29106613425925926 0.6065605479166667 0.2906755990740741 0.6071146484375001 0.4112172175925926 0.6041507151041666 0.4112172175925926 0.6044287729166666 0.4203876851851852 0.6155430182291667 0.42025655648148147 0.6159137619791667 0.29106613425925926
3 0.7034374369791667 0.4253278222222222 0.7135200484375 0.4250997722222222 0.7120793875 0.29015963518518517 0.70311908125 0.29015963518518517 0.7034374369791667 0.4253278222222222
4 0.25222647604166665 0.3787343212962963 0.2613943177083333 0.3787229194444445 0.261118275 0.33299600925925926 0.25278259114583335 0.33299600925925926 0.25222647604166665 0.3787343212962963
4 0.49627443072916666 0.2900399083333334 0.5293068708333333 0.29091505092592596 0.5294600041666667 0.27803021666666666 0.4961978640625 0.2782497148148148 0.49627443072916666 0.2900399083333334
4 0.6219322989583334 0.20970068425925928 0.6217408822916667 0.2222919046296296 0.6525871447916667 0.22254275925925926 0.6525871447916667 0.20956955555555554 0.6219322989583334 0.20970068425925928
4 0.6663127140624999 0.20928164166666666 0.6664054 0.2226453824074074 0.6978924036458333 0.2230387685185185 0.6980777755208333 0.2096750287037037 0.6663127140624999 0.20928164166666666
4 0.7458472697916666 0.27793329537037037 0.7456860770833333 0.29084093518518517 0.8141809390625 0.29129418425925924 0.8140217609375 0.2779361462962963 0.7458472697916666 0.27793329537037037
4 0.7559419708333334 0.5008380842592592 0.8351259317708333 0.5020153935185184 0.8356820473958333 0.488127137962963 0.7558492848958333 0.4886516537037037 0.7559419708333334 0.5008380842592592
4 0.5371630062499999 0.5001567842592592 0.7026596817708334 0.5012827824074074 0.7026596817708334 0.49318700092592593 0.5367640541666667 0.49223204074074073 0.5371630062499999 0.5001567842592592
2 0.38166633072916667 0.42073831203703704 0.45381825520833335 0.4209521092592593 0.45382631458333333 0.4077451537037037 0.38197662708333335 0.4077451537037037 0.38166633072916667 0.42073831203703704
4 0.37045134010416664 0.6356556444444444 0.3793411244791667 0.6358124287037037 0.37923030416666664 0.46458950925925924 0.3707838 0.4650627138888889 0.37045134010416664 0.6356556444444444
2 0.5669030828125 0.4213854046296296 0.6040217609374999 0.42185575833333333 0.6041305661458334 0.3646237175925926 0.5674591979166668 0.3646237175925926 0.5669030828125 0.4213854046296296
2 0.5283397140625 0.5385205240740741 0.5362280880208333 0.5386830101851852 0.5373423333333334 0.4267303305555556 0.5277835984375 0.42641676203703704 0.5283397140625 0.5385205240740741
2 0.7051783197916667 0.4253135694444445 0.7031593791666667 0.4830900796296297 0.7497118677083333 0.48376567870370374 0.7490348578125 0.4260746861111111 0.7051783197916667 0.4253135694444445
4 0.3977574046875 0.6867873435185184 0.5040016119791667 0.687100912037037 0.5040096713541666 0.6683865453703705 0.3977574046875 0.6676054731481481 0.3977574046875 0.6867873435185184
3 0.25268990520833334 0.3327337518518519 0.2607475317708333 0.3326026222222222 0.2608402177083333 0.27783352314814813 0.2520411041666667 0.27783352314814813 0.25268990520833334 0.3327337518518519
3 0.2608301432291667 0.2909378564814815 0.49621196875 0.29039338611111115 0.49622204322916663 0.2778221212962963 0.26092282916666665 0.27779361481481485 0.2608301432291667 0.2909378564814815
3 0.5297501510416667 0.2781813 0.52963933125 0.2906014824074074 0.6159983880208333 0.2907639685185185 0.616220028125 0.2789623712962963 0.5297501510416667 0.2781813
3 0.6068345760416667 0.2784321546296296 0.6162804755208333 0.2784321546296296 0.6159379406250001 0.22277651111111113 0.6068305458333333 0.22277651111111113 0.6068345760416667 0.2784321546296296
3 0.6066089057291666 0.22260547314814816 0.6216139432291666 0.222614025 0.6215031229166667 0.20925028518518518 0.6063892807291666 0.2097234888888889 0.6066089057291666 0.22260547314814816
3 0.6526899052083334 0.2095781074074074 0.6526899052083334 0.22331812962962963 0.6661092083333333 0.22332668148148146 0.6662018942708333 0.20956955555555554 0.6526899052083334 0.2095781074074074
3 0.6983376989583333 0.2091761685185185 0.6981462822916666 0.2226624861111111 0.7125125932291667 0.22331812962962963 0.7124158776041667 0.20956955555555554 0.6983376989583333 0.2091761685185185
3 0.7026999796875 0.2230045611111111 0.7027201291666666 0.2779076398148148 0.7126334880208333 0.2779076398148148 0.712431996875 0.2234891675925926 0.7026999796875 0.2230045611111111
3 0.7458654041666667 0.2778591787037037 0.7028007255208333 0.2779931583333334 0.7028007255208333 0.290963512037037 0.7455168244791667 0.29161915648148146 0.7458654041666667 0.2778591787037037
3 0.8139270604166666 0.2776767388888889 0.8142051177083334 0.29116305555555555 0.8566209953125 0.29169612314814813 0.8566209953125 0.2776767388888889 0.8139270604166666 0.2776767388888889
3 0.8651783197916667 0.3751596351851852 0.8563792062500001 0.3754218925925926 0.8566209953125 0.29180159629629626 0.8480999395833333 0.2915393388888889 0.8475176302083334 0.5133380842592592 0.865603465625 0.5133380842592592 0.8651783197916667 0.3751596351851852
3 0.8360064479166667 0.5016533638888888 0.8475115859375 0.5017673888888888 0.8474309890625 0.4883124287037037 0.8358512994791667 0.4879960092592593 0.8360064479166667 0.5016533638888888
3 0.7118214791666666 0.4847462944444444 0.7027100541666667 0.4841191564814815 0.7031533348958334 0.4998403648148148 0.7557203302083334 0.5011003416666666 0.7552750354166666 0.4885205240740741 0.7115998390624999 0.48915051296296297 0.7118214791666666 0.4847462944444444
3 0.5363489822916667 0.5381698972222222 0.5285956072916667 0.5381584944444445 0.5275055411458334 0.7496151657407407 0.5371086036458333 0.7492388824074074 0.5363489822916667 0.5381698972222222
3 0.5042897442708333 0.6875484611111111 0.5278863588541667 0.6875427592592593 0.5280274026041667 0.6686716074074074 0.5041567598958333 0.6688683009259259 0.5042897442708333 0.6875484611111111
3 0.3699778359375 0.6864595212962963 0.397541809375 0.6863169898148148 0.39786822499999996 0.6682326111111111 0.3701994760416667 0.6683865453703705 0.3699778359375 0.6864595212962963
3 0.3703223854166667 0.6679361462962963 0.379506346875 0.6679361462962963 0.3793511989583333 0.6361630555555555 0.37016723749999997 0.6358352333333334 0.3703223854166667 0.6679361462962963