1 0 0 0 1 1 1 1 0 0 0
2 0.34389683645833335 0.4392445842592592 0.3438625833333333 0.44746294166666667 0.39615152135416665 0.44760547314814814 0.3961615958333333 0.43910490277777775 0.34389683645833335 0.4392445842592592
2 0.6741446703125 0.38659065 0.7002055208333334 0.3866533638888889 0.7003828328124999 0.34324401388888887 0.6743038484375 0.3433038768518519 0.6741446703125 0.38659065
2 0.6717630463541667 0.5007440138888889 0.6716602859375 0.46306442407407405 0.6411928270833334 0.4632696694444444 0.641047753125 0.5009236027777777 0.6717630463541667 0.5007440138888889
2 0.6513802135416668 0.5043985175925926 0.6513802135416668 0.5126539342592592 0.6975256901041667 0.5124287342592593 0.697630465625 0.5042502851851852 0.6513802135416668 0.5043985175925926
2 0.6411243197916666 0.5692987453703703 0.6411444692708332 0.5774800453703703 0.7451339916666666 0.5773945268518519 0.7452427968750001 0.5689965796296296 0.6411243197916666 0.5692987453703703
2 0.781198871875 0.5692274796296296 0.7543663109375001 0.5692274796296296 0.754396534375 0.6121351194444444 0.7812895427083333 0.6120496009259259 0.781198871875 0.5692274796296296
2 0.7389885151041666 0.5041277083333334 0.7389885151041666 0.5124030787037037 0.7854845859375 0.5126054731481482 0.7855571229166666 0.5042303305555556 0.7389885151041666 0.5041277083333334
2 0.7396473906250001 0.46208950925925923 0.7575297197916666 0.46226624814814815 0.7574047953124999 0.44218643055555557 0.7396897036458333 0.4423061574074074 0.7396473906250001 0.46208950925925923
2 0.4640721338541667 0.674826112037037 0.43423534166666666 0.6746265675925925 0.434273625 0.7218386546296296 0.46357445104166667 0.721927024074074 0.4640721338541667 0.674826112037037
3 0.24639734010416667 0.2717103759259259 0.24635502708333332 0.2689310148148148 0.25053798125 0.2688312425925926 0.2504735041666667 0.2599201824074074 0.22357445104166668 0.26017673888888887 0.22358452552083333 0.2692274796296296 0.240679025 0.26907924722222226 0.24066895 0.2717103759259259 0.24639734010416667 0.2717103759259259
3 0.27610316354166664 0.26046180185185186 0.2761333869791667 0.2687571268518519 0.2861777151041667 0.2687286203703704 0.2862381625 0.2604675027777778 0.27610316354166664 0.26046180185185186
3 0.33240378802083337 0.2601453824074074 0.332458190625 0.26917901944444445 0.36264557708333334 0.2692274796296296 0.3625569213541667 0.2600855185185185 0.33240378802083337 0.2601453824074074
3 0.414475115625 0.2602480046296296 0.4144731010416667 0.2691704675925926 0.4390892604166667 0.2692132268518519 0.43913963333333333 0.2602337518518519 0.414475115625 0.2602480046296296
3 0.4500826114583333 0.3050712657407407 0.4387467255208334 0.3050741166666667 0.4390892604166667 0.26918472037037033 0.43306467864583337 0.26924173333333334 0.43296393333333333 0.3137970351851852 0.45000201510416665 0.31383694444444443 0.4500826114583333 0.3050712657407407
3 0.47066693541666665 0.3050085518518519 0.4706508161458334 0.31366020555555557 0.5454906307291666 0.31361174444444445 0.5454039895833334 0.3048916759259259 0.47066693541666665 0.3050085518518519
3 0.5797340317708334 0.30474344351851856 0.5711263348958333 0.30468358055555556 0.5710840218750001 0.31353762870370366 0.5738001208333333 0.3135518814814815 0.573806165625 0.3192987453703704 0.5796957484374999 0.31936716111111113 0.5797340317708334 0.30474344351851856
3 0.5965001005208334 0.3781299888888889 0.5795889583333333 0.3781071833333333 0.5797561958333334 0.3481698972222222 0.573717509375 0.3482497148148148 0.5737598229166667 0.38684720648148146 0.5966129359375 0.3867901935185185 0.5965001005208334 0.3781299888888889
3 0.648811203125 0.3781299888888889 0.648811203125 0.3867103759259259 0.6741446703125 0.38659065 0.674158775 0.3780416194444444 0.648811203125 0.3781299888888889
3 0.8067015916666667 0.3904218925925926 0.806731815625 0.37815849444444444 0.7002720130208334 0.37792189259259257 0.7002055208333334 0.3866533638888889 0.8006306671875 0.3866704675925926 0.8006306671875 0.3902765111111111 0.8067015916666667 0.3904218925925926
3 0.8323554302083332 0.4227964648148148 0.8068184567708333 0.42277080925925925 0.8067620390625 0.41922462962962964 0.8005601453125001 0.4191106046296296 0.8006326817708334 0.4311887111111111 0.8323393109375 0.43172462962962965 0.8323554302083332 0.4227964648148148
3 0.8525226677083333 0.4226881416666667 0.852573040625 0.4316077537037037 0.8841104171875 0.43203249722222226 0.8841104171875 0.42273945277777775 0.8525226677083333 0.4226881416666667
3 0.8693874671875 0.7398004564814815 0.8842232520833334 0.7398517675925925 0.8841104171875 0.43203249722222226 0.8781442677083333 0.4319640824074074 0.8786479953125 0.7314481185185185 0.8694338104166667 0.7314424175925925 0.8693874671875 0.7398004564814815
3 0.8400604473958333 0.7316134546296296 0.8400685067708333 0.7398004564814815 0.8491698567708333 0.7397919046296296 0.849083215625 0.7317360314814815 0.8400604473958333 0.7316134546296296
3 0.819850896875 0.7397919046296296 0.8198025385416667 0.7314224629629629 0.8106447713541667 0.7313255416666666 0.8106588755208333 0.7399287342592592 0.819850896875 0.7397919046296296
3 0.7904412651041667 0.7399173314814815 0.7903868630208333 0.7314880277777778 0.7812653635416668 0.7313882555555555 0.7813540197916667 0.7398004564814815 0.7904412651041667 0.7399173314814815
3 0.761136409375 0.7397890537037037 0.7610719322916667 0.7311545037037037 0.7321438645833334 0.7311545037037037 0.7320672979166667 0.7395210944444445 0.761136409375 0.7397890537037037
3 0.6456437640625 0.7315706953703704 0.6403163411458334 0.7314737740740741 0.6403123109375 0.7259549601851851 0.634035865625 0.7259549601851851 0.6339915375 0.7398517675925925 0.6456901067708334 0.7395809574074074 0.6456437640625 0.7315706953703704
3 0.6227019947916667 0.739714937037037 0.6227019947916667 0.7316106046296297 0.6139935520833333 0.7316391101851852 0.6139532541666667 0.7399144814814814 0.6227019947916667 0.739714937037037
3 0.4639431796875 0.6833380842592592 0.4936610921875 0.6832155074074074 0.493612734375 0.659036487962963 0.48756800312500004 0.659036487962963 0.4874229296875 0.6750028509259259 0.4640721338541667 0.674826112037037 0.4639431796875 0.6833380842592592
3 0.3844348177083334 0.707163625925926 0.38436026614583335 0.7155159638888889 0.41256901093750004 0.7156984037037037 0.4126556520833333 0.7235404787037037 0.418978440625 0.7234179018518518 0.4188051583333333 0.6832155074074074 0.4342272817708333 0.6834606611111111 0.43423534166666666 0.6746265675925925 0.41274229270833335 0.6747576962962962 0.4128289338541667 0.7073631694444444 0.3844348177083334 0.707163625925926
3 0.2233346765625 0.5853990879629629 0.2233346765625 0.5938968074074074 0.240564175 0.5937599768518518 0.24064074166666666 0.7155359175925925 0.2634293776041667 0.7154104907407407 0.2634293776041667 0.7070581527777777 0.246423534375 0.7070695555555556 0.24619584947916667 0.5855872296296296 0.2233346765625 0.5853990879629629
3 0.15438444479166666 0.5853990879629629 0.131497078125 0.5853876851851852 0.131497078125 0.44969498333333335 0.1256216 0.4497177879629629 0.12568204739583333 0.5933323833333334 0.15420511770833334 0.5935176740740741 0.15438444479166666 0.5853990879629629
3 0.13149909322916667 0.35239452685185185 0.13149909322916667 0.2694384268518518 0.17121297604166666 0.2694384268518518 0.17136409427083335 0.26018529074074076 0.12557324218750002 0.2601710379629629 0.1256739875 0.352385975 0.13149909322916667 0.35239452685185185
3 0.246502115625 0.3456185861111111 0.24050977239583335 0.3456955527777778 0.24055813020833333 0.44755986296296296 0.24637920624999998 0.4477052453703704 0.246502115625 0.3456185861111111
3 0.24648398124999998 0.43902793611111113 0.24637920624999998 0.4477052453703704 0.3438625833333333 0.44746294166666667 0.34389683645833335 0.4392445842592592 0.24648398124999998 0.43902793611111113
3 0.34138222864583334 0.2692930444444444 0.3351843640625 0.2692930444444444 0.3352145880208333 0.4391818703703704 0.3413580494791667 0.43914766203703703 0.34138222864583334 0.2692930444444444
3 0.4390006046875 0.31380273703703704 0.43296393333333333 0.3137970351851852 0.43292363489583335 0.4392673888888889 0.43882732239583333 0.4393386546296296 0.4390006046875 0.31380273703703704
3 0.3961615958333333 0.43910490277777775 0.39615152135416665 0.44760547314814814 0.45629055 0.44779646481481483 0.45629055 0.4395239453703704 0.3961615958333333 0.43910490277777775
3 0.48450533958333336 0.370168187037037 0.487463228125 0.37002280462962966 0.4874994963541667 0.44786488055555557 0.4934918395833333 0.44765963518518515 0.4935281078125 0.3537913342592593 0.48769091249999996 0.3537913342592593 0.48766673385416665 0.36221778796296294 0.48450533958333336 0.3623175601851852 0.48450533958333336 0.370168187037037
3 0.527991134375 0.3135746861111111 0.5221015515625 0.313691562037037 0.5221640135416666 0.3780501712962963 0.5279065083333333 0.3780216648148148 0.527991134375 0.3135746861111111
3 0.49358855520833333 0.3781356898148148 0.49358855520833333 0.3867160777777778 0.5737598229166667 0.38684720648148146 0.57373564375 0.3778905361111111 0.49358855520833333 0.3781356898148148
3 0.63385049375 0.515735462037037 0.6404191015625 0.5158779935185185 0.6403908927083334 0.5124686435185185 0.6513802135416668 0.5126539342592592 0.6513802135416668 0.5043985175925926 0.5793753776041667 0.5043842648148148 0.5796252265625 0.38684720648148146 0.5737598229166667 0.38684720648148146 0.573858553125 0.5126824398148149 0.6338101953125 0.5123147092592593 0.63385049375 0.515735462037037
2 0.6403163411458334 0.5674315851851851 0.6404191015625 0.5158779935185185 0.63385049375 0.515735462037037 0.6338827322916667 0.5673118583333334 0.6403163411458334 0.5674315851851851
3 0.6717610317708334 0.3865763972222222 0.6656618979166667 0.3866932722222222 0.6653717510416667 0.4630473203703704 0.6716602859375 0.46306442407407405 0.6717610317708334 0.3865763972222222
3 0.6717630463541667 0.5007440138888889 0.6653455572916667 0.5007753703703703 0.6653697359374999 0.5043329537037037 0.6717771510416667 0.5043329537037037 0.6717630463541667 0.5007440138888889
3 0.7204311906249999 0.3866533638888889 0.7142897442708332 0.3866533638888889 0.7145879510416666 0.5041904222222222 0.7203304453125 0.5041904222222222 0.7204311906249999 0.3866533638888889
3 0.697630465625 0.5042502851851852 0.6975256901041667 0.5124287342592593 0.7389885151041666 0.5124030787037037 0.7389885151041666 0.5041277083333334 0.697630465625 0.5042502851851852
3 0.8069474109375 0.43132269074074076 0.8006326817708334 0.4311887111111111 0.8007817854166667 0.5692873435185185 0.8068909932291667 0.5692132268518518 0.8069474109375 0.43132269074074076
3 0.7855571229166666 0.5042303305555556 0.7854845859375 0.5126054731481482 0.80070521875 0.5126282777777779 0.8007455166666666 0.5041590648148149 0.7855571229166666 0.5042303305555556
3 0.781198871875 0.5692274796296296 0.7813258109375 0.5778249712962963 0.8302699979166667 0.5774714935185186 0.8302095505208332 0.5692787916666667 0.781198871875 0.5692274796296296
3 0.7523393109375001 0.5777565564814815 0.7542635505208334 0.5777565564814815 0.7543663109375001 0.5692274796296296 0.7452427968750001 0.5689965796296296 0.7461414468750001 0.7311402509259259 0.75215796875 0.7311402509259259 0.7523393109375001 0.5777565564814815
3 0.6084908322916667 0.5772862027777778 0.6342937739583333 0.577440137037037 0.6344207130208334 0.591251425 0.6401168645833334 0.5910205240740741 0.6400040296875 0.5774885972222222 0.6411444692708332 0.5774800453703703 0.6411243197916666 0.5692987453703703 0.6402478338541666 0.569264537962963 0.6403163411458334 0.5674315851851851 0.6338827322916667 0.5673118583333334 0.63385049375 0.5693557583333333 0.6084908322916667 0.5691391101851853 0.6084908322916667 0.5772862027777778
3 0.4761212973958333 0.5688882555555556 0.47605883541666666 0.5780501712962963 0.5134998994791666 0.5775655648148148 0.5134394520833333 0.5691533638888889 0.4761212973958333 0.5688882555555556
3 0.49377392708333334 0.5778278222222222 0.487463228125 0.577896237037037 0.48751763020833333 0.5930501712962963 0.49362079375 0.5933580388888889 0.49377392708333334 0.5778278222222222
3 0.41868426354166666 0.5121664768518519 0.41270602447916666 0.5121664768518519 0.41274229270833335 0.6747576962962962 0.4190489625 0.674660775 0.41868426354166666 0.5121664768518519
3 0.430185371875 0.5781014824074074 0.43013298385416665 0.5692189277777777 0.41883538177083335 0.5690849490740741 0.41885956093750004 0.5779931583333333 0.430185371875 0.5781014824074074
4 0.8491698567708333 0.7397919046296296 0.8693874671875 0.7398004564814815 0.8693028411458333 0.7258580388888889 0.8491335885416667 0.725963512037037 0.8491698567708333 0.7397919046296296
4 0.6456901067708334 0.7395809574074074 0.7320672979166667 0.7395210944444445 0.7320672979166667 0.7197519953703703 0.6455450333333334 0.7199657925925925 0.6456901067708334 0.7395809574074074
4 0.819850896875 0.7397919046296296 0.8400685067708333 0.7398004564814815 0.8399838807291666 0.7258580388888889 0.8198146281250001 0.725963512037037 0.819850896875 0.7397919046296296
4 0.640159178125 0.5909977194444445 0.6344207130208334 0.591251425 0.634035865625 0.7259549601851851 0.6403123109375 0.7259549601851851 0.640159178125 0.5909977194444445
4 0.7904412651041667 0.7399173314814815 0.8106588755208333 0.7399287342592592 0.8105742494791667 0.7259834666666667 0.7904049968750001 0.7260889398148148 0.7904412651041667 0.7399173314814815
2 0.4761212973958333 0.5688882555555556 0.43013298385416665 0.5692189277777777 0.430185371875 0.5781014824074074 0.47605883541666666 0.5780501712962963 0.4761212973958333 0.5688882555555556
4 0.634035865625 0.7316106046296297 0.6227019947916667 0.7316106046296297 0.6227019947916667 0.739714937037037 0.6339915375 0.7398517675925925 0.634035865625 0.7316106046296297
4 0.761136409375 0.7397890537037037 0.7813540197916667 0.7398004564814815 0.7812693937499999 0.7258551879629629 0.7611001411458334 0.7259606611111111 0.761136409375 0.7397890537037037
4 0.2634293776041667 0.7070581527777777 0.2634293776041667 0.7154104907407407 0.38436026614583335 0.7155159638888889 0.3844348177083334 0.707163625925926 0.2634293776041667 0.7070581527777777
4 0.15438444479166666 0.5853990879629629 0.15420511770833334 0.5935176740740741 0.2233346765625 0.5938968074074074 0.2233346765625 0.5853990879629629 0.15438444479166666 0.5853990879629629
4 0.5134394520833333 0.5691533638888889 0.5134998994791666 0.5775085518518519 0.6084908322916667 0.5772862027777778 0.6084908322916667 0.5691391101851853 0.5134394520833333 0.5691533638888889
2 0.8302095505208332 0.5692787916666667 0.8302699979166667 0.5774714935185186 0.8765968166666667 0.5774714935185186 0.8765968166666667 0.5689253138888889 0.8302095505208332 0.5692787916666667
4 0.8323896838541667 0.4366220064814815 0.8526093088541666 0.43663340925925925 0.8525226677083333 0.4226881416666667 0.8323554302083332 0.4227964648148148 0.8323896838541667 0.4366220064814815
4 0.8067620390625 0.41922462962962964 0.8067015916666667 0.3904218925925926 0.79694338125 0.390339225 0.7968224864583333 0.41897092314814816 0.8067620390625 0.41922462962962964
4 0.5797561958333334 0.3481698972222222 0.5796957484374999 0.31936716111111113 0.5699375380208332 0.3192816416666666 0.5698166432291667 0.34811858611111113 0.5797561958333334 0.3481698972222222
4 0.648811203125 0.3781299888888889 0.5965001005208334 0.3781299888888889 0.5966733828125 0.3986374 0.6486580697916666 0.39864880277777776 0.648811203125 0.3781299888888889
4 0.47066693541666665 0.3050085518518519 0.4500826114583333 0.3050712657407407 0.4499939552083333 0.3194469787037037 0.4705359661458333 0.31975769629629625 0.47066693541666665 0.3050085518518519
4 0.3625569213541667 0.2600855185185185 0.36270400989583335 0.28055872314814817 0.4143461614583333 0.2809578111111111 0.414475115625 0.2602480046296296 0.3625569213541667 0.2600855185185185
4 0.33240378802083337 0.2601453824074074 0.2862381625 0.2604675027777778 0.2861636109375 0.280059862962963 0.33256095104166666 0.2800741166666667 0.33240378802083337 0.2601453824074074
4 0.22357445104166668 0.26017673888888887 0.17136409427083335 0.26018529074074076 0.17128752760416666 0.2797805018518518 0.22351400364583332 0.28053021666666667 0.22357445104166668 0.26017673888888887
4 0.13965343541666667 0.352385975 0.1256739875 0.352385975 0.1256216 0.4497177879629629 0.13991738854166666 0.4497177879629629 0.13965343541666667 0.352385975
4 0.49362079375 0.5933580388888889 0.48751763020833333 0.5930501712962963 0.48756800312500004 0.659036487962963 0.493612734375 0.659036487962963 0.49362079375 0.5933580388888889
2 0.24639734010416667 0.2717103759259259 0.24066895 0.2717103759259259 0.24050977239583335 0.3456955527777778 0.246502115625 0.3456185861111111 0.24639734010416667 0.2717103759259259
2 0.25053798125 0.2688312425925926 0.2761333869791667 0.2687571268518519 0.27604271614583337 0.22591220092592593 0.25026596822916664 0.22602622592592594 0.25053798125 0.2688312425925926
2 0.5454906307291666 0.31361174444444445 0.5710840218750001 0.31353762870370366 0.5709933510416667 0.2706927027777778 0.5452166026041667 0.2708067277777778 0.5454906307291666 0.31361174444444445
2 0.49232520677083336 0.32371151666666664 0.4922143864583333 0.35143956666666665 0.500828128125 0.3513369444444444 0.5007455166666667 0.32380273703703705 0.49232520677083336 0.32371151666666664
2 0.48450533958333336 0.3623175601851852 0.43898851510416664 0.36208665925925926 0.43896836614583334 0.3703819842592593 0.48450533958333336 0.370168187037037 0.48450533958333336 0.3623175601851852