1 0 0 0 1 1 1 1 0 0 0
3 0.28775337500000003 0.690450399074074 0.28775337500000003 0.7001054731481482 0.30143663125 0.7001539342592592 0.30140237760416666 0.6903534777777778 0.28775337500000003 0.690450399074074
3 0.408053596875 0.6903021666666667 0.40809590989583333 0.7002337518518518 0.43295587343749997 0.700057012962963 0.4328732619791667 0.6901852907407408 0.408053596875 0.6903021666666667
3 0.4434555713541667 0.6698090083333333 0.4434555713541667 0.6601168759259259 0.42595003020833333 0.6601168759259259 0.42586540416666663 0.670051311111111 0.4434555713541667 0.6698090083333333
3 0.4329397541666667 0.670116875925926 0.4259480151041667 0.6702394527777777 0.42591779166666666 0.6900256555555556 0.4328249041666667 0.6900684148148148 0.4329397541666667 0.670116875925926
3 0.48982671770833336 0.6600285064814815 0.48988515 0.6698375138888889 0.5112109609375 0.6700427592592593 0.5111223052083333 0.6599857472222223 0.48982671770833336 0.6600285064814815
3 0.5307193229166667 0.7353221212962963 0.5306830546875 0.7254703537037037 0.504114446875 0.7255672750000001 0.5041829536458333 0.7353705814814815 0.5307193229166667 0.7353221212962963
3 0.5041829536458333 0.7253705814814815 0.5111122307291667 0.7253705814814815 0.5111404390625 0.6701852907407407 0.5042716098958333 0.6700741166666666 0.5041829536458333 0.7253705814814815
3 0.3866008463541667 0.5344640824074075 0.379568809375 0.5344355759259259 0.37958895833333334 0.5490592925925926 0.38664114427083335 0.5491733185185185 0.3866008463541667 0.5344640824074075
3 0.37952246614583335 0.5490992018518519 0.3795023171875 0.539264537962963 0.2835946 0.5393928166666667 0.28361474895833333 0.5491134546296297 0.37952246614583335 0.5490992018518519
3 0.42596816458333336 0.6599458379629629 0.43299012708333334 0.6599857472222223 0.4328732619791667 0.5338797037037036 0.4259963729166667 0.5337970351851852 0.42596816458333336 0.6599458379629629
3 0.432996171875 0.5392759407407407 0.43295587343749997 0.5490820981481481 0.43497078385416665 0.5490820981481481 0.43497078385416665 0.5392759407407407 0.432996171875 0.5392759407407407
3 0.4882067296875 0.5393386546296296 0.48823292343749997 0.5491077537037037 0.5111585734374999 0.5492331814814815 0.5112149911458334 0.5392160777777778 0.4882067296875 0.5393386546296296
3 0.5111585734374999 0.5493956666666666 0.5042534755208333 0.5493557583333333 0.5043018333333333 0.6599258833333334 0.5111202901041667 0.6598546175925926 0.5111585734374999 0.5493956666666666
3 0.6641184765625 0.5491020527777778 0.6640378802083333 0.5394669324074074 0.6570461416666666 0.5394669324074074 0.6570058432291667 0.5490165333333333 0.6641184765625 0.5491020527777778
3 0.6622244609375 0.5492160777777778 0.6570058432291667 0.5491305583333334 0.6571388270833334 0.6751624861111111 0.6623372958333333 0.6751054731481482 0.6622244609375 0.5492160777777778
3 0.6925166229166667 0.5392873435185186 0.6925166229166667 0.5489680731481482 0.7210114848958333 0.5492160777777778 0.7210114848958333 0.5393215509259259 0.6925166229166667 0.5392873435185186
3 0.38668345781249996 0.4589424175925926 0.3795748541666667 0.45883979444444445 0.379550675 0.4893529074074074 0.3865867416666667 0.4893187 0.38668345781249996 0.4589424175925926
3 0.3867418901041667 0.473802737037037 0.38672174062500003 0.48372291944444445 0.47553898854166665 0.4838369444444445 0.47553898854166665 0.47391676203703703 0.3867418901041667 0.473802737037037
3 0.4685875479166667 0.47375427592592595 0.47553898854166665 0.4737827824074074 0.475514809375 0.4181784490740741 0.46857545833333336 0.4181784490740741 0.4685875479166667 0.47375427592592595
3 0.42598226875 0.4838568981481482 0.42602256718750003 0.48881698981481486 0.43279266562499996 0.48878848333333336 0.43277251666666666 0.4839139111111111 0.42598226875 0.4838568981481482
3 0.468537175 0.32289908796296296 0.4685573239583333 0.32777366018518517 0.475488615625 0.3278021666666667 0.47546846666666664 0.32289908796296296 0.468537175 0.32289908796296296
3 0.6179689703125 0.4769099203703704 0.6179447916666666 0.4836145953703704 0.6498851499999999 0.483751425 0.6497884343749999 0.4769441277777778 0.6179689703125 0.4769099203703704
3 0.6428007255208333 0.4767730898148148 0.6498126135416666 0.4768072972222222 0.6499697765625 0.3228192703703704 0.6428188593749999 0.32284777685185184 0.6428007255208333 0.4767730898148148
3 0.6924340114583334 0.4837542759259259 0.6924340114583334 0.47659920185185184 0.6851803343749999 0.47671322685185186 0.6851198869791666 0.4838397944444444 0.6924340114583334 0.4837542759259259
3 0.6852810802083333 0.4765421888888889 0.6904795484375 0.4764566703703704 0.6905339510416667 0.41503420740740743 0.6852246625 0.417331812962963 0.6852810802083333 0.4765421888888889
4 0.3015555109375 0.6904104907407407 0.30166028593750005 0.7162229194444445 0.40801934322916666 0.7160490305555556 0.40791859739583336 0.6904218925925927 0.3015555109375 0.6904104907407407
4 0.2765686078125 0.5670096925925926 0.27671368125 0.6724657925925926 0.2946443682291667 0.6725057009259259 0.2940963125 0.566875712962963 0.2765686078125 0.5670096925925926
4 0.27672980052083335 0.4814310148148149 0.27673987499999997 0.5165535916666667 0.2903284302083333 0.51659065 0.29031029635416666 0.48137115185185186 0.27672980052083335 0.4814310148148149
4 0.4184444890625 0.3130017101851852 0.393921015625 0.3130587231481482 0.3940862380208333 0.3314424175925926 0.41848680208333333 0.3314424175925926 0.4184444890625 0.3130017101851852
4 0.5822486401041667 0.31277080925925926 0.5077231515625 0.3130017101851852 0.5077977031249999 0.33641391111111113 0.5822929677083334 0.3370353481481482 0.5822486401041667 0.31277080925925926
4 0.7280858354166667 0.5291077537037037 0.7282107593749999 0.4941163055555556 0.7140056416666667 0.4942331814814815 0.7143824302083334 0.5291077537037037 0.7280858354166667 0.5291077537037037
4 0.6713419302083333 0.6851083240740741 0.6962945796875 0.6849857472222223 0.6961797302083333 0.6653648805555555 0.6712552890625 0.6654446981481482 0.6713419302083333 0.6851083240740741
4 0.5308402177083333 0.7254732037037037 0.5308744708333334 0.7355245157407407 0.6374168848958334 0.7354247435185185 0.6374168848958334 0.7254732037037037 0.5308402177083333 0.7254732037037037
2 0.48964134583333335 0.6601681870370371 0.443665121875 0.6601681870370371 0.4439250453125 0.7176453824074074 0.48979044947916667 0.7180501712962963 0.48964134583333335 0.6601681870370371
2 0.4351480958333333 0.5382554157407407 0.4350997380208333 0.549885975 0.48809187968749995 0.549942987037037 0.48807576041666667 0.5383580388888889 0.4351480958333333 0.5382554157407407
2 0.38704412656250003 0.5341590648148148 0.386969575 0.489432725 0.34962925625 0.4902537055555556 0.3494841828125 0.5342160777777778 0.38704412656250003 0.5341590648148148
2 0.43339310885416665 0.5337314712962963 0.43362482343750003 0.4890450398148148 0.39570018124999995 0.4892132268518518 0.39587346354166664 0.5335347777777778 0.43339310885416665 0.5337314712962963
2 0.34423937135416666 0.4585062712962963 0.3759238364583333 0.4585062712962963 0.3759097317708333 0.40523090092592595 0.34463429375000004 0.40572405925925925 0.34423937135416666 0.4585062712962963
2 0.3865081604166667 0.40334093518518516 0.386590771875 0.3583922462962963 0.34912754375 0.357899087962963 0.34924239375 0.40309578148148145 0.3865081604166667 0.40334093518518516
2 0.47533346770833335 0.3280501712962963 0.4686318760416667 0.3280501712962963 0.46879911354166665 0.4179247435185185 0.4752790651041667 0.4179561 0.47533346770833335 0.3280501712962963
3 0.7190812010416666 0.4765450398148148 0.7191053796875 0.48369441296296295 0.7210638729166666 0.48369441296296295 0.7210155145833334 0.4765450398148148 0.7190812010416666 0.4765450398148148
2 0.7189038885416666 0.476704675 0.692573040625 0.4766362601851852 0.6925790854166666 0.4933979472222222 0.7190409026041666 0.4931527935185185 0.7189038885416666 0.476704675
2 0.69227281875 0.5383466361111111 0.6642172072916667 0.5385091222222221 0.6645617567708333 0.587106613888889 0.6925005036458334 0.5867987453703704 0.69227281875 0.5383466361111111
3 0.28368527083333334 0.44874002314814815 0.2836469875 0.4585518814814815 0.3440660890625 0.4586088935185185 0.344088253125 0.44890250833333334 0.28368527083333334 0.44874002314814815
3 0.3796433609375 0.44854903055555556 0.3865948015625 0.44854903055555556 0.3866733828125 0.40353762870370374 0.379621196875 0.40353762870370374 0.3796433609375 0.44854903055555556
3 0.41875478541666666 0.31279361481481477 0.41871650208333333 0.32265963518518515 0.5075861375 0.32276510833333333 0.5075861375 0.31295325 0.41875478541666666 0.31279361481481477
3 0.2767680838541667 0.4813112888888889 0.28362683854166665 0.4813112888888889 0.2835180333333333 0.4487799314814815 0.27671368125 0.44885974907407405 0.2767680838541667 0.4813112888888889
3 0.3866935322916667 0.3227765111111111 0.37958089843750004 0.3228192703703704 0.3796695546875 0.3580729759259259 0.3866230104166667 0.3580729759259259 0.3866935322916667 0.3227765111111111
3 0.3937759421875 0.32261402499999997 0.3937437036458334 0.31295325 0.37958089843750004 0.3129076398148148 0.37961112239583333 0.32261402499999997 0.3937759421875 0.32261402499999997
3 0.3761233125 0.44874287314814815 0.37607696979166666 0.45857468611111113 0.38664114427083335 0.4588340935185185 0.38664114427083335 0.44880558703703705 0.3761233125 0.44874287314814815
3 0.582405803125 0.31273945277777776 0.5823393109375 0.3227080953703704 0.7282369536458333 0.3226909916666667 0.7281644166666666 0.31287913333333334 0.582405803125 0.31273945277777776
3 0.728184565625 0.32283352314814817 0.7211283500000001 0.32283352314814817 0.7211162604166667 0.4939595212962963 0.7282047151041666 0.49383124259259265 0.728184565625 0.32283352314814817
3 0.7282087447916666 0.5294498287037037 0.7211263348958333 0.5294070694444445 0.7210014104166667 0.6852252 0.7281664317708334 0.685171037962963 0.7282087447916666 0.5294498287037037
3 0.72092484375 0.6852080953703703 0.72092484375 0.675230900925926 0.6963651015625001 0.6753021666666666 0.6963892807291666 0.6850883694444444 0.72092484375 0.6852080953703703
3 0.6711847671875 0.6851482324074074 0.6711001411458334 0.6752194981481482 0.6570622609375001 0.6752765111111111 0.6570199473958334 0.6852679592592592 0.6711847671875 0.6851482324074074
3 0.6375478541666666 0.7255017101851852 0.6375720328125 0.735285062962963 0.6641688494791667 0.7351824398148148 0.6641688494791667 0.7257069555555555 0.6375478541666666 0.7255017101851852
3 0.6570723354166667 0.7255330675925925 0.6641245213541667 0.7255900796296296 0.6642413864583333 0.6853078675925925 0.6570683052083334 0.6853648805555556 0.6570723354166667 0.7255330675925925
3 0.2834414666666667 0.5166875712962963 0.27668144270833334 0.5167303305555555 0.276590771875 0.5668015962962962 0.2835543020833333 0.5667588370370371 0.2834414666666667 0.5166875712962963
3 0.28768688281250004 0.7154247435185185 0.28763651041666666 0.6903848342592593 0.2835784807291667 0.6903933861111111 0.283576465625 0.6727252 0.27670763645833335 0.6726539342592592 0.27670763645833335 0.6844982898148148 0.2695869432291667 0.6843557583333333 0.2693874671875 0.7154247435185185 0.28768688281250004 0.7154247435185185