1 0 0 0 1 1 1 1 0 0 0
4 0.21004432812499998 0.4451282777777778 0.20741486979166668 0.4451425314814815 0.20743501927083333 0.4532668185185185 0.21011485 0.4532668185185185 0.21004432812499998 0.4451282777777778
3 0.23294378385416667 0.4982326111111111 0.23294378385416667 0.49981470925925925 0.23483779947916666 0.49980045648148147 0.23483779947916666 0.4982326111111111 0.23294378385416667 0.4982326111111111
2 0.23484787447916666 0.49813283888888893 0.23474712864583333 0.488127137962963 0.22583115052083333 0.4882269101851852 0.22580092708333332 0.49818985185185183 0.23484787447916666 0.49813283888888893
2 0.2507596213541667 0.5002451537037037 0.2507596213541667 0.48940136851851856 0.24198267187500003 0.4893842648148148 0.24198267187500003 0.5002109462962963 0.2507596213541667 0.5002451537037037
2 0.23881724739583332 0.47651938425925927 0.24931090052083332 0.47635404814814813 0.24920814010416667 0.45874287314814816 0.23880717291666667 0.45872291944444443 0.23881724739583332 0.47651938425925927
2 0.21867821875000001 0.466023375 0.22579891197916666 0.4660062712962963 0.22579891197916666 0.45897662499999997 0.21866612916666667 0.4589937287037037 0.21867821875000001 0.466023375
2 0.21875881510416667 0.4402651083333333 0.22873262135416667 0.4403933861111111 0.22876284531250002 0.4221493731481481 0.2188595609375 0.4223204101851852 0.21875881510416667 0.4402651083333333
2 0.23253072760416668 0.4032839222222222 0.2325508765625 0.39348631666666667 0.22689703802083333 0.3935034203703704 0.226758009375 0.4031984037037037 0.23253072760416668 0.4032839222222222
2 0.26152528697916666 0.42193557592592595 0.2686177713541667 0.4219783351851852 0.2686278458333333 0.41349771944444447 0.26146483958333333 0.413583237962963 0.26152528697916666 0.42193557592592595
2 0.2744408625 0.4387542759259259 0.27437034062500004 0.42391676203703704 0.2616260328125 0.42383124259259264 0.26152528697916666 0.4386830101851852 0.2744408625 0.4387542759259259
2 0.30252065260416666 0.43846921296296293 0.2954966755208333 0.43849771944444443 0.29548861562499995 0.4510091222222222 0.3025811 0.4510718361111111 0.30252065260416666 0.43846921296296293
2 0.32382026979166667 0.43863169907407407 0.31402780572916666 0.43863169907407407 0.31400564166666667 0.45345496018518516 0.32371952447916663 0.45330672777777775 0.32382026979166667 0.43863169907407407
2 0.27464235364583334 0.4840279361111111 0.284616159375 0.4839595212962963 0.28461817447916665 0.4653563287037037 0.2746584729166667 0.46538198425925925 0.27464235364583334 0.4840279361111111
2 0.304872053125 0.5069640824074074 0.312087446875 0.5069270240740741 0.312087446875 0.49448403611111114 0.30483981458333337 0.49457240555555554 0.304872053125 0.5069640824074074
2 0.3105742494791667 0.5202280499999999 0.3006850692708333 0.5202451537037037 0.30067298020833333 0.5348375138888889 0.3105440260416667 0.5350114027777778 0.3105742494791667 0.5202280499999999
4 0.22987104583333334 0.5571693268518518 0.2119645375 0.5570324972222223 0.21194841822916669 0.5595781074074073 0.22987104583333334 0.559549600925926 0.22987104583333334 0.5571693268518518
3 0.18220834166666666 0.38937856296296297 0.18220834166666666 0.3933266814814815 0.21918194635416668 0.3933010259259259 0.21916179739583336 0.38946408240740743 0.18220834166666666 0.38937856296296297
3 0.2535019140625 0.39935290740740736 0.25828531145833333 0.3993244009259259 0.25826516197916666 0.3895410490740741 0.25348176510416665 0.3894811861111111 0.2535019140625 0.39935290740740736
3 0.2533769895833333 0.3933836944444445 0.2534193026041667 0.3893643101851852 0.22722143854166665 0.38945267962962965 0.22722143854166665 0.39335233796296293 0.2533769895833333 0.3933836944444445
3 0.25833568385416666 0.39241163055555556 0.2583477734375 0.39622576944444443 0.26263953229166664 0.39622576944444443 0.2626435625 0.39244583796296295 0.25833568385416666 0.39241163055555556
3 0.26858150312499995 0.39240877962962967 0.2685452348958333 0.3962913342592593 0.30564779375 0.39634264537037034 0.30564779375 0.39244298703703706 0.26858150312499995 0.39240877962962967
3 0.3114990932291667 0.3922890537037037 0.3114507354166667 0.3961887111111111 0.3349647390625 0.3962742305555556 0.3349526494791667 0.3924600916666667 0.3114990932291667 0.3922890537037037
3 0.3449143661458333 0.3924600916666667 0.3449143661458333 0.3962571268518518 0.3517690911458333 0.3962742305555556 0.3517449125 0.39247719537037035 0.3449143661458333 0.3924600916666667
3 0.35175700156249995 0.39634264537037034 0.3468849484375 0.39634264537037034 0.34686076979166663 0.40232896203703705 0.35179528489583334 0.4023118583333333 0.35175700156249995 0.39634264537037034
3 0.35171468854166665 0.41626852870370373 0.3489643359375 0.4162428731481482 0.3489300828125 0.4422263398148148 0.35170259947916666 0.44223204074074074 0.35171468854166665 0.41626852870370373
3 0.34686479947916665 0.45606613425925924 0.34684868020833337 0.4660404787037037 0.3517227484375 0.46609178981481486 0.35170461406250003 0.45606613425925924 0.34686479947916665 0.45606613425925924
3 0.3517449125 0.46616020555555554 0.34899455989583333 0.46614595185185187 0.3490267984375 0.4941248574074074 0.35171670364583335 0.4941391101851852 0.3517449125 0.46616020555555554
3 0.35168245000000004 0.5026368305555555 0.3490388880208333 0.5026254277777777 0.3489824703125 0.520624287037037 0.351674390625 0.5205843787037037 0.35168245000000004 0.5026368305555555
3 0.3490267984375 0.5436830101851852 0.3490267984375 0.5466106046296296 0.3469171869791667 0.5465507407407407 0.34687487395833333 0.5672405925925925 0.3517207333333333 0.5672405925925925 0.3517428973958333 0.5437143675925925 0.3490267984375 0.5436830101851852
3 0.28456175677083334 0.5633238314814815 0.28456175677083334 0.5672947546296295 0.33890993333333336 0.5672234888888888 0.33888575468750004 0.5633238314814815 0.28456175677083334 0.5633238314814815
3 0.27660689114583337 0.5670296462962963 0.2765927864583333 0.5633551879629629 0.2717912552083333 0.5634150509259259 0.2717912552083333 0.5670296462962963 0.27660689114583337 0.5670296462962963
3 0.2717912552083333 0.5633352333333334 0.2746121296875 0.5632981759259259 0.27452750364583334 0.4801966935185185 0.27179931510416666 0.4801966935185185 0.2717912552083333 0.5633352333333334
3 0.20999395520833333 0.5596493731481482 0.20735442291666667 0.559663625925926 0.20737860156250001 0.5763312425925926 0.21223655052083332 0.5762827824074074 0.21223655052083332 0.5662827824074075 0.21000805989583335 0.5662571268518518 0.20999395520833333 0.5596493731481482
3 0.22992141875 0.5572405925925926 0.22994156770833335 0.559549600925926 0.23356840625 0.5595353481481482 0.2335825104166667 0.5572035351851852 0.22992141875 0.5572405925925926
3 0.21192222447916667 0.55704675 0.20736046770833333 0.55704675 0.20734434791666667 0.5595980611111111 0.2118980453125 0.5595638537037038 0.21192222447916667 0.55704675
3 0.23573443489583334 0.5763255416666667 0.235744509375 0.5725057009259259 0.23181140416666668 0.5725342074074075 0.23181543437500002 0.5763255416666667 0.23573443489583334 0.5763255416666667
3 0.23182953854166666 0.5724486888888889 0.23355228697916666 0.5724201824074074 0.23354422708333333 0.5596151657407407 0.23184364270833333 0.5596294185185186 0.23182953854166666 0.5724486888888889
3 0.24168648020833333 0.5724087796296297 0.24168648020833333 0.576245724074074 0.24759218229166666 0.5762656787037037 0.24759218229166666 0.5724059296296297 0.24168648020833333 0.5724087796296297
3 0.25569816666666667 0.5479988601851852 0.2557021963541667 0.5602337518518519 0.25341124322916664 0.5602137972222222 0.25353213802083335 0.5762571268518519 0.25837598229166664 0.5762571268518519 0.2582248640625 0.5479561000000001 0.25569816666666667 0.5479988601851852
3 0.2583276244791667 0.5479817555555555 0.2583155348958333 0.5518985175925926 0.2652548859375 0.5518472064814816 0.2652548859375 0.5479304444444444 0.2583276244791667 0.5479817555555555
3 0.26973604687499997 0.54795325 0.26973604687499997 0.5518358037037037 0.27175498697916667 0.5518358037037037 0.27171871875 0.5479361462962963 0.26973604687499997 0.54795325
3 0.2100664921875 0.534657925 0.20739472083333332 0.5346408212962963 0.20739472083333332 0.5488540481481482 0.21013499895833335 0.5488740018518519 0.2100664921875 0.534657925
3 0.20738464635416667 0.5262286203703703 0.21003425364583334 0.5262143675925925 0.2101188796875 0.45333808425925926 0.20740882552083334 0.4533523379629629 0.20738464635416667 0.5262286203703703
3 0.21019544635416668 0.45923888240740746 0.21018335677083336 0.46915906481481484 0.21217811822916666 0.4691761685185185 0.21222647604166667 0.4592217787037037 0.21019544635416668 0.45923888240740746
3 0.18214587968749998 0.40709806111111113 0.17939351197916667 0.4070809574074074 0.17944589947916667 0.4402993157407407 0.18214587968749998 0.4403278222222222 0.18214587968749998 0.40709806111111113
3 0.182228490625 0.4363597490740741 0.1822184161458333 0.44036488055555556 0.21867821875000001 0.44030786759259255 0.2186681442708333 0.43641676203703705 0.182228490625 0.4363597490740741
3 0.210070521875 0.4404247435185185 0.20738263124999998 0.44042759444444446 0.20738263124999998 0.44505701296296296 0.21006447708333334 0.4450114027777778 0.210070521875 0.4404247435185185
3 0.21022365520833333 0.47277080925925924 0.21022365520833333 0.4761687574074074 0.23476929270833333 0.47609464074074076 0.23476929270833333 0.4729190425925926 0.21022365520833333 0.47277080925925924
3 0.23487809791666667 0.47331812962962966 0.23487406822916668 0.47624287314814817 0.2387568005208333 0.47624287314814817 0.23873665104166666 0.47333238333333333 0.23487809791666667 0.47331812962962966
3 0.25389079166666667 0.4720781074074074 0.25388877708333335 0.47333238333333333 0.24934515416666667 0.47330957777777777 0.24934515416666667 0.47615450370370366 0.25800926875 0.4761117444444445 0.2579689703125 0.4720353481481482 0.25389079166666667 0.4720781074074074
3 0.25347975 0.47197833518518517 0.25841225052083333 0.47195838055555556 0.25834575885416666 0.45925313611111107 0.253409228125 0.45925313611111107 0.25347975 0.47197833518518517
3 0.27177110625 0.48297890555555556 0.27176103177083333 0.480168187037037 0.255974209375 0.4801282777777778 0.255974209375 0.48299315833333334 0.27177110625 0.48297890555555556
3 0.25599234322916664 0.480057012962963 0.2580072536458333 0.480057012962963 0.25798911927083334 0.476194412962963 0.25599234322916664 0.476194412962963 0.25599234322916664 0.480057012962963
3 0.34897239583333334 0.4839509694444445 0.34896232135416666 0.4808580388888889 0.28466653229166666 0.4808865453703704 0.28467660677083334 0.48399372870370366 0.34897239583333334 0.4839509694444445
3 0.2853979447916667 0.4807782212962963 0.2876344953125 0.48079247407407405 0.28764859947916666 0.4582098064814815 0.285373765625 0.45818985185185185 0.2853979447916667 0.4807782212962963
3 0.7515212572916667 0.40944982870370367 0.75126939375 0.40942132314814816 0.7512794682291666 0.4106328388888889 0.75154140625 0.41061858611111113 0.7515212572916667 0.40944982870370367
3 0.76011485 0.42296180185185184 0.7600926859375 0.4260262259259259 0.7698267177083333 0.42598346666666664 0.7697662703125 0.4229332953703704 0.76011485 0.42296180185185184
2 0.7516844651041666 0.4260604333333333 0.7600926859375 0.4260262259259259 0.7600564177083334 0.4118899657407407 0.7518738666666667 0.4116191564814815 0.7516844651041666 0.4260604333333333
3 0.7581603869791667 0.4095068416666666 0.7581805359375 0.41078962407407404 0.7759016723958333 0.4106755990740741 0.7758613739583333 0.40942132314814816 0.7581603869791667 0.4095068416666666
3 0.7696856739583333 0.4107183583333333 0.7686681442708333 0.4107183583333333 0.7686379208333334 0.4229332953703704 0.7697662703125 0.4229332953703704 0.7696856739583333 0.4107183583333333
2 0.7759016723958333 0.4106755990740741 0.7826012494791666 0.41078962407407404 0.78244005625 0.4043472064814815 0.7758714489583334 0.4044184722222222 0.7759016723958333 0.4106755990740741
2 0.7515393916666666 0.4109207527777778 0.7581704614583333 0.4108751425925926 0.7580777755208333 0.4045923601851852 0.7515091677083333 0.4046636259259259 0.7515393916666666 0.4109207527777778
3 0.7663308484375 0.40944982870370367 0.7672577072916666 0.40944982870370367 0.7672577072916666 0.39727765092592593 0.7663006244791667 0.39726339814814815 0.7663308484375 0.40944982870370367
3 0.7826012494791666 0.41078962407407404 0.787285915625 0.41073261111111115 0.7872959901041666 0.40947833518518517 0.7825811 0.409492587962963 0.7826012494791666 0.41078962407407404
3 0.782933709375 0.40947833518518517 0.7838907916666666 0.409492587962963 0.7838202697916666 0.39734891666666666 0.7828329640625 0.39739167592592595 0.782933709375 0.40947833518518517
3 0.7895023171875 0.3974002277777778 0.7872657666666666 0.3973660203703704 0.7873262140624999 0.4381698972222222 0.7895224661458333 0.4382126564814815 0.7895023171875 0.3974002277777778
3 0.7895708239583333 0.44119726296296297 0.7895224661458333 0.4382126564814815 0.7654241385416667 0.4384122009259259 0.7655047348958333 0.44129133425925926 0.7895708239583333 0.44119726296296297
3 0.7631875880208334 0.4434435574074074 0.7655893614583333 0.4434435574074074 0.7654241385416667 0.4384264537037037 0.7631472901041667 0.43849771944444443 0.7631875880208334 0.4434435574074074
2 0.7631352005208334 0.4260176740740741 0.7631069916666667 0.43849771944444443 0.7735361677083333 0.43833238333333335 0.7729599031250001 0.4259692129629629 0.7631352005208334 0.4260176740740741
3 0.7741184765625 0.4260062712962963 0.7740862380208333 0.42464937314814816 0.7697964942708333 0.4246379703703704 0.7698267177083333 0.42598346666666664 0.7741184765625 0.4260062712962963
2 0.7655571229166667 0.4589053592592593 0.7655893614583333 0.4434435574074074 0.7530767682291667 0.44334093518518514 0.7528329640625 0.45912770833333333 0.7655571229166667 0.4589053592592593
3 0.7655571229166667 0.4589053592592593 0.7630606489583334 0.45896807314814814 0.7631573645833334 0.5499572407407407 0.7655248843750001 0.5500142527777778 0.7655571229166667 0.4589053592592593
3 0.75829135625 0.4765478907407408 0.7583215796875 0.4781784490740741 0.7630787828125 0.47810718333333335 0.7630505744791667 0.47667046759259263 0.75829135625 0.4765478907407408
3 0.7630727380208333 0.4643472064814815 0.7630626635416667 0.4610974916666667 0.7494458994791666 0.46124572407407405 0.7494458994791666 0.4645667046296296 0.7630727380208333 0.4643472064814815
3 0.7450533953124999 0.4751567842592592 0.7428974411458333 0.4750855185185185 0.7429175901041667 0.478235462037037 0.7519141645833333 0.4781784490740741 0.7518839411458333 0.476824400925926 0.7511686479166666 0.47681014814814815 0.7512391697916667 0.4645381981481482 0.7494458994791666 0.4645667046296296 0.749506346875 0.4736316990740741 0.7450533953124999 0.47366020555555555 0.7450533953124999 0.4751567842592592
2 0.75829135625 0.4765478907407408 0.7518738666666667 0.47649657962962966 0.752035059375 0.4829104907407407 0.7584525489583334 0.4827394527777778 0.75829135625 0.4765478907407408
2 0.7318375984375 0.4781927027777778 0.7429175901041667 0.478235462037037 0.7429619182291667 0.46038483425925925 0.7320068505208333 0.46066134537037035 0.7318375984375 0.4781927027777778
4 0.7009993953125 0.45501995462962963 0.7010779770833333 0.445852337962963 0.6964154744791667 0.4456813 0.6964739067708333 0.45501995462962963 0.7009993953125 0.45501995462962963
3 0.7031754984374999 0.4608893953703703 0.7010296192708334 0.4608266814814815 0.7009993953125 0.45501995462962963 0.6983155348958333 0.45503990833333335 0.6983014307291667 0.4704332953703703 0.70323393125 0.4705159638888889 0.7031754984374999 0.4608893953703703
3 0.727902478125 0.4640051314814815 0.7169534557291667 0.46403078703703704 0.7168486802083333 0.4675997722222222 0.7279206125000001 0.4675997722222222 0.727902478125 0.4640051314814815
3 0.7279206125000001 0.4675997722222222 0.7263449526041666 0.4676026222222222 0.7263046546874999 0.4763255416666667 0.7278158369791666 0.4763397944444444 0.7279206125000001 0.4675997722222222
3 0.7318456578125 0.47518529074074073 0.727823896875 0.475173887962963 0.7278460609375 0.4781499425925926 0.7318375984375 0.4781927027777778 0.7318456578125 0.47518529074074073
3 0.7278460609375 0.4781499425925926 0.7278158369791666 0.4763397944444444 0.7008865604166666 0.4762257694444445 0.700916784375 0.4781499425925926 0.7278460609375 0.4781499425925926
3 0.7263046546874999 0.4763255416666667 0.7262945796875001 0.4744583805555555 0.7008664114583334 0.47474344351851855 0.7008865604166666 0.4762257694444445 0.7263046546874999 0.4763255416666667
2 0.7093592583333332 0.46747434444444447 0.7168486802083333 0.4675997722222222 0.7170360666666666 0.4602907638888889 0.7093894822916667 0.4605188138888889 0.7093592583333332 0.46747434444444447
3 0.7093592583333332 0.46747434444444447 0.7093975416666667 0.46375997685185183 0.7031996776041667 0.46390535925925924 0.7032178119791667 0.4675028509259259 0.7093592583333332 0.46747434444444447
3 0.7008664114583334 0.47474344351851855 0.7032077375 0.47469213240740743 0.70323393125 0.4705159638888889 0.7008261130208333 0.4704846064814815 0.7008664114583334 0.47474344351851855
3 0.7008261130208333 0.4704846064814815 0.6983014307291667 0.4704332953703703 0.6983598630208333 0.5048745722222222 0.7011021557291667 0.5049344351851852 0.7008261130208333 0.4704846064814815
3 0.7446141447916667 0.47366020555555555 0.749506346875 0.4736316990740741 0.7494378401041666 0.4607297601851852 0.7447007859375 0.46077537037037036 0.7446141447916667 0.47366020555555555
3 0.7010255895833333 0.5137970351851852 0.6984182953125 0.5137257694444445 0.6983679223958333 0.5278078675925926 0.7009993953125 0.5278078675925926 0.7010255895833333 0.5137970351851852
4 0.7010255895833333 0.5137970351851852 0.7011021557291667 0.5049344351851852 0.6964376385416667 0.5048603194444444 0.6962623411458334 0.5137628277777777 0.7010255895833333 0.5137970351851852
4 0.7010739473958334 0.5367787916666666 0.7009993953125 0.5278078675925926 0.6964376385416667 0.5277708092592592 0.6963872656250001 0.5366020527777777 0.7010739473958334 0.5367787916666666
3 0.7010739473958334 0.5367787916666666 0.6984424744791667 0.5366818703703703 0.6983276244791666 0.5568700111111111 0.7010296192708334 0.5568956666666667 0.7010739473958334 0.5367787916666666
3 0.7010417088541666 0.5535091222222223 0.7030425145833333 0.5534264537037037 0.7030143057291667 0.5500598629629629 0.7010417088541666 0.5500798175925925 0.7010417088541666 0.5535091222222223
4 0.7030143057291667 0.5500598629629629 0.7030606489583333 0.5537229194444444 0.7447833973958333 0.5535376287037037 0.7447692927083334 0.5501510833333334 0.7030143057291667 0.5500598629629629
4 0.7514144671874999 0.5499857472222222 0.75143663125 0.5563996583333334 0.7611827526041667 0.556413911111111 0.7611082005208334 0.5499258833333333 0.7514144671874999 0.5499857472222222
3 0.7657666734375 0.5500427592592593 0.7611082005208334 0.5499258833333333 0.761162603125 0.5536630555555555 0.7657868223958334 0.5537200685185185 0.7657666734375 0.5500427592592593
3 0.7514104369791668 0.5498717222222221 0.7447975015625 0.5498973777777778 0.7447833973958333 0.5535376287037037 0.7514104369791668 0.5534777648148148 0.7514104369791668 0.5498717222222221
3 0.7468466651041666 0.5535319268518518 0.7468466651041666 0.5623574685185184 0.7494156760416666 0.5623717222222222 0.7493632885416667 0.5535005703703704 0.7468466651041666 0.5535319268518518
3 0.7447914567708334 0.562385975 0.7447189197916667 0.5779418472222222 0.749506346875 0.5780159638888889 0.7494156760416666 0.5624002277777778 0.7447914567708334 0.562385975
3 0.6983155348958333 0.45503990833333335 0.6964739067708333 0.45501995462962963 0.6964376385416667 0.5048603194444444 0.6983598630208333 0.5048745722222222 0.6983155348958333 0.45503990833333335
3 0.6984182953125 0.5137257694444445 0.6962623411458334 0.5137628277777777 0.6964376385416667 0.5277708092592592 0.6983679223958333 0.5278078675925926 0.6984182953125 0.5137257694444445
3 0.6984424744791667 0.5366818703703703 0.6963872656250001 0.5366020527777777 0.6963751765624999 0.5597405925925927 0.6983376989583333 0.5596493731481482 0.6984424744791667 0.5366818703703703
3 0.6983276244791666 0.5568700111111111 0.6983376989583333 0.5596351194444444 0.7029175901041668 0.5595980611111111 0.7029316947916667 0.5569555305555556 0.6983276244791666 0.5568700111111111
3 0.7010296192708334 0.5568956666666667 0.7029820671875 0.5569555305555556 0.7030425145833333 0.5534264537037037 0.7010417088541666 0.5535091222222223 0.7010296192708334 0.5568956666666667
4 0.6963751765624999 0.5597405925925927 0.6964275640625 0.5669327249999999 0.6992544833333334 0.5669469787037037 0.6991738869791667 0.5596208666666667 0.6963751765624999 0.5597405925925927
3 0.7031029619791667 0.5684007981481481 0.6983376989583333 0.5684578111111112 0.6984041911458333 0.5780444694444445 0.7032722145833333 0.5779561 0.7031029619791667 0.5684007981481481
3 0.70519846875 0.5669184722222221 0.6963731614583334 0.5669327249999999 0.6963751765624999 0.5684350055555556 0.7052387666666667 0.5684150509259259 0.70519846875 0.5669184722222221
3 0.6983376989583333 0.5684578111111112 0.6963751765624999 0.5684350055555556 0.6963227885416666 0.5840792472222222 0.6984384442708333 0.5840649944444445 0.6983376989583333 0.5684578111111112
3 0.7052387666666667 0.5684150509259259 0.7031029619791667 0.5684007981481481 0.7033346765625 0.5840935009259259 0.7052186177083333 0.5840478907407407 0.7052387666666667 0.5684150509259259
3 0.7033346765625 0.5840935009259259 0.7032722145833333 0.5779561 0.6984041911458333 0.5780444694444445 0.6984384442708333 0.5840649944444445 0.7033346765625 0.5840935009259259
4 0.7052891395833334 0.5767246296296297 0.7053193635416667 0.5837856324074073 0.7426576666666667 0.5838996583333333 0.7426556520833334 0.5766248574074074 0.7052891395833334 0.5767246296296297
3 0.7447833973958333 0.5535376287037037 0.7448015312499999 0.5624002277777778 0.7468466651041666 0.5623717222222222 0.7468466651041666 0.5535319268518518 0.7447833973958333 0.5535376287037037
3 0.7514104369791668 0.5534777648148148 0.7493632885416667 0.5535005703703704 0.7495466453125 0.5839509694444445 0.7514567802083333 0.5838939564814815 0.7514104369791668 0.5534777648148148
3 0.7448116057291667 0.5593586092592593 0.7426576666666667 0.5593443555555555 0.7426999796874999 0.5840763972222222 0.7446846666666667 0.5841049027777778 0.7448116057291667 0.5593586092592593
3 0.7447189197916667 0.5779418472222222 0.7446846666666667 0.5841049027777778 0.7495466453125 0.5839652222222222 0.749506346875 0.5780159638888889 0.7447189197916667 0.5779418472222222
3 0.6703304453125 0.39976624814814815 0.672959903125 0.39986316944444444 0.6729840822916666 0.39070980648148146 0.6703546244791667 0.39067844907407406 0.6703304453125 0.39976624814814815
3 0.7657525692708333 0.5651539342592593 0.7657364494791667 0.5689367157407407 0.8119282692708333 0.5687713796296296 0.8118537177083333 0.5652936148148149 0.7657525692708333 0.5651539342592593
3 0.2853153333333333 0.4610062712962963 0.2853153333333333 0.45819840370370374 0.272087446875 0.4583124287037037 0.272087446875 0.4610917898148148 0.2853153333333333 0.4610062712962963
3 0.8202397744791666 0.5650855185185185 0.8203425348958333 0.5688283925925925 0.8301974614583333 0.5688027370370371 0.8300926859375 0.5650855185185185 0.8202397744791666 0.5650855185185185
3 0.8203425348958333 0.5688283925925925 0.8204271609375 0.5717132268518519 0.83030828125 0.5716847203703703 0.8301974614583333 0.5688027370370371 0.8203425348958333 0.5688283925925925
3 0.8119786421874999 0.5717844925925926 0.8119282692708333 0.5687713796296296 0.761162603125 0.5689281638888889 0.7611646182291667 0.5718215509259259 0.8119786421874999 0.5717844925925926
3 0.761162603125 0.5689281638888889 0.7629578885416667 0.5689053592592592 0.7631069916666667 0.5537058157407407 0.7611827526041667 0.5536915620370371 0.761162603125 0.5689281638888889
4 0.8385532942708332 0.565171037962963 0.8301430588541667 0.5651368305555555 0.8303062661458332 0.5716248574074073 0.8387547854166667 0.5715535916666666 0.8385532942708332 0.565171037962963
3 0.8385532942708332 0.565171037962963 0.8386580697916667 0.5688768527777778 0.8432359458333334 0.5688511972222222 0.8432178119791666 0.5649600916666666 0.8385532942708332 0.565171037962963
3 0.83834374375 0.5485832379629629 0.838466653125 0.5628677305555556 0.8406246223958332 0.562842075 0.8406427562500001 0.5650855185185185 0.8432178119791666 0.5649600916666666 0.8431311708333333 0.54545325 0.840572234375 0.5454789055555556 0.8405561151041667 0.5486060435185185 0.83834374375 0.5485832379629629
3 0.8386580697916667 0.5688768527777778 0.838748740625 0.5718044472222222 0.8451400364583334 0.5716847203703703 0.8451239171875 0.5688141388888889 0.8386580697916667 0.5688768527777778
3 0.8432359458333334 0.5688511972222222 0.8451239171875 0.5688141388888889 0.8452951843750001 0.5454675027777778 0.8431311708333333 0.54545325 0.8432359458333334 0.5688511972222222
4 0.8405863390625 0.5310176740740741 0.840572234375 0.5454789055555556 0.8456216 0.5454104907407407 0.8455168244791668 0.5311060435185185 0.8405863390625 0.5310176740740741
3 0.8405863390625 0.5310176740740741 0.8430727380208333 0.5310461805555555 0.8432178119791666 0.49256556481481484 0.8406709651041666 0.49256556481481484 0.8405863390625 0.5310176740740741
3 0.8453072739583334 0.49262542777777785 0.8432178119791666 0.49256556481481484 0.8430727380208333 0.5310461805555555 0.8452548859375 0.5310718361111111 0.8453072739583334 0.49262542777777785
4 0.8406709651041666 0.49256556481481484 0.8458714489583333 0.49259407037037034 0.8458512994791667 0.46886259999999996 0.8406286520833334 0.46889110648148147 0.8406709651041666 0.49256556481481484
3 0.8385009067708334 0.4674971490740741 0.8406326817708333 0.467559862962963 0.8406286520833334 0.46889110648148147 0.843189603125 0.46882839259259257 0.8432016927083333 0.4578306731481482 0.8384868020833333 0.45768814166666666 0.8385009067708334 0.4674971490740741
3 0.843189603125 0.46882839259259257 0.8453254078125 0.46883124259259257 0.8453153333333333 0.4178591787037037 0.84311908125 0.4179019388888889 0.843189603125 0.46882839259259257
3 0.8406125328125 0.4577765111111111 0.8432016927083333 0.4578306731481482 0.8431090067708333 0.41785347777777776 0.8406105177083333 0.41791619166666666 0.8406125328125 0.4577765111111111
4 0.8406105177083333 0.41791619166666666 0.8459721942708334 0.41778791296296297 0.8460104776041667 0.4032497148148148 0.840449325 0.40344925925925923 0.8406105177083333 0.41791619166666666
3 0.8363953255208333 0.3974315851851852 0.8384847875 0.39738312407407406 0.8384747130208333 0.40347776481481484 0.8431795286458333 0.40337229166666666 0.8431674390624999 0.3937143675925926 0.8364195041666667 0.3939709231481482 0.8363953255208333 0.3974315851851852
3 0.8431795286458333 0.40337229166666666 0.8453697359375 0.4032183583333333 0.8452246625 0.3907468638888889 0.8431976625 0.3907782212962963 0.8431795286458333 0.40337229166666666
3 0.8431674390624999 0.3937143675925926 0.8431976625 0.3907782212962963 0.8364195041666667 0.39082098055555553 0.8364195041666667 0.3939709231481482 0.8431674390624999 0.3937143675925926
4 0.8263852510416666 0.3975342074074074 0.8363953255208333 0.3974315851851852 0.8364094296875 0.3900228046296296 0.8263248036458334 0.3900228046296296 0.8263852510416666 0.3975342074074074
4 0.803356840625 0.39750285092592597 0.8095426151041667 0.3974258833333333 0.8094378401041666 0.3899800453703704 0.80323393125 0.3899515388888889 0.803356840625 0.39750285092592597
3 0.8032943786458334 0.3936858611111111 0.8032540802083333 0.3907297601851852 0.7493995567708333 0.3906870009259259 0.7494257505208334 0.3936545037037037 0.8032943786458334 0.3936858611111111
3 0.8095426151041667 0.3974258833333333 0.8263852510416666 0.3975342074074074 0.8263389078125001 0.39358323796296296 0.8095003020833332 0.39393956666666663 0.8095426151041667 0.3974258833333333
3 0.8263389078125001 0.39358323796296296 0.8263288333333333 0.3907155074074074 0.8094418697916667 0.39083808425925926 0.8095003020833332 0.39393956666666663 0.8263389078125001 0.39358323796296296
3 0.7657868223958334 0.5537200685185185 0.7631029619791666 0.5537143675925926 0.7629578885416667 0.5689053592592592 0.7657364494791667 0.5689367157407407 0.7657868223958334 0.5537200685185185
3 0.6729840822916666 0.39070980648148146 0.6729921416666667 0.3944412768518519 0.7102458192708333 0.3945695555555555 0.7101672375 0.3907468638888889 0.6729840822916666 0.39070980648148146
4 0.6730525890625 0.408694412962963 0.672959903125 0.39986316944444444 0.6703304453125 0.39976624814814815 0.6704231312500001 0.40859749166666665 0.6730525890625 0.408694412962963
3 0.6730525890625 0.408694412962963 0.6704231312500001 0.40859749166666665 0.6704956677083334 0.4416277083333333 0.673074753125 0.4415877990740741 0.6730525890625 0.408694412962963
3 0.6730868427083333 0.4378705814814815 0.673074753125 0.4415877990740741 0.6983679223958333 0.4415621435185185 0.6983578479166667 0.437842075 0.6730868427083333 0.4378705814814815
3 0.7010578281250001 0.4378705814814815 0.6983477734375001 0.4378848342592592 0.6984182953125 0.4457668185185185 0.7010779770833333 0.445852337962963 0.7010578281250001 0.4378705814814815
3 0.7010578281250001 0.4378705814814815 0.7010578281250001 0.4414908777777778 0.7096816442708334 0.441476625 0.7096010479166667 0.4378848342592592 0.7010578281250001 0.4378705814814815
2 0.7097239572916667 0.4416305583333333 0.7199375380208333 0.44150513148148146 0.7200846260416667 0.42384549629629625 0.7095567197916667 0.424144812037037 0.7097239572916667 0.4416305583333333
3 0.7199375380208333 0.44150513148148146 0.7305138020833333 0.44141961203703706 0.7304956677083333 0.4379218925925926 0.7199637317708334 0.43782497129629633 0.7199375380208333 0.44150513148148146
3 0.7412452145833334 0.4378563287037037 0.7413358854166667 0.4417759407407407 0.7495869432291666 0.4416704675925926 0.7495667942708334 0.43781356944444444 0.7412452145833334 0.4378563287037037
3 0.7466834578125 0.43779931574074077 0.7495667942708334 0.43781356944444444 0.7494700786458334 0.4006299888888889 0.7468587546875 0.4005473203703704 0.7466834578125 0.43779931574074077
3 0.7182712067708333 0.39083523333333337 0.7183759822916667 0.3945553018518519 0.744731009375 0.39461231481481485 0.7447189197916667 0.3907468638888889 0.7182712067708333 0.39083523333333337
3 0.7447189197916667 0.3907468638888889 0.7447612333333333 0.40053021666666666 0.7494700786458334 0.4006299888888889 0.7493995567708333 0.3906870009259259 0.7447189197916667 0.3907468638888889
3 0.7494257505208334 0.3936545037037037 0.7494378401041666 0.39716077499999997 0.803356840625 0.39750285092592597 0.8032943786458334 0.3936858611111111 0.7494257505208334 0.3936545037037037
4 0.7102458192708333 0.3945695555555555 0.7183759822916667 0.3945553018518519 0.7182712067708333 0.39083523333333337 0.7101672375 0.3907468638888889 0.7102458192708333 0.3945695555555555
3 0.7236550473958334 0.40458950925925924 0.7209671567708333 0.4046094638888889 0.7210094703125001 0.4378278222222222 0.7237235541666667 0.4378278222222222 0.7236550473958334 0.40458950925925924
2 0.7236550473958334 0.40458950925925924 0.7236751963541667 0.396023375 0.7180173281250001 0.3960518814814815 0.7178521057291667 0.404717787962963 0.7236550473958334 0.40458950925925924
3 0.7209349182291667 0.396023375 0.7236751963541667 0.396023375 0.7236852708333333 0.3945695555555555 0.7209651421875001 0.3945553018518519 0.7209349182291667 0.396023375
3 0.7236751963541667 0.40669897407407407 0.723665121875 0.41027651111111113 0.7468265161458334 0.41040478888888887 0.7468265161458334 0.4065421888888889 0.7236751963541667 0.40669897407407407
3 0.7516844651041666 0.4260604333333333 0.7517025994791666 0.4230188138888889 0.7495123916666666 0.42307582685185186 0.7495466453125 0.42605473240740743 0.7516844651041666 0.4260604333333333
3 0.7495123916666666 0.42307582685185186 0.7512996171875 0.423007412037037 0.7512532744791667 0.39718072962962964 0.7494378401041666 0.39716077499999997 0.7495123916666666 0.42307582685185186
4 0.8202256697916667 0.5653306731481482 0.8118537177083333 0.5652936148148149 0.8119786421874999 0.5717844925925926 0.8204271609375 0.5717132268518519 0.8202256697916667 0.5653306731481482
3 0.27214789427083336 0.45819840370370374 0.27415273020833336 0.45818415092592596 0.2741184765625 0.43885974907407405 0.2720834171875 0.43885974907407405 0.27214789427083336 0.45819840370370374
3 0.27518436406249996 0.4238397944444445 0.27516421510416667 0.41879418425925924 0.268696353125 0.4187343212962963 0.26867620416666665 0.4215735462962963 0.27211162604166667 0.42165906481481485 0.2721015515625 0.4237970351851852 0.27518436406249996 0.4238397944444445
3 0.27312915572916663 0.4186858611111111 0.27518637916666666 0.4187314712962963 0.27520652812499996 0.39639965833333335 0.27304654427083336 0.39639965833333335 0.27312915572916663 0.4186858611111111
3 0.228811203125 0.43645381944444445 0.22880314322916667 0.44044469814814813 0.23942172083333332 0.4403876851851852 0.23942172083333332 0.43645381944444445 0.228811203125 0.43645381944444445
3 0.24995768697916668 0.4364253138888889 0.2499597015625 0.44028791296296294 0.25833165416666665 0.4403306731481481 0.2583215796875 0.43636830092592593 0.24995768697916668 0.4364253138888889
3 0.2556417489583333 0.4362685287037037 0.258351803125 0.43624002314814814 0.2582893411458333 0.3994384268518519 0.255665928125 0.3994384268518519 0.2556417489583333 0.4362685287037037
3 0.25841225052083333 0.41872576944444445 0.25840217604166665 0.42166191574074074 0.26145476510416665 0.42169327222222225 0.26145476510416665 0.41872576944444445 0.25841225052083333 0.41872576944444445
3 0.21230304270833333 0.4622063851851852 0.21227886354166667 0.4660889398148148 0.21858956302083332 0.4660547324074074 0.21860165208333332 0.46222348888888887 0.21230304270833333 0.4622063851851852
3 0.23531936354166666 0.47322120833333337 0.23691114270833333 0.47322120833333337 0.23689099322916668 0.4622177879629629 0.2352286921875 0.4622462944444444 0.23531936354166666 0.47322120833333337
3 0.23520854322916665 0.466023375 0.23518839427083332 0.4622177879629629 0.22583920989583334 0.4622462944444444 0.22585935937499999 0.466023375 0.23520854322916665 0.466023375
3 0.21012895416666666 0.49993728611111116 0.2101188796875 0.5023460657407408 0.23917388697916667 0.5024600916666666 0.23915373750000002 0.4998375138888889 0.21012895416666666 0.49993728611111116
3 0.23919000625 0.5025513111111111 0.23734636302083334 0.5025370583333333 0.23734636302083334 0.5116733185185185 0.23917993124999998 0.5116590648148147 0.23919000625 0.5025513111111111
3 0.2171670359375 0.4998090083333333 0.21873060625 0.4998118583333333 0.21877090468750002 0.49496579259259255 0.21713882708333332 0.4950085518518519 0.2171670359375 0.4998090083333333
3 0.21705823072916666 0.4972320407407407 0.21705621614583331 0.49496294166666666 0.21014708854166667 0.49493728611111115 0.21013701406250002 0.497217787962963 0.21705823072916666 0.4972320407407407
3 0.23284303854166666 0.48801311296296296 0.2347753375 0.48804732037037035 0.23478541197916666 0.4761887111111111 0.232881321875 0.4761887111111111 0.23284303854166666 0.48801311296296296
3 0.25712270781249996 0.487614025 0.24945597395833333 0.4875855185185185 0.24944589947916668 0.489324400925926 0.25710255885416666 0.48928164166666666 0.25712270781249996 0.487614025
3 0.2559339109375 0.4875 0.2571327828125 0.4875 0.25711263333333334 0.4830530212962963 0.25591376197916665 0.4830387685185185 0.2559339109375 0.4875
3 0.2507112635416667 0.5003819842592593 0.24944186979166666 0.5003819842592593 0.2494056015625 0.5112428731481481 0.25061454739583333 0.5112941842592592 0.2507112635416667 0.5003819842592593
3 0.2507032036458333 0.509603762962963 0.2506669354166667 0.5112970351851851 0.271726778125 0.5112628277777778 0.271726778125 0.509603762962963 0.2507032036458333 0.509603762962963
3 0.27462220416666666 0.5203249712962963 0.2746302640625 0.5218557583333333 0.3006246223958333 0.5219070694444444 0.3006246223958333 0.5202822120370371 0.27462220416666666 0.5203249712962963
3 0.3106810395833334 0.563178449074074 0.3117489421875 0.563178449074074 0.3117469270833333 0.5205245157407408 0.31067096510416664 0.5205359175925927 0.3106810395833334 0.563178449074074
3 0.2902357442708333 0.48405359166666667 0.28842031041666666 0.48406784537037034 0.2883659078125 0.5067388824074074 0.29027805781250005 0.5067702398148148 0.2902357442708333 0.48405359166666667
3 0.29036671354166665 0.5038255416666666 0.2903385046875 0.5067474342592593 0.3047954864583333 0.5067901935185185 0.3047954864583333 0.5039395666666666 0.29036671354166665 0.5038255416666666
3 0.312149909375 0.5038226907407407 0.312149909375 0.5067844925925926 0.31536369114583335 0.5068015962962963 0.3153233932291667 0.5037799314814815 0.312149909375 0.5038226907407407
3 0.31337900468749996 0.5037058157407408 0.3153233932291667 0.5037058157407408 0.3153233932291667 0.48402223518518517 0.31335885572916666 0.48403648796296295 0.31337900468749996 0.5037058157407408
3 0.3154140640625 0.49166476666666664 0.3154140640625 0.4929618018518518 0.3198468666666667 0.49300456111111113 0.3198468666666667 0.49166476666666664 0.3154140640625 0.49166476666666664
3 0.3188192625 0.49154789074074073 0.3198569411458333 0.4915649944444444 0.31987709062499997 0.48406784537037034 0.31880918802083336 0.48406784537037034 0.3188192625 0.49154789074074073
3 0.29033044531249996 0.4878762824074074 0.29033044531249996 0.49002850648148144 0.30027402760416666 0.4900427592592592 0.3002538786458333 0.48793329537037033 0.29033044531249996 0.4878762824074074
3 0.2986822484375 0.48781927037037043 0.3002538786458333 0.4878050166666667 0.3002438041666667 0.48407069537037034 0.2986923234375 0.48404218888888895 0.2986822484375 0.48781927037037043
3 0.28586741875 0.458067275 0.2876203911458333 0.4581014824074074 0.28771710677083334 0.43839794722222225 0.28581906093750004 0.4384150509259259 0.28586741875 0.458067275
3 0.2878158369791667 0.43836944166666664 0.2878158369791667 0.44107753703703706 0.2954321984375 0.44107753703703706 0.29544630260416666 0.4384720638888889 0.2878158369791667 0.43836944166666664
3 0.30260326406250004 0.4383779935185185 0.30260326406250004 0.44104618055555556 0.30567398749999997 0.441080387962963 0.3056618979166667 0.43842930462962965 0.30260326406250004 0.4383779935185185
3 0.3057223453125 0.43882554166666665 0.3057223453125 0.4404076398148148 0.31396534374999996 0.440339225 0.3139532541666667 0.43888540462962966 0.3057223453125 0.43882554166666665
3 0.3056820473958333 0.44116305555555557 0.30377795677083336 0.44113455 0.30383437447916667 0.48076396851851855 0.30564779375 0.48076396851851855 0.3056820473958333 0.44116305555555557
3 0.30377392708333334 0.4782326111111111 0.30373765885416665 0.4761459518518518 0.28771912135416666 0.4761630555555555 0.28770703229166666 0.4782668185185185 0.30377392708333334 0.4782326111111111
3 0.32386056822916665 0.4388312425925926 0.3238666130208333 0.4403221212962963 0.3488857546875 0.4403563287037037 0.34889179947916665 0.43885404814814816 0.32386056822916665 0.4388312425925926
3 0.274158775 0.4388825537037037 0.27417489427083336 0.4403306731481481 0.27637114635416665 0.44031641944444444 0.27637517656250005 0.4388683009259259 0.274158775 0.4388825537037037
3 0.27526697552083335 0.4220496009259259 0.27525690104166667 0.4237884833333333 0.28613741666666664 0.42383124259259264 0.2861575661458333 0.4220923601851852 0.27526697552083335 0.4220496009259259
3 0.2752871244791667 0.40359749166666664 0.27528913958333334 0.40480900833333333 0.28193834375000004 0.40488027407407406 0.28195849270833334 0.4035547324074074 0.2752871244791667 0.40359749166666664
3 0.2809409630208333 0.4034407074074074 0.28195849270833334 0.4034407074074074 0.28196856718749996 0.39637115185185184 0.2809510375 0.3963854046296296 0.2809409630208333 0.4034407074074074
3 0.22989723958333333 0.43633694444444443 0.23252669739583334 0.43633694444444443 0.23252266770833332 0.40338084351851855 0.22991134375 0.4033466361111111 0.22989723958333333 0.43633694444444443
3 0.23261736875 0.4051938425925926 0.23260527916666665 0.40917901944444446 0.2555752567708333 0.40921322685185185 0.2555752567708333 0.4052109462962963 0.23261736875 0.4051938425925926
4 0.21926254270833334 0.38966647685185185 0.2192726171875 0.39328677314814814 0.227181140625 0.3933437851851852 0.2271408421875 0.3896379703703704 0.21926254270833334 0.38966647685185185
4 0.26270400989583337 0.3897092361111111 0.262714084375 0.396194412962963 0.26850695156250004 0.3962799314814815 0.26853717499999996 0.38969498333333336 0.26270400989583337 0.3897092361111111
4 0.3057021963541667 0.3896864305555555 0.3057223453125 0.3962998861111111 0.3114043927083333 0.3963141388888889 0.3113943177083333 0.3897434435185185 0.3057021963541667 0.3896864305555555
4 0.33501511197916667 0.3897833527777778 0.3350332458333333 0.3962685287037037 0.3448478744791667 0.39628278240740744 0.3448418296875 0.38969498333333336 0.33501511197916667 0.3897833527777778
4 0.1821015515625 0.39863455 0.1795023171875 0.3986516537037037 0.179453959375 0.40699828981481484 0.18213781979166666 0.4070153935185185 0.1821015515625 0.39863455
4 0.348881725 0.4024087796296296 0.3489925447916667 0.4161773092592593 0.35365303229166667 0.41624572407407406 0.35353616770833335 0.4024087796296296 0.348881725 0.4024087796296296
4 0.35351198854166666 0.44230900833333336 0.3489663510416667 0.44230900833333336 0.3489381421875 0.4559378564814815 0.35358452552083336 0.4560433296296296 0.35351198854166666 0.44230900833333336
4 0.3490630666666667 0.4942132268518518 0.3490388880208333 0.5025256555555556 0.3536691515625 0.5025940703703704 0.35363288333333337 0.49424743425925927 0.3490630666666667 0.4942132268518518
4 0.3490247833333333 0.5207012546296296 0.34905500729166666 0.5435803879629629 0.35347773541666666 0.543694412962963 0.35346564583333334 0.5207041046296296 0.3490247833333333 0.5207012546296296
4 0.33896030625 0.5633323833333332 0.33895829114583337 0.5672462944444444 0.3468265161458334 0.5672605472222222 0.346810396875 0.5633751425925926 0.33896030625 0.5633323833333332
4 0.28450130989583333 0.5633095777777777 0.27668345781250003 0.5633779935185185 0.27666733854166664 0.5672890537037037 0.28450533958333335 0.5673033064814815 0.28450130989583333 0.5633095777777777
4 0.269673584375 0.54795325 0.265321378125 0.5479503990740741 0.26530324375 0.5518671611111111 0.2696755994791667 0.5518671611111111 0.269673584375 0.54795325
4 0.2534555713541667 0.5724201824074074 0.24766471874999998 0.5724344351851852 0.2476526296875 0.5762827824074074 0.2534757203125 0.5762542759259259 0.2534555713541667 0.5724201824074074
4 0.24158774947916667 0.5724828962962962 0.23579689687500002 0.5724942990740741 0.23578480781250002 0.5763454962962963 0.2416078984375 0.5763169898148148 0.24158774947916667 0.5724828962962962
3 0.17946806354166667 0.39859464074074075 0.18211162604166667 0.39857183611111113 0.1821277453125 0.389372862037037 0.1794982875 0.389372862037037 0.17946806354166667 0.39859464074074075
4 0.2101269395833333 0.5489281638888889 0.20740479531249997 0.5489310148148149 0.20735442291666667 0.5569982898148148 0.21010679010416666 0.5569811861111111 0.2101269395833333 0.5489281638888889
4 0.21003828333333333 0.5262742305555556 0.20739875052083334 0.5263027370370371 0.2074189 0.5345695555555555 0.21005843229166665 0.5345980611111111 0.21003828333333333 0.5262742305555556