1 0 0 0 1 1 1 1 0 0 0
4 0.31346766093749995 0.3913626 0.3244549666666667 0.391248575 0.3244307880208333 0.3871294185185185 0.31358049583333336 0.38690136851851853 0.31346766093749995 0.3913626
4 0.33370139010416666 0.39751425277777774 0.32860971197916666 0.39743728611111107 0.3286399354166667 0.4228620296296296 0.3338807171875 0.4228164194444444 0.33370139010416666 0.39751425277777774
4 0.328670159375 0.5049714935185184 0.3338424338541667 0.5049173314814814 0.3338424338541667 0.48826681851851855 0.3287870239583333 0.4882126564814815 0.328670159375 0.5049714935185184
4 0.29522264739583337 0.5348774231481481 0.31559540625 0.5350057009259259 0.3155974208333333 0.5279332953703704 0.29522264739583337 0.5279332953703704 0.29522264739583337 0.5348774231481481
4 0.25299214166666667 0.5352708092592593 0.28947209375 0.5354475481481482 0.289480153125 0.5283266814814814 0.25289945572916667 0.5281955527777777 0.25299214166666667 0.5352708092592593
4 0.22793068697916666 0.5450342074074074 0.23291356041666667 0.5451254277777777 0.23275236770833332 0.5353477768518519 0.2278984484375 0.5352537055555555 0.22793068697916666 0.5450342074074074
4 0.2194398546875 0.5812941842592593 0.21940761614583335 0.585570125 0.22613338697916668 0.5856185861111111 0.2261615958333333 0.5812941842592593 0.2194398546875 0.5812941842592593
4 0.20681845677083333 0.5854475481481481 0.212959903125 0.5855843787037037 0.21292766458333334 0.5814424175925926 0.20688696354166666 0.5812172175925926 0.20681845677083333 0.5854475481481481
4 0.19370945 0.585510262037037 0.20003425364583333 0.585510262037037 0.20014104375 0.5813711518518518 0.19365504739583334 0.5813768527777778 0.19370945 0.585510262037037
4 0.18110014114583334 0.5853335231481481 0.18748740677083334 0.5855758268518518 0.1875015109375 0.5813369444444444 0.18111827500000002 0.5812286203703704 0.18110014114583334 0.5853335231481481
3 0.1458009270833333 0.3932725203703704 0.14861777135416665 0.3932725203703704 0.14869433802083334 0.38393671574074073 0.14576264375 0.38399372870370374 0.1458009270833333 0.3932725203703704
4 0.1759782390625 0.5407041046296296 0.17897038072916666 0.5407041046296296 0.17876888958333334 0.5312257694444444 0.17595607500000002 0.5311316990740741 0.1759782390625 0.5407041046296296
4 0.17604473125 0.45315849444444445 0.17863590572916666 0.45325256574074074 0.17861374166666666 0.4427651083333333 0.17604473125 0.4427651083333333 0.17604473125 0.45315849444444445
3 0.17878299427083333 0.47002565555555553 0.18106185781249998 0.4700285064814815 0.1810880515625 0.45929874537037035 0.17862180156250002 0.45918472037037034 0.17878299427083333 0.47002565555555553
3 0.18109006666666666 0.46656499444444444 0.18781583697916665 0.4666761685185185 0.18781583697916665 0.4626596351851852 0.18111827500000002 0.4623945268518519 0.18109006666666666 0.46656499444444444
2 0.18755389895833333 0.4389139111111111 0.1990529921875 0.43885974907407405 0.19939955677083335 0.41920467499999997 0.18786016510416664 0.4191989740740741 0.18755389895833333 0.4389139111111111
2 0.187823896875 0.4665935009259259 0.1958895828125 0.46670182407407407 0.19596614947916666 0.45883979444444445 0.1878621802083333 0.45916761666666667 0.187823896875 0.4665935009259259
2 0.21287527708333334 0.47800171018518517 0.22483779947916668 0.47789338611111115 0.22479951666666667 0.4587856324074074 0.21310699166666666 0.4590592925925926 0.21287527708333334 0.47800171018518517
2 0.20171670364583333 0.5007725203703705 0.1989905296875 0.5007725203703705 0.1989905296875 0.5000741166666667 0.19727181145833333 0.500108324074074 0.19725166249999998 0.5008665907407408 0.1919786421875 0.5010262259259259 0.191920209375 0.5019954388888889 0.20177312135416667 0.5018101481481482 0.20171670364583333 0.5007725203703705
2 0.20816844635416668 0.5015592925925926 0.19666733854166668 0.5018472064814815 0.19693935104166668 0.5186231472222221 0.2080999395833333 0.5187856324074075 0.20816844635416668 0.5015592925925926
2 0.27787023958333334 0.44895096944444446 0.2779669557291667 0.4529503990740741 0.29426959479166664 0.4527708092592593 0.2941728791666666 0.4485860888888889 0.27787023958333334 0.44895096944444446
2 0.2715978239583333 0.4367559861111111 0.2753979447916667 0.43675883703703705 0.2751682447916667 0.4203791333333333 0.2715978239583333 0.42033352314814815 0.2715978239583333 0.4367559861111111
2 0.23167439062499998 0.4335661342592592 0.2504714890625 0.4335034203703704 0.250564175 0.42970353518518517 0.23176506145833334 0.42983466388888886 0.23167439062499998 0.4335661342592592
2 0.19685674010416668 0.39911630555555555 0.20325810989583332 0.3992246296296296 0.20314325989583332 0.38923318148148145 0.19692726197916668 0.3892816416666667 0.19685674010416668 0.39911630555555555
4 0.17606689479166665 0.5649657925925926 0.179083215625 0.5651567842592593 0.17899254479166665 0.5555530212962962 0.17606689479166665 0.5555530212962962 0.17606689479166665 0.5649657925925926
3 0.14864195052083332 0.38811573518518516 0.18876687499999997 0.3881841509259259 0.188696353125 0.38401938425925924 0.14868023385416668 0.38391106018518517 0.14864195052083332 0.38811573518518516
3 0.20314325989583332 0.38923318148148145 0.20314325989583332 0.3881413907407407 0.23069715885416667 0.38781356944444445 0.23073342760416665 0.38404789074074075 0.19743300416666668 0.38421037592592594 0.19753173489583334 0.3881413907407407 0.20017126718749997 0.3880872296296296 0.20017126718749997 0.3891248574074074 0.20314325989583332 0.38923318148148145
3 0.2442514609375 0.3871864305555555 0.24448317552083332 0.3912257694444444 0.2611142453125 0.3915535916666667 0.2611142453125 0.3869669324074074 0.2442514609375 0.3871864305555555
3 0.26759621197916666 0.3873489166666667 0.26767479322916665 0.3911174462962963 0.28160386875000004 0.3911174462962963 0.2815273020833333 0.3871864305555555 0.26759621197916666 0.3873489166666667
3 0.28886762031249996 0.3871864305555555 0.28874269583333334 0.3913911064814815 0.31351803333333333 0.3913911064814815 0.3134777354166667 0.3870239453703704 0.28886762031249996 0.3871864305555555
3 0.3244307880208333 0.38702964629629627 0.3245617567708334 0.39117730925925925 0.3317449125 0.39117730925925925 0.3317973 0.38716932685185185 0.3244307880208333 0.38702964629629627
3 0.32857142864583333 0.3912343212962963 0.32854523489583337 0.39723204074074075 0.33192222447916664 0.3971408212962963 0.33176506145833334 0.391248575 0.32857142864583333 0.3912343212962963
3 0.331648196875 0.42289053611111116 0.32879105364583333 0.42289053611111116 0.32879105364583333 0.4880045611111111 0.33188595625 0.4882126564814815 0.331648196875 0.42289053611111116
3 0.3315937942708333 0.505002850925926 0.3287729197916667 0.5051368305555556 0.3287729197916667 0.5323973777777777 0.3318456578125 0.5323831240740741 0.3315937942708333 0.505002850925926
3 0.31572234531250004 0.5322776509259259 0.32873463645833334 0.5324087796296296 0.328722546875 0.5281499425925925 0.315665928125 0.5279361462962963 0.31572234531250004 0.5322776509259259
3 0.289532540625 0.5322976055555555 0.29521458802083334 0.5321693268518519 0.29521257291666664 0.5281442416666667 0.28944388489583334 0.528067275 0.289532540625 0.5322976055555555
3 0.23108200677083335 0.5318329537037038 0.25288333645833333 0.532214937037037 0.25288333645833333 0.5282297601851852 0.23104170885416667 0.5282839222222222 0.23108200677083335 0.5318329537037038
3 0.22799717916666667 0.5352052453703704 0.2310799921875 0.5351624861111112 0.2311142453125 0.5279732037037037 0.22802538802083333 0.5279732037037037 0.22799717916666667 0.5352052453703704
3 0.22614144687499999 0.5852793611111111 0.23089864999999998 0.5852907638888889 0.2308502921875 0.5452080953703704 0.22807173072916667 0.5449344351851851 0.2281100140625 0.5813483462962963 0.22614144687499999 0.5813483462962963 0.22614144687499999 0.5852793611111111
3 0.21298811197916667 0.5853021666666667 0.21930284114583334 0.5853050166666667 0.21928470677083334 0.5813198407407407 0.21301632083333333 0.5812400231481482 0.21298811197916667 0.5853021666666667
3 0.20009873072916667 0.5853762824074074 0.20668950208333334 0.5854903074074074 0.2068245015625 0.5813198407407407 0.20015111822916667 0.5812058157407407 0.20009873072916667 0.5853762824074074
3 0.18747733229166666 0.5856043333333333 0.19371952447916665 0.5854903074074074 0.19366713697916668 0.5814338657407407 0.1874491234375 0.5814709231481482 0.18747733229166666 0.5856043333333333
3 0.17892806770833333 0.5651311287037037 0.176141446875 0.5650171037037037 0.17595405989583332 0.5850342074074074 0.18109812604166667 0.5851111740740741 0.18112633489583332 0.5814338657407407 0.17884747135416665 0.5813198407407407 0.17892806770833333 0.5651311287037037
3 0.17612532760416666 0.5554988601851851 0.17885754583333335 0.5555900796296296 0.178889784375 0.5408038768518518 0.17589965729166668 0.5408038768518518 0.17612532760416666 0.5554988601851851
3 0.1759480151041667 0.5311088935185185 0.17874672552083334 0.5311545037037038 0.17861777135416668 0.45333523333333337 0.1760124921875 0.45322120833333335 0.1759480151041667 0.5311088935185185
3 0.17603062656250001 0.4427023944444444 0.178581503125 0.44283067314814817 0.178670159375 0.4381813 0.17607696979166668 0.4382468638888889 0.17603062656250001 0.4427023944444444
3 0.14576062864583333 0.4384777648148148 0.18748337708333332 0.4384777648148148 0.18743703385416666 0.4348745722222222 0.14585331458333334 0.4348090083333333 0.14576062864583333 0.4384777648148148
3 0.14583920989583332 0.43479475462962963 0.14857142864583334 0.434657925 0.14845053385416668 0.40352622592592596 0.14590368750000002 0.4033637398148148 0.14583920989583332 0.43479475462962963
3 0.20036469895833334 0.4348745722222222 0.2031029619791667 0.4347063851851852 0.20303244010416668 0.39927308981481485 0.200211565625 0.3993301027777778 0.20036469895833334 0.4348745722222222
3 0.6649909328125 0.4626995435185185 0.6680233729166667 0.4627423037037037 0.667902478125 0.475114025 0.6728148296875 0.47505701296296293 0.6726677411458333 0.46081812962962965 0.6649889182291666 0.4609207527777778 0.6649909328125 0.4626995435185185
3 0.6727281885416667 0.46761687592592593 0.6782490427083334 0.4676311287037037 0.6781986703125 0.4637827824074074 0.6726979651041667 0.4637115166666667 0.6727281885416667 0.46761687592592593
2 0.6782349385416667 0.46740022777777773 0.6851198869791666 0.4673232611111111 0.6851077979166666 0.4607810722222222 0.6781684463541667 0.46091790185185183 0.6782349385416667 0.46740022777777773
3 0.6851178723958333 0.463748575 0.6851178723958333 0.46782782222222224 0.7141990729166667 0.4675627138888889 0.7141567598958333 0.4638683009259259 0.6851178723958333 0.463748575
3 0.6957928671875 0.4677394527777778 0.6958573442708332 0.47486031944444446 0.6975921822916666 0.47488597499999996 0.6974853916666667 0.4677394527777778 0.6957928671875 0.4677394527777778
3 0.7189985895833334 0.46074116296296297 0.7141446703125 0.46070410462962963 0.7142615354166666 0.47364880277777777 0.7190247833333333 0.47375712685185184 0.7189985895833334 0.46074116296296297
3 0.19904291770833332 0.4349059296296296 0.19910336510416665 0.4389680731481481 0.21034656458333334 0.4389110601851852 0.21030626614583334 0.4347776509259259 0.19904291770833332 0.4349059296296296
3 0.7141950432291666 0.40045610000000004 0.7189804552083333 0.4003563287037037 0.71907515625 0.3908010259259259 0.7141366109375 0.3907297601851852 0.7141950432291666 0.40045610000000004
3 0.7162421921875001 0.43775940740740743 0.7107011885416666 0.43789908796296295 0.7107696958333333 0.4417331814814815 0.7162663713541666 0.4416590648148148 0.7162421921875001 0.43775940740740743
3 0.7141607901041667 0.394489737962963 0.7141366109375 0.3907297601851852 0.6398327625 0.3908010259259259 0.6398327625 0.3948090083333333 0.7141607901041667 0.394489737962963
3 0.8078782994791667 0.3936858611111111 0.8078782994791667 0.40366305555555554 0.8127926656250001 0.4034293046296296 0.8127926656250001 0.3936858611111111 0.8078782994791667 0.3936858611111111
2 0.6931291557291667 0.40463226944444447 0.6930586338541667 0.3960376287037037 0.687463228125 0.3960860888888889 0.6873362885416667 0.4047748 0.6931291557291667 0.40463226944444447
3 0.6931291557291667 0.40463226944444447 0.6904251458333334 0.4047605472222222 0.690378803125 0.43779931574074077 0.6932299010416667 0.43781356944444444 0.6931291557291667 0.40463226944444447
3 0.7000241791666666 0.4415935009259259 0.6998891796875 0.43778506296296293 0.6538243 0.4379789055555556 0.6537960911458334 0.44159065000000003 0.7000241791666666 0.4415935009259259
3 0.71629055 0.41033637407407403 0.71629055 0.40651938425925926 0.6931392302083333 0.40672747962962963 0.6931493046875 0.41039053611111115 0.71629055 0.41033637407407403
2 0.6649788432291667 0.46403078703703704 0.6649889182291666 0.4609207527777778 0.6423332661458333 0.4609920185185185 0.6423534151041667 0.4644099203703704 0.6649788432291667 0.46403078703703704
3 0.6434414666666667 0.44150513148148146 0.6434414666666667 0.43794184722222224 0.6398045536458333 0.4378705814814815 0.6398045536458333 0.44157639722222225 0.6434414666666667 0.44150513148148146
2 0.6538243 0.4379789055555556 0.6434414666666667 0.43794184722222224 0.6434575859374999 0.45591220092592594 0.6538887770833333 0.4553021666666667 0.6538243 0.4379789055555556
3 0.6398045536458333 0.4378705814814815 0.6425448317708333 0.4379218925925926 0.6425226677083333 0.39479760555555554 0.6398327625 0.3948090083333333 0.6398045536458333 0.4378705814814815
3 0.6424440864583333 0.4415222351851852 0.6409329036458333 0.44155644259259264 0.6409127541666667 0.46278506296296296 0.6423312510416667 0.46278791296296296 0.6424440864583333 0.4415222351851852
3 0.6930586338541667 0.3960376287037037 0.6930183359375001 0.3945923601851852 0.6904432802083333 0.3945923601851852 0.6904432802083333 0.39609749166666663 0.6930586338541667 0.3960376287037037
3 0.8079588958333334 0.45744583796296295 0.8078662098958334 0.46753990833333336 0.8127362484374999 0.46753990833333336 0.8127825911458333 0.45767103796296293 0.8079588958333334 0.45744583796296295
3 0.8079085229166666 0.5483409351851852 0.8079347166666667 0.5629760546296296 0.812818859375 0.5629361462962963 0.8128470682291666 0.5484179018518519 0.8079085229166666 0.5483409351851852
3 0.8125589359375 0.5629218925925926 0.8113358854166666 0.5629446981481482 0.8113681239583334 0.5776795898148148 0.8125911744791666 0.5776140249999999 0.8125589359375 0.5629218925925926
3 0.8113681239583334 0.5776795898148148 0.8113600645833333 0.5759806157407408 0.7028510979166666 0.5762542759259259 0.7028611729166666 0.5777708092592593 0.8113681239583334 0.5776795898148148
3 0.7028410234375 0.5779931583333333 0.7027906510416667 0.5714367157407407 0.6678621802083333 0.5711288481481481 0.6679447916666666 0.5781157351851852 0.7028410234375 0.5779931583333333
3 0.7162220432291666 0.4607297601851852 0.7189985895833334 0.46074116296296297 0.7189804552083333 0.4003563287037037 0.7163248036458333 0.4004361462962963 0.7162220432291666 0.4607297601851852
3 0.22202498489583336 0.4347377425925926 0.22213781979166666 0.43893956666666667 0.231047753125 0.43884549629629627 0.23100342552083333 0.4345496009259259 0.22202498489583336 0.4347377425925926
3 0.2280394921875 0.4346465222222222 0.2310094703125 0.434489737962963 0.23081402395833334 0.39453534814814817 0.22795688072916667 0.3945039907407407 0.2280394921875 0.4346465222222222
3 0.23782389687500002 0.38704960092592594 0.23076768072916665 0.38720068425925924 0.23074551666666665 0.38780786759259256 0.22563167447916666 0.38799600925925926 0.22581301614583332 0.39440992037037037 0.23078984479166667 0.39453534814814817 0.23074551666666665 0.39084093518518515 0.23782389687500002 0.39115735462962964 0.23782389687500002 0.38704960092592594
3 0.2031150515625 0.40523660185185184 0.2279871046875 0.40545895092592593 0.22803747708333333 0.40087799351851855 0.20303445520833333 0.40087799351851855 0.2031150515625 0.40523660185185184
3 0.23177513593750002 0.47782212129629636 0.23177513593750002 0.43868015925925924 0.2294398546875 0.43891676203703706 0.22932903489583334 0.45982611203703705 0.2307193229166667 0.46021949814814817 0.23066693541666666 0.47780786759259264 0.23177513593750002 0.47782212129629636
3 0.22483376979166667 0.47777936111111113 0.2306649203125 0.47773090092592596 0.230687084375 0.4731470925925926 0.22607293958333333 0.47330672777777777 0.22603465625 0.4746778787037037 0.22488414270833335 0.47458665925925925 0.22483376979166667 0.47777936111111113
3 0.22573644947916666 0.47322120833333337 0.23071529322916667 0.47322120833333337 0.23068506927083332 0.4609521092592593 0.22575458385416666 0.46090935 0.22573644947916666 0.47322120833333337
3 0.20791255312499998 0.4777622574074074 0.21281482968749998 0.47783637407407403 0.21289542604166664 0.4743500574074074 0.20785815052083334 0.47431299907407415 0.20791255312499998 0.4777622574074074
3 0.20608905885416667 0.47497719537037036 0.20775135989583332 0.4750142527777778 0.20783195625 0.46242873425925923 0.20603667135416667 0.4624657925925926 0.20608905885416667 0.47497719537037036
3 0.19585331458333333 0.4665222351851852 0.20598428385416667 0.4666761685185185 0.205956075 0.4625028509259259 0.1959601046875 0.4625798175925926 0.19585331458333333 0.4665222351851852
3 0.17867217395833332 0.47793614629629627 0.20592182135416665 0.47794754814814816 0.20580495677083332 0.47494583796296297 0.17871650208333334 0.47472633981481477 0.17867217395833332 0.47793614629629627
3 0.20588756822916665 0.47497719537037036 0.205726375 0.5013626 0.20813822291666667 0.5013939564814816 0.20789441875 0.47510832407407405 0.20588756822916665 0.47497719537037036
3 0.17873262135416665 0.5011259981481482 0.19641547447916666 0.5009948685185186 0.19644771302083336 0.49817559907407405 0.17873060624999998 0.49817559907407405 0.17873262135416665 0.5011259981481482
3 0.20665927864583333 0.5187571268518518 0.20678017343750002 0.5210661342592593 0.2279065083333333 0.5215222351851851 0.22788635885416667 0.5185290768518518 0.20665927864583333 0.5187571268518518
3 0.22788635885416667 0.5184863166666667 0.22804755208333333 0.528004561111111 0.22935724375 0.5280359175925925 0.22922627447916666 0.5184891675925926 0.22788635885416667 0.5184863166666667
3 0.23037275833333334 0.49471778796296295 0.23037275833333334 0.49740022777777776 0.24053596614583334 0.4974914481481481 0.24043925052083334 0.49480900833333336 0.23037275833333334 0.49471778796296295
3 0.2942877291666666 0.4519612314814815 0.3287084427083334 0.45218072962962963 0.328748740625 0.4489595212962963 0.2942877291666666 0.44906784537037037 0.2942877291666666 0.4519612314814815
3 0.2719524479166667 0.4520524518518519 0.27790650833333336 0.4519840361111111 0.27790650833333336 0.44910205277777776 0.27189200104166666 0.4490592925925926 0.2719524479166667 0.4520524518518519
3 0.27189200104166666 0.44901653333333336 0.2738907916666667 0.4490307870370371 0.2738625833333333 0.44034777685185184 0.2718718515625 0.4403933861111111 0.27189200104166666 0.44901653333333336
3 0.2717590166666667 0.4376909916666667 0.2526475921875 0.4374800453703704 0.252740278125 0.4406641962962963 0.2737497479166667 0.4404019388888889 0.27380616562500004 0.4368472064814815 0.27168446510416666 0.4367417333333333 0.2717590166666667 0.4376909916666667
3 0.2505520854166667 0.44052736574074075 0.2526294578125 0.44068700092592594 0.25259721927083334 0.404147662037037 0.2505319364583333 0.4041761685185185 0.2505520854166667 0.44052736574074075
3 0.2525387869791667 0.40672747962962963 0.2583840416666667 0.4068072972222222 0.25840217604166665 0.40420182407407407 0.252651621875 0.4040706953703704 0.2525387869791667 0.40672747962962963
3 0.2566350994791667 0.40409635092592594 0.2583659078125 0.4041761685185185 0.25855329427083334 0.3914908777777778 0.25659883125 0.3914908777777778 0.2566350994791667 0.40409635092592594
3 0.27167036041666665 0.39113455 0.2717973 0.4204019388888889 0.273753778125 0.4204389962962963 0.2737255692708333 0.39117160740740736 0.27167036041666665 0.39113455
4 0.145833165625 0.4034549601851852 0.14863187604166667 0.4034549601851852 0.14869433802083334 0.39340079814814816 0.14573846458333334 0.3932582666666667 0.145833165625 0.4034549601851852
4 0.18875680052083332 0.3879561 0.19754986927083334 0.38804446944444443 0.19739472083333334 0.3840935009259259 0.18866209947916665 0.38393671574074073 0.18875680052083332 0.3879561
4 0.23788031458333334 0.3912029648148148 0.2444005640625 0.3913626 0.24433810208333334 0.3872434435185185 0.23776949427083333 0.38701539351851855 0.23788031458333334 0.3912029648148148
4 0.26106387291666666 0.3913626 0.26771106197916666 0.391248575 0.26753979427083335 0.38720068425925924 0.26105178333333334 0.3872434435185185 0.26106387291666666 0.3913626
4 0.2816320776041667 0.39130843796296294 0.288696353125 0.3913626 0.28874672552083336 0.38711516574074073 0.28149304843749995 0.3871721777777778 0.2816320776041667 0.39130843796296294