1 0 0 0 1 1 1 1 0 0 0
3 0.6087185171874999 0.5974657925925926 0.60867821875 0.5937884833333333 0.6036409432291666 0.5937884833333333 0.6036610921875 0.5957839222222222 0.6073080796875 0.5958124287037038 0.6073282286458334 0.5974372861111111 0.6087185171874999 0.5974657925925926
3 0.5524279671875 0.6111459518518519 0.552431996875 0.6148261120370371 0.5784162807291667 0.6148375138888889 0.5784606083333333 0.6111744583333333 0.5524279671875 0.6111459518518519
3 0.6976264354166666 0.5958010259259259 0.6975861375 0.593691562037037 0.6923090875 0.593748575 0.6923090875 0.5974828962962963 0.6937981057291667 0.5974828962962963 0.6937578078125 0.5957440138888889 0.6976264354166666 0.5958010259259259
3 0.7064598026041666 0.5937371722222222 0.7064598026041666 0.5958181296296295 0.7202014911458333 0.5957611175925926 0.7202014911458333 0.5937941842592593 0.7064598026041666 0.5937371722222222
3 0.7513177515625 0.5937086657407408 0.7513177515625 0.5957896240740741 0.7650594401041667 0.5957326111111111 0.7650594401041667 0.5937656787037037 0.7513177515625 0.5937086657407408
3 0.7228087848958332 0.6111174462962963 0.7228168447916666 0.6149657925925925 0.7488031432291666 0.6147434435185185 0.7488414265625 0.6110889398148148 0.7228087848958332 0.6111174462962963
3 0.7792423937499999 0.5975142527777777 0.779145678125 0.5938198407407407 0.7739955671875 0.5937856324074074 0.7739955671875 0.5957012546296296 0.7778158369791667 0.5957354620370371 0.7778400161458333 0.5975142527777777 0.7792423937499999 0.5975142527777777
3 0.1504795484375 0.4362314712962963 0.13641950416666668 0.43616590648148146 0.13639532552083333 0.4395182444444445 0.15043320572916666 0.43948403611111114 0.1504795484375 0.4362314712962963
3 0.13880717291666667 0.4395096925925926 0.13639532552083333 0.4395182444444445 0.13638928072916665 0.4583238314814815 0.1388273223958333 0.458352337962963 0.13880717291666667 0.4395096925925926
3 0.13638928072916665 0.4583238314814815 0.13636913177083335 0.46208665925925924 0.150493653125 0.4620581527777778 0.150493653125 0.45838084351851854 0.13638928072916665 0.4583238314814815
3 0.13884747135416667 0.46211516574074074 0.13636913177083335 0.46208665925925924 0.13642957864583333 0.5600342074074074 0.13878702395833334 0.5600057009259259 0.13884747135416667 0.46211516574074074
3 0.1388232921875 0.5184578111111111 0.1388232921875 0.5205957814814814 0.17268789062499998 0.5206071833333333 0.17268789062499998 0.5184692129629629 0.1388232921875 0.5184578111111111
3 0.17268789062499998 0.5206071833333333 0.1712472296875 0.5206100342592592 0.1712472296875 0.5331527935185185 0.17263751770833335 0.5330957814814814 0.17268789062499998 0.5206071833333333
3 0.1712996171875 0.5456641962962963 0.1712996171875 0.5464851768518518 0.1388232921875 0.5463711518518518 0.1388232921875 0.5485091222222223 0.1726294578125 0.5484350055555556 0.17265363697916666 0.5456299888888889 0.1712996171875 0.5456641962962963
3 0.13882127760416668 0.5739851768518519 0.13650010052083333 0.573916762037037 0.13640338489583334 0.6561773092592593 0.13880717291666667 0.6562143675925926 0.13882127760416668 0.5739851768518519
3 0.1442071328125 0.6562143675925926 0.13640338489583334 0.6561773092592593 0.1364094296875 0.6599486888888889 0.14424743072916665 0.6599486888888889 0.1442071328125 0.6562143675925926
3 0.14438847447916667 0.6771094638888889 0.13876687499999998 0.6770239453703704 0.13884747135416667 0.6599486888888889 0.1364094296875 0.6599486888888889 0.1364094296875 0.6804446981481481 0.14438847447916667 0.6804732037037037 0.14438847447916667 0.6771094638888889
3 0.15713479739583333 0.6607468638888889 0.15878702395833333 0.6607468638888889 0.15880717291666666 0.6598346638888889 0.15935119895833333 0.6598346638888889 0.15937134791666668 0.6561288481481481 0.15620793854166667 0.6561288481481481 0.15614749166666667 0.6598061574074074 0.15713479739583333 0.6598631694444445 0.15713479739583333 0.6607468638888889
3 0.1535039291666667 0.6803677305555555 0.16057626458333332 0.6804247435185186 0.16059641354166668 0.6770039907407407 0.15876284531249998 0.6770039907407407 0.15876284531249998 0.6725285064814814 0.15715091666666667 0.6725 0.15717106614583332 0.6770895092592593 0.15348378020833334 0.6770610037037037 0.1535039291666667 0.6803677305555555
3 0.17086641145833334 0.4396436712962963 0.17622808802083334 0.4397405925925926 0.17622808802083334 0.4362457240740741 0.16835986302083333 0.4362457240740741 0.16825508749999998 0.4620952111111111 0.1708946203125 0.46212086666666663 0.17086641145833334 0.4396436712962963
3 0.17491638125 0.4903563287037037 0.17106790260416668 0.4903278222222222 0.1710699171875 0.5022377425925926 0.17487809791666667 0.5022377425925926 0.17491638125 0.4903563287037037
3 0.195268990625 0.4361573546296296 0.19529316927083334 0.43954960092592593 0.2091759015625 0.4395210944444444 0.20915575260416666 0.4361288481481482 0.195268990625 0.4361573546296296
3 0.2091759015625 0.4395210944444444 0.20670965156249999 0.43953819814814815 0.20668950208333334 0.4448403648148148 0.20918799114583334 0.4448403648148148 0.2091759015625 0.4395210944444444
3 0.2198690307291667 0.44831812962962964 0.21982671770833334 0.4447120870370371 0.20668950208333334 0.4448403648148148 0.20674994947916667 0.5363340935185185 0.209171871875 0.5363340935185185 0.2091315734375 0.44831812962962964 0.2198690307291667 0.44831812962962964
3 0.20672980052083334 0.5019840361111111 0.20675196458333334 0.49996009166666666 0.18558533124999999 0.4999971490740741 0.18558533124999999 0.5037029648148148 0.18703606666666667 0.5036744583333334 0.18703606666666667 0.501992587962963 0.20672980052083334 0.5019840361111111
3 0.2049566796875 0.539880274074074 0.2109208140625 0.539937286111111 0.21096111197916667 0.5363454962962964 0.2025387869791667 0.5362884833333333 0.2024984890625 0.5467217787037038 0.20503727604166666 0.5466932722222222 0.2049566796875 0.539880274074074
3 0.20252266770833333 0.5378677305555556 0.18700785833333333 0.5379104907407407 0.18696353020833334 0.5180558722222223 0.18560951041666665 0.5179874574074075 0.18557928697916667 0.5398603194444443 0.20252266770833333 0.5399743444444444 0.20252266770833333 0.5378677305555556
3 0.20891799322916665 0.6148004564814815 0.21151722760416666 0.614828962037037 0.21153737656250002 0.5808836944444444 0.21818658072916666 0.5809122009259259 0.21812613333333333 0.5776339796296296 0.20512996145833334 0.5776339796296296 0.2050533953125 0.563580387962963 0.20247430989583334 0.5636088935185185 0.2025065484375 0.5807782212962963 0.20892202291666667 0.5808295324074074 0.20891799322916665 0.6148004564814815
3 0.24418698385416665 0.5466932722222222 0.24657465260416667 0.5466704675925925 0.24657465260416667 0.5363369444444445 0.24253878697916667 0.5363369444444445 0.24260930885416665 0.43958665925925927 0.2538686276041667 0.43958665925925927 0.25384041927083334 0.43609749166666667 0.240122909375 0.4362856324074074 0.24002216406250002 0.539826112037037 0.24412653645833335 0.5398517675925926 0.24418698385416665 0.5466932722222222
3 0.2310014104166667 0.5808409351851852 0.23750554114583336 0.5808067277777778 0.2375196453125 0.6147748 0.24015917812499998 0.6146607749999999 0.23997179114583334 0.5808323833333334 0.2466028609375 0.5809635120370371 0.24658069739583333 0.5636488027777778 0.24426355052083334 0.5636488027777778 0.24429981875 0.5776254277777778 0.2310014104166667 0.5776254277777778 0.2310014104166667 0.5808409351851852
3 0.2156336890625 0.6803563287037038 0.23346564583333332 0.6804988601851851 0.23348579479166667 0.6771066138888888 0.22628450520833335 0.6770068416666666 0.22647793697916668 0.6469099203703704 0.22275035260416667 0.6467958953703704 0.2229478140625 0.6771351194444445 0.2156336890625 0.6770781074074075 0.2156336890625 0.6803563287037038
3 0.18493250052083335 0.6143129990740741 0.18251460833333333 0.6142844925925925 0.18251460833333333 0.6126026222222222 0.18108200677083333 0.6126026222222222 0.18109006666666666 0.6263141388888889 0.18491839635416665 0.6263141388888889 0.18493250052083335 0.6143129990740741
3 0.187003828125 0.6770524518518518 0.18089865 0.6770524518518518 0.18091879895833335 0.6561858611111111 0.17852105572916666 0.6561858611111111 0.17854120468749998 0.6803876851851852 0.18696353020833334 0.6803591787037037 0.187003828125 0.6770524518518518
3 0.27836792239583336 0.4620039907407408 0.2808926052083333 0.46204675 0.2808684265625 0.4362656787037037 0.2727886359375 0.43620866574074074 0.2728269192708333 0.4394897379629629 0.27828531145833335 0.4394612314814815 0.27836792239583336 0.4620039907407408
3 0.27806568593750003 0.49036202962962966 0.27443884739583335 0.49030501666666665 0.27445093697916667 0.5021379703703703 0.27799717916666666 0.5022234888888889 0.27806568593750003 0.49036202962962966
3 0.31112230520833334 0.458352337962963 0.3110860364583333 0.4395296462962963 0.32075760625 0.4395296462962963 0.3207374572916667 0.4362229194444444 0.29887970989583335 0.43629418425925925 0.2989038885416667 0.4395096925925926 0.3085875479166667 0.43941847222222225 0.30842232500000005 0.458352337962963 0.31112230520833334 0.458352337962963
3 0.2988051583333334 0.4583608898148148 0.2988253072916667 0.46200969259259256 0.3207817854166667 0.4620923601851852 0.3207596213541667 0.45841505092592594 0.2988051583333334 0.4583608898148148
3 0.3109772317708333 0.46207525648148146 0.3086399354166666 0.46204675 0.308660084375 0.469429875 0.31093693333333333 0.46948688703703706 0.3109772317708333 0.46207525648148146
3 0.3111585734375 0.46948688703703706 0.30845859375 0.46948688703703706 0.30845859375 0.6487229194444445 0.311118275 0.6487229194444445 0.3111585734375 0.46948688703703706
3 0.30485794895833335 0.6598090083333333 0.3085472494791667 0.6599230333333332 0.30852105572916666 0.6769697833333334 0.30467257708333334 0.6769982898148148 0.30467257708333334 0.6803905361111111 0.3149486197916667 0.6805045611111111 0.31496876875 0.6770267962962963 0.31110014114583334 0.6769982898148148 0.31110014114583334 0.659828962037037 0.3147269796875 0.659828962037037 0.3147169052083333 0.6562172175925927 0.3108885755208333 0.6561887111111111 0.31091879895833335 0.6487884833333333 0.3087023979166667 0.6487884833333333 0.3086862786458333 0.6562742305555556 0.30485794895833335 0.656302737037037 0.30485794895833335 0.6598090083333333
3 0.267912553125 0.6126282777777778 0.2666028609375 0.6126567842592592 0.2665625630208333 0.6143101481481482 0.26418496875 0.6143386546296296 0.2641789239583333 0.626251425 0.2679669557291666 0.6263369444444444 0.267912553125 0.6126282777777778
3 0.26215595416666665 0.6803591787037037 0.27078782968750004 0.6804275944444445 0.27073745729166665 0.6562086657407408 0.26825911770833333 0.6562086657407408 0.2682248640625 0.6770068416666666 0.26215595416666665 0.6770752564814815 0.26215595416666665 0.6803591787037037
3 0.2904090265625 0.6606898518518518 0.2919605078125 0.6606898518518518 0.2919363286458333 0.6597862027777778 0.2929034859375 0.6597519953703703 0.29295184375 0.6561602055555555 0.28978440468750005 0.656194412962963 0.28976022552083336 0.6599914481481481 0.29041305677083334 0.6599914481481481 0.2904090265625 0.6606898518518518
3 0.2884868020833334 0.6803705814814814 0.29576062864583336 0.6804561 0.29576062864583336 0.6771208666666666 0.29193229895833334 0.6771208666666666 0.2919524479166667 0.672502850925926 0.2903485796875 0.6724629416666668 0.29036066875 0.6770923601851853 0.28852710052083336 0.6770923601851853 0.2884868020833334 0.6803705814814814
3 0.3276344953125 0.6608181296296296 0.329286721875 0.6608181296296296 0.3293068708333333 0.6599059296296296 0.32985089687499997 0.6599059296296296 0.3298710458333333 0.6562001138888889 0.32670763645833334 0.6562001138888889 0.3266471890625 0.6598774231481481 0.3276344953125 0.6599344351851852 0.3276344953125 0.6608181296296296
3 0.4978097927083333 0.6608038768518518 0.49946201875 0.6608038768518518 0.4994821682291667 0.6598916759259259 0.50002619375 0.6598916759259259 0.5000463427083334 0.6561858611111111 0.49688293385416665 0.6561858611111111 0.4968224864583333 0.6598631694444445 0.4978097927083333 0.6599201824074074 0.4978097927083333 0.6608038768518518
3 0.6683356838541666 0.6608352333333333 0.6699879104166667 0.6608352333333333 0.6700080598958333 0.6599230333333332 0.6705520854166667 0.6599230333333332 0.6705722343749999 0.6562172175925927 0.6674088255208334 0.6562143675925926 0.667348378125 0.6598945268518519 0.6683356838541666 0.6599515388888889 0.6683356838541666 0.6608352333333333
3 0.32379609114583335 0.6803876851851852 0.3308079791666667 0.6803876851851852 0.3308079791666667 0.6770239453703704 0.3292141848958333 0.6770439 0.3292141848958333 0.6725684148148148 0.3276022567708334 0.6725399083333333 0.3276244208333334 0.6769954388888889 0.32381624010416665 0.6770239453703704 0.32379609114583335 0.6803876851851852
3 0.49419504322916663 0.6803107185185185 0.5013096916666666 0.6803876851851852 0.5013096916666666 0.6769669324074074 0.4994156760416667 0.6769954388888889 0.49945597395833335 0.6724629416666668 0.49788434427083333 0.6724344351851852 0.4978440458333333 0.6769954388888889 0.4942151921875 0.6769469787037038 0.49419504322916663 0.6803107185185185
3 0.6646363088541667 0.6804589509259259 0.6717509572916666 0.6805359175925926 0.6717509572916666 0.6771151657407407 0.6698569411458333 0.6771436712962963 0.6698972395833334 0.6726111740740741 0.668325609375 0.6725826685185184 0.6682853114583334 0.6771436712962963 0.6646564578124999 0.6770952111111112 0.6646363088541667 0.6804589509259259
3 0.46089260520833336 0.6607753703703704 0.46244408645833335 0.6607753703703704 0.46242192239583335 0.6598717222222222 0.46338907916666666 0.6598375138888889 0.4634374369791667 0.656245724074074 0.4602699979166667 0.6562799314814814 0.4602458192708333 0.6600769666666666 0.46089864999999997 0.6600769666666666 0.46089260520833336 0.6607753703703704
3 0.6312089463541667 0.6607924740740742 0.6327604270833334 0.6607924740740742 0.6327382630208334 0.6598888259259259 0.6337054203125 0.6598546175925926 0.633753778125 0.6562628277777778 0.6305863390625 0.6562970351851851 0.6305621598958333 0.6600940703703704 0.6312149911458333 0.6600940703703704 0.6312089463541667 0.6607924740740742
3 0.8015172276041667 0.660795325 0.8030687083333333 0.660795325 0.8030465442708333 0.6598916759259259 0.8040137015625 0.6598574685185186 0.804062059375 0.6562656787037037 0.8008946203125 0.6562998861111111 0.8008704411458333 0.6600969212962963 0.8015232723958333 0.6600969212962963 0.8015172276041667 0.660795325
3 0.458889784375 0.6804304444444444 0.4660689098958333 0.6804732037037037 0.4660084625 0.6771094638888889 0.4623010276041667 0.6770809574074074 0.46235543020833336 0.6725627138888889 0.46075156145833335 0.6725228046296295 0.46076365104166667 0.6771522231481482 0.4589300828125 0.6771522231481482 0.458889784375 0.6804304444444444
3 0.6293189604166667 0.6804247435185186 0.636449728125 0.6804732037037037 0.636449728125 0.6771379703703703 0.6328430385416667 0.6771094638888889 0.63278460625 0.672557012962963 0.6311807374999999 0.6725171037037038 0.6311928270833334 0.6771465222222223 0.6293592583333333 0.6771465222222223 0.6293189604166667 0.6804247435185186
3 0.7995526901041666 0.6805273657407408 0.8066834578125001 0.6805786768518519 0.8066834578125001 0.6772434435185185 0.8030767682291666 0.677214937037037 0.8030183359374999 0.6726596351851851 0.8014144671875 0.6726197259259259 0.8014265567708333 0.6772491444444445 0.7995929880208333 0.6772491444444445 0.7995526901041666 0.6805273657407408
3 0.35738666145833337 0.6772120870370371 0.35128148281250005 0.6772120870370371 0.35130163229166667 0.6563454962962962 0.3489038885416667 0.6563454962962962 0.3489240380208333 0.6805473203703704 0.35734636302083334 0.6805188138888889 0.35738666145833337 0.6772120870370371
3 0.527735240625 0.6771864305555556 0.5216300625 0.6771864305555556 0.5216502114583333 0.6563198407407407 0.5192524682291667 0.6563198407407407 0.5192726171875 0.6805216648148148 0.5276949427083334 0.6804931583333332 0.527735240625 0.6771864305555556
3 0.6982571026041666 0.6771493731481482 0.6921519244791666 0.6771493731481482 0.6921720734375001 0.6562827824074073 0.6897743302083333 0.6562827824074073 0.6897944791666667 0.6804846064814815 0.6982168041666666 0.6804561 0.6982571026041666 0.6771493731481482
3 0.4323514005208333 0.6803620296296295 0.4409832760416667 0.6804304444444444 0.4409329036458333 0.6562115166666667 0.4384545635416667 0.6562115166666667 0.4384203104166666 0.6770096925925926 0.4323514005208333 0.6770781074074075 0.4323514005208333 0.6803620296296295
3 0.6031029619791667 0.6804161916666667 0.6114688697916667 0.6805188138888889 0.611418496875 0.6562998861111111 0.6089401572916666 0.6562998861111111 0.6089059036458334 0.677098061111111 0.6030828130208333 0.6771664768518518 0.6031029619791667 0.6804161916666667
3 0.7732218416666666 0.6804732037037037 0.7819242395833333 0.6804732037037037 0.7818738666666667 0.656254275925926 0.7793955270833333 0.656254275925926 0.7793612734375 0.6770524518518518 0.7732621395833333 0.6771664768518518 0.7732218416666666 0.6804732037037037
3 0.38603062656250003 0.6803335231481482 0.4038625833333333 0.6804760546296296 0.40388273229166666 0.6770838083333333 0.39668144270833333 0.676984036111111 0.3968748739583334 0.6468871148148149 0.39314729010416666 0.6467730898148148 0.39334475104166666 0.6771123148148148 0.38603062656250003 0.6770553018518519 0.38603062656250003 0.6803335231481482
3 0.5564759218750001 0.6803876851851852 0.574307878125 0.6805302166666667 0.5743280276041667 0.6771379703703703 0.5671267380208334 0.6770381981481481 0.5673201692708333 0.6469412768518519 0.5635925848958333 0.6468272518518519 0.5637900463541666 0.6771664768518518 0.5564759218750001 0.6771094638888889 0.5564759218750001 0.6803876851851852
3 0.7267459197916666 0.6804304444444444 0.7445778760416667 0.6805729759259259 0.7445980255208333 0.6771807296296296 0.7373967359375 0.6770809574074074 0.7375901671875 0.6469840361111111 0.7338625833333333 0.6468700111111111 0.7340600442708334 0.6772092361111112 0.7267459197916666 0.6771522231481482 0.7267459197916666 0.6804304444444444
3 0.4145073541666667 0.5466647666666667 0.41708643958333336 0.5466647666666667 0.41702599218749997 0.5363169898148148 0.4128349786458333 0.5363169898148148 0.4128853515625 0.4395980611111111 0.42414467031249997 0.4395980611111111 0.42411444687500005 0.43610889351851856 0.4103989520833334 0.4362970351851852 0.41029820677083334 0.5398375138888889 0.4144549666666667 0.5397348916666667 0.4145073541666667 0.5466647666666667
3 0.37708240989583336 0.5362428731481481 0.3729478140625 0.5362799314814815 0.37287527708333335 0.5469156212962962 0.37531734843750003 0.5468814138888889 0.3753415270833333 0.5399743444444444 0.3794982875 0.5399743444444444 0.37945194427083334 0.43617730925925924 0.36570018125000003 0.4362172175925926 0.36563570416666663 0.4395296462962963 0.37691920208333335 0.43967502870370373 0.37708240989583336 0.5362428731481481
3 0.34124521458333335 0.43965222314814817 0.34646584739583336 0.43965222314814817 0.34646584739583336 0.43615450370370373 0.33859762239583335 0.43615450370370373 0.33864598020833336 0.46211516574074074 0.3413056619791667 0.4621436712962963 0.34124521458333335 0.43965222314814817
3 0.5115454364583333 0.43962371759259256 0.5169796494791666 0.43966362592592595 0.5169796494791666 0.43616590648148146 0.5091114244791667 0.43616590648148146 0.5091597822916667 0.46212656759259263 0.5115454364583333 0.46211516574074074 0.5115454364583333 0.43962371759259256
3 0.6819584927083333 0.4396180157407408 0.68739270625 0.439657925 0.68739270625 0.43616020555555557 0.67952448125 0.43616020555555557 0.6795728390625 0.46212086666666663 0.6819584927083333 0.46210946388888885 0.6819584927083333 0.4396180157407408
3 0.44870038281249996 0.4621436712962963 0.45109812604166666 0.4621721777777778 0.45109812604166666 0.4362029648148148 0.44321982656250003 0.43614595185185184 0.44321982656250003 0.43965222314814817 0.44868023385416667 0.43965222314814817 0.44870038281249996 0.4621436712962963
3 0.6192484385416667 0.4621436712962963 0.6216461817708333 0.4621721777777778 0.6216461817708333 0.4362029648148148 0.6137678822916667 0.43614595185185184 0.6137678822916667 0.43965222314814817 0.6192282895833333 0.43965222314814817 0.6192484385416667 0.4621436712962963
3 0.7895567197916668 0.46212086666666663 0.7919544630208333 0.4621493731481482 0.7919544630208333 0.43618015925925924 0.7840761635416666 0.43612314722222223 0.7840761635416666 0.43962941851851856 0.7895365708333333 0.43962941851851856 0.7895567197916668 0.46212086666666663
3 0.4813822286458333 0.45838084351851854 0.4813822286458333 0.4395952111111111 0.49113439427083333 0.43953819814814815 0.49111223072916665 0.4361259981481481 0.46925448333333336 0.43619726296296296 0.4692786619791667 0.43941277037037035 0.47896433593750004 0.4394811861111111 0.47890388854166666 0.45840935 0.4813822286458333 0.45838084351851854
3 0.6518436427083334 0.45840935 0.6518295385416667 0.4396180157407408 0.6615817046875 0.4395610037037037 0.661559540625 0.4361488027777778 0.6397017932291666 0.4362200685185185 0.6397259723958334 0.4394355759259259 0.6492041104166667 0.4395096925925926 0.649224259375 0.458352337962963 0.6518436427083334 0.45840935
3 0.5475317348958334 0.5362314712962963 0.543260125 0.5362599768518518 0.5431795286458333 0.5467502851851852 0.5458190609375 0.5467217787037038 0.5458190609375 0.539937286111111 0.5501289541666666 0.5399543898148148 0.5500826114583333 0.4361573546296296 0.5363288333333334 0.43619726296296296 0.5362643562499999 0.4395096925925926 0.5474511385416666 0.4395667046296296 0.5475317348958334 0.5362314712962963
3 0.5849707838541666 0.5467246296296295 0.5876284505208333 0.5467502851851852 0.5875277052083334 0.5362599768518518 0.5833165421875001 0.5362884833333333 0.5832984083333332 0.4397776509259259 0.5945597421875 0.4397776509259259 0.5945295182291667 0.4362884833333333 0.5808140239583334 0.4364794759259259 0.5807173083333333 0.539994299074074 0.5848700385416666 0.5399144814814815 0.5849707838541666 0.5467246296296295
3 0.7552468265625 0.5466790194444444 0.7578480755208333 0.5466647666666667 0.757868225 0.5362314712962963 0.753717509375 0.5362314712962963 0.7537779567708333 0.4395667046296296 0.7651219020833333 0.43965222314814817 0.7651219020833333 0.4361174462962963 0.7512190208333334 0.43614595185185184 0.7511585734375 0.5399087796296297 0.75514608125 0.5398688712962963 0.7552468265625 0.5466790194444444
3 0.7177312109374999 0.5363169898148148 0.7136610921875001 0.5362599768518518 0.7137215395833334 0.5467217787037038 0.7162804755208333 0.5467217787037038 0.7162159984375 0.5399543898148148 0.7203747734375 0.5399543898148148 0.7203284302083334 0.4361573546296296 0.7065746526041666 0.43620011388888885 0.7065101755208333 0.4395125425925926 0.7176707635416667 0.43953819814814815 0.7177312109374999 0.5363169898148148
3 0.8214990932291666 0.560119725925926 0.82401773125 0.5601482324074074 0.8238081807291666 0.4362200685185185 0.8100544026041666 0.43625997685185186 0.8099899255208334 0.43957240555555555 0.8214789442708333 0.4394811861111111 0.8214990932291666 0.560119725925926
3 0.3451662302083333 0.49036202962962966 0.34153939166666664 0.49030501666666665 0.3415514807291667 0.5021379703703703 0.3450977229166667 0.5022234888888889 0.3451662302083333 0.49036202962962966
3 0.4484847875 0.49040478888888883 0.4448579489583333 0.4903477768518519 0.4448700385416667 0.5021807296296297 0.44841628072916667 0.5022662481481481 0.4484847875 0.49040478888888883
3 0.51550675 0.49040478888888883 0.5118799114583333 0.4903477768518519 0.5118920010416667 0.5021807296296297 0.5154382432291666 0.5022662481481481 0.51550675 0.49040478888888883
3 0.6189179932291666 0.4905387685185185 0.6152911546875 0.4904817555555555 0.61530324375 0.5023147092592593 0.6188494859375001 0.5024002277777778 0.6189179932291666 0.4905387685185185
3 0.6859782390625 0.4903677305555555 0.6823514005208333 0.4903107185185185 0.6823634895833333 0.5021436712962962 0.6859097317708333 0.5022291907407407 0.6859782390625 0.4903677305555555
3 0.7892806770833333 0.49030786759259265 0.7854402578124999 0.49033922500000005 0.7854523473958334 0.5021721777777778 0.7892202296874999 0.5022519953703704 0.7892806770833333 0.49030786759259265
3 0.46907717083333333 0.4584435574074074 0.4691053796875 0.4621379703703704 0.49126133385416665 0.46212086666666663 0.4912210354166667 0.45841505092592594 0.46907717083333333 0.4584435574074074
3 0.6395526901041666 0.4584179018518519 0.6395808984375001 0.4621123148148148 0.6617368526041666 0.4620952111111111 0.6616965546875 0.4583893953703704 0.6395526901041666 0.4584179018518519
3 0.8100423130208333 0.4583979472222222 0.8100221640625 0.46204675 0.8214870036458334 0.46204675 0.8214870036458334 0.4583124287037037 0.8100423130208333 0.4583979472222222
3 0.3793894822916667 0.614777650925926 0.3819887166666666 0.6148061574074074 0.382008865625 0.5808608898148148 0.38865806979166667 0.5808893953703703 0.38859762239583334 0.577611174074074 0.3753576463541667 0.5776225768518519 0.37552488437500003 0.5635575824074074 0.3729457989583333 0.5635860888888888 0.37298005260416667 0.5809293046296296 0.3793935119791667 0.5808067277777778 0.3793894822916667 0.614777650925926
3 0.4014305864583333 0.5807867731481482 0.40793471666666664 0.5807525657407407 0.4079488213541667 0.6147206388888888 0.41061857760416665 0.6147947546296296 0.4104009671875 0.5807782212962963 0.41703203697916663 0.58090935 0.41700987291666664 0.5635946407407408 0.4146927260416666 0.5635946407407408 0.4147289947916667 0.5775712657407408 0.4014305864583333 0.5775712657407408 0.4014305864583333 0.5807867731481482
3 0.5498327625 0.6147976055555555 0.552431996875 0.6148261120370371 0.5522869234375 0.5809863166666667 0.55910135 0.58090935 0.5590409026041667 0.5776311287037037 0.5458009270833333 0.5776425314814815 0.5458795083333333 0.5635689851851852 0.5432399760416666 0.5635689851851852 0.5432802739583333 0.5809863166666667 0.5498367921875 0.5808266814814815 0.5498327625 0.6147976055555555
3 0.7202176104166667 0.6149372861111111 0.7228168447916666 0.6149657925925925 0.7226717713541666 0.5811259981481481 0.7294861979166666 0.5810490305555556 0.7294257505208334 0.5777708092592593 0.7161857744791666 0.577782212037037 0.7162643562500001 0.5637086657407407 0.7136248234375 0.5637086657407407 0.713665121875 0.5811259981481481 0.7202216401041667 0.580966362962963 0.7202176104166667 0.6149372861111111
3 0.5716703604166666 0.5809007981481482 0.5784021760416667 0.5808694416666667 0.5784162807291667 0.6148375138888889 0.5809792463541666 0.6147947546296296 0.5808684265624999 0.5808950972222222 0.5874994963541667 0.5810262259259259 0.5874773322916667 0.5637115166666666 0.5851601854166667 0.5637115166666666 0.5851964536458334 0.5776881416666667 0.5716300625 0.5775370583333332 0.5716703604166666 0.5809007981481482
3 0.7420572234375 0.5808067277777778 0.7487890390624999 0.5807753703703703 0.7488031432291666 0.6147434435185185 0.7514205119791666 0.6147377425925925 0.7512552890625 0.580801025925926 0.7578863588541667 0.5809321546296297 0.7578641947916667 0.5636174462962964 0.755268990625 0.5635689851851852 0.7551883942708333 0.5775370583333332 0.7420169249999999 0.577442987037037 0.7420572234375 0.5808067277777778
3 0.4813620791666667 0.46220068425925925 0.4789441869791667 0.4621721777777778 0.47898448541666666 0.6561858611111111 0.4813620791666667 0.6562143675925926 0.4813620791666667 0.46220068425925925
3 0.47890388854166666 0.6598916759259259 0.47890388854166666 0.6769669324074074 0.47511585729166667 0.6769954388888889 0.475075559375 0.6805302166666667 0.48520652812500004 0.6805330675925926 0.48522667760416666 0.6770553018518519 0.48135804947916666 0.6770267962962963 0.48135804947916666 0.6598574685185186 0.48498488802083334 0.6598574685185186 0.48497481354166666 0.656245724074074 0.47529719947916665 0.6562143675925926 0.47533749739583336 0.6598631694444445 0.47890388854166666 0.6598916759259259
3 0.6493773927083333 0.6598745722222222 0.6493773927083333 0.6769498287037037 0.6455893614583333 0.6769783351851852 0.6455490630208334 0.6805131129629629 0.6556800322916666 0.6805159638888888 0.65570018125 0.6770381981481481 0.6518315536458333 0.6770096925925926 0.6518315536458333 0.6598403648148149 0.6554583921875 0.6598403648148149 0.6554483177083333 0.6562286203703703 0.6457707031250001 0.656197262962963 0.6458110015624999 0.6598460657407407 0.6493773927083333 0.6598745722222222
3 0.8215534958333334 0.6599030787037037 0.8215534958333334 0.6769783351851852 0.8158371953125 0.6769384268518518 0.815796896875 0.6804161916666667 0.8241386260416667 0.6803306731481481 0.8240781786458334 0.6562428731481481 0.816078984375 0.6562428731481481 0.8160386864583333 0.6599201824074074 0.8215534958333334 0.6599030787037037
3 0.6518234937499999 0.46211516574074074 0.6493048557291666 0.46211516574074074 0.6492847067708334 0.6561573546296297 0.6518637921875 0.6562713796296297 0.6518234937499999 0.46211516574074074
3 0.22287326197916668 0.5396864305555555 0.24002216406250002 0.539826112037037 0.24000402968749998 0.5362400231481481 0.22287326197916668 0.5362884833333333 0.22287326197916668 0.5396864305555555
3 0.2635220630208333 0.503748575 0.2635019140625 0.5000142527777778 0.2425770703125 0.4999572407407407 0.2425952046875 0.5020096925925926 0.26220028229166664 0.501929875 0.26219222239583334 0.5037200685185186 0.2635220630208333 0.503748575
3 0.24011686458333334 0.44851767407407406 0.240096715625 0.44461231481481484 0.2292162 0.44466932685185184 0.22925649791666666 0.4482611175925926 0.24011686458333334 0.44851767407407406
3 0.24655651822916666 0.539883124074074 0.2635442270833333 0.5399543898148148 0.2635321380208333 0.5179732037037037 0.26214184947916663 0.5179732037037037 0.26209147708333336 0.5378591787037037 0.24659681666666666 0.5378021666666666 0.24655651822916666 0.539883124074074
3 0.20247833958333333 0.5679304444444444 0.20245819062499998 0.5657924740740741 0.18436429583333333 0.5658779935185185 0.18438444479166666 0.567901938888889 0.20247833958333333 0.5679304444444444
3 0.18581503125 0.567901938888889 0.18438444479166666 0.567901938888889 0.184344146875 0.5937571268518519 0.18577473281249998 0.5937571268518519 0.18581503125 0.567901938888889
3 0.18254281666666666 0.5957041046296295 0.18641144479166666 0.5957041046296295 0.18641144479166666 0.5937400231481482 0.18113237968749998 0.5937086657407408 0.18113237968749998 0.5975028509259259 0.18256296614583334 0.5974743444444445 0.18254281666666666 0.5957041046296295
3 0.19531936354166665 0.5938169898148148 0.19530122916666667 0.5957839222222222 0.20892403802083334 0.5957924740740741 0.20892403802083334 0.5937742305555556 0.19531936354166665 0.5938169898148148
3 0.21152528697916667 0.6110889398148148 0.21151722760416666 0.614828962037037 0.2375196453125 0.6147748 0.2375377796875 0.6110889398148148 0.21152528697916667 0.6110889398148148
3 0.24658069739583333 0.5657810722222222 0.24660084635416668 0.5679190425925926 0.26479347187499996 0.5679133407407407 0.26481765052083334 0.5657582666666666 0.24658069739583333 0.5657810722222222
3 0.26479347187499996 0.5679133407407407 0.26336893020833335 0.5679304444444444 0.26336893020833335 0.5937571268518519 0.2647995166666667 0.5937286203703703 0.26479347187499996 0.5679133407407407
3 0.24006044739583335 0.593754275925926 0.24008059635416668 0.5959207527777778 0.2537416885416667 0.5958922462962963 0.25376183750000003 0.593754275925926 0.24006044739583335 0.593754275925926
3 0.2680314328125 0.5974344351851852 0.26801128333333335 0.5937286203703703 0.2627725166666667 0.5937286203703703 0.2627725166666667 0.5957240592592592 0.2666411442708333 0.5956670462962963 0.26666129375000003 0.5974344351851852 0.2680314328125 0.5974344351851852
3 0.30847672760416667 0.5185148231481481 0.2765001005208333 0.5185433296296296 0.2764678619791667 0.5204846064814815 0.3084565786458333 0.5205387685185185 0.30847672760416667 0.5185148231481481
3 0.27793673177083333 0.5204960092592592 0.2764678619791667 0.5204846064814815 0.2764456979166667 0.53295325 0.2779165828125 0.5329817555555556 0.27793673177083333 0.5204960092592592
3 0.3084626234375 0.5464538194444444 0.2779105380208333 0.5464224629629629 0.27787023958333334 0.545624287037037 0.27645980260416664 0.5456527935185186 0.2764557729166667 0.5484321546296297 0.3084827723958333 0.5485062712962963 0.3084626234375 0.5464538194444444
3 0.3431654239583333 0.5185347777777778 0.311188796875 0.5185632842592592 0.3111565583333334 0.5205045611111112 0.343145275 0.5205587231481482 0.3431654239583333 0.5185347777777778
3 0.343145275 0.5205587231481482 0.3416884947916667 0.5205815277777778 0.34172879322916666 0.5331242870370371 0.34315937916666667 0.5331242870370371 0.343145275 0.5205587231481482
3 0.3417549869791667 0.5456014824074074 0.3417549869791667 0.5464851768518518 0.3111384244791667 0.5463911064814815 0.3111585734375 0.5484435574074074 0.3431654239583333 0.5484236027777778 0.3431251260416667 0.5455729759259259 0.3417549869791667 0.5456014824074074
3 0.37703002239583333 0.5019954388888889 0.37698972395833336 0.5 0.35599032864583335 0.5000712657407407 0.35599032864583335 0.5037770805555556 0.3574410640625 0.503748575 0.3574410640625 0.5020667046296297 0.37703002239583333 0.5019954388888889
3 0.43397944791666665 0.5037115166666666 0.43395929895833335 0.4999771953703704 0.41285512812499997 0.4999429870370371 0.4128752770833334 0.5019384268518517 0.43265766666666666 0.5018928166666667 0.4326496072916666 0.5036830101851852 0.43397944791666665 0.5037115166666666
3 0.37293975416666664 0.5378563287037037 0.3574672578125 0.537893386111111 0.3574229296875 0.5180387685185185 0.3560689098958333 0.5179703537037037 0.35603868645833336 0.5398432157407407 0.37293975416666664 0.539937286111111 0.37293975416666664 0.5378563287037037
3 0.5432218416666666 0.5379218925925926 0.5277050171875 0.5379675027777778 0.5276627041666667 0.5181128851851852 0.526308684375 0.5180444694444445 0.5262764458333333 0.5399173314814815 0.5432218416666666 0.5400313564814815 0.5432218416666666 0.5379218925925926
3 0.7136852708333333 0.5377936148148148 0.6981684463541666 0.5378363740740741 0.6981261333333334 0.5179846064814815 0.6967721135416666 0.5179161916666666 0.696739875 0.5397862027777778 0.7136852708333333 0.5399002277777778 0.7136852708333333 0.5377936148148148
3 0.417066290625 0.539994299074074 0.43396131354166667 0.5400684148148148 0.4339492244791667 0.5180872296296296 0.4325589359375 0.5180872296296296 0.43250856354166667 0.5379732037037037 0.41701390312500003 0.5379161916666666 0.417066290625 0.539994299074074
3 0.5875901671875 0.5399230333333334 0.6044872052083333 0.539997149074074 0.604475115625 0.5180159638888888 0.6030848276041667 0.5180159638888888 0.6030344552083334 0.5379019388888888 0.5875397942708334 0.5378449259259259 0.5875901671875 0.5399230333333334
3 0.7578803145833334 0.5399771953703704 0.7747753374999999 0.540051311111111 0.7747632479166667 0.5180701249999999 0.7733729598958334 0.5180701249999999 0.7733225869791667 0.5379560999999999 0.7578279265625 0.5378990879629629 0.7578803145833334 0.5399771953703704
3 0.37948821302083335 0.5361459518518519 0.3794982875 0.5399743444444444 0.39651420520833336 0.539880274074074 0.39651420520833336 0.5361459518518519 0.37948821302083335 0.5361459518518519
3 0.40858351822916666 0.539880274074074 0.41029820677083334 0.5398375138888889 0.4103163411458333 0.5361459518518519 0.40854321979166663 0.5361744583333333 0.40858351822916666 0.539880274074074
3 0.3729478140625 0.5678734324074074 0.3729478140625 0.5657924740740741 0.35484787447916666 0.565855187962963 0.3548075760416667 0.5678791333333334 0.3729478140625 0.5678734324074074
3 0.3562159984375 0.5678734324074074 0.3548075760416667 0.5678791333333334 0.35482571041666666 0.5936716074074074 0.3562159984375 0.5936716074074074 0.3562159984375 0.5678734324074074
3 0.352986096875 0.5957269101851851 0.3568144265625 0.5957554157407408 0.3567942776041667 0.5936744583333333 0.35157565989583334 0.5936744583333333 0.3515555109375 0.5974372861111111 0.35300624635416666 0.5974372861111111 0.352986096875 0.5957269101851851
3 0.365603465625 0.5937770805555556 0.3656236145833333 0.5957440138888889 0.3793834375 0.5957269101851851 0.3793834375 0.5937884833333333 0.365603465625 0.5937770805555556
3 0.3554281682291667 0.6143415055555556 0.3530102760416666 0.6143415055555556 0.3529901270833333 0.6126881416666667 0.351559540625 0.6126311287037037 0.351559540625 0.6263141388888889 0.3554281682291667 0.6263141388888889 0.3554281682291667 0.6143415055555556
3 0.5256880916666666 0.6143842648148148 0.5232701994791666 0.6143842648148148 0.5232923635416666 0.6126282777777778 0.5218194640625 0.612673887962963 0.5218194640625 0.6263568981481482 0.5256880916666666 0.6263568981481482 0.5256880916666666 0.6143842648148148
3 0.6961192828125 0.614264537962963 0.6937013901041666 0.614264537962963 0.6936812411458334 0.6126111740740741 0.6922828932291666 0.6126282777777778 0.6922506546875 0.6262371722222222 0.6961192828125 0.6262371722222222 0.6961192828125 0.614264537962963
3 0.4346121296875 0.6262941842592593 0.4384001609375 0.6263511972222222 0.4384444890625 0.6125627138888888 0.43705420104166665 0.6125627138888888 0.4370864395833333 0.6142531361111111 0.4346282489583333 0.6142816416666667 0.4346121296875 0.6262941842592593
3 0.6050372760416667 0.6263397944444444 0.6086762041666667 0.6264110601851852 0.6087205317708333 0.6126225768518518 0.60733024375 0.6126225768518518 0.6073624822916667 0.6143129990740741 0.605057425 0.6142816416666667 0.6050372760416667 0.6263397944444444
3 0.7753455572916667 0.6262799314814815 0.7791335885416667 0.6263369444444444 0.7791779166666667 0.612548461111111 0.7777876286458334 0.612548461111111 0.7778198671875 0.6142388824074073 0.7753616765625 0.6142673888888889 0.7753455572916667 0.6262799314814815
3 0.8240560145833334 0.573814138888889 0.8215313317708334 0.5738968074074073 0.8214587953125 0.6562571268518519 0.8240781786458334 0.6562428731481481 0.8240560145833334 0.573814138888889
3 0.39026193854166663 0.44471778796296296 0.37944186979166666 0.444660775 0.3794217208333333 0.44842360277777776 0.3902820875 0.4483950972222222 0.39026193854166663 0.44471778796296296
3 0.41041708645833336 0.44460376296296295 0.39967761458333334 0.4445553018518519 0.39967761458333334 0.44831812962962964 0.41043723541666666 0.4482810722222222 0.41041708645833336 0.44460376296296295
3 0.560467459375 0.44469783333333335 0.5500987307291666 0.4446921324074074 0.55007858125 0.4484549601851852 0.56052790625 0.44848916759259255 0.560467459375 0.44469783333333335
3 0.5807979046875 0.44466932685185184 0.5702357442708333 0.44456670462962966 0.5702155953125001 0.4483295324074074 0.5807979046875 0.4483751425925926 0.5807979046875 0.44466932685185184
3 0.730969171875 0.44469783333333335 0.7203244005208334 0.44470923611111113 0.7203042515625 0.4484720638888889 0.730969171875 0.4484606611111111 0.730969171875 0.44469783333333335
3 0.7512190208333334 0.4447263398148148 0.7404916380208333 0.4447120870370371 0.7404714890625 0.44847491481481483 0.751198871875 0.44851767407407406 0.7512190208333334 0.4447263398148148
3 0.4789764255208333 0.5205929305555556 0.47896433593750004 0.5185860888888889 0.44695345572916667 0.5185718361111111 0.4468426354166667 0.5331470925925926 0.44831956458333333 0.533184150925926 0.4483417286458333 0.5206214370370371 0.4789764255208333 0.5205929305555556
3 0.6493250052083333 0.5205530212962963 0.6493250052083333 0.5185290768518518 0.6172113640625 0.5185433296296296 0.6171005442708334 0.5331214370370371 0.6185774734374999 0.5331584944444445 0.6185976223958334 0.5205929305555556 0.6493250052083333 0.5205530212962963
3 0.8215192421875 0.5205245157407408 0.8214789442708333 0.5184435574074074 0.7877574046875 0.5185433296296296 0.7876465848958334 0.5331214370370371 0.7891235140624999 0.5331584944444445 0.7891436630208334 0.5205929305555556 0.8215192421875 0.5205245157407408
3 0.5133910942708334 0.5330159638888888 0.5134313921875 0.5185404787037038 0.48137013906250004 0.5184948685185186 0.4814104369791667 0.5206328388888889 0.512016925 0.5204789055555555 0.5120370744791667 0.5330159638888888 0.5133910942708334 0.5330159638888888
3 0.6838101953125 0.5330017101851852 0.6838504937500001 0.5185262259259259 0.6518436427083334 0.5184720638888889 0.6518295385416667 0.5206185861111111 0.6824360265625 0.5204646518518519 0.6824561755208334 0.5330017101851852 0.6838101953125 0.5330017101851852
3 0.47898448541666666 0.5464937287037037 0.44829740052083333 0.5463797037037037 0.44831754999999995 0.5455815277777778 0.44692726197916666 0.5455815277777778 0.4469071125 0.548403649074074 0.47898448541666666 0.548574686111111 0.47898448541666666 0.5464937287037037
3 0.6492383640625 0.5465193842592593 0.6185512796875 0.5464053592592593 0.6185714286458333 0.5456071833333334 0.617181140625 0.5456071833333334 0.6171609911458333 0.5484293046296296 0.6492383640625 0.5486003416666667 0.6492383640625 0.5465193842592593
3 0.5119887166666667 0.5456955527777777 0.5119685671875 0.5464937287037037 0.4813822286458333 0.5464367157407407 0.48140237760416665 0.5486031925925926 0.5133790046875 0.5484891675925926 0.5133588557291666 0.5456955527777777 0.5119887166666667 0.5456955527777777
3 0.682458190625 0.5457183583333333 0.6824380416666667 0.5465165333333333 0.6518517026041667 0.5464595212962963 0.6518718515625 0.5486259981481482 0.6838484786458333 0.5485119722222223 0.6838283296875001 0.5457183583333333 0.682458190625 0.5457183583333333
3 0.8214990932291666 0.5464937287037037 0.7890489625 0.5463369444444445 0.7890691114583334 0.5455387685185186 0.7876284505208333 0.5455530212962963 0.7876586739583333 0.5483608898148149 0.8215192421875 0.5484606611111111 0.8214990932291666 0.5464937287037037
3 0.6043743703125001 0.5037713796296296 0.6043542213541666 0.5000370583333333 0.5833165421875001 0.4999714935185185 0.5833165421875001 0.5019954388888889 0.6030525890625 0.5019526796296296 0.6030445296875 0.5037428731481481 0.6043743703125001 0.5037713796296296
3 0.7747330244791667 0.5037058157407408 0.7746927260416666 0.5000285064814816 0.753727584375 0.5000285064814816 0.7537477333333332 0.5020239453703704 0.773383034375 0.5019954388888889 0.773383034375 0.5037058157407408 0.7747330244791667 0.5037058157407408
3 0.5474914364583333 0.5019384268518517 0.5475115859374999 0.5 0.5263268182291667 0.4999771953703704 0.5263268182291667 0.5036830101851852 0.5277775536458333 0.5036545037037037 0.5277775536458333 0.5019726342592593 0.5474914364583333 0.5019384268518517
3 0.7177513598958334 0.5019669324074074 0.7176707635416667 0.4999429870370371 0.6967781583333333 0.5000142527777778 0.6967781583333333 0.5037200685185186 0.6982288937500001 0.503691562037037 0.6982288937500001 0.5020096925925926 0.7177513598958334 0.5019669324074074
3 0.5501309692708334 0.5362314712962963 0.5501289541666666 0.5399543898148148 0.5517227484375 0.539880274074074 0.5517025994791667 0.5362029648148148 0.5501309692708334 0.5362314712962963
3 0.7493451541666667 0.5362029648148148 0.7493250052083333 0.539880274074074 0.7511787223958333 0.5398745722222222 0.7511585734375 0.5361972629629629 0.7493451541666667 0.5362029648148148
3 0.5637517630208334 0.5362029648148148 0.5637920614583333 0.5398517675925926 0.5807173083333333 0.539994299074074 0.5806568609375 0.5362029648148148 0.5637517630208334 0.5362029648148148
3 0.7203949223958334 0.5362001138888889 0.7203304453125 0.539880274074074 0.7374571833333333 0.5398517675925926 0.7374974812499999 0.5361744583333333 0.7203949223958334 0.5362001138888889
3 0.4170058432291667 0.565849487037037 0.41702599218749997 0.567844925925926 0.4352206328125 0.567901938888889 0.4352609307291667 0.565849487037037 0.4170058432291667 0.565849487037037
3 0.5250010072916667 0.565798175925926 0.5250211567708333 0.5677936148148147 0.543215796875 0.5678506268518518 0.5432560953125001 0.565798175925926 0.5250010072916667 0.565798175925926
3 0.587489421875 0.5658665907407406 0.5875115859375001 0.5678620296296296 0.6055410036458333 0.5679304444444444 0.6055410036458333 0.5658779935185185 0.587489421875 0.5658665907407406
3 0.6955631671875 0.565855187962963 0.6955833166666667 0.5678506268518518 0.7136610921875001 0.567901938888889 0.7136409432291667 0.5658209805555556 0.6955631671875 0.565855187962963
3 0.7578480755208333 0.5658779935185185 0.7578883739583334 0.5678734324074074 0.7759419708333334 0.567901938888889 0.7759218213541667 0.5658779935185185 0.7578480755208333 0.5658779935185185
3 0.4352206328125 0.567901938888889 0.4338021359375 0.5678905361111111 0.4337900463541667 0.5938141388888889 0.43520451354166667 0.5938198407407407 0.4352206328125 0.567901938888889
3 0.5264960708333334 0.5677907638888888 0.5250775739583333 0.5677793611111112 0.525065484375 0.5937029648148149 0.5264799515624999 0.5937086657407408 0.5264960708333334 0.5677907638888888
3 0.6055833166666668 0.5678905361111111 0.6041648197916667 0.5678791333333334 0.6041527302083334 0.593802737037037 0.6055671973958333 0.593808437962963 0.6055833166666668 0.5678905361111111
3 0.6969393510416667 0.5679104907407407 0.6955208541666666 0.567899087962963 0.69550675 0.5936716074074074 0.6970179328125 0.5936716074074074 0.6969393510416667 0.5679104907407407
3 0.7759742093750001 0.5679190425925926 0.7745557125 0.5679076398148147 0.7745516822916667 0.5938141388888889 0.7760024177083333 0.5938141388888889 0.7759742093750001 0.5679190425925926
3 0.38197259739583334 0.6111687574074074 0.3819887166666666 0.6148061574074074 0.4079488213541667 0.6147206388888888 0.40794076145833336 0.6110889398148148 0.38197259739583334 0.6111687574074074
3 0.42431392291666664 0.5938112888888889 0.4104916380208333 0.593754275925926 0.41053193645833336 0.5957782212962963 0.42431392291666664 0.5958067277777778 0.42431392291666664 0.5938112888888889
3 0.43844851927083334 0.5974458379629629 0.438388071875 0.5937970351851851 0.4332500505208333 0.5937685287037037 0.4332299010416667 0.5956755990740741 0.4370783802083333 0.5957354620370371 0.4370985291666667 0.5974743444444445 0.43844851927083334 0.5974458379629629
3 0.5232802739583333 0.5957782212962963 0.5271489020833333 0.5957782212962963 0.5271086036458333 0.593754275925926 0.5218517026041667 0.5938141388888889 0.5218517026041667 0.5975199546296296 0.5232802739583333 0.5974600916666667 0.5232802739583333 0.5957782212962963
3 0.5359742093750001 0.5938198407407407 0.5359742093750001 0.5958722916666667 0.5498448520833333 0.5958295324074074 0.5498247026041666 0.5937770805555556 0.5359742093750001 0.5938198407407407
3 0.580942978125 0.593808437962963 0.5809631270833333 0.5957753703703704 0.5947652630208334 0.5957468638888889 0.5947652630208334 0.5937799314814814 0.580942978125 0.593808437962963