1 0 0 0 1 1 1 1 0 0 0
3 0.5505399958333334 0.5816077537037038 0.5708442473958333 0.5817274796296296 0.5708120088541667 0.6170039907407407 0.5760628651041666 0.61704675 0.5763792062499999 0.5268614592592592 0.5705057427083333 0.5266904222222222 0.5707636510416666 0.573922462962963 0.5504553697916666 0.5740450398148148 0.5505399958333334 0.5816077537037038
3 0.3438101953125 0.6995296462962963 0.5764094296875 0.6991533638888889 0.5762784604166666 0.6343101481481482 0.5706991739583334 0.6343129990740741 0.57075760625 0.6817702398148149 0.3435019140625 0.6826425314814815 0.3438101953125 0.6995296462962963
4 0.5772315130208334 0.31436716111111107 0.5722949828124999 0.3142531361111111 0.5723957286458333 0.3320895092592593 0.5773221843749999 0.3320895092592593 0.5772315130208334 0.31436716111111107
4 0.5710880515625 0.41233181296296295 0.5709792463541666 0.42924743425925926 0.5760769697916667 0.4294469787037037 0.5760850291666666 0.41221778796296293 0.5710880515625 0.41233181296296295
4 0.5706326817708334 0.5096379703703704 0.5705057427083333 0.5266904222222222 0.5763792062499999 0.5268614592592592 0.5762542817708333 0.5096379703703704 0.5706326817708334 0.5096379703703704
4 0.5708120088541667 0.6170039907407407 0.5706991739583334 0.6343129990740741 0.5762784604166666 0.6343101481481482 0.5760628651041666 0.61704675 0.5708120088541667 0.6170039907407407
4 0.3474209145833333 0.3030957814814815 0.3419605078125 0.3030957814814815 0.3423715494791667 0.3489395666666667 0.3473685270833334 0.3487970351851852 0.3474209145833333 0.3030957814814815
4 0.34231311718749996 0.4050171037037037 0.34260527916666667 0.4503363740740741 0.34890187395833333 0.45023945277777777 0.3485915776041667 0.4049030787037037 0.34231311718749996 0.4050171037037037
4 0.32536369114583336 0.5017474342592593 0.3194902276041667 0.5017474342592593 0.31885351614583335 0.5477394527777778 0.32486802343750004 0.5477394527777778 0.32536369114583336 0.5017474342592593
3 0.43296393333333333 0.2886545037037037 0.433048559375 0.31331242870370374 0.43713479739583333 0.31318415092592594 0.4370441265625 0.2887713796296296 0.43296393333333333 0.2886545037037037
3 0.46300624635416665 0.3770524518518519 0.4676203911458333 0.3770809574074074 0.46695547031249995 0.288697262962963 0.46244207135416665 0.2887400231481482 0.46300624635416665 0.3770524518518519
2 0.43713479739583333 0.31318415092592594 0.433048559375 0.31331242870370374 0.43308482760416667 0.37773660185185187 0.4369816640625 0.37778791296296294 0.43713479739583333 0.31318415092592594
2 0.34852307083333334 0.6824686435185185 0.3492847067708333 0.5973688712962962 0.3441869838541667 0.5973688712962962 0.3435019140625 0.6826425314814815 0.34852307083333334 0.6824686435185185
2 0.45906306666666663 0.3118985175925926 0.4399173885416667 0.31212086666666666 0.4399173885416667 0.3765079814814815 0.45937537760416663 0.3765079814814815 0.45906306666666663 0.3118985175925926
2 0.45372355416666665 0.5024572407407407 0.4135401973958333 0.5020267962962963 0.4135401973958333 0.5722291907407407 0.45372355416666665 0.5722291907407407 0.45372355416666665 0.5024572407407407
4 0.45463630885416667 0.5980444694444444 0.42808785 0.5978050166666666 0.42851098125 0.6802451537037036 0.45484787447916664 0.6805900796296296 0.45463630885416667 0.5980444694444444
4 0.4273987505208333 0.5979076398148148 0.4008502921875 0.5976681870370371 0.4012734234375 0.6801083240740741 0.42761031614583334 0.68045325 0.4273987505208333 0.5979076398148148
4 0.40025387864583334 0.5979076398148148 0.3737054203125 0.5976681870370371 0.37412855104166665 0.6801083240740741 0.4004654442708333 0.68045325 0.40025387864583334 0.5979076398148148
4 0.3733649005208333 0.5971892814814815 0.355268990625 0.5969498287037037 0.3551682447916667 0.6793899657407407 0.37357646562499996 0.6797348916666667 0.3733649005208333 0.5971892814814815
2 0.40255490625 0.4045353481481481 0.36237154947916667 0.4041020527777778 0.36237154947916667 0.4743044472222222 0.40255490625 0.4743044472222222 0.40255490625 0.4045353481481481
3 0.34724561770833334 0.28864025092592593 0.57191215 0.2888825537037037 0.5721337901041667 0.3142531361111111 0.5772315130208334 0.31436716111111107 0.5780253880208334 0.24203249722222225 0.572740278125 0.24203249722222225 0.5725649807291667 0.2801653361111111 0.3470683052083333 0.2799173314814815 0.34724561770833334 0.24327822129629628 0.34213580520833337 0.24327822129629628 0.3419605078125 0.3030957814814815 0.3474209145833333 0.3030957814814815 0.34724561770833334 0.28864025092592593
3 0.5531533348958334 0.3872291907407407 0.5709852911458333 0.3870895092592593 0.5710880515625 0.41233181296296295 0.5760225671875 0.41220068425925926 0.5773221843749999 0.3320895092592593 0.5723957286458333 0.3320895092592593 0.5723111020833334 0.3794469787037037 0.5533487807291666 0.3795895092592592 0.5531533348958334 0.3872291907407407
3 0.3485593390625 0.399144812037037 0.35338303437499996 0.3988454962962963 0.3536570625 0.3875142527777778 0.43015111822916663 0.38788483425925924 0.43020350572916666 0.399144812037037 0.43993552291666665 0.39920182407407406 0.4398367921875 0.3874515388888889 0.46758009270833334 0.38754275925925924 0.4676203911458333 0.3770809574074074 0.46300624635416665 0.3770524518518519 0.4630807979166667 0.38052736574074075 0.4369816640625 0.38052736574074075 0.4369816640625 0.37778791296296294 0.43308482760416667 0.3777936148148148 0.433145275 0.38090079814814815 0.34726576666666664 0.37966362592592595 0.3473685270833334 0.3487970351851852 0.3423715494791667 0.3489395666666667 0.34231311718749996 0.4050171037037037 0.3485915776041667 0.4049030787037037 0.3485593390625 0.399144812037037
3 0.46743098906249997 0.4362998861111111 0.4958069713541667 0.4358181296296296 0.4958069713541667 0.42812428703703703 0.46760024166666664 0.42812428703703703 0.46758009270833334 0.38754275925925924 0.46224864010416666 0.3875 0.4621619989583333 0.47752565555555554 0.46743098906249997 0.47764538240740745 0.46743098906249997 0.4362998861111111
3 0.32536369114583336 0.4870353481481481 0.34408019322916666 0.48686431018518517 0.34408019322916666 0.4963825537037037 0.3530122911458333 0.4965507407407408 0.35295184375 0.48446408240740746 0.4619544630208334 0.4846294185185185 0.46239572864583334 0.5338540481481482 0.4960145072916667 0.5334407074074073 0.49586741874999996 0.5263768527777778 0.46738666145833335 0.5263768527777778 0.46743098906249997 0.47764538240740745 0.3490852307291667 0.4786773092592593 0.34890187395833333 0.45023945277777777 0.34283699375 0.450342075 0.3431795286458333 0.4803591787037037 0.32516824479166667 0.48052736574074073 0.32541204895833337 0.44452679629629627 0.31966149531250004 0.4447006842592593 0.3194902276041667 0.5017474342592593 0.32536369114583336 0.5017474342592593 0.32536369114583336 0.4870353481481481
3 0.3249284708333333 0.5817217787037037 0.3443300421875 0.5817502851851851 0.3441869838541667 0.5973688712962962 0.3492847067708333 0.5973688712962962 0.349427765625 0.5941676166666666 0.3532500505208333 0.5939652222222223 0.3532500505208333 0.5814452675925925 0.46221438645833335 0.5814167620370371 0.4625911744791667 0.6822805018518519 0.46772919583333333 0.6822805018518519 0.46755591354166665 0.6304133407407407 0.49593794062499996 0.6302423037037037 0.49593794062499996 0.6229703537037038 0.46755591354166665 0.6233181296296296 0.46771912135416666 0.5338626 0.46239572864583334 0.5338540481481482 0.4621418494791667 0.5745667046296297 0.32517428958333333 0.5748546175925926 0.32486802343750004 0.5477394527777778 0.31885351614583335 0.5477394527777778 0.31870038281249996 0.5979475481481482 0.3248579489583333 0.5978449259259259 0.3249284708333333 0.5817217787037037
3 0.5499516421875 0.48453819814814814 0.5706326817708334 0.485057012962963 0.5706326817708334 0.5096379703703704 0.5762542817708333 0.5096379703703704 0.5760769697916667 0.4294469787037037 0.5709792463541666 0.42924743425925926 0.5708724562499999 0.4772662481481481 0.5501994760416667 0.47709521111111114 0.5499516421875 0.48453819814814814