3 0.30436026614583334 0.5487314712962963 0.30433810208333334 0.5468956666666667 0.3018194640625 0.5468956666666667 0.30182953854166666 0.5478933861111112 0.3036550473958333 0.5479076398148147 0.303665121875 0.5487172175925926 0.30436026614583334 0.5487314712962963
3 0.2762139833333333 0.5555729759259259 0.2762159984375 0.5574116305555555 0.2892081401041667 0.5574173314814814 0.2892303041666667 0.5555872296296297 0.2762139833333333 0.5555729759259259
3 0.3488132177083333 0.5479019388888889 0.34879306875 0.5468472064814814 0.3461535359375 0.5468728620370371 0.3461535359375 0.5487400231481482 0.346899053125 0.5487400231481482 0.3468789036458333 0.5478705814814815 0.3488132177083333 0.5479019388888889
3 0.3532299010416667 0.5468671611111111 0.3532299010416667 0.5479104907407407 0.36010074531249997 0.5478791333333334 0.36010074531249997 0.5468985175925926 0.3532299010416667 0.5468671611111111
3 0.37565786822916664 0.5468557583333333 0.37565786822916664 0.547896237037037 0.3825287125 0.5478648805555556 0.3825287125 0.5468814138888889 0.37565786822916664 0.5468557583333333
3 0.36140439270833336 0.5555587231481481 0.3614084223958333 0.5574828962962963 0.3744005640625 0.5573717222222222 0.37442071302083335 0.5555444694444445 0.36140439270833336 0.5555587231481481
3 0.38962119687499996 0.5487571268518519 0.3895728390625 0.5469099203703705 0.38699778385416667 0.5468928166666667 0.38699778385416667 0.5478506268518518 0.38890791875 0.5478677305555555 0.38892000781249997 0.5487571268518519 0.38962119687499996 0.5487571268518519
3 0.07524078177083333 0.4681157351851852 0.06820874479166666 0.4680815277777778 0.06819665520833333 0.46975769629629627 0.07521660260416667 0.46974344351851854 0.07524078177083333 0.4681157351851852
3 0.06940358645833333 0.4697548462962963 0.06819665520833333 0.46975769629629627 0.06819464010416666 0.47916191574074074 0.0694136609375 0.4791761685185185 0.06940358645833333 0.4697548462962963
3 0.06819464010416666 0.47916191574074074 0.068184565625 0.48104332962962965 0.0752468265625 0.4810290768518518 0.0752468265625 0.47919042222222225 0.06819464010416666 0.47916191574074074
3 0.06942373541666667 0.4810575824074074 0.068184565625 0.48104332962962965 0.06821478958333334 0.5300171037037037 0.06939351197916667 0.5300028509259259 0.06942373541666667 0.4810575824074074
3 0.06941164635416668 0.5092303305555556 0.06941164635416668 0.5102964648148148 0.0863429375 0.5103021666666667 0.0863429375 0.5092331814814816 0.06941164635416668 0.5092303305555556
3 0.0863429375 0.5103021666666667 0.08562361458333334 0.5103050166666666 0.08562361458333334 0.5165763972222223 0.08631875885416668 0.5165478907407407 0.0863429375 0.5103021666666667
3 0.08564980833333333 0.5228335231481481 0.08564980833333333 0.523241162962963 0.06941164635416668 0.523187000925926 0.06941164635416668 0.5242559861111111 0.08631472916666666 0.5242160777777778 0.08632681822916667 0.5228135694444445 0.08564980833333333 0.5228335231481481
3 0.06941164635416668 0.536992587962963 0.0682510578125 0.5369583805555556 0.0682027 0.5780872296296297 0.06940358645833333 0.5781071833333333 0.06941164635416668 0.536992587962963
3 0.07210356614583334 0.5781071833333333 0.0682027 0.5780872296296297 0.06820471510416667 0.5799743444444445 0.072123715625 0.5799743444444445 0.07210356614583334 0.5781071833333333
3 0.0721942375 0.5885547324074074 0.06938343749999999 0.5885119722222223 0.06942373541666667 0.5799743444444445 0.06820471510416667 0.5799743444444445 0.06820471510416667 0.5902223490740741 0.0721942375 0.5902366018518518 0.0721942375 0.5885547324074074
3 0.07856739895833333 0.5803734324074075 0.07939351197916666 0.5803734324074075 0.07940358645833333 0.5799173314814814 0.07967559947916666 0.5799173314814814 0.07968567395833334 0.5780644240740741 0.07810396927083334 0.5780644240740741 0.07807374583333333 0.5799030787037037 0.07856739895833333 0.5799315851851852 0.07856739895833333 0.5803734324074075
3 0.07675196458333335 0.5901824398148148 0.08028813229166666 0.5902137972222222 0.08029820677083334 0.5885034203703704 0.07938142239583333 0.5885034203703704 0.07938142239583333 0.5862628277777778 0.07857545833333333 0.5862514249999999 0.0785855328125 0.5885433296296296 0.07674189010416667 0.5885319268518518 0.07675196458333335 0.5901824398148148
3 0.0854321984375 0.4698204101851852 0.08811404375000001 0.4698688712962963 0.08811404375000001 0.468121437037037 0.08418093906249999 0.468121437037037 0.08412653645833333 0.4810461805555555 0.08544630260416668 0.4810604333333333 0.0854321984375 0.4698204101851852
3 0.08745919791666666 0.4951795898148148 0.08553294375 0.49516248611111113 0.08553495885416668 0.5011174462962964 0.08743904895833333 0.5011174462962964 0.08745919791666666 0.4951795898148148
3 0.0976344953125 0.46807867685185184 0.09764658489583335 0.4697748 0.10458795104166667 0.4697605472222222 0.10457787604166667 0.46806442407407406 0.0976344953125 0.46807867685185184
3 0.10458795104166667 0.4697605472222222 0.10335482552083333 0.46976909907407405 0.10334475104166667 0.4724201824074074 0.1045939953125 0.4724201824074074 0.10458795104166667 0.4697605472222222
3 0.10993552291666667 0.4741590648148148 0.10991335885416667 0.4723574685185185 0.10334475104166667 0.4724201824074074 0.103374975 0.5181670462962963 0.1045859359375 0.5181670462962963 0.10456578697916667 0.4741590648148148 0.10993552291666667 0.4741590648148148
3 0.10336490052083333 0.5009920185185185 0.103374975 0.49998004537037033 0.09279266562499999 0.4999971490740741 0.09279266562499999 0.5018500574074074 0.09351803333333333 0.5018386546296296 0.09351803333333333 0.5009948685185186 0.10336490052083333 0.5009920185185185
3 0.10247833958333333 0.519940137037037 0.10546040677083333 0.5199686435185186 0.10548055625000001 0.5181727481481482 0.10126939375 0.5181442416666666 0.10124924427083333 0.5233608898148149 0.10251863802083333 0.5233466361111111 0.10247833958333333 0.519940137037037
3 0.10126133385416666 0.5189338657407407 0.09350392916666667 0.5189538194444445 0.09348176510416667 0.5090279361111111 0.09280475520833333 0.5089937287037036 0.0927886359375 0.5199287342592593 0.10126133385416666 0.5199885972222222 0.10126133385416666 0.5189338657407407
3 0.10445899635416667 0.5574002277777778 0.10575861354166666 0.5574144814814815 0.10576868854166667 0.5404418472222222 0.10909329010416666 0.5404561 0.10906306666666667 0.5388169898148149 0.10256498072916667 0.5388169898148149 0.10252669739583334 0.5317901935185185 0.1012371546875 0.5318044472222222 0.10125327447916667 0.5403876851851852 0.10446101145833334 0.5404161916666667 0.10445899635416667 0.5574002277777778
3 0.12209349166666666 0.5233466361111111 0.12328833385416667 0.5233352333333333 0.12328833385416667 0.5181698972222222 0.12126939375 0.5181698972222222 0.12130364687499999 0.4697919046296296 0.12693532135416666 0.4697919046296296 0.12691920208333332 0.4680473203703704 0.12006246197916666 0.46814139074074074 0.12001208958333334 0.5199144814814816 0.12206326822916667 0.5199258833333333 0.12209349166666666 0.5233466361111111
3 0.11550070520833335 0.5404218925925927 0.11875277031249999 0.5404047888888889 0.11875881510416667 0.5573888259259259 0.12008059635416667 0.557331812962963 0.11998589583333333 0.5404161916666667 0.12330243802083334 0.5404817555555556 0.1232903484375 0.531824400925926 0.122131775 0.531824400925926 0.122149909375 0.538811288888889 0.11550070520833335 0.538811288888889 0.11550070520833335 0.5404218925925927
3 0.10781785208333333 0.5901795898148148 0.11673383020833333 0.5902508555555556 0.11674189010416666 0.5885518814814815 0.1131412453125 0.5885034203703704 0.1132379609375 0.5734549601851852 0.11137416875 0.5733979472222221 0.11147491458333333 0.5885661342592593 0.10781785208333333 0.5885404787037037 0.10781785208333333 0.5901795898148148
3 0.09246625 0.5571579249999999 0.09125730416666666 0.5571408212962963 0.09125730416666666 0.556302737037037 0.0905420109375 0.556302737037037 0.090546040625 0.5631584944444444 0.09246020572916666 0.5631584944444444 0.09246625 0.5571579249999999
3 0.0935019140625 0.588526225925926 0.090449325 0.588526225925926 0.09045939947916667 0.5780929305555556 0.089260528125 0.5780929305555556 0.08927060260416667 0.5901938425925926 0.09348176510416667 0.5901795898148148 0.0935019140625 0.588526225925926
3 0.13918396145833334 0.48100342037037036 0.1404452953125 0.481023375 0.14043522083333335 0.4681328388888889 0.13639331041666666 0.46810433333333334 0.136413459375 0.4697462944444445 0.1391436630208333 0.46973204074074076 0.13918396145833334 0.48100342037037036
3 0.13903284322916667 0.49518243981481486 0.13721942395833334 0.4951510833333333 0.13722546822916665 0.5010689851851852 0.13899858958333333 0.5011117444444445 0.13903284322916667 0.49518243981481486
3 0.15556115260416667 0.4791761685185185 0.15554301822916666 0.46976339814814816 0.160378803125 0.46976339814814816 0.16036872864583335 0.46811003425925923 0.1494398546875 0.4681470925925926 0.14945194427083336 0.4697548462962963 0.15429377395833335 0.4697092361111111 0.15421116250000003 0.4791761685185185 0.15556115260416667 0.4791761685185185
3 0.14940358645833335 0.4791818703703704 0.14941164635416668 0.48100627129629625 0.16039089270833334 0.4810461805555555 0.16038081822916667 0.4792075259259259 0.14940358645833335 0.4791818703703704
3 0.155488615625 0.48103762870370365 0.1543199677083333 0.481023375 0.1543300421875 0.484714937037037 0.15546846666666667 0.4847434435185185 0.155488615625 0.48103762870370365
3 0.15557928697916665 0.4847434435185185 0.154229296875 0.4847434435185185 0.154229296875 0.5743614592592593 0.1555591375 0.5743614592592593 0.15557928697916665 0.4847434435185185
3 0.1524279671875 0.5799059296296296 0.154273625 0.5799629416666666 0.15426153541666665 0.5884834666666666 0.15233528125 0.5884977194444444 0.15233528125 0.5901938425925926 0.15747330260416667 0.5902537055555556 0.15748539166666667 0.5885148231481482 0.155551078125 0.5884977194444444 0.155551078125 0.5799144814814815 0.15736449739583333 0.5799144814814815 0.15735845260416664 0.5781100342592592 0.1554442875 0.5780929305555556 0.15545839218750002 0.5743928166666666 0.15435019166666666 0.5743928166666666 0.1543421317708333 0.5781385407407408 0.1524279671875 0.5781499425925926 0.1524279671875 0.5799059296296296
3 0.13395728385416666 0.5563141388888888 0.13330243802083333 0.5563283925925926 0.1332822890625 0.557155074074074 0.13209349166666667 0.5571693268518518 0.13208946197916666 0.563124287037037 0.13398347760416665 0.5631698972222222 0.13395728385416666 0.5563141388888888
3 0.13107797708333332 0.5901795898148148 0.13539391510416668 0.5902137972222222 0.1353697359375 0.5781043333333333 0.13412855104166665 0.5781043333333333 0.13411243177083335 0.5885034203703704 0.13107797708333332 0.5885376287037037 0.13107797708333332 0.5901795898148148
3 0.14520451354166666 0.5803449259259259 0.14598025364583334 0.5803449259259259 0.14596816458333334 0.5798945268518518 0.14645174270833333 0.5798745722222223 0.146475921875 0.5780786768518519 0.14489220208333334 0.5780957814814814 0.14488011302083334 0.5799942990740741 0.145206528125 0.5799942990740741 0.14520451354166666 0.5803449259259259
3 0.1442434010416667 0.5901852907407408 0.14788031458333334 0.59022805 0.14788031458333334 0.5885604333333333 0.14596614947916667 0.5885604333333333 0.14597622395833335 0.5862514249999999 0.14517428958333334 0.5862314712962963 0.145180334375 0.5885461805555555 0.14426355052083334 0.5885461805555555 0.1442434010416667 0.5901852907407408
3 0.16381624010416665 0.5804104907407408 0.16464235364583332 0.5804104907407408 0.164652428125 0.579951538888889 0.164924440625 0.579951538888889 0.16493653020833332 0.5780986314814816 0.16335482552083333 0.5780986314814816 0.16332460208333333 0.5799372861111111 0.16381624010416665 0.5799686435185185 0.16381624010416665 0.5804104907407408
3 0.24890590364583334 0.5804019388888889 0.24973000208333335 0.5804019388888889 0.2497400765625 0.579945837962963 0.2500141041666667 0.579945837962963 0.2500241791666667 0.5780929305555556 0.24844247447916665 0.5780929305555556 0.24841225052083335 0.5799315851851852 0.24890590364583334 0.5799600916666666 0.24890590364583334 0.5804019388888889
3 0.334166834375 0.5804190425925926 0.3349949625 0.5804190425925926 0.3350030223958333 0.5799629416666666 0.33527503541666664 0.5799629416666666 0.33528712447916664 0.5781100342592592 0.33370340520833336 0.5781071833333333 0.3336751963541667 0.579945837962963 0.334166834375 0.5799771953703703 0.334166834375 0.5804190425925926
3 0.1618980453125 0.5901938425925926 0.16540398958333336 0.5901938425925926 0.16540398958333336 0.5885119722222223 0.1646081 0.5885205240740741 0.1646081 0.5862827824074074 0.16380213593749998 0.5862713796296296 0.1638122104166667 0.5884977194444444 0.1619081203125 0.5885119722222223 0.1618980453125 0.5901938425925926
3 0.24709852916666666 0.5901567842592592 0.2506548458333333 0.5901938425925926 0.2506548458333333 0.5884834666666666 0.24970783802083335 0.5884977194444444 0.24972798697916668 0.5862314712962963 0.248942171875 0.5862172175925926 0.24892202291666665 0.5884977194444444 0.24710658854166667 0.588472063888889 0.24709852916666666 0.5901567842592592
3 0.33231916197916667 0.590230900925926 0.3358754786458333 0.5902679592592593 0.3358754786458333 0.5885575824074074 0.3349284708333334 0.5885718361111112 0.3349486197916667 0.586305587037037 0.3341628046875 0.5862913342592593 0.3341426557291667 0.5885718361111112 0.33232923645833334 0.5885461805555555 0.33231916197916667 0.590230900925926
3 0.2304452953125 0.5803876851851852 0.23122305052083333 0.5803876851851852 0.23121096093750002 0.5799344351851852 0.23169453958333333 0.5799201824074074 0.23171871875 0.578124287037037 0.23013499895833334 0.5781413907407408 0.230122909375 0.5800399083333333 0.23044932499999998 0.5800399083333333 0.2304452953125 0.5803876851851852
3 0.31560548072916667 0.580396237037037 0.31637920625 0.580396237037037 0.3163691317708333 0.5799429870370371 0.31685270989583336 0.5799258833333334 0.3168768890625 0.5781328388888889 0.31529316927083334 0.5781470925925926 0.3152810802083333 0.5800484611111112 0.31560749531250004 0.5800484611111112 0.31560548072916667 0.580396237037037
3 0.40075760625 0.5803990879629629 0.40153536145833335 0.5803990879629629 0.4015232723958333 0.579945837962963 0.40200685052083335 0.5799287342592593 0.4020310296875 0.5781328388888889 0.4004473098958333 0.5781499425925926 0.4004352208333334 0.5800484611111112 0.4007616359375 0.5800484611111112 0.40075760625 0.5803990879629629
3 0.22944388489583334 0.5902137972222222 0.23303445520833332 0.5902366018518518 0.23300423125 0.5885547324074074 0.2311505140625 0.5885404787037037 0.23117872239583334 0.5862827824074074 0.23037678802083333 0.5862628277777778 0.23038081822916665 0.5885746861111111 0.22946604895833334 0.5885746861111111 0.22944388489583334 0.5902137972222222
3 0.31465847291666665 0.5902137972222222 0.3182248640625 0.5902366018518518 0.3182248640625 0.5885689851851852 0.31642151927083334 0.5885547324074074 0.31639331041666663 0.5862770805555556 0.31559137604166665 0.5862599768518518 0.3155974208333333 0.5885746861111111 0.31468063645833333 0.5885746861111111 0.31465847291666665 0.5902137972222222
3 0.3997763447916666 0.5902622574074075 0.40334273645833335 0.5902879129629629 0.40334273645833335 0.5886231472222222 0.4015393916666667 0.5886088935185185 0.40150916770833334 0.5863312425925926 0.40070723333333336 0.5863112888888888 0.400713278125 0.5886231472222222 0.39979649427083336 0.5886231472222222 0.3997763447916666 0.5902622574074075
3 0.17869433802083332 0.5886060435185185 0.17564174895833334 0.5886060435185185 0.17564980833333335 0.5781727481481481 0.17445093697916667 0.5781727481481481 0.1744630265625 0.5902736601851851 0.17867217395833332 0.5902594074074073 0.17869433802083332 0.5886060435185185
3 0.2638686276041667 0.5885917898148147 0.2608140239583333 0.5885917898148147 0.2608240984375 0.5781584944444444 0.2596272416666667 0.5781584944444444 0.25963731614583335 0.5902622574074075 0.2638464640625 0.5902480046296297 0.2638686276041667 0.5885917898148147
3 0.34912754375 0.5885746861111111 0.3460769697916667 0.5885746861111111 0.34608502916666667 0.5781413907407408 0.3448861578125 0.5781413907407408 0.3448962322916667 0.5902423037037037 0.3491073947916667 0.59022805 0.34912754375 0.5885746861111111
3 0.2161757 0.5901824398148148 0.22049163802083335 0.5902137972222222 0.22046544427083334 0.5781043333333333 0.21922828958333335 0.5781043333333333 0.2192101552083333 0.5885034203703704 0.2161757 0.5885404787037037 0.2161757 0.5901824398148148
3 0.30155148072916665 0.5902080953703704 0.30573443489583335 0.5902594074074073 0.30570824114583334 0.5781499425925926 0.3044710859375 0.5781499425925926 0.30445295208333334 0.5885490305555556 0.30154140625000003 0.588583237962963 0.30155148072916665 0.5902080953703704
3 0.3866109208333333 0.5902366018518518 0.39096312708333336 0.5902366018518518 0.39093693333333335 0.5781271379629629 0.38969776354166663 0.5781271379629629 0.38967962916666665 0.588526225925926 0.38663106979166667 0.588583237962963 0.3866109208333333 0.5902366018518518
3 0.19301430572916667 0.5901681870370371 0.20193028385416667 0.5902394527777778 0.2019423734375 0.5885433296296296 0.19834172864583335 0.5884920185185185 0.19843844427083335 0.5734435574074074 0.19657465260416668 0.5733865453703704 0.1966733828125 0.5885547324074074 0.19301430572916667 0.5885290768518519 0.19301430572916667 0.5901681870370371
3 0.27823695364583334 0.5901938425925926 0.28715293177083334 0.5902651083333333 0.28716300625 0.5885689851851852 0.28356437656250005 0.5885205240740741 0.28366109218749996 0.573469212962963 0.28179730000000003 0.5734150509259259 0.28189603072916664 0.588583237962963 0.27823695364583334 0.5885547324074074 0.27823695364583334 0.5901938425925926
3 0.3633729598958333 0.5902137972222222 0.37228893802083335 0.590285062962963 0.3722990125 0.5885917898148147 0.3686983677083333 0.5885404787037037 0.36879508385416665 0.5734920185185186 0.36693129166666666 0.5734350055555555 0.3670300223958333 0.5886031925925926 0.3633729598958333 0.5885746861111111 0.3633729598958333 0.5902137972222222
3 0.20725367708333334 0.5233323833333333 0.20854321979166668 0.5233323833333333 0.20851299635416665 0.5181584944444444 0.20641748958333334 0.5181584944444444 0.20644368333333332 0.46979760555555555 0.21207334270833333 0.46979760555555555 0.21205722343750003 0.4680530212962963 0.20519846875 0.4681470925925926 0.20514809583333332 0.5199201824074073 0.20722748333333335 0.5198688712962963 0.20725367708333334 0.5233323833333333
3 0.18854120468750002 0.5181214370370371 0.18647390677083334 0.5181385407407407 0.18643763854166667 0.5234578111111111 0.18765867395833336 0.5234407074074074 0.18767076354166665 0.5199885972222222 0.18975015104166668 0.5199885972222222 0.18972597239583333 0.4680872296296296 0.18285109791666668 0.46810718333333334 0.182818859375 0.46976339814814816 0.1884606083333333 0.4698375138888889 0.18854120468750002 0.5181214370370371
3 0.17062260729166667 0.469826112037037 0.17323191614583333 0.469826112037037 0.17323191614583333 0.46807582685185184 0.16929881145833334 0.46807582685185184 0.16932299010416668 0.4810575824074074 0.17065283072916668 0.48107183611111115 0.17062260729166667 0.469826112037037
3 0.25577271822916664 0.46981185833333333 0.2584888171875 0.46983181296296295 0.2584888171875 0.4680815277777778 0.2545557125 0.4680815277777778 0.25457989114583335 0.4810632842592593 0.25577271822916664 0.4810575824074074 0.25577271822916664 0.46981185833333333
3 0.34097924635416665 0.46980900833333333 0.34369736041666665 0.46982896203703706 0.34369736041666665 0.4680815277777778 0.339762240625 0.4680815277777778 0.3397864192708333 0.4810604333333333 0.34097924635416665 0.4810547324074074 0.34097924635416665 0.46980900833333333
3 0.22435019166666667 0.48107183611111115 0.22554906302083333 0.48108608888888893 0.22554906302083333 0.4681014824074074 0.22160991354166668 0.46807297592592595 0.22160991354166668 0.469826112037037 0.22434011666666667 0.469826112037037 0.22435019166666667 0.48107183611111115
3 0.3096232119791667 0.48107183611111115 0.31082409843750003 0.48108608888888893 0.31082409843750003 0.4681014824074074 0.3068849484375 0.46807297592592595 0.3068849484375 0.469826112037037 0.30961515208333334 0.469826112037037 0.3096232119791667 0.48107183611111115
3 0.3947793671875 0.4810604333333333 0.3959762239583334 0.4810746861111111 0.3959762239583334 0.4680900796296296 0.3920370744791667 0.46806157314814817 0.3920370744791667 0.4698147092592592 0.3947672776041667 0.4698147092592592 0.3947793671875 0.4810604333333333
3 0.2406911140625 0.47919042222222225 0.2406911140625 0.46979760555555555 0.24556719739583333 0.46976909907407405 0.24555510781249998 0.46806442407407406 0.234626234375 0.46809863148148145 0.2346403385416667 0.4697063851851852 0.23948216822916668 0.4697405925925926 0.23945194427083333 0.479204675 0.2406911140625 0.47919042222222225
3 0.3259218213541667 0.479204675 0.3259157765625 0.46980900833333333 0.3307898447916667 0.46978050185185183 0.3307797703125 0.46807582685185184 0.319850896875 0.46811003425925923 0.3198629859375 0.469717787962963 0.32460205520833335 0.4697548462962963 0.3246121296875 0.4791761685185185 0.3259218213541667 0.479204675
3 0.27376586718749996 0.5181157351851852 0.2716300625 0.5181299888888888 0.2715897640625 0.5233751425925925 0.2729095307291667 0.5233608898148149 0.2729095307291667 0.5199686435185186 0.2750634697916666 0.5199771953703703 0.27504130572916663 0.46807867685185184 0.2681644166666667 0.46809863148148145 0.26813217812499995 0.4697548462962963 0.2737255692708333 0.4697833527777778 0.27376586718749996 0.5181157351851852
3 0.29248639947916666 0.5233608898148149 0.29381422552083336 0.5233751425925925 0.2937638526041667 0.5181299888888888 0.29165827135416666 0.5181442416666666 0.291648196875 0.46988882592592596 0.2972798708333333 0.46988882592592596 0.29726576666666665 0.4681442416666667 0.2904070119791667 0.4682411629629629 0.2903586541666667 0.519997149074074 0.2924360265625 0.5199572407407407 0.29248639947916666 0.5233608898148149
3 0.37762240572916667 0.5233409351851852 0.3789240380208333 0.5233323833333333 0.3789341125 0.5181157351851852 0.3768587546875 0.5181157351851852 0.3768889786458333 0.4697833527777778 0.38256095104166665 0.469826112037037 0.38256095104166665 0.46805872314814817 0.3756095104166667 0.46807297592592595 0.37557928697916665 0.5199543898148148 0.3775720328125 0.5199344351851851 0.37762240572916667 0.5233409351851852
3 0.3588656057291667 0.5181584944444444 0.35683054583333335 0.5181299888888888 0.3568607697916667 0.5233608898148149 0.3581402375 0.5233608898148149 0.35810799895833334 0.5199771953703703 0.36018738645833337 0.5199771953703703 0.3601632078125 0.46807867685185184 0.35328833385416664 0.4681014824074074 0.3532540802083333 0.4697548462962963 0.35883538177083335 0.46976909907407405 0.3588656057291667 0.5181584944444444
3 0.41074954687500004 0.5300598629629629 0.412008865625 0.5300741166666667 0.4119040901041667 0.46811003425925923 0.4050272010416667 0.4681299888888889 0.4049949625 0.4697862027777778 0.410739471875 0.4697405925925926 0.41074954687500004 0.5300598629629629
3 0.17258311510416666 0.49518243981481486 0.17076969583333332 0.4951510833333333 0.170775740625 0.5010689851851852 0.17254886145833334 0.5011117444444445 0.17258311510416666 0.49518243981481486
3 0.22424138645833333 0.4952023944444444 0.2224279671875 0.4951738879629629 0.22243401145833333 0.5010917898148148 0.2242071328125 0.5011316990740741 0.22424138645833333 0.4952023944444444
3 0.257753375 0.4952023944444444 0.25593995572916667 0.4951738879629629 0.2559460005208333 0.5010917898148148 0.2577191213541667 0.5011316990740741 0.257753375 0.4952023944444444
3 0.3094600041666667 0.4952679592592593 0.3076465848958333 0.49523945277777776 0.3076526296875 0.5011573546296296 0.3094237354166667 0.5012001138888889 0.3094600041666667 0.4952679592592593
3 0.3429901270833334 0.49518529074074075 0.3411767078125 0.49515678425925924 0.34118275260416664 0.5010718361111112 0.3429558734375 0.5011145953703704 0.3429901270833334 0.49518529074074075
3 0.39464033854166664 0.4951539342592593 0.39272012916666665 0.4951681870370371 0.3927261734375 0.5010860888888888 0.39461011510416666 0.5011259981481482 0.39464033854166664 0.4951539342592593
3 0.23453959322916665 0.4792217787037037 0.23455369739583334 0.48106898518518515 0.24563167447916667 0.4810604333333333 0.24560951041666668 0.4792075259259259 0.23453959322916665 0.4792217787037037
3 0.31977634479166667 0.4792103759259259 0.3197904494791667 0.4810575824074074 0.3308684265625 0.4810461805555555 0.33084827708333336 0.4791932722222222 0.31977634479166667 0.4792103759259259
3 0.40502115677083333 0.4791989740740741 0.40501108177083334 0.481023375 0.4107435020833333 0.481023375 0.4107435020833333 0.4791562148148148 0.40502115677083333 0.4791989740740741
3 0.1896957484375 0.5573888259259259 0.19099335104166668 0.5574030787037036 0.19100544010416665 0.5404304444444444 0.1943300421875 0.5404446981481482 0.19429780364583332 0.5388055870370371 0.1876788234375 0.538811288888889 0.18776344947916668 0.5317787916666666 0.18647390677083334 0.5317930444444444 0.18649002604166667 0.5404646518518519 0.18969776354166665 0.5404047888888889 0.1896957484375 0.5573888259259259
3 0.20071529322916665 0.5403933861111111 0.20396735833333332 0.5403762824074074 0.20397541822916668 0.5573603194444445 0.20530928854166666 0.5573973777777778 0.20520048333333335 0.5403876851851852 0.20851702604166666 0.54045325 0.20850493645833332 0.5317987453703703 0.2073463630208333 0.5317987453703703 0.20736449739583335 0.5387856324074074 0.20071529322916665 0.5387856324074074 0.20071529322916665 0.5403933861111111
3 0.27491638125 0.5574002277777778 0.2762159984375 0.5574116305555555 0.2761434614583333 0.5404931583333333 0.279550675 0.54045325 0.2795204515625 0.5388141388888888 0.2728994557291667 0.5388198407407407 0.27293975416666666 0.5317844925925926 0.2716199880208333 0.5317844925925926 0.27164013697916667 0.5404931583333333 0.27491839635416665 0.5404133407407407 0.27491638125 0.5574002277777778
3 0.3601088052083333 0.5574686435185185 0.3614084223958333 0.5574828962962963 0.36133588541666667 0.540564424074074 0.3647430989583333 0.5405245157407408 0.36471287552083337 0.5388854046296296 0.3580918796875 0.5388911064814814 0.35813217812500003 0.5318529074074074 0.3568124119791667 0.5318529074074074 0.3568325609375 0.540564424074074 0.3601108203125 0.5404817555555556 0.3601088052083333 0.5574686435185185
3 0.2858351802083333 0.540450399074074 0.28920209531249996 0.5404361462962962 0.2892081401041667 0.5574173314814814 0.2904896234375 0.5573973777777778 0.29043320572916664 0.5404475481481482 0.29374974791666664 0.5405131129629629 0.2937396734375 0.5318557583333333 0.2925811 0.5318557583333333 0.2925972192708333 0.5388426453703704 0.28581503125 0.5387685287037037 0.2858351802083333 0.540450399074074
3 0.3710276041666667 0.5404047888888889 0.37439451927083334 0.5403876851851852 0.3744005640625 0.5573717222222222 0.37571025572916666 0.5573688712962963 0.37562764479166666 0.540399087962963 0.378942171875 0.5404646518518519 0.37893209739583333 0.5318101481481482 0.3776344953125 0.5317844925925926 0.377594196875 0.5387685287037037 0.3710094703125 0.5387229194444444 0.3710276041666667 0.5404047888888889
3 0.24068103958333334 0.4811003416666666 0.23947209375 0.48108608888888893 0.23949224270833333 0.5780929305555556 0.24068103958333334 0.5781071833333333 0.24068103958333334 0.4811003416666666
3 0.23945194427083333 0.579945837962963 0.23945194427083333 0.5884834666666666 0.23755792864583333 0.5884977194444444 0.2375377796875 0.5902651083333333 0.24260326406250002 0.5902651083333333 0.24261333854166667 0.5885290768518519 0.240679025 0.5885148231481482 0.240679025 0.5799287342592593 0.24249244427083333 0.5799287342592593 0.24248639947916667 0.578124287037037 0.23764859947916667 0.5781071833333333 0.23766874895833334 0.5799315851851852 0.23945194427083333 0.579945837962963
3 0.32468869635416664 0.5799372861111111 0.32468869635416664 0.5884749148148148 0.32279468072916667 0.5884891675925926 0.3227745317708333 0.5902565564814815 0.3278400161458333 0.5902565564814815 0.327850090625 0.5885205240740741 0.3259157765625 0.5885034203703704 0.3259157765625 0.5799201824074074 0.3277291958333333 0.5799201824074074 0.3277231515625 0.5781157351851852 0.32288535156250003 0.5780986314814816 0.32290550052083333 0.5799230333333333 0.32468869635416664 0.5799372861111111
3 0.410775740625 0.579951538888889 0.410775740625 0.5884891675925926 0.40791859739583336 0.588469212962963 0.4078984484375 0.5902080953703704 0.4120693130208333 0.5901653361111111 0.4120390890625 0.5781214370370371 0.4080394921875 0.5781214370370371 0.40801934322916666 0.5799600916666666 0.410775740625 0.579951538888889
3 0.32591174687499996 0.4810575824074074 0.324652428125 0.4810575824074074 0.3246423536458333 0.5780786768518519 0.3259318958333333 0.5781356898148148 0.32591174687499996 0.4810575824074074
3 0.11143663125 0.5198432157407407 0.12001208958333334 0.5199144814814816 0.12000201510416666 0.5181214370370371 0.11143663125 0.5181442416666666 0.11143663125 0.5198432157407407
3 0.13176103177083334 0.501875712962963 0.13175095729166666 0.5000085518518519 0.12128954270833334 0.4999771953703704 0.12129760208333333 0.5010062712962963 0.13110014114583332 0.500963512037037 0.13109611145833333 0.5018614592592592 0.13176103177083334 0.501875712962963
3 0.12005843229166667 0.474258837037037 0.1200483578125 0.4723061574074074 0.1146081 0.4723346638888889 0.11462824895833333 0.47413055833333334 0.12005843229166667 0.474258837037037
3 0.12327825937499999 0.519940137037037 0.13177312135416666 0.5199771953703703 0.1317670765625 0.5089880277777779 0.1310699171875 0.5089880277777779 0.13104573854166668 0.5189281638888888 0.12329840833333333 0.5188996583333334 0.12327825937499999 0.519940137037037
3 0.10123916979166667 0.5339652222222223 0.10122909531249999 0.532896237037037 0.09218214791666667 0.5329389962962963 0.09219222239583333 0.5339509694444444 0.10123916979166667 0.5339652222222223
3 0.092907515625 0.5339509694444444 0.09219222239583333 0.5339509694444444 0.0921720734375 0.5468785629629629 0.09288736666666667 0.5468785629629629 0.092907515625 0.5339509694444444
3 0.09127140833333333 0.5478534777777777 0.09320572239583333 0.5478534777777777 0.09320572239583333 0.5468700111111111 0.09056618958333333 0.5468557583333333 0.09056618958333333 0.548751425 0.0912814828125 0.5487371722222223 0.09127140833333333 0.5478534777777777
3 0.0976606890625 0.5469099203703705 0.09765061458333334 0.5478933861111112 0.10446302656249999 0.547896237037037 0.10446302656249999 0.5468871148148149 0.0976606890625 0.5469099203703705
3 0.10576264375000001 0.5555444694444445 0.10575861354166666 0.5574144814814815 0.11875881510416667 0.5573888259259259 0.11876888958333334 0.5555444694444445 0.10576264375000001 0.5555444694444445
3 0.1232903484375 0.5328905361111111 0.12330042291666667 0.5339595212962963 0.13239774322916667 0.5339566703703704 0.13240781770833332 0.5328791333333334 0.1232903484375 0.5328905361111111
3 0.13239774322916667 0.5339566703703704 0.13168446510416668 0.5339652222222223 0.13168446510416668 0.5468785629629629 0.13239975833333334 0.5468643101851852 0.13239774322916667 0.5339566703703704
3 0.1200302234375 0.546875712962963 0.1200402984375 0.547958950925926 0.12687084427083334 0.5479446981481482 0.12688091875000002 0.546875712962963 0.1200302234375 0.546875712962963
3 0.13401571614583335 0.5487172175925926 0.13400564166666667 0.5468643101851852 0.13138625833333334 0.5468643101851852 0.13138625833333334 0.5478620296296297 0.13332057239583334 0.5478335231481481 0.13333064687500001 0.5487172175925926 0.13401571614583335 0.5487172175925926
3 0.15423937135416665 0.5092559861111111 0.13824904270833333 0.5092730898148149 0.13823292343750002 0.5102423037037037 0.15422728177083334 0.5102708092592593 0.15423937135416665 0.5092559861111111
3 0.13896836614583333 0.5102480046296297 0.13823292343750002 0.5102423037037037 0.13822284895833334 0.516476625 0.13895829114583333 0.5164908777777778 0.13896836614583333 0.5102480046296297
3 0.15423131145833333 0.5232269101851852 0.13895426145833334 0.5232098064814815 0.13893411249999998 0.5228135694444445 0.13822889375 0.5228278222222222 0.13822687864583333 0.5242160777777778 0.15424138645833332 0.5242531361111111 0.15423131145833333 0.5232269101851852
3 0.17158371927083332 0.5092673888888889 0.15559540624999998 0.5092816416666667 0.155577271875 0.5102537055555555 0.17157163020833333 0.5102793611111112 0.17158371927083332 0.5092673888888889
3 0.17157163020833333 0.5102793611111112 0.17084424739583334 0.5102907638888888 0.17086439635416667 0.5165621435185185 0.17157968958333333 0.5165621435185185 0.17157163020833333 0.5102793611111112
3 0.17087850104166666 0.5228021666666667 0.17087850104166666 0.523241162962963 0.15556921197916665 0.5231955527777777 0.15557928697916665 0.5242217787037038 0.17158371927083332 0.5242103759259259 0.1715635703125 0.522785062962963 0.17087850104166666 0.5228021666666667
3 0.1885150109375 0.5009977194444445 0.18849486197916668 0.5 0.17799516406250002 0.5000342074074073 0.17799516406250002 0.5018871148148148 0.17872053177083333 0.501875712962963 0.17872053177083333 0.5010319268518518 0.1885150109375 0.5009977194444445
3 0.21698972395833332 0.5018557583333334 0.21697964947916668 0.4999885972222223 0.20642756406249999 0.4999714935185185 0.2064376385416667 0.5009692129629629 0.21632883333333333 0.5009464083333333 0.2163248036458333 0.5018415055555556 0.21698972395833332 0.5018557583333334
3 0.18646987708333332 0.5189281638888888 0.17873262135416665 0.5189481185185185 0.17871247239583335 0.5090193842592593 0.1780354625 0.5089851768518519 0.17801934322916668 0.5199201824074073 0.18646987708333332 0.5199686435185186 0.18646987708333332 0.5189281638888888
3 0.271611928125 0.5189595212962963 0.26385250833333335 0.5189851768518519 0.26383034479166667 0.5090564425925926 0.26315534947916663 0.5090222351851852 0.263137215625 0.5199572407407407 0.271611928125 0.5200171037037037 0.271611928125 0.5189595212962963
3 0.35684263541666666 0.5188968074074074 0.3490852307291667 0.5189196120370371 0.3490630666666667 0.5089937287037036 0.3483860567708333 0.5089566703703704 0.3483699375 0.519891675925926 0.35684263541666666 0.5199515388888888 0.35684263541666666 0.5188968074074074
3 0.2085331453125 0.519997149074074 0.21698166406250002 0.5200342074074074 0.21697561979166666 0.509042188888889 0.21627846041666665 0.509042188888889 0.21625428177083333 0.5189880277777777 0.20850695156250001 0.5189595212962963 0.2085331453125 0.519997149074074
3 0.2937960911458333 0.5199629416666667 0.30224460989583335 0.519997149074074 0.302238565625 0.5090079814814814 0.3015434213541666 0.5090079814814814 0.3015172276041667 0.5189509694444444 0.2937698973958333 0.518922462962963 0.2937960911458333 0.5199629416666667
3 0.3789401572916667 0.5199885972222222 0.38738867604166666 0.5200256555555556 0.38738263125 0.509036487962963 0.38668547239583334 0.509036487962963 0.38666129374999997 0.518979475925926 0.3789139635416667 0.5189481185185185 0.3789401572916667 0.5199885972222222
3 0.18974410625000002 0.5180729759259259 0.18975015104166668 0.5199885972222222 0.19825710260416668 0.519940137037037 0.19825710260416668 0.5180729759259259 0.18974410625000002 0.5180729759259259
3 0.20429175885416667 0.519940137037037 0.20514809583333332 0.5199201824074073 0.2051581703125 0.5180729759259259 0.20427160989583332 0.5180872296296296 0.20429175885416667 0.519940137037037
3 0.18647390677083334 0.5339367157407408 0.18647390677083334 0.532896237037037 0.17742292968749998 0.5329275944444444 0.1774047953125 0.5339395666666666 0.18647390677083334 0.5339367157407408
3 0.17810799895833332 0.5339367157407408 0.1774047953125 0.5339395666666666 0.17741285520833333 0.5468358037037037 0.17810799895833332 0.5468358037037037 0.17810799895833332 0.5339367157407408
3 0.17649204114583333 0.5478620296296297 0.17840620572916668 0.5478762824074074 0.17839613125 0.5468386546296296 0.17578682239583332 0.5468386546296296 0.17577674791666667 0.5487172175925926 0.17650413072916665 0.5487172175925926 0.17649204114583333 0.5478620296296297
3 0.18280274010416667 0.5468871148148149 0.1828108 0.5478705814814815 0.18969171875 0.5478620296296297 0.18969171875 0.5468956666666667 0.18280274010416667 0.5468871148148149
3 0.17771509166666669 0.5571721777777777 0.1765061453125 0.5571721777777777 0.17649607083333332 0.5563426453703704 0.17577876302083334 0.5563169898148148 0.17577876302083334 0.5631584944444444 0.17771509166666669 0.5631584944444444 0.17771509166666669 0.5571721777777777
3 0.2628430385416667 0.5571921324074074 0.2616340921875 0.5571921324074074 0.2616461817708333 0.5563141388888888 0.2609087244791667 0.5563369444444444 0.2609087244791667 0.563178449074074 0.2628430385416667 0.563178449074074 0.2628430385416667 0.5571921324074074
3 0.3480596411458333 0.5571322694444445 0.3468506953125 0.5571322694444445 0.34684062083333334 0.556305587037037 0.34614144687500004 0.5563141388888888 0.34612532760416664 0.5631185861111112 0.3480596411458333 0.5631185861111112 0.3480596411458333 0.5571322694444445
3 0.21730606510416667 0.5631470925925925 0.21920008072916666 0.5631755990740741 0.21922224479166666 0.5562799314814815 0.21852710052083332 0.5562799314814815 0.21854321979166666 0.5571265675925926 0.21731412447916665 0.5571408212962963 0.21730606510416667 0.5631470925925925
3 0.30251863802083334 0.5631698972222222 0.30433810208333334 0.5632041046296297 0.30436026614583334 0.5563112888888889 0.303665121875 0.5563112888888889 0.30368124114583334 0.5571579249999999 0.3025287125 0.5571408212962963 0.30251863802083334 0.5631698972222222
3 0.3876727786458333 0.5631385407407408 0.38956679427083335 0.5631698972222222 0.38958895833333335 0.5562742305555556 0.38889381406249995 0.5562742305555556 0.38890993333333335 0.5571208666666666 0.38768083802083336 0.5571322694444445 0.3876727786458333 0.5631385407407408
3 0.41202700000000003 0.5369070694444444 0.4107656661458333 0.5369498287037037 0.41072939739583336 0.5781299888888889 0.4120390890625 0.5781214370370371 0.41202700000000003 0.5369070694444444
3 0.19512996145833333 0.4723574685185185 0.1897219421875 0.472328962037037 0.189709853125 0.4742103759259259 0.19514205104166665 0.47419897407407413 0.19512996145833333 0.4723574685185185
3 0.20520854322916668 0.4723033064814815 0.19983880729166667 0.47227765092592594 0.19983880729166667 0.4741590648148148 0.20521861770833333 0.4741391101851852 0.20520854322916668 0.4723033064814815
3 0.2802337296875 0.4723489166666666 0.27504936510416667 0.4723460657407408 0.275039290625 0.4742274796296296 0.280263953125 0.4742445842592593 0.2802337296875 0.4723489166666666
3 0.29039895208333333 0.4723346638888889 0.28511787239583336 0.4722833527777778 0.2851077979166667 0.4741647666666666 0.29039895208333333 0.4741875712962963 0.29039895208333333 0.4723346638888889
3 0.3654845859375 0.4723489166666666 0.36016119270833336 0.4723546175925926 0.3601511182291667 0.4742360314814814 0.3654845859375 0.4742303305555556 0.3654845859375 0.4723489166666666
3 0.3756095104166667 0.47236316944444445 0.37024581927083333 0.4723574685185185 0.37023574427083333 0.4742360314814814 0.3755994359375 0.474258837037037 0.3756095104166667 0.47236316944444445
3 0.2394882130208333 0.5102964648148148 0.23948216822916668 0.5092930444444445 0.22347773541666666 0.5092873435185186 0.22342131770833334 0.5165735462962964 0.22416079010416665 0.51659065 0.22417086458333332 0.5103107185185185 0.2394882130208333 0.5102964648148148
3 0.3246625026041666 0.510276511111111 0.3246625026041666 0.509264537962963 0.3086056822916667 0.5092730898148149 0.3085512796875 0.5165621435185185 0.3092887364583333 0.5165792472222221 0.3092988114583333 0.5102964648148148 0.3246625026041666 0.510276511111111
3 0.41075962135416666 0.5102622574074075 0.410739471875 0.5092217787037037 0.3938787026041667 0.5092730898148149 0.3938243 0.5165621435185185 0.3945617567708333 0.5165792472222221 0.3945718317708333 0.5102964648148148 0.41075962135416666 0.5102622574074075
3 0.256695546875 0.5165079814814815 0.2567156963541667 0.5092702398148148 0.24068506927083336 0.5092474342592592 0.24070521875 0.5103164194444445 0.2560084625 0.5102394527777778 0.25601853697916666 0.5165079814814815 0.256695546875 0.5165079814814815
3 0.34190610520833337 0.5164994296296297 0.34192423958333334 0.5092616879629629 0.3259218213541667 0.5092360314814814 0.3259157765625 0.5103078675925925 0.3412170057291667 0.5102309009259258 0.3412290953125 0.5164994296296297 0.34190610520833337 0.5164994296296297
3 0.23949224270833333 0.523246863888889 0.22414870052083333 0.5231898518518519 0.22415877499999998 0.5227907638888889 0.22346363072916667 0.5227907638888889 0.22345355625 0.5242018240740741 0.23949224270833333 0.5242873435185185 0.23949224270833333 0.523246863888889
3 0.32462018958333333 0.5232611175925926 0.30927463229166663 0.5232012546296296 0.30928470677083336 0.5228021666666667 0.30859157760416667 0.5228021666666667 0.30857948802083335 0.5242160777777778 0.32462018958333333 0.5242987453703704 0.32462018958333333 0.5232611175925926
3 0.25599435833333334 0.5228477768518519 0.25598428385416666 0.523246863888889 0.2406911140625 0.5232183583333333 0.24070118854166667 0.5243015962962962 0.25668950208333335 0.5242445842592593 0.2566794276041667 0.5228477768518519 0.25599435833333334 0.5228477768518519
3 0.3412290953125 0.5228591787037037 0.34121902083333333 0.5232582666666666 0.32592585104166666 0.5232297601851852 0.32593592604166666 0.5243129990740741 0.34192423958333334 0.5242559861111111 0.34191416458333335 0.5228591787037037 0.3412290953125 0.5228591787037037
3 0.41074954687500004 0.523246863888889 0.39452548854166664 0.5231698972222223 0.3945355630208333 0.5227708092592593 0.39381422552083334 0.5227765111111111 0.3938303447916667 0.5241818703703703 0.41075962135416666 0.5242303305555556 0.41074954687500004 0.523246863888889
3 0.3021881927083333 0.5018871148148148 0.30217610312500004 0.5000199546296297 0.29165827135416666 0.4999857472222222 0.29165827135416666 0.5009977194444445 0.30152528697916664 0.5009749148148148 0.3015212572916666 0.5018728620370371 0.3021881927083333 0.5018871148148148
3 0.38736651197916666 0.5018529074074074 0.3873463630208333 0.5000142527777778 0.3768647994791667 0.5000142527777778 0.37687285937500004 0.5010119722222223 0.3866915171875 0.5009977194444445 0.3866915171875 0.5018529074074074 0.38736651197916666 0.5018529074074074
3 0.27374571822916666 0.5009692129629629 0.27375579270833333 0.5 0.263163409375 0.4999885972222223 0.263163409375 0.5018415055555556 0.2638887770833333 0.5018272518518518 0.2638887770833333 0.5009863166666666 0.27374571822916666 0.5009692129629629
3 0.3588756802083333 0.5009834666666667 0.35883538177083335 0.4999714935185185 0.3483900864583333 0.5000085518518519 0.3483900864583333 0.5018614592592592 0.34911343958333335 0.5018443555555555 0.34911343958333335 0.5010062712962963 0.3588756802083333 0.5009834666666667
3 0.275065484375 0.5181157351851852 0.2750634697916666 0.5199771953703703 0.2758613739583333 0.519940137037037 0.2758512994791667 0.5181014824074075 0.275065484375 0.5181157351851852
3 0.37467257708333335 0.5181014824074075 0.37466250260416667 0.519940137037037 0.3755893614583333 0.5199372861111111 0.37557928697916665 0.5180986314814815 0.37467257708333335 0.5181014824074075
3 0.28187588177083334 0.5181014824074075 0.28189603072916664 0.5199258833333333 0.2903586541666667 0.519997149074074 0.2903284302083333 0.5181014824074075 0.28187588177083334 0.5181014824074075
3 0.3601974614583333 0.5180986314814815 0.3601652223958334 0.519940137037037 0.36872859166666666 0.5199258833333333 0.36874874062499996 0.5180872296296296 0.3601974614583333 0.5180986314814815
3 0.208502921875 0.5329247435185185 0.20851299635416665 0.533922462962963 0.21761031614583332 0.5339509694444444 0.21763046562500002 0.5329247435185185 0.208502921875 0.5329247435185185
3 0.2625005036458333 0.532899087962963 0.262510578125 0.5338968074074074 0.2716078984375 0.5339253138888889 0.27162804739583335 0.532899087962963 0.2625005036458333 0.532899087962963
3 0.2937457182291666 0.5329332953703704 0.29375579270833335 0.5339310148148148 0.30277050156249996 0.5339652222222223 0.30277050156249996 0.5329389962962963 0.2937457182291666 0.5329332953703704
3 0.34778158385416663 0.5329275944444444 0.34779165833333336 0.5339253138888889 0.35683054583333335 0.5339509694444444 0.35682047135416667 0.5329104907407407 0.34778158385416663 0.5329275944444444
3 0.3789240380208333 0.5329389962962963 0.3789441869791667 0.5339367157407408 0.3879709854166667 0.5339509694444444 0.3879609109375 0.5329389962962963 0.3789240380208333 0.5329389962962963
3 0.21761031614583332 0.5339509694444444 0.2169010677083333 0.5339452675925926 0.21689502291666668 0.5469070694444444 0.21760225677083334 0.5469099203703705 0.21761031614583332 0.5339509694444444
3 0.2632480354166667 0.5338939564814814 0.26253878697916666 0.5338882555555556 0.2625327421875 0.5468529074074074 0.26323997604166666 0.5468557583333333 0.2632480354166667 0.5338939564814814
3 0.30279266562499996 0.5339452675925926 0.30208140260416666 0.5339395666666666 0.3020753578125 0.5469013685185184 0.30278259114583334 0.5469042185185186 0.30279266562499996 0.5339452675925926
3 0.34846866822916667 0.5339566703703704 0.34775941979166664 0.5339509694444444 0.347753375 0.5468358037037037 0.3485089661458333 0.5468358037037037 0.34846866822916667 0.5339566703703704
3 0.38798710468750003 0.5339595212962963 0.38727785625 0.5339538194444444 0.38727584114583335 0.5469070694444444 0.38800120885416667 0.5469070694444444 0.38798710468750003 0.5339595212962963
3 0.19098730625 0.5555843787037037 0.19099335104166668 0.5574030787037036 0.20397541822916668 0.5573603194444445 0.2039693734375 0.5555444694444445 0.19098730625 0.5555843787037037
3 0.21215595416666666 0.5469070694444444 0.20524481145833334 0.546875712962963 0.20526697552083334 0.5478876851851852 0.21215595416666666 0.5479047888888888 0.21215595416666666 0.5469070694444444
3 0.21922425937499998 0.5487229194444445 0.2191940359375 0.5468985175925926 0.216625025 0.5468842648148148 0.21661495052083335 0.547839225 0.21853919010416664 0.5478677305555555 0.21854926458333335 0.5487371722222223 0.21922425937499998 0.5487229194444445
3 0.26164013697916666 0.5478876851851852 0.26357445104166666 0.5478876851851852 0.26355430208333336 0.546875712962963 0.26092484375 0.5469070694444444 0.26092484375 0.5487599768518518 0.26164013697916666 0.5487286203703703 0.26164013697916666 0.5478876851851852
3 0.26798710468750003 0.5469099203703705 0.26798710468750003 0.5479361462962963 0.27492242604166667 0.5479161916666667 0.2749123515625 0.5468871148148149 0.26798710468750003 0.5469099203703705
3 0.2904714890625 0.5469042185185186 0.29048156354166665 0.5478876851851852 0.29738263125 0.5478734324074074 0.29738263125 0.5468899657407408 0.2904714890625 0.5469042185185186
3 0.8042575057291667 0.5487314712962963 0.80423735625 0.5468956666666667 0.80171871875 0.5468956666666667 0.8017287932291667 0.5478933861111112 0.8035522869791667 0.5479076398148147 0.8035643765625 0.5487172175925926 0.8042575057291667 0.5487314712962963
3 0.7761132380208333 0.5555729759259259 0.7761152531250001 0.5574116305555555 0.7891073947916667 0.5574173314814814 0.7891295588541667 0.5555872296296297 0.7761132380208333 0.5555729759259259
3 0.8487124723958334 0.5479019388888889 0.8486923234375 0.5468472064814814 0.8460548057291667 0.5468728620370371 0.8460548057291667 0.5487400231481482 0.8467983072916667 0.5487400231481482 0.8467781583333333 0.5478705814814815 0.8487124723958334 0.5479019388888889
3 0.8531291557291667 0.5468671611111111 0.8531291557291667 0.5479104907407407 0.86 0.5478791333333334 0.86 0.5468985175925926 0.8531291557291667 0.5468671611111111
3 0.8755591375 0.5468557583333333 0.8755591375 0.547896237037037 0.8824279671874999 0.5478648805555556 0.8824279671874999 0.5468814138888889 0.8755591375 0.5468557583333333
3 0.8613036468749999 0.5555587231481481 0.8613076765625001 0.5574828962962963 0.87429981875 0.5573717222222222 0.8743199677083333 0.5555444694444445 0.8613036468749999 0.5555587231481481
3 0.8895204515625 0.5487571268518519 0.8894720937499999 0.5469099203703705 0.8868970380208334 0.5468928166666667 0.8868970380208334 0.5478506268518518 0.8888071729166668 0.5478677305555555 0.8888192625 0.5487571268518519 0.8895204515625 0.5487571268518519
3 0.5751380213541667 0.4681157351851852 0.5681100140625 0.4680815277777778 0.5680979244791666 0.46975769629629627 0.5751158572916667 0.46974344351851854 0.5751380213541667 0.4681157351851852
3 0.5693028411458333 0.4697548462962963 0.5680979244791666 0.46975769629629627 0.5680938947916666 0.47916191574074074 0.569312915625 0.4791761685185185 0.5693028411458333 0.4697548462962963
3 0.5680938947916666 0.47916191574074074 0.5680838203125 0.48104332962962965 0.57514608125 0.4810290768518518 0.57514608125 0.47919042222222225 0.5680938947916666 0.47916191574074074
3 0.5693229901041666 0.4810575824074074 0.5680838203125 0.48104332962962965 0.5681140437500001 0.5300171037037037 0.5692927666666667 0.5300028509259259 0.5693229901041666 0.4810575824074074
3 0.5693109005208333 0.5092303305555556 0.5693109005208333 0.5102964648148148 0.5862442072916667 0.5103021666666667 0.5862442072916667 0.5092331814814816 0.5693109005208333 0.5092303305555556
3 0.5862442072916667 0.5103021666666667 0.5855228692708334 0.5103050166666666 0.5855228692708334 0.5165763972222223 0.5862180135416666 0.5165478907407407 0.5862442072916667 0.5103021666666667
3 0.5855490630208333 0.5228335231481481 0.5855490630208333 0.523241162962963 0.5693109005208333 0.523187000925926 0.5693109005208333 0.5242559861111111 0.5862139833333334 0.5242160777777778 0.5862260729166666 0.5228135694444445 0.5855490630208333 0.5228335231481481
3 0.5693109005208333 0.536992587962963 0.5681482973958333 0.5369583805555556 0.5681019546874999 0.5780872296296297 0.5693028411458333 0.5781071833333333 0.5693109005208333 0.536992587962963
3 0.5720028208333333 0.5781071833333333 0.5681019546874999 0.5780872296296297 0.5681039692708333 0.5799743444444445 0.5720229697916667 0.5799743444444445 0.5720028208333333 0.5781071833333333
3 0.5720934916666667 0.5885547324074074 0.5692826916666667 0.5885119722222223 0.5693229901041666 0.5799743444444445 0.5681039692708333 0.5799743444444445 0.5681039692708333 0.5902223490740741 0.5720934916666667 0.5902366018518518 0.5720934916666667 0.5885547324074074
3 0.578466653125 0.5803734324074075 0.5792927666666666 0.5803734324074075 0.5793028411458334 0.5799173314814814 0.5795748541666667 0.5799173314814814 0.5795849286458333 0.5780644240740741 0.5780032239583334 0.5780644240740741 0.577973 0.5799030787037037 0.578466653125 0.5799315851851852 0.578466653125 0.5803734324074075
3 0.5766512192708333 0.5901824398148148 0.5801873864583332 0.5902137972222222 0.5801974614583333 0.5885034203703704 0.5792806770833334 0.5885034203703704 0.5792806770833334 0.5862628277777778 0.5784747130208333 0.5862514249999999 0.5784847875000001 0.5885433296296296 0.5766411442708334 0.5885319268518518 0.5766512192708333 0.5901824398148148
3 0.5853334677083333 0.4698204101851852 0.5880132984375 0.4698688712962963 0.5880132984375 0.468121437037037 0.5840781786458333 0.468121437037037 0.5840278057291666 0.4810461805555555 0.5853455572916667 0.4810604333333333 0.5853334677083333 0.4698204101851852
3 0.5873564375 0.4951795898148148 0.5854342130208334 0.49516248611111113 0.5854342130208334 0.5011174462962964 0.5873383036458333 0.5011174462962964 0.5873564375 0.4951795898148148
3 0.59753375 0.46807867685185184 0.5975458390625 0.4697748 0.6044872052083333 0.4697605472222222 0.6044771307291666 0.46806442407407406 0.59753375 0.46807867685185184
3 0.6044872052083333 0.4697605472222222 0.6032540802083334 0.46976909907407405 0.6032440057291667 0.4724201824074074 0.6044932500000001 0.4724201824074074 0.6044872052083333 0.4697605472222222
3 0.6032641546874999 0.5009920185185185 0.6032742291666667 0.49998004537037033 0.5926919203125001 0.4999971490740741 0.5926919203125001 0.5018500574074074 0.5934172880208333 0.5018386546296296 0.5934172880208333 0.5009948685185186 0.6032641546874999 0.5009920185185185
3 0.6023775942708334 0.519940137037037 0.6053596614583333 0.5199686435185186 0.6053798104166667 0.5181727481481482 0.6011686479166667 0.5181442416666666 0.6011484989583333 0.5233608898148149 0.6024178921875 0.5233466361111111 0.6023775942708334 0.519940137037037
3 0.6011605885416667 0.5189338657407407 0.5934031833333333 0.5189538194444445 0.5933810197916666 0.5090279361111111 0.5927040098958333 0.5089937287037036 0.5926878906249999 0.5199287342592593 0.6011605885416667 0.5199885972222222 0.6011605885416667 0.5189338657407407
3 0.6043582510416667 0.5574002277777778 0.6056578682291666 0.5574144814814815 0.6056679427083334 0.5404418472222222 0.6089925447916666 0.5404561 0.6089623213541666 0.5388169898148149 0.6024642354166667 0.5388169898148149 0.6024259520833334 0.5317901935185185 0.601136409375 0.5318044472222222 0.6011525286458334 0.5403876851851852 0.6043602661458334 0.5404161916666667 0.6043582510416667 0.5574002277777778
3 0.6219927463541667 0.5233466361111111 0.6231875880208333 0.5233352333333333 0.6231875880208333 0.5181698972222222 0.6211686479166667 0.5181698972222222 0.6212029015625 0.4697919046296296 0.6268325609375 0.4697919046296296 0.6268184567708333 0.4680473203703704 0.6199597015625 0.46814139074074074 0.6199093291666667 0.5199144814814816 0.6219625229166666 0.5199258833333333 0.6219927463541667 0.5233466361111111
3 0.6153999598958334 0.5404218925925927 0.6186520249999999 0.5404047888888889 0.6186580697916667 0.5573888259259259 0.6199778359375 0.557331812962963 0.61988515 0.5404161916666667 0.6232016927083334 0.5404817555555556 0.623189603125 0.531824400925926 0.6220310296875 0.531824400925926 0.6220491640625 0.538811288888889 0.6153999598958334 0.538811288888889 0.6153999598958334 0.5404218925925927
3 0.6077171067708333 0.5901795898148148 0.6166330848958333 0.5902508555555556 0.6166411442708333 0.5885518814814815 0.6130425145833333 0.5885034203703704 0.6131392302083333 0.5734549601851852 0.6112754380208333 0.5733979472222221 0.6113721541666667 0.5885661342592593 0.6077171067708333 0.5885404787037037 0.6077171067708333 0.5901795898148148
3 0.5923655046875 0.5571579249999999 0.5911565583333334 0.5571408212962963 0.5911565583333334 0.556302737037037 0.5904412651041666 0.556302737037037 0.5904452953125 0.5631584944444444 0.5923594598958334 0.5631584944444444 0.5923655046875 0.5571579249999999
3 0.59340116875 0.588526225925926 0.5903485796875 0.588526225925926 0.5903586541666667 0.5780929305555556 0.5891597822916667 0.5780929305555556 0.5891698567708333 0.5901938425925926 0.5933810197916666 0.5901795898148148 0.59340116875 0.588526225925926
3 0.639083215625 0.48100342037037036 0.6403445494791666 0.481023375 0.6403324604166667 0.4681328388888889 0.6362945796874999 0.46810433333333334 0.6363127140625 0.4697462944444445 0.6390429177083334 0.46973204074074076 0.639083215625 0.48100342037037036
3 0.6389320973958333 0.49518243981481486 0.637118678125 0.4951510833333333 0.6371247229166667 0.5010689851851852 0.6388978442708333 0.5011117444444445 0.6389320973958333 0.49518243981481486
3 0.6554604067708334 0.4791761685185185 0.6554422729166667 0.46976339814814816 0.6602780578124999 0.46976339814814816 0.6602679833333334 0.46811003425925923 0.649339109375 0.4681470925925926 0.6493511989583334 0.4697548462962963 0.6541930286458334 0.4697092361111111 0.6541104171875 0.4791761685185185 0.6554604067708334 0.4791761685185185
3 0.6493028411458333 0.4791818703703704 0.6493109005208333 0.48100627129629625 0.6602901468750001 0.4810461805555555 0.6602800723958333 0.4792075259259259 0.6493028411458333 0.4791818703703704
3 0.6553878703125 0.48103762870370365 0.6542192223958333 0.481023375 0.654229296875 0.484714937037037 0.6553677213541668 0.4847434435185185 0.6553878703125 0.48103762870370365
3 0.6554785411458333 0.4847434435185185 0.6541285510416667 0.4847434435185185 0.6541285510416667 0.5743614592592593 0.6554583921875 0.5743614592592593 0.6554785411458333 0.4847434435185185
3 0.6523292364583334 0.5799059296296296 0.6541728791666667 0.5799629416666666 0.6541607901041666 0.5884834666666666 0.6522365505208333 0.5884977194444444 0.6522365505208333 0.5901938425925926 0.657374571875 0.5902537055555556 0.6573846463541667 0.5885148231481482 0.6554483177083333 0.5884977194444444 0.6554483177083333 0.5799144814814815 0.6572617369791666 0.5799144814814815 0.6572577072916667 0.5781100342592592 0.6553435421875 0.5780929305555556 0.6553596614583334 0.5743928166666666 0.6542514609375 0.5743928166666666 0.6542434010416667 0.5781385407407408 0.6523292364583334 0.5781499425925926 0.6523292364583334 0.5799059296296296
3 0.6338545234375 0.5563141388888888 0.6331996776041666 0.5563283925925926 0.6331795286458333 0.557155074074074 0.6319907312499999 0.5571693268518518 0.6319887166666667 0.563124287037037 0.6338827322916667 0.5631698972222222 0.6338545234375 0.5563141388888888
3 0.6309772317708333 0.5901795898148148 0.6352931692708333 0.5902137972222222 0.6352689906250001 0.5781043333333333 0.6340278057291666 0.5781043333333333 0.6340116864583333 0.5885034203703704 0.6309772317708333 0.5885376287037037 0.6309772317708333 0.5901795898148148
3 0.6451037677083333 0.5803449259259259 0.6458795083333333 0.5803449259259259 0.6458674187500001 0.5798945268518518 0.6463509973958333 0.5798745722222223 0.6463751765625 0.5780786768518519 0.6447914567708334 0.5780957814814814 0.6447793671875 0.5799942990740741 0.6451057828125 0.5799942990740741 0.6451037677083333 0.5803449259259259
3 0.6441426557291667 0.5901852907407408 0.64777956875 0.59022805 0.64777956875 0.5885604333333333 0.6458654041666667 0.5885604333333333 0.6458754786458333 0.5862514249999999 0.6450735442708333 0.5862314712962963 0.6450795890625 0.5885461805555555 0.6441628046875 0.5885461805555555 0.6441426557291667 0.5901852907407408
3 0.663717509375 0.5804104907407408 0.6645416078125 0.5804104907407408 0.6645536973958334 0.579951538888889 0.6648257104166666 0.579951538888889 0.6648337697916666 0.5780986314814816 0.6632520651041667 0.5780986314814816 0.6632218416666666 0.5799372861111111 0.663717509375 0.5799686435185185 0.663717509375 0.5804104907407408
3 0.7488051583333333 0.5804019388888889 0.74962925625 0.5804019388888889 0.7496413458333334 0.579945837962963 0.7499133588541667 0.579945837962963 0.7499214187500001 0.5780929305555556 0.7483417286458334 0.5780929305555556 0.7483094901041666 0.5799315851851852 0.7488051583333333 0.5799600916666666 0.7488051583333333 0.5804019388888889
3 0.8340681041666667 0.5804190425925926 0.8348922020833334 0.5804190425925926 0.8349022770833333 0.5799629416666666 0.8351763046875 0.5799629416666666 0.8351843640625 0.5781100342592592 0.8336046744791666 0.5781071833333333 0.8335724359375 0.579945837962963 0.8340681041666667 0.5799771953703703 0.8340681041666667 0.5804190425925926
3 0.6617973 0.5901938425925926 0.6653032437499999 0.5901938425925926 0.6653032437499999 0.5885119722222223 0.6645073541666666 0.5885205240740741 0.6645073541666666 0.5862827824074074 0.6637013901041667 0.5862713796296296 0.6637114645833333 0.5884977194444444 0.6618073744791667 0.5885119722222223 0.6617973 0.5901938425925926
3 0.7469977838541666 0.5901567842592592 0.7505541005208334 0.5901938425925926 0.7505541005208334 0.5884834666666666 0.7496070927083333 0.5884977194444444 0.7496272416666667 0.5862314712962963 0.7488414265625 0.5862172175925926 0.7488212776041667 0.5884977194444444 0.7470058432291666 0.588472063888889 0.7469977838541666 0.5901567842592592
3 0.8322184161458334 0.590230900925926 0.8357747328124999 0.5902679592592593 0.8357747328124999 0.5885575824074074 0.834827725 0.5885718361111112 0.8348478744791666 0.586305587037037 0.834062059375 0.5862913342592593 0.8340419098958333 0.5885718361111112 0.832228490625 0.5885461805555555 0.8322184161458334 0.590230900925926
3 0.7303445494791667 0.5803876851851852 0.7311223052083334 0.5803876851851852 0.731110215625 0.5799344351851852 0.7315937942708334 0.5799201824074074 0.7316179729166666 0.578124287037037 0.7300342536458333 0.5781413907407408 0.7300221640625 0.5800399083333333 0.7303485796875001 0.5800399083333333 0.7303445494791667 0.5803876851851852
3 0.8155047348958333 0.580396237037037 0.8162784604166667 0.580396237037037 0.8162683859375 0.5799429870370371 0.8167519645833334 0.5799258833333334 0.8167761432291667 0.5781328388888889 0.8151924239583334 0.5781470925925926 0.815180334375 0.5800484611111112 0.8155067500000001 0.5800484611111112 0.8155047348958333 0.580396237037037
3 0.9006588755208333 0.5803990879629629 0.9014346161458333 0.5803990879629629 0.9014225265625 0.579945837962963 0.9019061052083334 0.5799287342592593 0.9019302838541667 0.5781328388888889 0.9003465645833334 0.5781499425925926 0.900334475 0.5800484611111112 0.900660890625 0.5800484611111112 0.9006588755208333 0.5803990879629629
3 0.7293431390625 0.5902137972222222 0.732933709375 0.5902366018518518 0.7329034859375 0.5885547324074074 0.7310497682291667 0.5885404787037037 0.7310779770833334 0.5862827824074074 0.7302760427083334 0.5862628277777778 0.7302820874999999 0.5885746861111111 0.729365303125 0.5885746861111111 0.7293431390625 0.5902137972222222
3 0.8145577270833333 0.5902137972222222 0.8181241182291666 0.5902366018518518 0.8181241182291666 0.5885689851851852 0.8163207739583334 0.5885547324074074 0.8162925651041667 0.5862770805555556 0.8154906307291667 0.5862599768518518 0.8154966755208334 0.5885746861111111 0.8145798911458333 0.5885746861111111 0.8145577270833333 0.5902137972222222
3 0.8996755994791666 0.5902622574074075 0.9032399760416666 0.5902879129629629 0.9032399760416666 0.5886231472222222 0.9014386458333333 0.5886088935185185 0.9014084223958334 0.5863312425925926 0.9006064880208334 0.5863112888888888 0.9006125328125001 0.5886231472222222 0.8996957484375 0.5886231472222222 0.8996755994791666 0.5902622574074075
3 0.6785935927083333 0.5886060435185185 0.6755389885416666 0.5886060435185185 0.675551078125 0.5781727481481481 0.6743501916666667 0.5781727481481481 0.6743622807291667 0.5902736601851851 0.6785734432291667 0.5902594074074073 0.6785935927083333 0.5886060435185185
3 0.7637658671875 0.5885917898148147 0.7607152932291666 0.5885917898148147 0.7607233526041667 0.5781584944444444 0.7595264958333333 0.5781584944444444 0.7595345557291666 0.5902622574074075 0.7637457182291667 0.5902480046296297 0.7637658671875 0.5885917898148147
3 0.8490288130208333 0.5885746861111111 0.8459742093749999 0.5885746861111111 0.8459842838541667 0.5781413907407408 0.8447874270833334 0.5781413907407408 0.8447975015625 0.5902423037037037 0.8490066489583333 0.59022805 0.8490288130208333 0.5885746861111111
3 0.7160749546874999 0.5901824398148148 0.7203908927083333 0.5902137972222222 0.7203667135416667 0.5781043333333333 0.71912754375 0.5781043333333333 0.7191094093749999 0.5885034203703704 0.7160749546874999 0.5885404787037037 0.7160749546874999 0.5901824398148148
3 0.8014507354166667 0.5902080953703704 0.8056336890625 0.5902594074074073 0.8056074953125001 0.5781499425925926 0.804370340625 0.5781499425925926 0.80435220625 0.5885490305555556 0.8014406609375 0.588583237962963 0.8014507354166667 0.5902080953703704
3 0.8865101755208333 0.5902366018518518 0.8908623817708333 0.5902366018518518 0.8908361880208333 0.5781271379629629 0.8895970177083333 0.5781271379629629 0.8895788838541667 0.588526225925926 0.8865303244791666 0.588583237962963 0.8865101755208333 0.5902366018518518
3 0.6929135604166666 0.5901681870370371 0.7018295385416666 0.5902394527777778 0.7018416281250001 0.5885433296296296 0.6982389682291666 0.5884920185185185 0.6983376989583333 0.5734435574074074 0.6964739067708333 0.5733865453703704 0.6965726375 0.5885547324074074 0.6929135604166666 0.5885290768518519 0.6929135604166666 0.5901681870370371
3 0.7781362078124999 0.5901938425925926 0.7870521859374999 0.5902651083333333 0.7870622609375 0.5885689851851852 0.7834616161458333 0.5885205240740741 0.7835603463541666 0.573469212962963 0.7816965546875 0.5734150509259259 0.7817952848958334 0.588583237962963 0.7781362078124999 0.5885547324074074 0.7781362078124999 0.5901938425925926
3 0.8632722145833333 0.5902137972222222 0.8721881927083334 0.590285062962963 0.8721982671874999 0.5885917898148147 0.8685976223958334 0.5885404787037037 0.8686943380208334 0.5734920185185186 0.8668305458333333 0.5734350055555555 0.8669292765625 0.5886031925925926 0.8632722145833333 0.5885746861111111 0.8632722145833333 0.5902137972222222
3 0.7071529317708334 0.5233323833333333 0.7084424744791666 0.5233323833333333 0.7084122505208333 0.5181584944444444 0.70631674375 0.5181584944444444 0.7063409229166666 0.46979760555555555 0.7119725973958333 0.46979760555555555 0.711956478125 0.4680530212962963 0.7050977229166667 0.4681470925925926 0.7050473505208333 0.5199201824074073 0.7071267380208333 0.5198688712962963 0.7071529317708334 0.5233323833333333
3 0.688440459375 0.5181214370370371 0.6863731614583333 0.5181385407407407 0.6863368932291666 0.5234578111111111 0.6875579286458334 0.5234407074074074 0.6875700182291666 0.5199885972222222 0.689647390625 0.5199885972222222 0.6896252265625 0.4680872296296296 0.6827503526041667 0.46810718333333334 0.6827160989583334 0.46976339814814816 0.6883578479166667 0.4698375138888889 0.688440459375 0.5181214370370371
3 0.6705218619791666 0.469826112037037 0.6731331854166667 0.469826112037037 0.6731331854166667 0.46807582685185184 0.6691980656250001 0.46807582685185184 0.6692222447916667 0.4810575824074074 0.6705520854166667 0.48107183611111115 0.6705218619791666 0.469826112037037
3 0.7556719723958333 0.46981185833333333 0.7583900864583334 0.46983181296296295 0.7583900864583334 0.4680815277777778 0.7544549666666666 0.4680815277777778 0.7544791458333333 0.4810632842592593 0.7556719723958333 0.4810575824074074 0.7556719723958333 0.46981185833333333
3 0.8408785010416667 0.46980900833333333 0.8435966151041666 0.46982896203703706 0.8435966151041666 0.4680815277777778 0.8396614953125 0.4680815277777778 0.8396856739583334 0.4810604333333333 0.8408785010416667 0.4810547324074074 0.8408785010416667 0.46980900833333333
3 0.7242494458333333 0.48107183611111115 0.7254483177083333 0.48108608888888893 0.7254483177083333 0.4681014824074074 0.7215091677083334 0.46807297592592595 0.7215091677083334 0.469826112037037 0.7242393713541666 0.469826112037037 0.7242494458333333 0.48107183611111115
3 0.8095224661458332 0.48107183611111115 0.8107213380208333 0.48108608888888893 0.8107213380208333 0.4681014824074074 0.806784203125 0.46807297592592595 0.806784203125 0.469826112037037 0.8095123916666667 0.469826112037037 0.8095224661458332 0.48107183611111115
3 0.8946766067708333 0.4810604333333333 0.8958754786458333 0.4810746861111111 0.8958754786458333 0.4680900796296296 0.8919363286458334 0.46806157314814817 0.8919363286458334 0.4698147092592592 0.8946665322916666 0.4698147092592592 0.8946766067708333 0.4810604333333333
3 0.7405903687500001 0.47919042222222225 0.7405903687500001 0.46979760555555555 0.7454664515625 0.46976909907407405 0.7454543625 0.46806442407407406 0.7345254885416667 0.46809863148148145 0.7345395932291667 0.4697063851851852 0.7393814223958334 0.4697405925925926 0.7393511989583333 0.479204675 0.7405903687500001 0.47919042222222225
3 0.8258210760416667 0.479204675 0.82581503125 0.46980900833333333 0.8306911140625 0.46978050185185183 0.830679025 0.46807582685185184 0.8197501510416667 0.46811003425925923 0.819762240625 0.469717787962963 0.8245013098958334 0.4697548462962963 0.824511384375 0.4791761685185185 0.8258210760416667 0.479204675
3 0.773665121875 0.5181157351851852 0.7715293171875001 0.5181299888888888 0.77148901875 0.5233751425925925 0.7728087848958333 0.5233608898148149 0.7728087848958333 0.5199686435185186 0.7749627239583333 0.5199771953703703 0.7749405598958333 0.46807867685185184 0.7680636713541666 0.46809863148148145 0.7680314328125 0.4697548462962963 0.7736248234374999 0.4697833527777778 0.773665121875 0.5181157351851852
3 0.7923856536458334 0.5233608898148149 0.7937134796875001 0.5233751425925925 0.7936631067708333 0.5181299888888888 0.7915575255208334 0.5181442416666666 0.7915474510416666 0.46988882592592596 0.7971791255208333 0.46988882592592596 0.79716300625 0.4681442416666667 0.7903062661458333 0.4682411629629629 0.7902579083333333 0.519997149074074 0.7923352812500001 0.5199572407407407 0.7923856536458334 0.5233608898148149
3 0.8775236750000001 0.5233409351851852 0.8788232921875 0.5233323833333333 0.8788333666666667 0.5181157351851852 0.8767580093749999 0.5181157351851852 0.8767882328125 0.4697833527777778 0.8824602057291667 0.469826112037037 0.8824602057291667 0.46805872314814817 0.8755087651041666 0.46807297592592595 0.8754785411458333 0.5199543898148148 0.8774733026041667 0.5199344351851851 0.8775236750000001 0.5233409351851852
3 0.8587648598958334 0.5181584944444444 0.8567298005208334 0.5181299888888888 0.8567600239583334 0.5233608898148149 0.8580394921875 0.5233608898148149 0.8580072536458334 0.5199771953703703 0.8600866411458333 0.5199771953703703 0.8600624619791667 0.46807867685185184 0.8531855734375 0.4681014824074074 0.8531533348958333 0.4697548462962963 0.8587346364583334 0.46976909907407405 0.8587648598958334 0.5181584944444444
3 0.9106488010416667 0.5300598629629629 0.9119081203125 0.5300741166666667 0.9118033447916667 0.46811003425925923 0.9049264557291666 0.4681299888888889 0.9048942171875001 0.4697862027777778 0.9106387265625 0.4697405925925926 0.9106488010416667 0.5300598629629629
3 0.6724823697916666 0.49518243981481486 0.6706689499999999 0.4951510833333333 0.6706749947916666 0.5010689851851852 0.6724481161458333 0.5011117444444445 0.6724823697916666 0.49518243981481486
3 0.724140640625 0.4952023944444444 0.7223272213541667 0.4951738879629629 0.7223332661458334 0.5010917898148148 0.7241063874999999 0.5011316990740741 0.724140640625 0.4952023944444444
3 0.7576526296875 0.4952023944444444 0.7558392098958334 0.4951738879629629 0.7558452546875 0.5010917898148148 0.7576183760416666 0.5011316990740741 0.7576526296875 0.4952023944444444
3 0.8093592583333333 0.4952679592592593 0.8075458390625 0.49523945277777776 0.8075518838541667 0.5011573546296296 0.8093250052083333 0.5012001138888889 0.8093592583333333 0.4952679592592593
3 0.84288938125 0.49518529074074075 0.8410759619791667 0.49515678425925924 0.8410799921875001 0.5010718361111112 0.8428551281250001 0.5011145953703704 0.84288938125 0.49518529074074075
3 0.8945395932291667 0.4951539342592593 0.8926193833333333 0.4951681870370371 0.8926254281249999 0.5010860888888888 0.8945093692708334 0.5011259981481482 0.8945395932291667 0.4951539342592593
3 0.7344388473958333 0.4792217787037037 0.7344529520833334 0.48106898518518515 0.7455309286458333 0.4810604333333333 0.7455107796875 0.4792075259259259 0.7344388473958333 0.4792217787037037
3 0.8196755994791667 0.4792103759259259 0.8196897036458334 0.4810575824074074 0.8307676807291667 0.4810461805555555 0.8307475317708334 0.4791932722222222 0.8196755994791667 0.4792103759259259
3 0.9049204109375 0.4791989740740741 0.9049103364583334 0.481023375 0.91064275625 0.481023375 0.91064275625 0.4791562148148148 0.9049204109375 0.4791989740740741
3 0.6895929880208332 0.5573888259259259 0.6908926052083333 0.5574030787037036 0.6909026796875001 0.5404304444444444 0.6942272817708334 0.5404446981481482 0.6941970583333333 0.5388055870370371 0.6875780776041667 0.538811288888889 0.6876606890625 0.5317787916666666 0.6863731614583333 0.5317930444444444 0.6863892807291666 0.5404646518518519 0.6895970177083334 0.5404047888888889 0.6895929880208332 0.5573888259259259
3 0.7006145473958333 0.5403933861111111 0.7038666130208333 0.5403762824074074 0.7038726578125 0.5573603194444445 0.7052085432291667 0.5573973777777778 0.7050997380208333 0.5403876851851852 0.708414265625 0.54045325 0.7084041911458333 0.5317987453703703 0.7072456177083333 0.5317987453703703 0.7072637515625 0.5387856324074074 0.7006145473958333 0.5387856324074074 0.7006145473958333 0.5403933861111111
3 0.7748156359375 0.5574002277777778 0.7761152531250001 0.5574116305555555 0.7760427161458333 0.5404931583333333 0.7794499296875 0.54045325 0.7794197057291666 0.5388141388888888 0.7727987104166666 0.5388198407407407 0.7728390088541667 0.5317844925925926 0.7715192421875 0.5317844925925926 0.7715393916666666 0.5404931583333333 0.7748176505208334 0.5404133407407407 0.7748156359375 0.5574002277777778
3 0.8600080598958333 0.5574686435185185 0.8613076765625001 0.5574828962962963 0.8612351401041667 0.540564424074074 0.8646423536458333 0.5405245157407408 0.8646121296874999 0.5388854046296296 0.8579931494791667 0.5388911064814814 0.8580314328124999 0.5318529074074074 0.8567116661458333 0.5318529074074074 0.856731815625 0.540564424074074 0.8600100744791667 0.5404817555555556 0.8600080598958333 0.5574686435185185
3 0.7857344348958333 0.540450399074074 0.7891013499999999 0.5404361462962962 0.7891073947916667 0.5574173314814814 0.7903888776041667 0.5573973777777778 0.790334475 0.5404475481481482 0.7936490026041666 0.5405131129629629 0.7936369130208334 0.5318557583333333 0.7924783395833334 0.5318557583333333 0.7924964739583333 0.5388426453703704 0.7857142859375 0.5387685287037037 0.7857344348958333 0.540450399074074
3 0.8709268588541667 0.5404047888888889 0.8742937739583333 0.5403876851851852 0.87429981875 0.5573717222222222 0.8756095104166667 0.5573688712962963 0.8755268989583332 0.540399087962963 0.8788414265625 0.5404646518518519 0.8788313520833333 0.5318101481481482 0.87753375 0.5317844925925926 0.8774934515625 0.5387685287037037 0.8709087244791667 0.5387229194444444 0.8709268588541667 0.5404047888888889
3 0.7405802942708333 0.4811003416666666 0.7393713479166667 0.48108608888888893 0.7393914968749999 0.5780929305555556 0.7405802942708333 0.5781071833333333 0.7405802942708333 0.4811003416666666
3 0.7393511989583333 0.579945837962963 0.7393511989583333 0.5884834666666666 0.7374571833333333 0.5884977194444444 0.7374370338541667 0.5902651083333333 0.74250251875 0.5902651083333333 0.7425125932291666 0.5885290768518519 0.7405782791666666 0.5885148231481482 0.7405782791666666 0.5799287342592593 0.7423916984375 0.5799287342592593 0.7423876687500001 0.578124287037037 0.7375478541666667 0.5781071833333333 0.737568003125 0.5799315851851852 0.7393511989583333 0.579945837962963
3 0.8245879510416666 0.5799372861111111 0.8245879510416666 0.5884749148148148 0.8226939348958333 0.5884891675925926 0.8226737859375 0.5902565564814815 0.8277392708333333 0.5902565564814815 0.8277493453125 0.5885205240740741 0.82581503125 0.5885034203703704 0.82581503125 0.5799201824074074 0.8276284505208333 0.5799201824074074 0.8276224057291667 0.5781157351851852 0.82278460625 0.5780986314814816 0.8228047552083333 0.5799230333333333 0.8245879510416666 0.5799372861111111
3 0.9106749947916666 0.579951538888889 0.9106749947916666 0.5884891675925926 0.9078178520833333 0.588469212962963 0.9077977031250001 0.5902080953703704 0.9119685671875001 0.5901653361111111 0.91193834375 0.5781214370370371 0.9079387468750001 0.5781214370370371 0.9079185973958332 0.5799600916666666 0.9106749947916666 0.579951538888889
3 0.8258110015625 0.4810575824074074 0.8245516822916666 0.4810575824074074 0.8245416078125001 0.5780786768518519 0.8258311505208333 0.5781356898148148 0.8258110015625 0.4810575824074074
3 0.6113358854166666 0.5198432157407407 0.6199093291666667 0.5199144814814816 0.6199012692708333 0.5181214370370371 0.6113358854166666 0.5181442416666666 0.6113358854166666 0.5198432157407407
3 0.6316602859375 0.501875712962963 0.6316502114583333 0.5000085518518519 0.6211867822916666 0.4999771953703704 0.6211968567708334 0.5010062712962963 0.6309993953125 0.500963512037037 0.6309953656249999 0.5018614592592592 0.6316602859375 0.501875712962963
3 0.6231775135416666 0.519940137037037 0.6316723755208333 0.5199771953703703 0.6316643161458334 0.5089880277777779 0.6309711869791667 0.5089880277777779 0.6309449927083333 0.5189281638888888 0.6231976625000001 0.5188996583333334 0.6231775135416666 0.519940137037037
3 0.6011384244791667 0.5339652222222223 0.60112835 0.532896237037037 0.5920814026041668 0.5329389962962963 0.5920914770833333 0.5339509694444444 0.6011384244791667 0.5339652222222223
3 0.5928067703125 0.5339509694444444 0.5920914770833333 0.5339509694444444 0.5920713276041667 0.5468785629629629 0.5927866208333333 0.5468785629629629 0.5928067703125 0.5339509694444444
3 0.5911706630208333 0.5478534777777777 0.5931049770833333 0.5478534777777777 0.5931049770833333 0.5468700111111111 0.5904654442708334 0.5468557583333333 0.5904654442708334 0.548751425 0.5911807375 0.5487371722222223 0.5911706630208333 0.5478534777777777
3 0.5975579286458333 0.5469099203703705 0.5975498692708333 0.5478933861111112 0.6043622807291666 0.547896237037037 0.6043622807291666 0.5468871148148149 0.5975579286458333 0.5469099203703705
3 0.6056618979166667 0.5555444694444445 0.6056578682291666 0.5574144814814815 0.6186580697916667 0.5573888259259259 0.6186681442708333 0.5555444694444445 0.6056618979166667 0.5555444694444445
3 0.623189603125 0.5328905361111111 0.6231996776041666 0.5339595212962963 0.6322969979166667 0.5339566703703704 0.6323070723958334 0.5328791333333334 0.623189603125 0.5328905361111111
3 0.6322969979166667 0.5339566703703704 0.6315837192708333 0.5339652222222223 0.6315837192708333 0.5468785629629629 0.6322990125000001 0.5468643101851852 0.6322969979166667 0.5339566703703704
3 0.619929478125 0.546875712962963 0.6199395526041667 0.547958950925926 0.6267700989583334 0.5479446981481482 0.6267801734374999 0.546875712962963 0.619929478125 0.546875712962963
3 0.6339149708333333 0.5487172175925926 0.6339048963541667 0.5468643101851852 0.6312855130208334 0.5468643101851852 0.6312855130208334 0.5478620296296297 0.6332198265625001 0.5478335231481481 0.6332299010416667 0.5487172175925926 0.6339149708333333 0.5487172175925926
3 0.6541386260416666 0.5092559861111111 0.6381503125 0.5092730898148149 0.638132178125 0.5102423037037037 0.6541265364583333 0.5102708092592593 0.6541386260416666 0.5092559861111111
3 0.6388676203125 0.5102480046296297 0.638132178125 0.5102423037037037 0.6381221036458334 0.516476625 0.6388575458333333 0.5164908777777778 0.6388676203125 0.5102480046296297
3 0.6541305661458333 0.5232269101851852 0.6388555307291667 0.5232098064814815 0.6388333666666667 0.5228135694444445 0.6381281484375 0.5228278222222222 0.6381281484375 0.5242160777777778 0.654140640625 0.5242531361111111 0.6541305661458333 0.5232269101851852
3 0.6714829739583333 0.5092673888888889 0.6554946604166666 0.5092816416666667 0.6554785411458333 0.5102537055555555 0.6714708843749999 0.5102793611111112 0.6714829739583333 0.5092673888888889
3 0.6714708843749999 0.5102793611111112 0.6707435020833333 0.5102907638888888 0.6707636510416666 0.5165621435185185 0.6714789442708333 0.5165621435185185 0.6714708843749999 0.5102793611111112
3 0.6707777552083333 0.5228021666666667 0.6707777552083333 0.523241162962963 0.6554684666666667 0.5231955527777777 0.6554785411458333 0.5242217787037038 0.6714829739583333 0.5242103759259259 0.6714628250000001 0.522785062962963 0.6707777552083333 0.5228021666666667
3 0.688414265625 0.5009977194444445 0.6883941166666666 0.5 0.67789441875 0.5000342074074073 0.67789441875 0.5018871148148148 0.6786197864583333 0.501875712962963 0.6786197864583333 0.5010319268518518 0.688414265625 0.5009977194444445
3 0.7168889786458333 0.5018557583333334 0.7168789036458333 0.4999885972222223 0.7063268182291667 0.4999714935185185 0.7063368932291667 0.5009692129629629 0.7162280880208333 0.5009464083333333 0.7162240578125 0.5018415055555556 0.7168889786458333 0.5018557583333334
3 0.6863691317708334 0.5189281638888888 0.6786318760416666 0.5189481185185185 0.6786117265624999 0.5090193842592593 0.6779347166666666 0.5089851768518519 0.6779185973958334 0.5199201824074073 0.6863691317708334 0.5199686435185186 0.6863691317708334 0.5189281638888888
3 0.7715111828125 0.5189595212962963 0.7637517630208334 0.5189851768518519 0.7637295989583334 0.5090564425925926 0.7630525890625001 0.5090222351851852 0.7630364697916666 0.5199572407407407 0.7715111828125 0.5200171037037037 0.7715111828125 0.5189595212962963
3 0.8567418901041666 0.5188968074074074 0.8489844854166667 0.5189196120370371 0.8489623213541667 0.5089937287037036 0.8482853114583333 0.5089566703703704 0.8482691921875 0.519891675925926 0.8567418901041666 0.5199515388888888 0.8567418901041666 0.5188968074074074
3 0.7084324 0.519997149074074 0.71688091875 0.5200342074074074 0.7168748739583334 0.509042188888889 0.7161777151041666 0.509042188888889 0.7161535359375001 0.5189880277777777 0.7084062057291667 0.5189595212962963 0.7084324 0.519997149074074
3 0.7936953453125 0.5199629416666667 0.8021418494791667 0.519997149074074 0.8021378197916668 0.5090079814814814 0.8014426760416666 0.5090079814814814 0.8014164817708332 0.5189509694444444 0.7936691515625001 0.518922462962963 0.7936953453125 0.5199629416666667
3 0.8788394114583333 0.5199885972222222 0.887285915625 0.5200256555555556 0.8872798708333334 0.509036487962963 0.8865847270833334 0.509036487962963 0.8865605479166666 0.518979475925926 0.8788132177083334 0.5189481185185185 0.8788394114583333 0.5199885972222222
3 0.6896433609375 0.5180729759259259 0.689647390625 0.5199885972222222 0.6981563572916667 0.519940137037037 0.6981563572916667 0.5180729759259259 0.6896433609375 0.5180729759259259
3 0.7041910135416667 0.519940137037037 0.7050473505208333 0.5199201824074073 0.705057425 0.5180729759259259 0.7041708645833332 0.5180872296296296 0.7041910135416667 0.519940137037037
3 0.6863731614583333 0.5339367157407408 0.6863731614583333 0.532896237037037 0.677322184375 0.5329275944444444 0.6773020348958333 0.5339395666666666 0.6863731614583333 0.5339367157407408
3 0.6780072536458334 0.5339367157407408 0.6773020348958333 0.5339395666666666 0.677312109375 0.5468358037037037 0.6780072536458334 0.5468358037037037 0.6780072536458334 0.5339367157407408
3 0.6763912958333334 0.5478620296296297 0.6783054604166666 0.5478762824074074 0.6782974005208333 0.5468386546296296 0.6756860770833334 0.5468386546296296 0.6756780171875001 0.5487172175925926 0.6764033848958333 0.5487172175925926 0.6763912958333334 0.5478620296296297
3 0.6826999796875001 0.5468871148148149 0.6827120692708333 0.5478705814814815 0.6895909734375 0.5478620296296297 0.6895909734375 0.5468956666666667 0.6826999796875001 0.5468871148148149
3 0.67761233125 0.5571721777777777 0.6764033848958333 0.5571721777777777 0.6763953255208333 0.5563426453703704 0.6756780171875001 0.5563169898148148 0.6756780171875001 0.5631584944444444 0.67761233125 0.5631584944444444 0.67761233125 0.5571721777777777
3 0.7627422927083334 0.5571921324074074 0.761533346875 0.5571921324074074 0.7615454364583333 0.5563141388888888 0.7608079791666668 0.5563369444444444 0.7608079791666668 0.563178449074074 0.7627422927083334 0.563178449074074 0.7627422927083334 0.5571921324074074
3 0.8479588958333333 0.5571322694444445 0.8467499494791666 0.5571322694444445 0.846739875 0.556305587037037 0.8460407010416666 0.5563141388888888 0.8460245817708334 0.5631185861111112 0.8479588958333333 0.5631185861111112 0.8479588958333333 0.5571322694444445
3 0.7172053192708333 0.5631470925925925 0.7190993348958333 0.5631755990740741 0.7191214989583333 0.5562799314814815 0.7184263552083333 0.5562799314814815 0.7184424744791666 0.5571265675925926 0.7172133791666667 0.5571408212962963 0.7172053192708333 0.5631470925925925
3 0.8024178921874999 0.5631698972222222 0.80423735625 0.5632041046296297 0.8042595203125 0.5563112888888889 0.8035643765625 0.5563112888888889 0.8035804958333334 0.5571579249999999 0.8024279671875 0.5571408212962963 0.8024178921874999 0.5631698972222222
3 0.8875720328125 0.5631385407407408 0.8894660489583334 0.5631698972222222 0.8894882130208334 0.5562742305555556 0.88879306875 0.5562742305555556 0.8888091880208333 0.5571208666666666 0.8875800927083334 0.5571322694444445 0.8875720328125 0.5631385407407408
3 0.9119282692708333 0.5369070694444444 0.9106649203125 0.5369498287037037 0.9106286520833333 0.5781299888888889 0.91193834375 0.5781214370370371 0.9119282692708333 0.5369070694444444
3 0.7393874671875 0.5102964648148148 0.7393814223958334 0.5092930444444445 0.723374975 0.5092873435185186 0.7233205723958334 0.5165735462962964 0.7240600442708334 0.51659065 0.7240701187499999 0.5103107185185185 0.7393874671875 0.5102964648148148
3 0.8245617567708333 0.510276511111111 0.8245617567708333 0.509264537962963 0.8085049364583334 0.5092730898148149 0.8084505338541667 0.5165621435185185 0.8091879911458334 0.5165792472222221 0.8091980656250001 0.5102964648148148 0.8245617567708333 0.510276511111111
3 0.9106588755208332 0.5102622574074075 0.9106387265625 0.5092217787037037 0.8937779567708334 0.5092730898148149 0.8937235541666666 0.5165621435185185 0.8944610114583333 0.5165792472222221 0.8944710859375 0.5102964648148148 0.9106588755208332 0.5102622574074075
3 0.7565948015625 0.5165079814814815 0.7566149505208333 0.5092702398148148 0.7405843239583334 0.5092474342592592 0.7406044729166666 0.5103164194444445 0.7559077171874999 0.5102394527777778 0.7559177916666666 0.5165079814814815 0.7565948015625 0.5165079814814815
3 0.8418053598958333 0.5164994296296297 0.8418255088541666 0.5092616879629629 0.8258210760416667 0.5092360314814814 0.82581503125 0.5103078675925925 0.8411182749999999 0.5102309009259258 0.84112835 0.5164994296296297 0.8418053598958333 0.5164994296296297
3 0.7393914968749999 0.523246863888889 0.7240479546874999 0.5231898518518519 0.7240580291666666 0.5227907638888889 0.7233628854166666 0.5227907638888889 0.7233528109375 0.5242018240740741 0.7393914968749999 0.5242873435185185 0.7393914968749999 0.523246863888889
3 0.8245194437500001 0.5232611175925926 0.8091738869791667 0.5232012546296296 0.8091839614583333 0.5228021666666667 0.8084888171875 0.5228021666666667 0.8084787427083333 0.5242160777777778 0.8245194437500001 0.5242987453703704 0.8245194437500001 0.5232611175925926
3 0.7558936125 0.5228477768518519 0.7558835380208334 0.523246863888889 0.7405903687500001 0.5232183583333333 0.7406004432291666 0.5243015962962962 0.7565887567708334 0.5242445842592593 0.7565786822916666 0.5228477768518519 0.7558936125 0.5228477768518519
3 0.84112835 0.5228591787037037 0.8411182749999999 0.5232582666666666 0.8258251057291666 0.5232297601851852 0.8258351802083334 0.5243129990740741 0.8418234937500001 0.5242559861111111 0.8418134192708333 0.5228591787037037 0.84112835 0.5228591787037037
3 0.9106488010416667 0.523246863888889 0.894422728125 0.5231698972222223 0.8944328026041667 0.5227708092592593 0.8937134796875 0.5227765111111111 0.893727584375 0.5241818703703703 0.9106588755208332 0.5242303305555556 0.9106488010416667 0.523246863888889
3 0.802087446875 0.5018871148148148 0.8020753578125 0.5000199546296297 0.7915575255208334 0.4999857472222222 0.7915575255208334 0.5009977194444445 0.8014245416666667 0.5009749148148148 0.8014205119791666 0.5018728620370371 0.802087446875 0.5018871148148148
3 0.8872657666666667 0.5018529074074074 0.8872456177083333 0.5000142527777778 0.8767640541666667 0.5000142527777778 0.8767741286458333 0.5010119722222223 0.886590771875 0.5009977194444445 0.886590771875 0.5018529074074074 0.8872657666666667 0.5018529074074074
3 0.7736449729166667 0.5009692129629629 0.7736550473958334 0.5 0.7630626635416667 0.4999885972222223 0.7630626635416667 0.5018415055555556 0.7637880312499999 0.5018272518518518 0.7637880312499999 0.5009863166666666 0.7736449729166667 0.5009692129629629
3 0.8587749343750001 0.5009834666666667 0.8587346364583334 0.4999714935185185 0.8482893411458333 0.5000085518518519 0.8482893411458333 0.5018614592592592 0.84901269375 0.5018443555555555 0.84901269375 0.5010062712962963 0.8587749343750001 0.5009834666666667
3 0.7749647390625001 0.5181157351851852 0.7749627239583333 0.5199771953703703 0.7757606286458334 0.519940137037037 0.7757505541666667 0.5181014824074075 0.7749647390625001 0.5181157351851852
3 0.8745718317708333 0.5181014824074075 0.8745617567708333 0.519940137037037 0.875488615625 0.5199372861111111 0.8754785411458333 0.5180986314814815 0.8745718317708333 0.5181014824074075
3 0.7817751359374999 0.5181014824074075 0.7817952848958334 0.5199258833333333 0.7902579083333333 0.519997149074074 0.7902276848958334 0.5181014824074075 0.7817751359374999 0.5181014824074075
3 0.860096715625 0.5180986314814815 0.8600644770833333 0.519940137037037 0.8686278458333334 0.5199258833333333 0.8686479953125 0.5180872296296296 0.860096715625 0.5180986314814815
3 0.7084021760416667 0.5329247435185185 0.7084122505208333 0.533922462962963 0.7175095708333333 0.5339509694444444 0.7175297197916667 0.5329247435185185 0.7084021760416667 0.5329247435185185
3 0.7623997583333334 0.532899087962963 0.7624098328125 0.5338968074074074 0.7715071531250001 0.5339253138888889 0.7715273020833333 0.532899087962963 0.7623997583333334 0.532899087962963
3 0.7936449729166667 0.5329332953703704 0.7936550473958334 0.5339310148148148 0.8026697562499999 0.5339652222222223 0.8026697562499999 0.5329389962962963 0.7936449729166667 0.5329332953703704
3 0.8476808380208334 0.5329275944444444 0.8476909125 0.5339253138888889 0.8567298005208334 0.5339509694444444 0.8567197260416666 0.5329104907407407 0.8476808380208334 0.5329275944444444
3 0.8788232921875 0.5329389962962963 0.8788434416666667 0.5339367157407408 0.8878702395833333 0.5339509694444444 0.8878601651041667 0.5329389962962963 0.8788232921875 0.5329389962962963
3 0.7175095708333333 0.5339509694444444 0.7168003223958334 0.5339452675925926 0.7167942776041667 0.5469070694444444 0.7175015109375 0.5469099203703705 0.7175095708333333 0.5339509694444444
3 0.7631472901041667 0.5338939564814814 0.7624380416666666 0.5338882555555556 0.762431996875 0.5468529074074074 0.7631392302083333 0.5468557583333333 0.7631472901041667 0.5338939564814814
3 0.8026919203124999 0.5339452675925926 0.8019806567708333 0.5339395666666666 0.8019746119791668 0.5469013685185184 0.8026838604166666 0.5469042185185186 0.8026919203124999 0.5339452675925926
3 0.8483679223958334 0.5339566703703704 0.8476586739583334 0.5339509694444444 0.8476526296875 0.5468358037037037 0.8484082208333333 0.5468358037037037 0.8483679223958334 0.5339566703703704
3 0.8878863588541667 0.5339595212962963 0.8871771104166667 0.5339538194444444 0.8871750958333333 0.5469070694444444 0.8879004635416667 0.5469070694444444 0.8878863588541667 0.5339595212962963
3 0.6908845458333333 0.5555843787037037 0.6908926052083333 0.5574030787037036 0.7038726578125 0.5573603194444445 0.7038686276041666 0.5555444694444445 0.6908845458333333 0.5555843787037037
3 0.7120552083333334 0.5469070694444444 0.70514608125 0.546875712962963 0.7051662302083332 0.5478876851851852 0.7120552083333334 0.5479047888888888 0.7120552083333334 0.5469070694444444
3 0.7191235140625001 0.5487229194444445 0.7190932901041667 0.5468985175925926 0.7165242796875 0.5468842648148148 0.7165142052083334 0.547839225 0.7184384442708333 0.5478677305555555 0.7184485192708333 0.5487371722222223 0.7191235140625001 0.5487229194444445
3 0.7615393916666666 0.5478876851851852 0.7634737052083334 0.5478876851851852 0.7634535562500001 0.546875712962963 0.7608240984375 0.5469070694444444 0.7608240984375 0.5487599768518518 0.7615393916666666 0.5487286203703703 0.7615393916666666 0.5478876851851852
3 0.7678863588541667 0.5469099203703705 0.7678863588541667 0.5479361462962963 0.7748216802083333 0.5479161916666667 0.7748116057291666 0.5468871148148149 0.7678863588541667 0.5469099203703705
3 0.7903707437499999 0.5469042185185186 0.7903808182291667 0.5478876851851852 0.7972818859374999 0.5478734324074074 0.7972818859374999 0.5468899657407408 0.7903707437499999 0.5469042185185186
3 0.6032440057291667 0.4724201824074074 0.6032742291666667 0.5181670462962963 0.6044851906250001 0.5181670462962963 0.6044630265625001 0.47240592962962963 0.6032440057291667 0.4724201824074074
3 0.8654060046875001 0.47792474351851855 0.8600826114583333 0.4779304444444445 0.8600725369791667 0.47981185833333334 0.8654060046875001 0.4798061574074074 0.8654060046875001 0.47792474351851855
3 0.6097985088541668 0.4779019388888889 0.6044771307291666 0.4779076398148148 0.60446705625 0.4797890537037037 0.6097985088541668 0.4797833527777778 0.6097985088541668 0.4779019388888889
3 0.6199415677083333 0.47789338611111115 0.6146181744791667 0.477899087962963 0.6146081 0.4797805018518519 0.6199415677083333 0.4797748 0.6199415677083333 0.47789338611111115
3 0.6949486197916667 0.4779133407407407 0.6896252265625 0.47791904259259255 0.6896151520833332 0.47980045648148145 0.6949486197916667 0.47979475462962956 0.6949486197916667 0.4779133407407407
3 0.7051057828125 0.4779133407407407 0.6997823895833334 0.47791904259259255 0.6997985088541667 0.4797605472222222 0.7051057828125 0.47979475462962956 0.7051057828125 0.4779133407407407
3 0.7801732822916667 0.4778791333333333 0.7749486197916667 0.4779104907407407 0.7749385453125 0.4797919046296296 0.7801732822916667 0.47974629444444444 0.7801732822916667 0.4778791333333333
3 0.7903042515625 0.4778762824074074 0.7849828734375 0.4778819842592592 0.7849727989583334 0.4797633981481481 0.7903042515625 0.47975769629629633 0.7903042515625 0.4778762824074074
3 0.8754845859375 0.4779161916666667 0.8701611927083334 0.47792189259259266 0.8701511182291667 0.4798033064814815 0.8754845859375 0.47979760555555556 0.8754845859375 0.4779161916666667
1 0 0 0 1 1 1 1 0 0 0