1 0 0 0 1 1 1 1 0 0 0
3 0.6268224864583334 0.466251425 0.6293451541666666 0.46623432129629633 0.6293854526041667 0.4506641962962963 0.6268990531249999 0.45068129999999995 0.6268224864583334 0.466251425
3 0.6293854526041667 0.4506641962962963 0.6293391093749999 0.4471636259259259 0.5889059036458334 0.4471408212962963 0.5889099333333333 0.4501311287037037 0.6293854526041667 0.4506641962962963
3 0.6041769093749999 0.4503620296296296 0.6024360265625001 0.4503306731481481 0.6024561755208333 0.4585034203703704 0.6041970583333334 0.4584720638888889 0.6041769093749999 0.4503620296296296
3 0.6041970583333334 0.4584720638888889 0.5889441869791666 0.45851197222222223 0.5889099333333333 0.4608637398148148 0.6042091479166667 0.4609920185185185 0.6041970583333334 0.4584720638888889
3 0.6045678015625 0.46103192685185185 0.6038243 0.4610518814814815 0.6037840015625 0.4682497148148148 0.6046504130208333 0.4682696694444444 0.6045678015625 0.46103192685185185
3 0.6297461213541666 0.4385575824074074 0.6297461213541666 0.43266533611111113 0.6103102963541667 0.4326396805555556 0.6102317145833334 0.43846921296296293 0.6297461213541666 0.4385575824074074
3 0.6142313114583333 0.4384948685185185 0.6102317145833334 0.43846921296296293 0.6102317145833334 0.4471522231481481 0.6141728791666666 0.4471522231481481 0.6142313114583333 0.4384948685185185
3 0.6637437036458333 0.43861459537037034 0.66370945 0.4327565564814815 0.6536550473958334 0.4326168759259259 0.6536691515625 0.4386488027777778 0.6637437036458333 0.43861459537037034
3 0.6942333265625 0.4327565564814815 0.6942333265625 0.4385205240740741 0.7541003427083334 0.4385518814814815 0.7540801932291666 0.4326966935185185 0.6942333265625 0.4327565564814815
3 0.7163308484375001 0.40242588333333335 0.7143038484375 0.40242588333333335 0.71429981875 0.4153249712962963 0.7163731614583334 0.4152936148148148 0.7163308484375001 0.40242588333333335
3 0.7332258713541666 0.40244583796296296 0.7312472296875 0.4024629416666667 0.7312774531249999 0.4152850629629629 0.7331674390625 0.4153050166666667 0.7332258713541666 0.40244583796296296
3 0.7331795286458332 0.4153050166666667 0.71429981875 0.4153249712962963 0.7142756395833333 0.41794754814814816 0.7331976625000001 0.41804446944444446 0.7331795286458332 0.4153050166666667
3 0.8159721942708333 0.5614481185185185 0.8160286119791667 0.5670553018518518 0.83733024375 0.5671750287037037 0.83733024375 0.5612628277777778 0.8159721942708333 0.5614481185185185
3 0.7847632479166666 0.41910490277777773 0.7847169052083333 0.421083237962963 0.7937578078125 0.421248575 0.793779971875 0.4190393388888889 0.7847632479166666 0.41910490277777773
4 0.8160286119791667 0.5670553018518518 0.8159721942708333 0.5614481185185185 0.7904795484375 0.5614880277777777 0.7905359661458333 0.5671351194444445 0.8160286119791667 0.5670553018518518
4 0.6449083213541668 0.5671864305555555 0.64496876875 0.5615564425925926 0.619401571875 0.5615564425925926 0.6194217208333334 0.5671579250000001 0.6449083213541668 0.5671864305555555
4 0.7247511583333334 0.5672890537037037 0.7248498890625 0.5615706953703704 0.6637960911458334 0.5615478907407407 0.6638384041666666 0.5672092361111111 0.7247511583333334 0.5672890537037037
4 0.7742494458333333 0.5672320407407407 0.7742010880208333 0.5615535916666667 0.7436671369791666 0.5615535916666667 0.7436429578125 0.5671579250000001 0.7742494458333333 0.5672320407407407
4 0.7904775338541667 0.5973717222222222 0.7904452953125 0.6023232611111111 0.81603465625 0.6023717222222222 0.81603465625 0.5973603194444445 0.7904775338541667 0.5973717222222222
4 0.6637034052083333 0.5973973777777778 0.6637316140625 0.6022748 0.72480153125 0.6022748 0.7248438442708333 0.5974173314814816 0.6637034052083333 0.5973973777777778
4 0.7435804958333333 0.5973375138888889 0.7436530322916667 0.6023888259259259 0.7742393713541667 0.6023061574074073 0.7742111625 0.5973774231481481 0.7435804958333333 0.5973375138888889
4 0.6029639333333333 0.597328962037037 0.6029478140625 0.6021778787037038 0.6385432197916666 0.6024201824074074 0.6385935927083334 0.5973945268518519 0.6029639333333333 0.597328962037037
4 0.5853898848958334 0.5087400231481481 0.5889381421875 0.5087770805555556 0.5889462020833334 0.486986887037037 0.5853576463541666 0.4870039907407407 0.5853898848958334 0.5087400231481481
4 0.5853254078125 0.4471892814814815 0.5889059036458334 0.4471408212962963 0.5889542614583333 0.4255302166666667 0.5853777958333333 0.425567275 0.5853254078125 0.4471892814814815
4 0.6256316744791667 0.3974714935185185 0.6256155552083332 0.4024657925925926 0.6411444692708332 0.4024657925925926 0.641110215625 0.39744583796296296 0.6256316744791667 0.3974714935185185
4 0.6725105781249999 0.3974600916666666 0.6725105781249999 0.40249999999999997 0.6980757604166666 0.4023745722222222 0.6980193432291667 0.3974914481481482 0.6725105781249999 0.3974600916666666
4 0.6297461213541666 0.43266533611111113 0.6297461213541666 0.4385575824074074 0.6499375380208333 0.4386374 0.6499375380208333 0.43262542777777774 0.6297461213541666 0.43266533611111113
4 0.66370945 0.4327565564814815 0.6637437036458333 0.43861459537037034 0.6942333265625 0.4385205240740741 0.6942333265625 0.4327565564814815 0.66370945 0.4327565564814815
4 0.7408563369791668 0.39748859722222224 0.7408926052083333 0.4024287342592593 0.7613540197916666 0.4025741166666667 0.7613540197916666 0.39748859722222224 0.7408563369791668 0.39748859722222224
4 0.79924239375 0.39750855185185185 0.7993370942708334 0.4024828962962963 0.8160185369791667 0.40251710370370375 0.8159460005208333 0.39757411666666664 0.79924239375 0.39750855185185185
2 0.8305359661458334 0.478697262962963 0.8304855932291667 0.5055359175925926 0.8504916380208333 0.5055359175925926 0.8501954463541667 0.478697262962963 0.8305359661458334 0.478697262962963
2 0.8043239973958334 0.48084948703703706 0.8017348380208333 0.4808836944444444 0.8018597625 0.5079304444444445 0.8042655651041667 0.5079133407407408 0.8043239973958334 0.48084948703703706
2 0.7545053395833333 0.4817132268518518 0.7665686078125 0.48176738888888887 0.7665101755208333 0.462442987037037 0.7545053395833333 0.4624372861111111 0.7545053395833333 0.4817132268518518
2 0.7839774328125 0.5075798175925925 0.7692907515624999 0.5075399083333333 0.7693794078124999 0.5306641962962964 0.7840338505208333 0.5309007981481482 0.7839774328125 0.5075798175925925
2 0.8016421520833333 0.5075741166666666 0.7869292765625 0.5075712657407407 0.7868023375 0.5310490305555555 0.8013520046875 0.5307212083333334 0.8016421520833333 0.5075741166666666
2 0.6536852708333334 0.5112457240740741 0.6536590770833333 0.48762542777777773 0.633973403125 0.48768243981481485 0.6339310901041666 0.5108038768518518 0.6536852708333334 0.5112457240740741
2 0.7639613135416667 0.4179133407407407 0.7638867619791667 0.4349857472222222 0.7769937536458333 0.4348403648148148 0.7767882328125 0.4179446981481481 0.7639613135416667 0.4179133407407407
2 0.786554503125 0.4345182444444444 0.7863832359374999 0.4211231472222222 0.7760044328125001 0.4211231472222222 0.7762039088541666 0.4345980611111111 0.786554503125 0.4345182444444444
3 0.6256155552083332 0.4024657925925926 0.6255188395833333 0.39751995462962963 0.5853697359375 0.3975 0.5853697359375 0.4024942990740741 0.6256155552083332 0.4024657925925926
3 0.5889280677083334 0.4024828962962963 0.5853697359375 0.4024942990740741 0.5853777958333333 0.425567275 0.5889542614583333 0.4255302166666667 0.5889280677083334 0.4024828962962963
3 0.5889059036458334 0.4471408212962963 0.5853254078125 0.4471892814814815 0.5853576463541666 0.4870039907407407 0.5889462020833334 0.486986887037037 0.5889059036458334 0.4471408212962963
3 0.5889381421875 0.5087770805555556 0.5853898848958334 0.5087400231481481 0.585410034375 0.6023175601851852 0.5889744104166666 0.6023175601851852 0.5889381421875 0.5087770805555556
3 0.8705379812499999 0.46884264537037035 0.8706205921875 0.474826112037037 0.8830646786458334 0.47493728611111113 0.8831049770833334 0.46884264537037035 0.8705379812499999 0.46884264537037035
3 0.8411061859375 0.5062428731481481 0.8411061859375 0.5094241731481481 0.8498367921875 0.5094954388888889 0.8497864192708333 0.5062029648148149 0.8411061859375 0.5062428731481481
4 0.6102095505208334 0.5602480046296296 0.6142010880208333 0.5602023944444444 0.6142494458333334 0.4882867731481481 0.6102881322916667 0.4882867731481481 0.6102095505208334 0.5602480046296296
3 0.6638384041666666 0.5672092361111111 0.6637960911458334 0.5615478907407407 0.6536933307291667 0.5612713796296296 0.6536449729166667 0.5672862027777777 0.6638384041666666 0.5672092361111111
3 0.64496876875 0.5615564425925926 0.6449083213541668 0.5671864305555555 0.6498488817708333 0.5671949833333333 0.6497803750000001 0.5615906500000001 0.64496876875 0.5615564425925926
3 0.6102095505208334 0.5602480046296296 0.6102699979166667 0.5673004564814814 0.6194217208333334 0.5671579250000001 0.619401571875 0.5615564425925926 0.6143038484375 0.5616277083333333 0.6142695947916667 0.5602166472222223 0.6102095505208334 0.5602480046296296
3 0.7259560749999999 0.4385946407407407 0.7260024177083333 0.4817958953703704 0.7285754583333334 0.481875712962963 0.7285452348958333 0.4385974916666667 0.7259560749999999 0.4385946407407407
3 0.7285452348958333 0.4385974916666667 0.7285714286458334 0.4420239453703704 0.7504835786458333 0.44203819814814815 0.750493653125 0.43861174444444445 0.7285452348958333 0.4385974916666667
3 0.7742111625 0.5973774231481481 0.7742393713541667 0.6023061574074073 0.7904452953125 0.6023232611111111 0.7904775338541667 0.5973717222222222 0.7742111625 0.5973774231481481
3 0.8372798708333333 0.5973973777777778 0.8411404390624999 0.5974857472222223 0.8410719322916667 0.5106584944444444 0.8374209145833333 0.510741162962963 0.8372798708333333 0.5973973777777778
3 0.5889824703125 0.5973261120370371 0.5889744104166666 0.6023175601851852 0.6029478140625 0.6021778787037038 0.6029639333333333 0.597328962037037 0.5889824703125 0.5973261120370371
3 0.8324078177083333 0.5063112888888889 0.8324219223958333 0.5055786768518519 0.828915978125 0.5055302166666666 0.8289381421875 0.5108409351851851 0.8410719322916667 0.5106584944444444 0.8411061859375 0.5062428731481481 0.8324078177083333 0.5063112888888889
3 0.6498468666666667 0.597383124074074 0.6537215395833333 0.597383124074074 0.6536852708333334 0.5112457240740741 0.6498730604166667 0.5111858611111111 0.6498468666666667 0.597383124074074
3 0.81603465625 0.5973603194444445 0.81603465625 0.6023717222222222 0.8411323796875 0.6024059296296296 0.8411404390624999 0.5974857472222223 0.81603465625 0.5973603194444445
3 0.6385935927083334 0.5973945268518519 0.6385432197916666 0.6024201824074074 0.6637316140625 0.6022748 0.6637034052083333 0.5973973777777778 0.6385935927083334 0.5973945268518519
3 0.7248438442708333 0.5974173314814816 0.72480153125 0.6022748 0.7436530322916667 0.6023888259259259 0.7435804958333333 0.5973375138888889 0.7248438442708333 0.5974173314814816
3 0.8705359661458334 0.43152793611111107 0.8829921416666667 0.43157639722222224 0.8828873666666667 0.4267844925925926 0.8705379812499999 0.4268814138888889 0.8705359661458334 0.43152793611111107
3 0.8705379812499999 0.4268814138888889 0.8745033244791667 0.42683295370370367 0.8745033244791667 0.3976482324074074 0.8705017125 0.39759122037037037 0.8705379812499999 0.4268814138888889
3 0.8221418494791667 0.4024515388888889 0.8221418494791667 0.4016961231481482 0.8704735041666667 0.4018129990740741 0.8705017125 0.39759122037037037 0.8159460005208333 0.39757411666666664 0.8160185369791667 0.40251710370370375 0.8221418494791667 0.4024515388888889
3 0.841533346875 0.469375712962963 0.8414527505208333 0.4645923601851852 0.799224259375 0.4646436712962963 0.79919000625 0.46927023981481486 0.841533346875 0.469375712962963
3 0.7958170463541666 0.4692673888888889 0.79919000625 0.46927023981481486 0.79924239375 0.39750855185185185 0.7957304052083334 0.3974942990740741 0.7958170463541666 0.4692673888888889
3 0.8323473703125 0.4693557583333333 0.8288978442708334 0.4693329537037037 0.8289139635416666 0.47869441296296295 0.8324138624999999 0.47869441296296295 0.8323473703125 0.4693557583333333
3 0.8041285510416666 0.46929019351851853 0.8020793875 0.46931014814814814 0.8021438645833334 0.4808836944444444 0.8041507151041666 0.48086659074074073 0.8041285510416666 0.46929019351851853
3 0.7957848078125 0.4384549601851852 0.750493653125 0.43861174444444445 0.750493653125 0.44218643055555557 0.7957727182291666 0.4420952111111111 0.7957848078125 0.4384549601851852
3 0.7639451942708334 0.43855473240740744 0.7665363692708334 0.43853762870370366 0.7665706223958334 0.4350199546296296 0.7638867619791667 0.4349857472222222 0.7639451942708334 0.43855473240740744
3 0.7639613135416667 0.4179133407407407 0.7665867416666666 0.41788768518518515 0.7666008463541666 0.3975 0.7638928067708334 0.3974800453703704 0.7639613135416667 0.4179133407407407
3 0.7638928067708334 0.40251710370370375 0.7638928067708334 0.3974800453703704 0.7613540197916666 0.39748859722222224 0.7613540197916666 0.4025741166666667 0.7638928067708334 0.40251710370370375
3 0.7408926052083333 0.4024287342592593 0.7408563369791668 0.39748859722222224 0.6980193432291667 0.3974914481481482 0.6980757604166666 0.4023745722222222 0.7408926052083333 0.4024287342592593
3 0.76472295 0.39388255370370373 0.7665041307291667 0.39388255370370373 0.7665665927083333 0.3773688712962963 0.7647249645833334 0.3773688712962963 0.76472295 0.39388255370370373
3 0.7647330244791667 0.3747576962962963 0.7647249645833334 0.3773688712962963 0.7976465848958333 0.37728050185185186 0.7976264354166667 0.37478620277777774 0.7647330244791667 0.3747576962962963
3 0.7976465848958333 0.37728050185185186 0.7957042109375 0.3773090083333333 0.7956860770833334 0.39389395648148146 0.797630465625 0.393919612037037 0.7976465848958333 0.37728050185185186
3 0.7665625630208334 0.435570125 0.7665363692708334 0.43853762870370366 0.7937678822916666 0.4384064990740741 0.7937457182291666 0.43558722962962965 0.7665625630208334 0.435570125
3 0.7937678822916666 0.4384064990740741 0.7957848078125 0.4384549601851852 0.795726375 0.3947605472222222 0.7937054203125 0.3947348916666667 0.7937678822916666 0.4384064990740741
3 0.7987124723958333 0.3947348916666667 0.795726375 0.3947605472222222 0.7957304052083334 0.3974942990740741 0.7987527703125 0.3974800453703704 0.7987124723958333 0.3947348916666667
3 0.7619524479166666 0.39476909907407404 0.7619867015625 0.39747719537037035 0.7686560546875001 0.3975114027777778 0.7686338906250001 0.3947063851851852 0.7619524479166666 0.39476909907407404
3 0.7686560546875001 0.3975114027777778 0.7666008463541666 0.3975 0.7666089057291666 0.41697263425925923 0.7685673989583334 0.4169099203703704 0.7686560546875001 0.3975114027777778
3 0.6725105781249999 0.40249999999999997 0.6725105781249999 0.3974600916666666 0.641110215625 0.39744583796296296 0.6411444692708332 0.4024657925925926 0.6725105781249999 0.40249999999999997
3 0.6536610921875 0.40248004537037035 0.6498670161458333 0.40249999999999997 0.6498811203125 0.48762542777777773 0.6536590770833333 0.48762542777777773 0.6536610921875 0.40248004537037035
3 0.7538807171874999 0.44219498333333335 0.750493653125 0.44218643055555557 0.7503767880208334 0.48169612314814814 0.7538867619791667 0.4817445842592592 0.7538807171874999 0.44219498333333335
2 0.62969171875 0.48250000000000004 0.6296373161458334 0.46693842685185183 0.6160205520833333 0.46696693240740744 0.6159621197916666 0.4824600916666667 0.62969171875 0.48250000000000004
3 0.23293169479166667 0.40266248611111116 0.23134595989583331 0.40266248611111116 0.23138424322916668 0.4153249712962963 0.23298206718749997 0.4153363740740741 0.23293169479166667 0.40266248611111116
3 0.08904493229166667 0.4476938425925926 0.0890267984375 0.45010547314814814 0.129119484375 0.4500969212962963 0.12911343958333335 0.44783637407407406 0.08904493229166667 0.4476938425925926
3 0.129119484375 0.4500969212962963 0.1274712875 0.45006271388888885 0.12741486979166666 0.46611744629629626 0.12915575260416667 0.46611744629629626 0.129119484375 0.4500969212962963
3 0.12747330260416667 0.48340649907407407 0.12744710885416669 0.4842217787037037 0.088952246875 0.48423033055555553 0.08902276822916666 0.48651653333333333 0.12913761822916667 0.48649942962962966 0.12913761822916667 0.48342645370370363 0.12747330260416667 0.48340649907407407
3 0.10427362500000001 0.4500826685185185 0.10263751770833333 0.4500826685185185 0.10256498072916667 0.46089224629629627 0.10424340104166667 0.46089224629629627 0.10427362500000001 0.4500826685185185
3 0.10256498072916667 0.46089224629629627 0.10258110000000001 0.4586231472222222 0.08902075364583334 0.4586431018518518 0.08902075364583334 0.46103477777777774 0.10256498072916667 0.46089224629629627
3 0.10475720312499999 0.4613540481481482 0.10392101562499999 0.46137115185185185 0.10395728385416667 0.46846921296296296 0.10472496458333333 0.46846921296296296 0.10475720312499999 0.4613540481481482
2 0.10472496458333333 0.46846921296296296 0.10090267968750001 0.46844640833333334 0.10090469479166667 0.48138825555555553 0.10478138229166666 0.48136545 0.10472496458333333 0.46846921296296296
3 0.10478138229166666 0.48136545 0.103929075 0.48137400185185186 0.10391295572916667 0.48368586111111106 0.10473705416666666 0.48368586111111106 0.10478138229166666 0.48136545
3 0.34107193229166666 0.6023546175925927 0.3411082005208333 0.5620752564814815 0.3418778963541667 0.5620439 0.3418738666666667 0.5572519953703703 0.3411343942708333 0.5572519953703703 0.341084021875 0.5063568981481481 0.32415675989583337 0.5062685287037036 0.32415675989583337 0.5055416194444444 0.32068506927083335 0.5054988601851852 0.32067298020833335 0.5111716074074074 0.33726173697916667 0.5110433296296296 0.3375317348958333 0.6023546175925927 0.34107193229166666 0.6023546175925927
3 0.3162099536458333 0.5973774231481481 0.3162502520833333 0.6023945268518519 0.3375196453125 0.6023888259259259 0.3375095708333333 0.5974116305555556 0.3162099536458333 0.5973774231481481
3 0.15370139010416667 0.5111858611111111 0.15006044739583332 0.5112599768518518 0.15005641770833333 0.5974771953703704 0.15367318177083333 0.5974714935185186 0.15370139010416667 0.5111858611111111
2 0.2992202296875 0.4808808435185185 0.2968708442708333 0.4808808435185185 0.2968023375 0.5079960092592593 0.29924440885416664 0.5079789055555556 0.2992202296875 0.4808808435185185
3 0.29600644791666664 0.37729475462962964 0.29587346354166666 0.39405359166666665 0.2977513598958333 0.3940051314814815 0.29765061458333336 0.3748745722222222 0.2648337697916667 0.37473204074074073 0.264934515625 0.3939595212962963 0.2666129359375 0.3939595212962963 0.2666129359375 0.37715222314814817 0.29600644791666664 0.37729475462962964
3 0.11402176093750001 0.4864937287037037 0.11070521875 0.4864937287037037 0.1107314125 0.48834663611111107 0.1139955671875 0.4883067277777778 0.11402176093750001 0.4864937287037037
4 0.11436026614583333 0.48829532500000006 0.11039492239583333 0.4883437851851852 0.1103828328125 0.5601539342592592 0.1143481765625 0.5601852907407407 0.11436026614583333 0.48829532500000006
4 0.1196030625 0.5612286203703704 0.11958895833333334 0.5671237175925926 0.14514608125 0.5671550740740741 0.14516623020833333 0.5612428731481481 0.1196030625 0.5612286203703704
3 0.14517831979166665 0.5620353481481482 0.14516824479166665 0.566704675 0.15005641770833333 0.5666875712962962 0.15006850677083333 0.5620011398148148 0.14517831979166665 0.5620353481481482
3 0.15372153958333332 0.5620553018518518 0.1536872859375 0.5666904222222222 0.1612734234375 0.5666761685185185 0.16123916979166666 0.5620381981481481 0.15372153958333332 0.5620553018518518
3 0.22226072916666664 0.562100912037037 0.22228692343749998 0.5666989740740741 0.22997380625 0.5666818703703704 0.2299597015625 0.5620439 0.22226072916666664 0.562100912037037
3 0.23359661510416665 0.56204675 0.23359661510416665 0.5666733185185185 0.2436610921875 0.566650512962963 0.2436610921875 0.5620695555555556 0.23359661510416665 0.56204675
3 0.27426153541666665 0.5620068416666667 0.27433004218749996 0.5666875712962962 0.29068909947916666 0.5666220064814815 0.29068909947916666 0.5620068416666667 0.27426153541666665 0.5620068416666667
3 0.31601450729166664 0.5620524518518519 0.316026596875 0.5667559861111111 0.3374047953125 0.5666533638888889 0.3374289744791667 0.5620011398148148 0.31601450729166664 0.5620524518518519
3 0.11403385052083334 0.4379332953703704 0.12977634479166666 0.43801881388888886 0.12977634479166666 0.43322691018518517 0.11070723333333334 0.4332554157407407 0.1107273828125 0.4477679592592593 0.11405399947916667 0.44779646481481483 0.11403385052083334 0.4379332953703704
4 0.12982470260416668 0.43266533611111113 0.12977634479166666 0.43854903055555555 0.15009470104166667 0.43851767407407405 0.1501188796875 0.4326995435185185 0.12982470260416668 0.43266533611111113
4 0.16121700572916667 0.5611602055555556 0.16126334895833333 0.5671778787037037 0.22228893802083333 0.5671465222222222 0.22224058020833332 0.5612970351851851 0.16121700572916667 0.5611602055555556
4 0.24368527083333333 0.5612286203703704 0.2436570625 0.5672405925925925 0.27434817656250005 0.5671636259259258 0.27428772916666666 0.5612542759259259 0.24368527083333333 0.5612286203703704
4 0.2906729802083333 0.5612086657407408 0.2906850692708333 0.5672063851851852 0.31604473125 0.5671579250000001 0.3160225671875 0.5612571268518518 0.2906729802083333 0.5612086657407408
3 0.28158573437499995 0.5075769666666667 0.2805762645833333 0.5075256555555555 0.2805762645833333 0.5617103759259259 0.28168446510416667 0.5617103759259259 0.28158573437499995 0.5075769666666667
3 0.2968023375 0.5079960092592593 0.2968023375 0.5093244009259259 0.32066290572916667 0.5094555305555555 0.32069715885416666 0.5079133407407408 0.2968023375 0.5079960092592593
3 0.23353415260416668 0.5079161916666667 0.23350997395833334 0.5093928166666666 0.26419101354166663 0.5093671611111111 0.26418698385416667 0.5078819842592593 0.23353415260416668 0.5079161916666667
2 0.373727584375 0.42202394537037036 0.37374773333333333 0.40774230370370373 0.3662764458333333 0.40769954351851856 0.366193834375 0.42187571296296295 0.373727584375 0.42202394537037036
3 0.25385049375 0.43850627129629627 0.2537779567708333 0.43319270277777777 0.1943260125 0.43314139074074076 0.19430586354166665 0.4379332953703704 0.25057021979166666 0.4377651083333333 0.25054805572916666 0.4384891675925926 0.25385049375 0.43850627129629627
3 0.22831956458333333 0.437839225 0.22671569635416666 0.43782497129629633 0.2266330848958333 0.48114310185185183 0.22831553489583334 0.4811145953703703 0.22831956458333333 0.437839225
3 0.1637840015625 0.4331698972222222 0.15380012083333333 0.43314424166666665 0.1537840015625 0.4379789055555556 0.16380012083333334 0.4378848342592592 0.1637840015625 0.4331698972222222
4 0.16379810572916667 0.4326225768518519 0.16379810572916667 0.4385718361111111 0.19429377395833333 0.43853762870370366 0.19430384843749998 0.43273375185185187 0.16379810572916667 0.4326225768518519
3 0.11960507760416667 0.562041049074074 0.11402176093750001 0.562041049074074 0.11400765677083333 0.5602137972222222 0.1107354421875 0.5601539342592592 0.11070723333333334 0.5667303305555556 0.1195909734375 0.5667303305555556 0.11960507760416667 0.562041049074074
4 0.08902478333333333 0.4253620296296296 0.08549869010416668 0.4253905361111111 0.08550473489583334 0.44745438981481483 0.08901672395833334 0.44745438981481483 0.08902478333333333 0.4253620296296296
4 0.16118476718750002 0.5974372861111111 0.16124319947916668 0.6024800453703704 0.2224541609375 0.6023004564814816 0.2224541609375 0.5973973777777778 0.16118476718750002 0.5974372861111111
4 0.12558734635416666 0.3975883694444445 0.12565988333333333 0.40235461759259256 0.14127745312499998 0.40242303333333335 0.14122708020833336 0.3975171037037037 0.12558734635416666 0.3975883694444445
4 0.17251259322916665 0.39755416203703703 0.17254080208333333 0.4027907638888889 0.1983034453125 0.4027166472222222 0.1983215796875 0.3976197259259259 0.17251259322916665 0.39755416203703703
4 0.10298005260416666 0.5973945268518519 0.102996171875 0.6023517675925926 0.13884545625 0.6024572407407407 0.138811203125 0.5974116305555556 0.10298005260416666 0.5973945268518519
4 0.0890267984375 0.4868871148148148 0.08552689895833333 0.4868614592592593 0.08547854114583334 0.5089538194444444 0.08900664895833334 0.5089310148148148 0.0890267984375 0.4868871148148148
4 0.24087850104166666 0.3975655648148148 0.24096312708333334 0.40261687592592593 0.26148901875 0.4024942990740741 0.2615313317708333 0.3975057009259259 0.24087850104166666 0.3975655648148148
4 0.2435643765625 0.5974002277777777 0.243586540625 0.6022805018518519 0.274485190625 0.6023688712962963 0.27443884739583335 0.5973916759259259 0.2435643765625 0.5974002277777777
4 0.29052186197916663 0.5974230333333332 0.29048760833333337 0.6023489166666667 0.3162502520833333 0.6023945268518519 0.3162099536458333 0.5973774231481481 0.29052186197916663 0.5974230333333332
4 0.2993109005208333 0.39752850648148147 0.29940761614583333 0.4024714935185185 0.3162865203125 0.4024714935185185 0.3162865203125 0.39747719537037035 0.2993109005208333 0.39752850648148147
2 0.12973201666666667 0.48340649907407407 0.12965948020833334 0.4661402509259259 0.116078984375 0.4661659064814815 0.11604674583333334 0.4832896240740741 0.12973201666666667 0.48340649907407407
2 0.15370139010416667 0.5111858611111111 0.15375176302083335 0.4868443555555556 0.13420914791666666 0.4869013685185185 0.13420713281250002 0.5111231472222223 0.15370139010416667 0.5111858611111111
2 0.279401571875 0.5076624861111111 0.2641930286458333 0.5075627138888889 0.26429377395833337 0.5310775370370371 0.27935321354166665 0.5309863166666667 0.279401571875 0.5076624861111111
2 0.29679427760416666 0.5076795898148148 0.28158573437499995 0.5075769666666667 0.2816864802083333 0.5310917898148148 0.29674591979166665 0.5310005703703704 0.29679427760416666 0.5076795898148148
2 0.3224440864583333 0.4788312425925926 0.32246826510416665 0.5055501712962963 0.3421861776041667 0.5055359175925926 0.342061253125 0.4788454962962963 0.3224440864583333 0.4788312425925926
2 0.34339713906249997 0.5572548462962963 0.3629881119791667 0.5572548462962963 0.362996171875 0.5304503990740741 0.34343340729166666 0.5305302166666667 0.34339713906249997 0.5572548462962963
2 0.3418738666666667 0.5572519953703703 0.3418778963541667 0.5620439 0.35217408802083333 0.562100912037037 0.35213177500000004 0.5572833527777779 0.3418738666666667 0.5572519953703703
2 0.254537578125 0.48168187037037036 0.26834172864583333 0.48160775370370373 0.2682329234375 0.46019954351851855 0.2545154140625 0.460114025 0.254537578125 0.48168187037037036
3 0.14122708020833336 0.3975171037037037 0.14127745312499998 0.40242303333333335 0.17254080208333333 0.4027907638888889 0.17251259322916665 0.39755416203703703 0.14122708020833336 0.3975171037037037
3 0.1983215796875 0.3976197259259259 0.1983034453125 0.4027166472222222 0.24096312708333334 0.40261687592592593 0.24087850104166666 0.3975655648148148 0.1983215796875 0.3976197259259259
3 0.26664517447916664 0.4177936148148148 0.2666209953125 0.39762257685185187 0.2615313317708333 0.3975057009259259 0.26148901875 0.4024942990740741 0.26410235729166665 0.4025627138888889 0.26405601458333333 0.41782782222222226 0.26664517447916664 0.4177936148148148
2 0.26405601458333333 0.41782782222222226 0.2640640739583333 0.43505416203703706 0.2769534557291667 0.43497434444444444 0.27684062083333333 0.41794754814814816 0.26405601458333333 0.41782782222222226
3 0.3833769895833333 0.426764537962963 0.373727584375 0.4268643101851852 0.373727584375 0.42202394537037036 0.3711142453125 0.42202394537037036 0.3711384244791667 0.43042759444444445 0.3833769895833333 0.4305615731481482 0.3833769895833333 0.426764537962963
3 0.370916784375 0.47431299907407415 0.3834072135416667 0.4742702398148148 0.38339310885416666 0.46933010277777776 0.367515615625 0.46929874537037036 0.36743904895833335 0.4850769666666666 0.370942978125 0.4850513111111111 0.370916784375 0.47431299907407415
2 0.2864900260416666 0.4205558722222222 0.2762562963541667 0.4204361462962963 0.2763409229166667 0.4349173314814815 0.28663106979166664 0.4349173314814815 0.2864900260416666 0.4205558722222222
3 0.37118073749999997 0.4016562148148148 0.37118073749999997 0.40774230370370373 0.37374773333333333 0.40774230370370373 0.37372355416666664 0.4016562148148148 0.38334676614583335 0.4017246296296296 0.38327624427083334 0.3975883694444445 0.3162865203125 0.39747719537037035 0.3162865203125 0.4024714935185185 0.3221801328125 0.4024287342592593 0.322131775 0.4017559861111111 0.37118073749999997 0.4016562148148148
3 0.36139230312500004 0.5304446981481481 0.3834273625 0.5305359175925926 0.3833870640625 0.5256071833333333 0.37090469479166666 0.5256813 0.37089059062499996 0.5125256555555555 0.3673967359375 0.5125256555555555 0.3673987505208334 0.5255872296296296 0.36132782604166663 0.5256128851851852 0.36139230312500004 0.5304446981481481
3 0.2993109005208333 0.39752850648148147 0.29591779166666665 0.39757411666666664 0.2955651822916667 0.46973204074074076 0.2992786619791667 0.46971493703703704 0.2993109005208333 0.39752850648148147
3 0.32414870052083333 0.4652708092592593 0.32414870052083333 0.46466647685185186 0.29928269166666666 0.4646265675925926 0.2992786619791667 0.46964937314814814 0.3411142453125 0.46942702407407405 0.34114446927083336 0.4653107185185185 0.32414870052083333 0.4652708092592593
3 0.3241446703125 0.4695153935185185 0.32077372552083333 0.4695638537037037 0.3207958895833333 0.47882554166666663 0.3241648197916666 0.47882554166666663 0.3241446703125 0.4695153935185185
3 0.29867015937499997 0.46973204074074076 0.2973503927083333 0.46969213240740737 0.29733628854166666 0.4808608898148148 0.29860165208333334 0.4808808435185185 0.29867015937499997 0.46973204074074076
3 0.36799314947916667 0.5892246296296296 0.36799717916666663 0.5572462944444445 0.35213177500000004 0.5572833527777779 0.35217408802083333 0.562100912037037 0.36469474114583333 0.5621237175925926 0.36462220416666663 0.5891875712962963 0.36799314947916667 0.5892246296296296
3 0.36801531354166667 0.5943272518518519 0.36799314947916667 0.5892246296296296 0.341084021875 0.5890051314814815 0.341118275 0.5939538194444445 0.36801531354166667 0.5943272518518519
3 0.27443884739583335 0.5973916759259259 0.274485190625 0.6023688712962963 0.29048760833333337 0.6023489166666667 0.29052186197916663 0.5974230333333332 0.27443884739583335 0.5973916759259259
3 0.2224541609375 0.5973973777777778 0.2224541609375 0.6023004564814816 0.243586540625 0.6022805018518519 0.2435643765625 0.5974002277777777 0.2224541609375 0.5973973777777778
3 0.138811203125 0.5974116305555556 0.13884545625 0.6024572407407407 0.16124319947916668 0.6024800453703704 0.16118476718750002 0.5974372861111111 0.138811203125 0.5974116305555556
3 0.08547854114583334 0.5089538194444444 0.08563167447916667 0.6022919046296297 0.102996171875 0.6023517675925926 0.10298005260416666 0.5973945268518519 0.08891799322916666 0.5975285064814815 0.08900664895833334 0.5089310148148148 0.08547854114583334 0.5089538194444444
3 0.08901672395833334 0.44745438981481483 0.08550473489583334 0.44745438981481483 0.08552689895833333 0.4868614592592593 0.0890267984375 0.4868871148148148 0.08901672395833334 0.44745438981481483
3 0.08549869010416668 0.4253905361111111 0.08902478333333333 0.4253620296296296 0.08904694739583333 0.3976425314814815 0.08552286927083334 0.3976425314814815 0.08549869010416668 0.4253905361111111
3 0.08904694739583333 0.3976425314814815 0.08904493229166667 0.4024942990740741 0.12565988333333333 0.40235461759259256 0.12558734635416666 0.3975883694444445 0.08904694739583333 0.3976425314814815
3 0.15383840416666666 0.4025997722222222 0.15010880520833333 0.4025997722222222 0.15010880520833333 0.48683865462962966 0.15375176302083335 0.4868443555555556 0.15383840416666666 0.4025997722222222
3 0.23351601875 0.5079760546296297 0.22992141875 0.5080159638888889 0.22999395520833332 0.5973888259259259 0.23362885364583336 0.5974201824074074 0.23351601875 0.5079760546296297
3 0.29562965937499996 0.44217502870370373 0.29566391302083334 0.43854332962962966 0.25054805572916666 0.4384891675925926 0.2505238765625 0.4422576962962963 0.29562965937499996 0.44217502870370373
3 0.26659278645833334 0.4350313564814815 0.2640640739583333 0.43505416203703706 0.2640519848958333 0.43848631666666665 0.2666089057291667 0.43848631666666665 0.26659278645833334 0.4350313564814815
3 0.2538726578125 0.44226339814814813 0.2505238765625 0.4422576962962963 0.2505661895833333 0.48145952129629627 0.2538726578125 0.48145952129629627 0.2538726578125 0.44226339814814813
3 0.29180938958333336 0.442671037962963 0.2907555911458333 0.4426368305555555 0.2907414869791667 0.4667502851851852 0.2918819260416667 0.4667502851851852 0.29180938958333336 0.442671037962963
3 0.2907414869791667 0.4667502851851852 0.2907777552083333 0.4692075259259259 0.2955349588541667 0.4691676166666667 0.2955349588541667 0.4666761685185185 0.2907414869791667 0.4667502851851852
3 0.2924138625 0.4691818703703704 0.2907777552083333 0.4692075259259259 0.2907293973958333 0.4810148231481481 0.2924239369791667 0.4810319268518519 0.2924138625 0.4691818703703704
3 0.2907293973958333 0.4810148231481481 0.2907455166666667 0.4787400231481481 0.2683477734375 0.4787115166666666 0.2683477734375 0.48098346666666664 0.2907293973958333 0.4810148231481481
3 0.2163308484375 0.4026653361111111 0.21480959114583334 0.4026653361111111 0.21471287552083332 0.4175712657407407 0.21635502708333335 0.41754561018518516 0.2163308484375 0.4026653361111111
3 0.2163651015625 0.41525655648148146 0.21635502708333335 0.41754561018518516 0.23300423125 0.41755701296296294 0.23298206718749997 0.4153363740740741 0.2163651015625 0.41525655648148146
3 0.7538545234375 0.4787115166666666 0.7538545234375 0.4810461805555555 0.7544731010416666 0.4810319268518519 0.754485190625 0.4787428731481481 0.7538545234375 0.4787115166666666
3 0.7665988312500001 0.4780473203703704 0.7665686078125 0.48176738888888887 0.7903123109375 0.4818272518518518 0.7903123109375 0.4781613453703704 0.7665988312500001 0.4780473203703704
3 0.7902820875 0.4421123148148148 0.7903123109375 0.4818272518518518 0.792317146875 0.4818215509259259 0.7918778963541667 0.4421123148148148 0.7902820875 0.4421123148148148
3 0.7921720734375001 0.46671037592592596 0.7921861776041667 0.4690507407407407 0.7958049567708334 0.4690279361111111 0.7958049567708334 0.46669327222222223 0.7921720734375001 0.46671037592592596
3 0.8289381421875 0.5108409351851851 0.8289119484375 0.5078591787037038 0.8016824499999999 0.50795325 0.801648196875 0.5110119722222222 0.8289381421875 0.5108409351851851
3 0.786721740625 0.5075513111111111 0.7842010880208333 0.5075826685185185 0.7841990729166667 0.5615136833333334 0.78676606875 0.5615307870370371 0.786721740625 0.5075513111111111
3 0.7905359661458333 0.5671351194444445 0.7904795484375 0.5614880277777777 0.7742010880208333 0.5615535916666667 0.7742494458333333 0.5672320407407407 0.7905359661458333 0.5671351194444445
3 0.7385009067708334 0.5079047888888889 0.734819665625 0.5078563287037037 0.7347914567708334 0.5973603194444445 0.7387104572916667 0.5973603194444445 0.7385009067708334 0.5079047888888889
3 0.7436429578125 0.5671579250000001 0.7436671369791666 0.5615535916666667 0.7386218015625 0.5615307870370371 0.7386560546875 0.5671892814814815 0.7436429578125 0.5671579250000001
3 0.7248498890625 0.5615706953703704 0.7247511583333334 0.5672890537037037 0.7348055609375 0.5672377425925926 0.7348055609375 0.5616134546296296 0.7248498890625 0.5615706953703704
3 0.7385009067708334 0.5079047888888889 0.7385089661458333 0.511254275925926 0.7692544833333332 0.5112200685185185 0.7692907515624999 0.5075399083333333 0.7385009067708334 0.5079047888888889
3 0.5889341125 0.483463512037037 0.5889462020833334 0.486986887037037 0.6293632885416667 0.4873375138888889 0.6293471692708333 0.4832297601851852 0.5889341125 0.483463512037037
3 0.6142313114583333 0.48718928148148155 0.6102095505208334 0.48718928148148155 0.6102881322916667 0.4882867731481481 0.6142494458333334 0.4882867731481481 0.6142313114583333 0.48718928148148155
3 0.6268527098958334 0.48323831203703704 0.6293471692708333 0.4832297601851852 0.6293632885416667 0.4825085518518519 0.6268305458333334 0.4825085518518519 0.6268527098958334 0.48323831203703704
3 0.6268345760416667 0.466932725 0.6293451541666666 0.46691562129629627 0.6293451541666666 0.46623432129629633 0.6268224864583334 0.466251425 0.6268345760416667 0.466932725