1 0 0 0 1 1 1 1 0 0 0
3 0.41083417291666663 0.7195438999999999 0.40488615781250004 0.7196465222222223 0.4047894416666667 0.7385974916666667 0.4108583515625 0.7385632842592592 0.41083417291666663 0.7195438999999999
3 0.4046927260416667 0.738631699074074 0.40471489010416667 0.7297035351851853 0.37447108593749995 0.7297035351851853 0.37443280260416667 0.7385347777777778 0.4046927260416667 0.738631699074074
3 0.33586741875000004 0.738301025925926 0.33584324010416666 0.7292702398148148 0.255665928125 0.7291334092592592 0.2557384645833333 0.7385062712962963 0.33586741875000004 0.738301025925926
3 0.2557142859375 0.7290649944444444 0.2624420713541667 0.7290478907407407 0.26233326614583335 0.6396009120370371 0.25564779375 0.6396009120370371 0.2557142859375 0.7290649944444444
3 0.25578883750000003 0.5855929305555556 0.2622687890625 0.585627137962963 0.2618537177083333 0.4489110601851852 0.25561555520833334 0.4489794759259259 0.25578883750000003 0.5855929305555556
3 0.26236348958333333 0.570570125 0.2623393109375 0.5775142527777777 0.33186983697916667 0.5775570129629629 0.33183558333333335 0.5704618018518518 0.26236348958333333 0.570570125
3 0.2620753578125 0.49190706944444446 0.2620753578125 0.4982696694444445 0.28485190416666667 0.49820125462962966 0.28482772500000003 0.4919754842592593 0.2620753578125 0.49190706944444446
3 0.2619584927083333 0.45413340925925927 0.2619786421875 0.4605758268518519 0.28487406822916667 0.46045610000000003 0.28484787447916665 0.45393386574074074 0.2619584927083333 0.45413340925925927
3 0.30573443489583335 0.45360319259259263 0.30573443489583335 0.46075256574074075 0.32442071302083336 0.4606328388888889 0.32442071302083336 0.45352907685185184 0.30573443489583335 0.45360319259259263
3 0.31920008072916667 0.4534293046296296 0.32443884739583334 0.4534578111111111 0.32438041510416665 0.3798574685185185 0.31916582708333335 0.3797862027777778 0.31920008072916667 0.4534293046296296
3 0.3190429177083333 0.3871408212962963 0.31901470885416666 0.37983466388888887 0.26215595416666665 0.3795239453703704 0.26212170052083333 0.38691277037037036 0.3190429177083333 0.3871408212962963
3 0.2620733427083333 0.419486887037037 0.2620733427083333 0.42099201851851853 0.2874128552083333 0.4209236027777778 0.2873886760416667 0.4194526796296296 0.2620733427083333 0.419486887037037
3 0.2866633083333333 0.4193500574074074 0.2873866614583333 0.41935575833333333 0.2873584526041667 0.4126995435185185 0.28667338281250004 0.4126995435185185 0.2866633083333333 0.4193500574074074
3 0.3472395729166667 0.4540364879629629 0.34726778177083334 0.4600684148148148 0.4043945192708333 0.4599258833333333 0.40441668333333336 0.4537115166666667 0.3472395729166667 0.4540364879629629
3 0.36333669166666666 0.46018814166666666 0.3579971791666667 0.46018814166666666 0.35804150729166667 0.4763683009259259 0.36340116875 0.4763683009259259 0.36333669166666666 0.46018814166666666
3 0.3637819864583333 0.5116904222222223 0.35820068489583334 0.5117474342592593 0.3581603869791667 0.5374030787037036 0.3637618375 0.5373745722222223 0.3637819864583333 0.5116904222222223
3 0.363884746875 0.5301510833333334 0.3638263145833333 0.537391675925926 0.46226072916666666 0.5368871148148148 0.4622123713541667 0.5298147092592592 0.363884746875 0.5301510833333334
3 0.4325811 0.5171322694444445 0.4282772515625 0.517095211111111 0.4282974005208333 0.5298090083333333 0.43260930885416665 0.5298090083333333 0.4325811 0.5171322694444445
3 0.3209107395833334 0.7291590648148149 0.3239975822916667 0.7291334092592592 0.32401773125 0.7228050166666666 0.3343844447916667 0.7096379703703704 0.3306125328125 0.7042331814814814 0.3209409630208333 0.7173004564814814 0.3209107395833334 0.7291590648148149
3 0.40491638124999996 0.6744298750000001 0.35321378177083335 0.674144812037037 0.3512996171875 0.6769669324074074 0.3547854119791667 0.682155074074074 0.3570824098958333 0.6791904222222223 0.40491638124999996 0.6789623712962963 0.40491638124999996 0.6744298750000001
4 0.33599032864583334 0.7293386546296297 0.33603868645833335 0.7383694416666666 0.37433810208333335 0.7385062712962963 0.37428974427083334 0.7296807296296297 0.33599032864583334 0.7293386546296297
4 0.3307596213541667 0.704141961111111 0.33447310104166667 0.7095210944444444 0.35484182968750005 0.6825085518518519 0.3512149911458333 0.6770923601851853 0.3307596213541667 0.704141961111111
4 0.2623050572916667 0.5858580388888889 0.25577674791666666 0.5857896240740741 0.2557384645833333 0.6395096925925926 0.26230707239583334 0.6395096925925926 0.2623050572916667 0.5858580388888889
4 0.25577271822916664 0.42619726296296295 0.2557908520833333 0.4487742305555556 0.265524884375 0.44880273703703705 0.265665928125 0.4261687574074074 0.25577271822916664 0.42619726296296295
4 0.34681845677083334 0.308976625 0.3306971588541667 0.3088283925925926 0.3307676807291667 0.3242474342592593 0.34678420312499997 0.3242474342592593 0.34681845677083334 0.308976625
4 0.41082006875 0.3287656787037037 0.4046544427083333 0.3287656787037037 0.40446302656250005 0.40206385370370373 0.41072536770833334 0.40206385370370373 0.41082006875 0.3287656787037037
4 0.43815232708333335 0.46516818703703705 0.4381724765625 0.47403363703703705 0.45396937343750005 0.47414766203703707 0.45392907499999996 0.46505416203703703 0.43815232708333335 0.46516818703703705
4 0.46780979270833334 0.5370695555555556 0.46481563593749997 0.5370695555555556 0.46467660677083333 0.5707611175925926 0.46774128541666665 0.5707810722222223 0.46780979270833334 0.5370695555555556
4 0.46747733229166666 0.5768899657407407 0.463100946875 0.5768557583333334 0.46300624635416665 0.6632269101851852 0.46732822864583334 0.6632639685185185 0.46747733229166666 0.5768899657407407
2 0.28495466458333335 0.49122006851851857 0.28498891822916667 0.5000855185185185 0.31922224479166666 0.50022805 0.3193431390625 0.4913911064814815 0.28495466458333335 0.49122006851851857
3 0.2975518838541667 0.5299914481481481 0.2891255291666667 0.5372320407407407 0.3246040703125 0.5372805018518518 0.3245698166666667 0.5301881416666667 0.2975518838541667 0.5299914481481481
3 0.31924239374999996 0.529940137037037 0.32453556302083336 0.529942987037037 0.3244307880208333 0.4914709231481481 0.31944388489583336 0.491476625 0.31924239374999996 0.529940137037037
2 0.28738464635416666 0.4124942990740741 0.28735039270833335 0.3872234888888889 0.27672980052083335 0.3873232611111111 0.27680838177083333 0.41254275925925926 0.28738464635416666 0.4124942990740741
2 0.28496876875 0.4514823259259259 0.28498891822916667 0.46128848333333333 0.30548660104166664 0.46118015925925926 0.30556115260416666 0.45145381944444446 0.28496876875 0.4514823259259259
2 0.32462824895833337 0.4611459518518518 0.34714285729166666 0.4611031925925926 0.34681845677083334 0.4231670462962963 0.3245698166666667 0.42329817592592595 0.32462824895833337 0.4611459518518518
2 0.3625871447916667 0.4766191564814815 0.3588273223958333 0.4766191564814815 0.3588978442708333 0.5115421888888889 0.36255289114583333 0.5114452675925927 0.3625871447916667 0.4766191564814815
2 0.4626435625 0.4802166472222222 0.4624823697916666 0.5149087796296297 0.49451944375 0.5149657925925926 0.4946403385416666 0.48004561018518516 0.4626435625 0.4802166472222222
2 0.40390892604166667 0.683922462962963 0.40390892604166667 0.7194070694444444 0.432599234375 0.7194583805555556 0.43252871249999997 0.6840877990740741 0.40390892604166667 0.683922462962963
3 0.4108946203125 0.40224629444444443 0.40450735416666667 0.40224629444444443 0.4044972796875 0.473976625 0.41091879895833333 0.473976625 0.4108946203125 0.40224629444444443
3 0.2556860770833333 0.42610889351851855 0.261982671875 0.42606613425925927 0.26195244791666666 0.3087656787037037 0.25559540625 0.3087656787037037 0.2556860770833333 0.42610889351851855
3 0.41090670989583333 0.3178648805555555 0.4044428770833333 0.31789908796296296 0.4044428770833333 0.3285860888888889 0.4110074552083333 0.32862314722222224 0.41090670989583333 0.3178648805555555
3 0.3469856942708333 0.30897092314814817 0.34693330625 0.31797320370370374 0.41095708229166666 0.31771949814814815 0.41093290364583335 0.3086488027777778 0.3469856942708333 0.30897092314814817
3 0.26209953645833334 0.3087742305555556 0.2620733427083333 0.3177736601851852 0.33056618958333334 0.31773090092592593 0.33050775729166665 0.30891676203703705 0.26209953645833334 0.3087742305555556
3 0.41102558958333335 0.4651852907407407 0.41102558958333335 0.4740079814814815 0.43806165625000004 0.47400228055555554 0.43803344739583333 0.46509407037037037 0.41102558958333335 0.4651852907407407
3 0.45405802916666665 0.4650655648148148 0.45408422343750005 0.4741391101851852 0.4693169453125 0.4741020527777778 0.4693169453125 0.4650313564814815 0.45405802916666665 0.4650655648148148
3 0.46933306458333335 0.4742303305555556 0.46252266770833333 0.474258837037037 0.4625428166666667 0.47998859722222226 0.46933306458333335 0.47996009166666664 0.46933306458333335 0.4742303305555556
3 0.46240781770833334 0.5150342074074074 0.4623211765625 0.5368301027777778 0.46923231927083336 0.5369156212962963 0.469312915625 0.5150228046296297 0.46240781770833334 0.5150342074074074
3 0.4636107192708333 0.5709264537037037 0.4636590770833333 0.5766733185185186 0.4678178520833333 0.5766733185185186 0.4677936734375 0.5709606611111111 0.4636107192708333 0.5709264537037037
3 0.46917791666666664 0.6634350055555556 0.46301229114583337 0.6633665907407408 0.46296393333333336 0.6838226907407408 0.4692020953125 0.6838568981481482 0.46917791666666664 0.6634350055555556
3 0.4628672171875 0.6838568981481482 0.4628672171875 0.6745866592592592 0.4049969776041667 0.6744583805555555 0.40502921614583337 0.6836402509259258 0.4628672171875 0.6838568981481482