1 0 0 0 1 1 1 1 0 0 0
2 0.4227342333333333 0.2955558722222222 0.41672778541666666 0.2955843787037037 0.41679830729166667 0.32957810740740745 0.42266169635416667 0.32957810740740745 0.4227342333333333 0.2955558722222222
3 0.42266169635416667 0.32957810740740745 0.4180132984375 0.3295610037037037 0.41807374583333334 0.3757696694444444 0.4227080395833333 0.3757126564814815 0.42266169635416667 0.32957810740740745
3 0.41807374583333334 0.2955815277777778 0.4227342333333333 0.2955558722222222 0.422687890625 0.25521664722222226 0.418053596875 0.2551596351851852 0.41807374583333334 0.2955815277777778
3 0.4227443078125 0.2839424175925926 0.42276445677083335 0.2908124287037037 0.4547088453125 0.2907896240740741 0.45468869635416664 0.28391961203703703 0.4227443078125 0.2839424175925926
3 0.4501108203125 0.28397947592592593 0.45468869635416664 0.28391961203703703 0.4547451140625 0.25521664722222226 0.45005037291666666 0.25521664722222226 0.4501108203125 0.28397947592592593
3 0.3753576463541667 0.5534777648148148 0.3800926859375 0.5608323833333334 0.38019343125000005 0.44409920185185187 0.37525690104166665 0.4441562148148148 0.3753576463541667 0.5534777648148148
3 0.3289945598958333 0.4869156212962963 0.3338907916666667 0.49378563240740747 0.37531734843750003 0.49381413888888886 0.3752971994791666 0.48697263425925924 0.3289945598958333 0.4869156212962963
3 0.3947410838541667 0.5406499425925926 0.3947088453125 0.5336972629629629 0.38015313333333334 0.5336944129629629 0.38015313333333334 0.5406214370370371 0.3947410838541667 0.5406499425925926
3 0.38019343125000005 0.44409920185185187 0.38017328229166664 0.4507696694444444 0.4628853515625 0.4506841509259259 0.4629377390625 0.4441904222222222 0.38019343125000005 0.44409920185185187
3 0.4895889583333333 0.4442759407407407 0.4896836588541667 0.45074116296296296 0.5269595005208333 0.45074116296296296 0.5270219625 0.44413340925925926 0.4895889583333333 0.4442759407407407
3 0.5535704213541667 0.4442559861111111 0.5536369130208333 0.45065564444444445 0.5628249041666666 0.45062713796296294 0.5628551281249999 0.44425883703703706 0.5535704213541667 0.4442559861111111
3 0.58947209375 0.4441733185185185 0.5894821682291667 0.4508266814814815 0.6688696354166667 0.4506841509259259 0.6689300828125 0.4441277083333333 0.58947209375 0.4441733185185185
3 0.5593189604166666 0.45070695555555557 0.5545839208333334 0.45070695555555557 0.5546483979166666 0.5719241731481481 0.5592826916666667 0.5719241731481481 0.5593189604166666 0.45070695555555557
3 0.5546483979166666 0.5719241731481481 0.5546846666666667 0.5653078675925927 0.5360668947916667 0.5653078675925927 0.5360668947916667 0.5718358037037037 0.5546483979166666 0.5719241731481481
3 0.5407918598958333 0.6374372861111112 0.5407918598958333 0.6440792472222222 0.6465383838541666 0.6440250851851852 0.6466048760416666 0.6374287342592593 0.5407918598958333 0.6374372861111112
3 0.6418698369791667 0.6373717222222222 0.6466048760416666 0.6374287342592593 0.6464638322916667 0.6066704675925926 0.6419101348958333 0.6066704675925926 0.6418698369791667 0.6373717222222222
3 0.6464638322916667 0.6066704675925926 0.6465041307291667 0.6133124287037037 0.6688494859375 0.6131984037037037 0.6688494859375 0.6066419611111111 0.6464638322916667 0.6066704675925926
3 0.49501712656249997 0.6164652222222222 0.4996332864583334 0.6165222351851852 0.4996312713541667 0.45075256574074074 0.4950433203125 0.4507126564814815 0.49501712656249997 0.6164652222222222
3 0.5349989927083333 0.5265393388888888 0.5350191416666666 0.5199828962962963 0.5271005442708333 0.5199543898148148 0.5271408421875 0.5265393388888888 0.5349989927083333 0.5265393388888888
3 0.5271408421875 0.5265393388888888 0.5271005442708333 0.5199543898148148 0.4996776145833334 0.5200399083333334 0.4996373161458333 0.5265963509259259 0.5271408421875 0.5265393388888888
3 0.5526697562499999 0.5198973777777778 0.5526899052083334 0.5266248574074075 0.5546242192708333 0.5265963509259259 0.5546040703125 0.5198973777777778 0.5526697562499999 0.5198973777777778
3 0.44088253072916667 0.6230045611111111 0.4409026796875 0.6163911064814815 0.42039089270833335 0.6163340935185185 0.4244005640625 0.6228050166666667 0.44088253072916667 0.6230045611111111
3 0.4996413458333333 0.5995496009259259 0.499665525 0.6061174462962963 0.5360346562499999 0.6061288481481482 0.5360346562499999 0.599432725 0.4996413458333333 0.5995496009259259
3 0.5407858151041667 0.5718814138888889 0.5360668947916667 0.5718358037037037 0.5360467458333333 0.6479247435185186 0.5407616359375 0.6479931583333334 0.5407858151041667 0.5718814138888889
4 0.6676606890625 0.590450399074074 0.673524078125 0.590450399074074 0.6734636307291667 0.4720923601851852 0.6676808380208333 0.47212086666666664 0.6676606890625 0.590450399074074
4 0.7233064677083333 0.41299886018518517 0.7292081401041667 0.4131128851851852 0.7291940359375 0.31160205277777775 0.7232903484375 0.31160205277777775 0.7233064677083333 0.41299886018518517
2 0.5526697562499999 0.5198973777777778 0.5350191416666666 0.5199828962962963 0.5349586942708334 0.5505986314814815 0.5528712473958334 0.5508836944444444 0.5526697562499999 0.5198973777777778
2 0.5535704213541667 0.4442559861111111 0.5270219625 0.44413340925925926 0.5267298005208334 0.4867132268518519 0.5535019140624999 0.48714082129629627 0.5535704213541667 0.4442559861111111
2 0.58947209375 0.4441733185185185 0.5628551281249999 0.44425883703703706 0.5626435625 0.486986887037037 0.58935724375 0.4869013685185185 0.58947209375 0.4441733185185185
2 0.4895889583333333 0.4442759407407407 0.4629377390625 0.4441904222222222 0.4625287125 0.486533637037037 0.48950231718750004 0.48717217777777777 0.4895889583333333 0.4442759407407407
2 0.28452347395833333 0.37956955555555555 0.3035401973958333 0.35265108333333334 0.28187789635416666 0.3222206388888889 0.26472899479166667 0.3463939564814815 0.28452347395833333 0.37956955555555555
3 0.28452347395833333 0.37956955555555555 0.2810316338541667 0.3746408212962963 0.26064880104166666 0.403238312037037 0.2639854927083333 0.4077194981481482 0.28452347395833333 0.37956955555555555
3 0.2673786015625 0.4031527935185185 0.2639854927083333 0.4077194981481482 0.32210356614583335 0.48697263425925924 0.3289945598958333 0.4869156212962963 0.2673786015625 0.4031527935185185
3 0.3289945598958333 0.4869156212962963 0.32210356614583335 0.48697263425925924 0.3757404796875 0.5635974916666667 0.3753576463541667 0.5534777648148148 0.3289945598958333 0.4869156212962963
3 0.3753576463541667 0.5534777648148148 0.3757404796875 0.5635974916666667 0.3951440661458333 0.5948403648148148 0.39469675625 0.5841277083333334 0.3753576463541667 0.5534777648148148
3 0.39478138229166665 0.5855188138888889 0.3951440661458333 0.5948403648148148 0.4176868828125 0.6219127703703704 0.42039089270833335 0.6163340935185185 0.39478138229166665 0.5855188138888889
3 0.42039089270833335 0.616419612037037 0.4176868828125 0.6219127703703704 0.4370965140625 0.6527194981481481 0.43916985677083337 0.6461231472222222 0.42039089270833335 0.616419612037037
3 0.39478138229166665 0.5855188138888889 0.3996131369791666 0.5912086657407407 0.39961918177083333 0.5336972629629629 0.3947088453125 0.5336972629629629 0.39478138229166665 0.5855188138888889
3 0.43916985677083337 0.6461231472222222 0.4370965140625 0.6527194981481481 0.4456981666666667 0.6528221212962964 0.4456981666666667 0.6459806157407408 0.43916985677083337 0.6461231472222222
3 0.440801934375 0.6460661342592593 0.4456981666666667 0.6459806157407408 0.44561756979166667 0.6164481185185186 0.4409026796875 0.6163911064814815 0.440801934375 0.6460661342592593
3 0.44561756979166667 0.6164481185185186 0.44564174895833336 0.6229190425925926 0.49968164427083334 0.6228506268518519 0.4996332864583334 0.6165222351851852 0.44561756979166667 0.6164481185185186
3 0.49968164427083334 0.6228506268518519 0.4949828734375 0.6228050166666667 0.49496272395833335 0.6545610037037037 0.4997179125 0.6545324972222222 0.49968164427083334 0.6228506268518519
3 0.4996534354166667 0.6479874574074074 0.4997179125 0.6545324972222222 0.6735381822916667 0.6545553018518518 0.6735039291666667 0.6479760546296296 0.4996534354166667 0.6479874574074074
3 0.6688696354166667 0.6479475481481481 0.6735039291666667 0.6479760546296296 0.673524078125 0.590450399074074 0.6688293369791667 0.5904218925925926 0.6688696354166667 0.6479475481481481
3 0.668889784375 0.4720638537037037 0.6734636307291667 0.4720923601851852 0.6734837802083333 0.4441277083333333 0.6689300828125 0.4441277083333333 0.668889784375 0.4720638537037037
3 0.6734837802083333 0.4441277083333333 0.6734837802083333 0.4507696694444444 0.7281281484375001 0.4506841509259259 0.72808785 0.44427023981481484 0.6734837802083333 0.4441277083333333
3 0.7232520651041666 0.4442132268518519 0.72808785 0.44427023981481484 0.7280677010416666 0.4131128851851852 0.7233064677083333 0.41299886018518517 0.7232520651041666 0.4442132268518519
3 0.7232903484375 0.31160205277777775 0.7281281484375001 0.3115735462962963 0.7281482973958333 0.24854618055555555 0.7232722145833334 0.24857468611111114 0.7232903484375 0.31160205277777775
3 0.7232399760416667 0.25522234907407404 0.7232722145833334 0.24857468611111114 0.37796494062499997 0.2486887111111111 0.3734434817708333 0.25518814166666665 0.7232399760416667 0.25522234907407404
3 0.4144066088541667 0.24868301018518518 0.4212170057291667 0.2486316990740741 0.39582913541666664 0.21402508518518518 0.392625428125 0.21861459537037037 0.4144066088541667 0.24868301018518518
3 0.3960306265625 0.2232611175925926 0.392625428125 0.21861459537037037 0.30014104375 0.34797605462962966 0.3035401973958333 0.35265108333333334 0.3960306265625 0.2232611175925926
3 0.3081603869791667 0.4585376287037037 0.31160588333333333 0.46338369444444444 0.320572234375 0.4512970351851852 0.31722748333333334 0.44642246296296295 0.3081603869791667 0.4585376287037037
3 0.31230707239583333 0.3403876851851852 0.3089623213541667 0.3451482324074074 0.336308684375 0.3823717222222222 0.33814628229166666 0.3756328388888889 0.31230707239583333 0.3403876851851852
3 0.33814628229166666 0.3756328388888889 0.336308684375 0.3823717222222222 0.4758895828125 0.3825427592592593 0.4758895828125 0.37580387685185185 0.33814628229166666 0.3756328388888889
3 0.32469877083333337 0.32309293055555555 0.3212532744791667 0.3278534777777778 0.3555107796875 0.37562713796296293 0.36215998385416664 0.375570125 0.32469877083333337 0.32309293055555555
3 0.3589562765625 0.2751995435185185 0.3590489625 0.3711488027777778 0.36215998385416664 0.375570125 0.3636187791666667 0.37556157314814814 0.36365101770833336 0.26864310185185186 0.3589562765625 0.2751995435185185