1 0 0 0 1 1 1 1 0 0 0
3 0.7555410036458333 0.4146949833333333 0.7534414666666667 0.4147234888888889 0.7535603463541667 0.43411060462962964 0.7555268989583334 0.4341590648148148 0.7555410036458333 0.4146949833333333
3 0.7555833166666667 0.4313397944444444 0.7555813015625 0.43411060462962964 0.7604533546875001 0.43414481203703703 0.7604432802083333 0.43132269074074076 0.7555833166666667 0.4313397944444444
3 0.7966895020833333 0.5507155074074074 0.7968144265625 0.5544526796296296 0.8028027401041666 0.5543500574074075 0.8028510979166666 0.5506527935185185 0.7966895020833333 0.5507155074074074
3 0.789929478125 0.6285091222222222 0.7899455973958334 0.6331727481481481 0.7919846864583333 0.6331727481481481 0.7919685671875 0.6285575824074073 0.789929478125 0.6285091222222222
3 0.7920269999999999 0.6285718361111111 0.7920431192708333 0.6314367157407407 0.8028551281249999 0.6316049027777778 0.8028329640624999 0.628523375 0.7920269999999999 0.6285718361111111
3 0.7898750755208332 0.650111174074074 0.7899153739583333 0.6516476620370371 0.79222043125 0.6516106046296296 0.7922264760416666 0.6500912203703704 0.7898750755208332 0.650111174074074
3 0.8169494255208334 0.6502423037037037 0.8169494255208334 0.6516419611111112 0.8192262744791667 0.6516419611111112 0.8192262744791667 0.6502423037037037 0.8169494255208334 0.6502423037037037
3 0.8062099536458334 0.6286402509259259 0.8062301026041666 0.6314424175925926 0.8191617973958334 0.6315279361111111 0.8191396333333334 0.6285889398148148 0.8062099536458334 0.6286402509259259
3 0.8169635302083333 0.6315820981481481 0.81694338125 0.6333751425925926 0.8191617973958334 0.6333751425925926 0.8191617973958334 0.6315820981481481 0.8169635302083333 0.6315820981481481
3 0.8061394317708334 0.5507725203703704 0.8061394317708334 0.5543044472222223 0.8126032640624999 0.5541362601851852 0.8125085635416667 0.5506727481481482 0.8061394317708334 0.5507725203703704
3 0.8283538182291666 0.5341134546296297 0.828351803125 0.5404475481481482 0.8313117067708333 0.5403734324074074 0.8312875276041667 0.5340735462962963 0.8283538182291666 0.5341134546296297
3 0.8314023776041667 0.5358095777777778 0.8314305864583333 0.540287912962963 0.8648095911458333 0.5401624861111112 0.8648236953125 0.535849487037037 0.8314023776041667 0.5358095777777778
3 0.8681019546875 0.5025655648148148 0.8649949625000001 0.5025655648148148 0.8648317552083333 0.5544042185185185 0.8681664317708333 0.5543985175925926 0.8681019546875 0.5025655648148148
3 0.8650272010416666 0.5739025083333333 0.8650614546875001 0.5806299888888888 0.8680394921875 0.5806613453703703 0.868132178125 0.5739025083333333 0.8650272010416666 0.5739025083333333
3 0.8682248640625 0.5739110601851851 0.8681462822916667 0.5787029648148148 0.9176203911458334 0.5787685287037038 0.9176405401041666 0.574144812037037 0.8682248640625 0.5739110601851851
3 0.8683034453125 0.6008979472222222 0.8649929479166667 0.6008637398148148 0.864934515625 0.6513540481481481 0.8681704614583333 0.6513768527777778 0.8683034453125 0.6008979472222222
3 0.8283558333333333 0.5025484611111111 0.8284283697916667 0.5153591787037036 0.8312996171875 0.5152907638888888 0.8312996171875 0.5025142527777777 0.8283558333333333 0.5025484611111111
3 0.8530445296875 0.5025798175925926 0.8511142453125 0.5025798175925926 0.8512613338541667 0.5120809574074073 0.8532117671874999 0.5120980611111111 0.8530445296875 0.5025798175925926
3 0.8532117671874999 0.5095182444444445 0.8532762442708334 0.5121037629629629 0.8648881723958334 0.5120980611111111 0.8648760828125001 0.5093500574074075 0.8532117671874999 0.5095182444444445
3 0.8713520046875 0.462385975 0.8713640942708333 0.46642531388888886 0.8755450333333333 0.4663568981481482 0.8755228692708333 0.4623574685185185 0.8713520046875 0.462385975
3 0.8723393109375 0.4622748 0.875462421875 0.4622748 0.8753495869791668 0.4105530212962963 0.8721861776041667 0.4105530212962963 0.8723393109375 0.4622748
3 0.8721156557291666 0.4145724055555556 0.8721418494791667 0.41056442407407406 0.8486157567708333 0.4104218925925926 0.8486157567708333 0.4145296462962963 0.8721156557291666 0.4145724055555556
3 0.8555188395833333 0.4146265675925926 0.8535804958333333 0.4146066138888889 0.8534837802083334 0.43398517685185184 0.8555591375 0.4340051314814815 0.8555188395833333 0.4146265675925926
3 0.8534293776041667 0.4313996583333333 0.8486036671875 0.43150228055555556 0.8486157567708333 0.43419327222222226 0.8534293776041667 0.4340051314814815 0.8534293776041667 0.4313996583333333
3 0.8854100343750001 0.48890821018518515 0.8826717713541666 0.48890821018518515 0.8826274432291666 0.49764538240740736 0.8853072739583333 0.49760262222222224 0.8854100343750001 0.48890821018518515
3 0.9057042109375 0.3770809574074074 0.9057666734375 0.38136830092592594 0.9078521057291666 0.38135404814814816 0.9078420312500001 0.3770809574074074 0.9057042109375 0.3770809574074074
3 0.9078984484375 0.3786145953703704 0.9078984484375 0.38135404814814816 0.9178299416666668 0.3813711518518519 0.9178299416666668 0.37849201851851855 0.9078984484375 0.3786145953703704
3 0.9056498083333333 0.35846066111111113 0.9056296593750001 0.36017958981481485 0.9077694942708334 0.3601938425925926 0.9077815838541666 0.35846066111111113 0.9056498083333333 0.35846066111111113
3 0.8486479953125 0.462100912037037 0.8486721739583333 0.46640535925925924 0.8576062864583334 0.4665393388888889 0.8575357645833334 0.46216932685185186 0.8486479953125 0.462100912037037
2 0.7010336489583333 0.3607126564814815 0.7009631270833334 0.37746579259259255 0.7068668145833333 0.3774629416666667 0.7069010677083334 0.3607126564814815 0.7010336489583333 0.3607126564814815
2 0.9022607291666667 0.36023375185185186 0.9021881927083334 0.37698403611111114 0.9080938947916667 0.3769811861111111 0.9081281484375 0.36023375185185186 0.9022607291666667 0.36023375185185186
2 0.8169272619791667 0.6334321546296297 0.8168567401041666 0.6501824398148148 0.8227604270833333 0.6501795898148147 0.8227946807291667 0.6334321546296297 0.8169272619791667 0.6334321546296297
2 0.7865444286458333 0.6332668185185185 0.7864718921875 0.6500199546296297 0.7923775942708333 0.6500142527777778 0.7924118479166666 0.6332668185185185 0.7865444286458333 0.6332668185185185
2 0.6911867822916666 0.41044754814814816 0.6911867822916666 0.4144355759259259 0.7335804958333333 0.4145410490740741 0.7336268385416667 0.4106670462962963 0.6911867822916666 0.41044754814814816
2 0.8754583921875 0.4106442416666667 0.8754583921875 0.4146322694444444 0.9177876286458333 0.4145410490740741 0.9177997177083334 0.4107810722222222 0.8754583921875 0.4106442416666667
2 0.7379588958333334 0.44426168796296295 0.737991134375 0.4667189277777778 0.7515796895833333 0.4666248574074074 0.7515494661458334 0.4443101481481482 0.7379588958333334 0.44426168796296295
2 0.8576647187499999 0.44395952129629634 0.8576969572916667 0.466416762037037 0.8712855130208333 0.46632269074074073 0.8712552890624999 0.44400798148148146 0.8576647187499999 0.44395952129629634
2 0.7603445494791666 0.466305587037037 0.7602538786458334 0.488751425 0.77935724375 0.4889424175925926 0.7792222447916667 0.46649657962962965 0.7603445494791666 0.466305587037037
2 0.8298206729166666 0.4664082101851852 0.8297642557291667 0.4887542759259259 0.8488656057291667 0.48894526759259255 0.84873060625 0.46649942962962965 0.8298206729166666 0.4664082101851852
2 0.7808764859374999 0.5023033064814815 0.7966874875 0.5024087796296297 0.7966572635416667 0.4755615731481481 0.7809208140624999 0.4758437851851852 0.7808764859374999 0.5023033064814815
2 0.8124259520833333 0.5026453824074074 0.8282168041666667 0.5027907638888889 0.8285250854166667 0.4758922462962963 0.8121035661458333 0.4756670462962963 0.8124259520833333 0.5026453824074074
2 0.7806226072916667 0.5338882555555556 0.7806669354166667 0.5153221212962963 0.7652548859375 0.515567275 0.76525085625 0.534144812037037 0.7806226072916667 0.5338882555555556
2 0.8438081807291666 0.5337941842592592 0.84385049375 0.5152309009259259 0.828440459375 0.5154732037037036 0.8284344145833333 0.5340507407407408 0.8438081807291666 0.5337941842592592
2 0.8648881723958334 0.5545267962962963 0.8649748135416666 0.5736630555555555 0.8821438645833334 0.5738540481481482 0.8822627442708334 0.5548346638888889 0.8648881723958334 0.5545267962962963
2 0.8651098125 0.5807041046296296 0.8649123515625 0.6008152796296297 0.8824561755208333 0.6008808435185186 0.882484384375 0.5810119722222222 0.8651098125 0.5807041046296296
2 0.7442151921875 0.573916762037037 0.7442151921875 0.554883124074074 0.7270602458333334 0.5550627138888888 0.7270259921875 0.5739823259259259 0.7442151921875 0.573916762037037
2 0.7442272817708333 0.6005558722222222 0.7443119083333334 0.5808922462962962 0.7271630062500001 0.5810205240740741 0.7272093489583333 0.6005074120370371 0.7442272817708333 0.6005558722222222
4 0.706052790625 0.3487970351851852 0.70609711875 0.3583152796296296 0.7302176104166667 0.3584863166666667 0.7303022364583334 0.3488626 0.706052790625 0.3487970351851852
4 0.6909329036458334 0.4493956666666667 0.6847269796875001 0.4493358037037037 0.6847491437500001 0.48357753703703704 0.6909812614583333 0.48329817592592594 0.6909329036458334 0.4493956666666667
4 0.6909026796875001 0.517673887962963 0.6848116057291667 0.5175114027777779 0.6847491437500001 0.558694412962963 0.6911908119791667 0.5586088935185185 0.6909026796875001 0.517673887962963
4 0.7045939953125 0.6583665907407408 0.7045980255208334 0.6677936148148148 0.7288253072916666 0.6679218925925926 0.7288091880208333 0.6583665907407408 0.7045939953125 0.6583665907407408
4 0.7591779166666667 0.6510889398148149 0.7591779166666667 0.6607668185185185 0.7885190411458333 0.6607725203703704 0.7884021760416666 0.6514167620370371 0.7591779166666667 0.6510889398148149
4 0.8207898447916667 0.6514338657407408 0.8207213380208334 0.6605929305555556 0.8496937338541667 0.6607411629629629 0.8497158973958334 0.6513369444444445 0.8207898447916667 0.6514338657407408
4 0.8803606687500001 0.6511744583333333 0.8803062661458333 0.6603905361111111 0.904678621875 0.6607725203703704 0.9048357848958334 0.6513226907407407 0.8803606687500001 0.6511744583333333
4 0.9177815838541666 0.6352993157407407 0.9247733223958333 0.6352194981481482 0.9244892203125 0.594432725 0.9179185973958333 0.5945011398148148 0.9177815838541666 0.6352993157407407
4 0.9176425546875 0.5586031925925925 0.9246886963541667 0.5586031925925925 0.9246705619791666 0.5179960092592593 0.9180294177083332 0.5180473203703703 0.9176425546875 0.5586031925925925
4 0.9180435218749999 0.48340649907407407 0.9246463833333334 0.48340649907407407 0.9244448921875 0.44899657962962963 0.9182047151041667 0.44899657962962963 0.9180435218749999 0.48340649907407407
4 0.8787809791666666 0.3490279361111111 0.8788273223958334 0.35832383148148145 0.9030364697916667 0.3583922462962963 0.9031331854166668 0.3490279361111111 0.8787809791666666 0.3490279361111111
4 0.77103969375 0.3958238314814815 0.7712008864583333 0.4051653361111111 0.8003949223958333 0.4051653361111111 0.8005158171875001 0.39588084351851854 0.77103969375 0.3958238314814815
3 0.7060185369791667 0.35380843796296296 0.6880616562499999 0.3536459518518519 0.6880616562499999 0.3582012546296296 0.7060306265625 0.35832953240740745 0.7060185369791667 0.35380843796296296
3 0.6909933510416667 0.35828962407407405 0.6880072536458334 0.35828962407407405 0.6883094901041668 0.449204675 0.6910094703124999 0.4492360314814815 0.6909933510416667 0.35828962407407405
3 0.6910759619791667 0.5587428731481482 0.6880576265625 0.5587770805555555 0.6880495666666667 0.6630758268518518 0.6912230505208333 0.6630758268518518 0.6910759619791667 0.5587428731481482
3 0.6913016322916667 0.6583437851851852 0.6913016322916667 0.6631698972222222 0.7044731010416666 0.663013112962963 0.7044952651041666 0.6584207527777778 0.6913016322916667 0.6583437851851852
3 0.7289320973958334 0.6582554157407408 0.7288696354166666 0.6633352333333333 0.7443582510416668 0.6632012546296296 0.7442655651041666 0.6582896240740741 0.7289320973958334 0.6582554157407408
3 0.7590529921875 0.6515136833333334 0.741188796875 0.6513996583333334 0.7411505140625 0.6556100342592593 0.7590711265625 0.6554703537037037 0.7590529921875 0.6515136833333334
3 0.7411767078125 0.6557041046296297 0.741162603125 0.6582212083333333 0.7440499697916666 0.658241162962963 0.7440217609374999 0.6556470925925926 0.7411767078125 0.6557041046296297
3 0.7884505338541667 0.6516932722222223 0.7885190411458333 0.6556014824074075 0.8206991739583334 0.655795325 0.8207112635416667 0.6516932722222223 0.7884505338541667 0.6516932722222223
3 0.8498871651041667 0.6514139111111111 0.8498871651041667 0.6559236027777777 0.8802820874999999 0.6558038768518518 0.88025589375 0.6514139111111111 0.8498871651041667 0.6514139111111111
3 0.9049526494791666 0.6515193842592593 0.9049042916666666 0.6559036490740741 0.9211706630208333 0.6556071833333333 0.9210779770833334 0.6514509694444445 0.9049526494791666 0.6515193842592593
3 0.9179085229166667 0.6512884833333333 0.9210779770833334 0.6513198407407408 0.9211343942708333 0.6354789055555555 0.9177835984375 0.6354760546296296 0.9179085229166667 0.6512884833333333
3 0.9176727786458333 0.5944270240740741 0.921162603125 0.594378562962963 0.9210537979166666 0.5587257694444444 0.9176707635416667 0.5588055870370371 0.9176727786458333 0.5944270240740741
3 0.917868225 0.5179161916666666 0.9210537979166666 0.5179019388888889 0.9211343942708333 0.48352907685185187 0.9179488213541667 0.483523375 0.917868225 0.5179161916666666
3 0.9179367317708333 0.44889680740740745 0.9212613338541666 0.44893101481481484 0.9210356640625 0.353580387962963 0.9178883739583333 0.3536801592592593 0.9179367317708333 0.44889680740740745
3 0.9177997177083334 0.3584122009259259 0.9178218817708333 0.35375997685185184 0.9031916182291667 0.35376567870370373 0.9031432598958333 0.3584122009259259 0.9177997177083334 0.3584122009259259
3 0.8787326213541667 0.35839509722222224 0.8787547854166667 0.35380843796296296 0.8453294380208334 0.35371151666666667 0.8453697359375 0.35846636296296297 0.8787326213541667 0.35839509722222224
3 0.8485170260416666 0.35859464074074077 0.845410034375 0.35864025092592594 0.8455268989583333 0.46635119722222224 0.8485754583333333 0.46635119722222224 0.8485170260416666 0.35859464074074077
3 0.8453798104166667 0.40508266851851854 0.8453334677083333 0.4005017101851852 0.8005520854166667 0.4003221212962963 0.8005178317708334 0.40510547314814815 0.8453798104166667 0.40508266851851854
3 0.7711364093749999 0.4051339796296296 0.7710437234375 0.4003876851851852 0.7637759421875 0.4003249712962963 0.763717509375 0.4052166472222222 0.7711364093749999 0.4051339796296296
3 0.7304029822916667 0.3537001138888889 0.7303465645833334 0.35844925925925925 0.7638746723958333 0.35840934999999996 0.7638222848958333 0.35366020555555555 0.7304029822916667 0.3537001138888889
3 0.6909832760416666 0.483463512037037 0.687823896875 0.48354903055555554 0.6880092687499999 0.5174344351851852 0.6910296192708334 0.5174800453703704 0.6909832760416666 0.483463512037037
3 0.311585734375 0.49891676203703705 0.3084807578125 0.4988996583333334 0.3085190411458333 0.5030473203703704 0.31153939166666667 0.5031299888888889 0.311585734375 0.49891676203703705
3 0.3428208744791667 0.49874857499999997 0.3428269192708333 0.5031299888888889 0.34791456770833334 0.5031470925925926 0.34797098541666666 0.49875427592592597 0.3428208744791667 0.49874857499999997
3 0.3448901875 0.4986316990740741 0.347964940625 0.49859178981481483 0.34794882135416666 0.48523090092592586 0.3449002619791666 0.48524800462962964 0.3448901875 0.4986316990740741
3 0.3448095911458333 0.47226339814814816 0.3479407614583333 0.47226339814814816 0.34777352395833333 0.35513968055555556 0.3444207130208333 0.35513968055555556 0.3448095911458333 0.47226339814814816
3 0.34449929479166663 0.4061602055555556 0.344511384375 0.4017987453703704 0.30011485 0.40173318148148146 0.3000805963541667 0.4062343212962963 0.34449929479166663 0.4061602055555556
3 0.31044932500000005 0.4063597490740741 0.30732419895833335 0.4063597490740741 0.30734636302083335 0.4623375138888889 0.31047753385416665 0.46233181296296294 0.31044932500000005 0.4063597490740741
3 0.31057021979166666 0.4506071833333333 0.31057021979166666 0.45493443518518517 0.31938948229166664 0.45498004537037035 0.3194056015625 0.4507896240740741 0.31057021979166666 0.4506071833333333
3 0.33580092708333337 0.4506641962962963 0.33577271822916666 0.45494298703703706 0.3446725770833333 0.4548973777777778 0.3446725770833333 0.4507098064814815 0.33580092708333337 0.4506641962962963
3 0.2635321380208333 0.4016334092592592 0.26349385468750003 0.406305587037037 0.27087245625 0.406305587037037 0.27085633697916667 0.40163626018518517 0.2635321380208333 0.4016334092592592
3 0.3938424338541667 0.49166476666666664 0.39395526875000003 0.5065079814814816 0.40259721927083336 0.5065393388888889 0.40245617552083335 0.49154503981481484 0.3938424338541667 0.49166476666666664
3 0.2995808984375 0.5699743444444444 0.2996957484375 0.5848175601851853 0.30833769895833335 0.5848489166666667 0.30819464010416664 0.5698546175925926 0.2995808984375 0.5699743444444444
3 0.3934857947916666 0.5699743444444444 0.3936006447916667 0.5848175601851853 0.4022425953125 0.5848489166666667 0.40209953645833335 0.5698546175925926 0.3934857947916666 0.5699743444444444
3 0.3938464640625 0.6432896240740741 0.3939592989583333 0.6581328388888888 0.4026012494791667 0.6581641962962963 0.40245819062500005 0.6431727481481482 0.3938464640625 0.6432896240740741
3 0.2999173885416667 0.6434948685185186 0.3000302234375 0.6583380842592592 0.30867217395833335 0.6583694416666667 0.308529115625 0.6433751425925925 0.2999173885416667 0.6434948685185186
3 0.20570018125 0.650230900925926 0.20581301614583333 0.6650741166666666 0.21445496666666666 0.6651054731481482 0.21431190833333333 0.650111174074074 0.20570018125 0.650230900925926
3 0.20570018125 0.5696009120370371 0.20581301614583333 0.5844441277777778 0.21445496666666666 0.5844754842592592 0.21431190833333333 0.5694811861111111 0.20570018125 0.5696009120370371
3 0.20570018125 0.491419612037037 0.20581301614583333 0.5062628277777778 0.21445496666666666 0.5062941842592593 0.21431190833333333 0.49129988611111114 0.20570018125 0.491419612037037
3 0.20509570833333332 0.3530587231481482 0.20520854322916668 0.3679019388888889 0.21502317135416668 0.36792759444444445 0.2152992140625 0.35294754814814816 0.20509570833333332 0.3530587231481482
3 0.3937295989583333 0.35353762870370375 0.3938424338541667 0.3683808435185185 0.402484384375 0.3684122009259259 0.40234132604166667 0.35341790185185185 0.3937295989583333 0.35353762870370375
4 0.26347169062500003 0.47209806111111113 0.25698367916666665 0.4720182444444444 0.2570018135416667 0.48536202962962965 0.2633628854166667 0.4853278222222222 0.26347169062500003 0.47209806111111113
4 0.34496876875000004 0.47237457222222223 0.3450151119791667 0.485168187037037 0.3511122307291667 0.4851026222222222 0.3511223052083333 0.47231185833333333 0.34496876875000004 0.47237457222222223
4 0.27097118697916667 0.3966761685185185 0.27099335104166666 0.4055530212962963 0.2999355229166667 0.4055530212962963 0.30007656666666666 0.39673318148148146 0.27097118697916667 0.3966761685185185
2 0.3427120692708333 0.49880273703703704 0.31164416666666667 0.49868871111111107 0.31139028802083335 0.525732611111111 0.3428148296875 0.5254418472222223 0.3427120692708333 0.49880273703703704
3 0.2634334072916667 0.35522805 0.25995365729166664 0.35522805 0.260096715625 0.4719840361111111 0.2633850494791667 0.4720838083333333 0.2634334072916667 0.35522805
3 0.2633507958333333 0.4854589509259259 0.26017731197916666 0.4854903074074074 0.26014305885416666 0.5031641962962963 0.26345355625 0.5032126564814814 0.2633507958333333 0.4854589509259259
3 0.2634998994791667 0.49859178981481483 0.2635361677083333 0.503246863888889 0.29969776354166666 0.5032069555555556 0.29969776354166666 0.49885689814814815 0.2634998994791667 0.49859178981481483
3 0.2997259723958334 0.4934749148148148 0.2998388072916667 0.5083181296296296 0.3084807578125 0.508352337962963 0.3083397140625 0.4933580388888889 0.2997259723958334 0.4934749148148148
3 0.7637940760416666 0.3585404787037037 0.7603767880208333 0.3584834666666667 0.7605702197916667 0.4662029648148148 0.7636731817708333 0.4662628277777778 0.7637940760416666 0.3585404787037037
3 0.8108502921874999 0.4052109462962963 0.8078863588541666 0.4052109462962963 0.8079185973958333 0.4614652222222222 0.8109732015625001 0.4614652222222222 0.8108502921874999 0.4052109462962963
3 0.8110054401041666 0.4493643101851852 0.8110396937500001 0.4541134546296296 0.820263953125 0.4540222351851852 0.8198650010416666 0.44955530185185183 0.8110054401041666 0.4493643101851852
3 0.8366089057291667 0.44960091203703706 0.8360729395833334 0.4544441277777778 0.8454060046875 0.4542160777777778 0.8453999598958333 0.4493187 0.8366089057291667 0.44960091203703706
3 0.7636731817708333 0.4889595212962963 0.7604090265625001 0.48887970370370376 0.7603727583333334 0.5023375138888888 0.7637316140625 0.5023688712962964 0.7636731817708333 0.4889595212962963
3 0.7637880312499999 0.497668187037037 0.7638122104166667 0.5023688712962964 0.7807374572916667 0.5023688712962964 0.7807616359375 0.49774800462962965 0.7637880312499999 0.497668187037037
3 0.7967942776041668 0.4978278222222222 0.7967479348958334 0.5026083240740741 0.8123554302083333 0.5027080953703704 0.8122667739583334 0.4978278222222222 0.7967942776041668 0.4978278222222222
3 0.8283235947916666 0.49786488055555556 0.8283195645833333 0.5024173314814815 0.8455551078125 0.5024486888888889 0.8455107796875 0.4976510833333333 0.8283235947916666 0.49786488055555556
3 0.8486661291666666 0.48912770833333336 0.8454966755208333 0.4890279361111111 0.8456135401041667 0.5025142527777777 0.8485956072916667 0.5025142527777777 0.8486661291666666 0.48912770833333336
3 0.8486923234375 0.49769099166666664 0.8486721739583333 0.5025256555555556 0.9178460609375 0.5023033064814815 0.9178460609375 0.49777936111111115 0.8486923234375 0.49769099166666664
3 0.6911343942708333 0.49760262222222224 0.6911061859375 0.5023888259259259 0.7603163411458334 0.5024344351851852 0.7603163411458334 0.4975712657407408 0.6911343942708333 0.49760262222222224
3 0.805974209375 0.5028249712962963 0.8028974411458333 0.5027052453703703 0.8029135604166666 0.6515963509259259 0.8061998791666666 0.6515649944444445 0.805974209375 0.5028249712962963
3 0.6910558130208333 0.37854618055555556 0.6910558130208333 0.3810718361111111 0.703268184375 0.38127137962962965 0.7033286317708334 0.3786545037037037 0.6910558130208333 0.37854618055555556
3 0.7011343942708332 0.3775 0.7011343942708332 0.3786003416666667 0.7033024380208333 0.3786288481481481 0.7033104979166667 0.3775285064814815 0.7011343942708332 0.3775
3 0.7011666333333333 0.3583580388888889 0.7011404390625 0.3606556444444445 0.7032863187499999 0.3606556444444445 0.7033407213541667 0.3583580388888889 0.7011666333333333 0.3583580388888889
3 0.7337054203125 0.4104076398148148 0.73368325625 0.41467217777777776 0.7604191015624999 0.4145752564814815 0.7603969374999999 0.4104076398148148 0.7337054203125 0.4104076398148148
3 0.7365968166666667 0.4147576962962963 0.7336066895833333 0.4147862027777778 0.7335804958333333 0.4622092361111111 0.7366512192708333 0.4622576962962963 0.7365968166666667 0.4147576962962963
3 0.7336026598958333 0.4622748 0.7336026598958333 0.46643956666666664 0.7379246421875 0.46655359166666666 0.7378924036458333 0.46232611203703705 0.7336026598958333 0.4622748
3 0.7516421520833333 0.46234891666666666 0.7516522265625 0.4662457240740741 0.7605218619791666 0.4662143675925926 0.7605117869791667 0.4622576962962963 0.7516421520833333 0.46234891666666666
3 0.7263509973958333 0.4890051314814815 0.7236893010416666 0.48903648796296295 0.7236671369791666 0.49747719537037033 0.7263993552083333 0.49744298703703704 0.7263509973958333 0.4890051314814815
3 0.6911444692708333 0.5741619157407407 0.6912129760416666 0.5787970351851852 0.7409993953124999 0.5786003416666666 0.7409832760416666 0.5740165333333334 0.6911444692708333 0.5741619157407407
3 0.7410074552083333 0.574030787037037 0.7410880515625 0.5808238314814815 0.7441466854166666 0.5808095777777779 0.7440681041666667 0.5739823259259259 0.7410074552083333 0.574030787037037
3 0.743973403125 0.6006584944444445 0.7410820067708334 0.6006584944444445 0.7411605885416667 0.6513511972222222 0.7440479546875001 0.6513511972222222 0.743973403125 0.6006584944444445
3 0.7411122307291667 0.5547234888888889 0.7441628046875 0.5547776509259259 0.7440197463541666 0.5025313564814815 0.7411484989583333 0.5025057009259258 0.7411122307291667 0.5547234888888889
3 0.744203103125 0.5358665907407407 0.7441930286458334 0.5403876851851852 0.7807737255208332 0.540282212037037 0.7808321578124999 0.535966362962963 0.744203103125 0.5358665907407407
3 0.7779105380208333 0.5340250851851851 0.7779105380208333 0.5359064990740741 0.7806830546875 0.5359064990740741 0.7806830546875 0.5339424175925926 0.7779105380208333 0.5340250851851851
3 0.7779568807291667 0.5024515388888888 0.7779750151041667 0.5152565564814815 0.7807475317708333 0.5151995435185186 0.7807475317708333 0.5024230333333334 0.7779568807291667 0.5024515388888888
3 0.7441164619791666 0.509264537962963 0.7441164619791666 0.5123375138888889 0.7579226276041666 0.5122405925925926 0.75784203125 0.5090507407407407 0.7441164619791666 0.509264537962963
3 0.7559842838541667 0.5090336370370371 0.75784203125 0.5089994296296296 0.75784203125 0.5024942990740741 0.7559157765625 0.5024942990740741 0.7559842838541667 0.5090336370370371