1 0 0 0 1 1 1 1 0 0 0
3 0.07225468489583334 0.5902508555555556 0.0722244609375 0.5884834666666666 0.0694136609375 0.5884834666666666 0.069401571875 0.5902565564814815 0.07225468489583334 0.5902508555555556
3 0.068184565625 0.5902080953703704 0.06939351197916667 0.5902223490740741 0.06942373541666667 0.5368871148148148 0.068184565625 0.536872862037037 0.068184565625 0.5902080953703704
3 0.08561756979166667 0.5231955527777777 0.06940358645833333 0.5232183583333333 0.06938343749999999 0.5242018240740741 0.08632883333333334 0.5241989740740741 0.0863429375 0.5227651083333333 0.08562361458333334 0.5228050166666667 0.08561756979166667 0.5231955527777777
3 0.06819464010416666 0.5300883694444445 0.06939351197916667 0.5300883694444445 0.06939351197916667 0.46805872314814817 0.0681543421875 0.46803021666666667 0.06819464010416666 0.5300883694444445
3 0.06939351197916667 0.46805872314814817 0.06939351197916667 0.46979760555555555 0.07525690104166666 0.4697833527777778 0.07526697552083333 0.46805872314814817 0.06939351197916667 0.46805872314814817
3 0.06942575052083333 0.4791277083333334 0.0694136609375 0.48109464074074076 0.07526899062499999 0.481080387962963 0.07525690104166666 0.47914481203703707 0.06942575052083333 0.4791277083333334
3 0.06944388489583334 0.5092388824074073 0.06944388489583334 0.510282212037037 0.0863429375 0.5102679592592593 0.0863429375 0.5092274796296297 0.06944388489583334 0.5092388824074073
3 0.0863429375 0.5102679592592593 0.08558331666666666 0.5102907638888888 0.08561354010416666 0.5165621435185185 0.08634898229166667 0.5165763972222223 0.0863429375 0.5102679592592593
3 0.09126939375 0.556245724074074 0.09052387656250001 0.556245724074074 0.090564175 0.5631727481481482 0.0924984890625 0.5631299888888889 0.0924884140625 0.5571151657407408 0.0912996171875 0.5571151657407408 0.09126939375 0.556245724074074
3 0.09322788645833334 0.5468700111111111 0.0905500703125 0.5468500574074074 0.09055813020833334 0.548754275925926 0.09129155729166666 0.5487371722222223 0.09129155729166666 0.5479133407407407 0.09322788645833334 0.5478819842592593 0.09322788645833334 0.5468700111111111
3 0.09213983489583333 0.5468700111111111 0.0929034859375 0.5468700111111111 0.0928772921875 0.533976625 0.0921539390625 0.5339908777777778 0.09213983489583333 0.5468700111111111
3 0.0921539390625 0.5339908777777778 0.10121902083333333 0.5338939564814814 0.10119887187500001 0.532896237037037 0.09214184947916666 0.5329104907407407 0.0921539390625 0.5339908777777778
3 0.10122708020833333 0.5317303305555556 0.10124924427083333 0.5404874574074074 0.102599234375 0.5405017101851852 0.102573040625 0.531704675 0.10122708020833333 0.5317303305555556
3 0.08551279479166667 0.5011687574074074 0.08744710885416666 0.501140250925926 0.08743703385416667 0.49511117407407407 0.08547249635416666 0.49511117407407407 0.08551279479166667 0.5011687574074074
3 0.08408220833333332 0.48104332962962965 0.0854321984375 0.48107183611111115 0.08544227291666666 0.46981185833333333 0.08410235729166667 0.46979760555555555 0.08408220833333332 0.48104332962962965
3 0.08410235729166667 0.46979760555555555 0.08815232708333333 0.46981185833333333 0.08815232708333333 0.46805872314814817 0.08410235729166667 0.46805872314814817 0.08410235729166667 0.46979760555555555
3 0.09764658489583335 0.46805872314814817 0.0976083015625 0.46981185833333333 0.10331452760416666 0.46981185833333333 0.103304453125 0.46803021666666667 0.09764658489583335 0.46805872314814817
3 0.104563771875 0.46804446944444444 0.10331452760416666 0.46804446944444444 0.10334475104166667 0.5199828962962963 0.10452347395833333 0.5199828962962963 0.104563771875 0.46804446944444444
3 0.09350392916666667 0.5018443555555555 0.09349183958333333 0.5009891675925926 0.10333266145833334 0.5010119722222223 0.10331251250000001 0.49996009166666666 0.092766471875 0.5000199546296297 0.09277654635416667 0.5018728620370371 0.09350392916666667 0.5018443555555555
3 0.10455369739583334 0.5180587231481482 0.10452347395833333 0.5199828962962963 0.10550070520833334 0.5199686435185186 0.10548055625000001 0.5181014824074075 0.10455369739583334 0.5180587231481482
3 0.10334475104166667 0.5199828962962963 0.1033346765625 0.5180729759259259 0.10123916979166667 0.5180872296296296 0.10121902083333333 0.5200114027777778 0.10334475104166667 0.5199828962962963
3 0.10254886145833333 0.5199828962962963 0.10121902083333333 0.5200114027777778 0.10121902083333333 0.5233466361111111 0.10252871250000001 0.5234036490740741 0.10254886145833333 0.5199828962962963
3 0.10121902083333333 0.5200114027777778 0.10121902083333333 0.5189424175925926 0.092766471875 0.5189566703703704 0.09277654635416667 0.519940137037037 0.10121902083333333 0.5200114027777778
3 0.092766471875 0.5189566703703704 0.0935019140625 0.5189281638888888 0.09349183958333333 0.5089367157407407 0.09274632291666667 0.5089367157407407 0.092766471875 0.5189566703703704
3 0.1026294578125 0.5387685287037037 0.102599234375 0.5405017101851852 0.10909732031250001 0.540450399074074 0.10910739479166667 0.5387257694444445 0.1026294578125 0.5387685287037037
3 0.1057848078125 0.5404817555555556 0.10445496666666668 0.5404988601851852 0.10442474322916667 0.5574714935185185 0.105796896875 0.5574714935185185 0.1057848078125 0.5404817555555556
3 0.097630465625 0.5468814138888889 0.09761031614583333 0.5478933861111112 0.1044408625 0.5478791333333334 0.104448921875 0.5469241731481481 0.097630465625 0.5468814138888889
3 0.10581301614583333 0.5555872296296297 0.105796896875 0.5574714935185185 0.11876888958333334 0.5574116305555555 0.118748740625 0.5555872296296297 0.10581301614583333 0.5555872296296297
3 0.11873866614583334 0.5405359175925926 0.11876888958333334 0.5574116305555555 0.12009873072916667 0.5574116305555555 0.12008865625000001 0.5405216648148149 0.11873866614583334 0.5405359175925926
3 0.1201007453125 0.5468500574074074 0.1201108203125 0.5479190425925926 0.12693330625000002 0.5479247435185185 0.12694136614583332 0.5468814138888889 0.1201007453125 0.5468500574074074
3 0.11545839218750001 0.5387656787037037 0.11547048177083334 0.5405302166666667 0.1233165421875 0.5405159638888889 0.12332863177083334 0.5388055870370371 0.11545839218750001 0.5387656787037037
3 0.12210356614583334 0.5387827824074074 0.12332863177083334 0.5388055870370371 0.1233125125 0.5317702398148149 0.1220834171875 0.5317559861111111 0.12210356614583334 0.5387827824074074
3 0.12334273645833332 0.5328591787037037 0.12333467656250001 0.5339851768518519 0.13237759427083334 0.5339538194444444 0.13237759427083334 0.532899087962963 0.12334273645833332 0.5328591787037037
3 0.13237759427083334 0.5339538194444444 0.13162401770833335 0.5339509694444444 0.13166431614583335 0.5468928166666667 0.13237960885416666 0.5468928166666667 0.13237759427083334 0.5339538194444444
3 0.13329639322916667 0.548748575 0.1339915375 0.5487628277777777 0.1339915375 0.5468956666666667 0.13136409427083334 0.5468956666666667 0.1313520046875 0.5479076398148147 0.13328631875 0.5478933861111112 0.13329639322916667 0.548748575
3 0.13333870625 0.5563198407407407 0.133278259375 0.5571208666666666 0.13210558125 0.5571579249999999 0.13206931302083333 0.5631613453703703 0.1339915375 0.5631613453703703 0.13397944791666666 0.5563198407407407 0.13333870625 0.5563198407407407
3 0.11321781197916667 0.5733608898148148 0.11127342343749999 0.5733466361111111 0.11127342343749999 0.5884549601851852 0.11318758802083333 0.588469212962963 0.11321781197916667 0.5733608898148148
3 0.11676405416666666 0.5884977194444444 0.10777755364583334 0.5884749148148148 0.10776747916666667 0.5902793611111111 0.1167539796875 0.5902651083333333 0.11676405416666666 0.5884977194444444
3 0.12208140260416665 0.5233950972222222 0.12333870625 0.5233608898148149 0.12330243802083334 0.5180729759259259 0.12213379010416667 0.5180872296296296 0.12208140260416665 0.5233950972222222
3 0.12335079583333333 0.5189281638888888 0.12331452760416667 0.5199743444444443 0.1318013296875 0.519940137037037 0.13177715104166668 0.5189139111111111 0.12335079583333333 0.5189281638888888
3 0.12209147708333333 0.5199144814814816 0.12213379010416667 0.5180872296296296 0.11140439270833333 0.5180843787037037 0.11138021354166666 0.5199657925925926 0.12209147708333333 0.5199144814814816
3 0.12000604479166667 0.5180615731481482 0.12128752760416667 0.5180273657407407 0.12130767656250001 0.4680159638888889 0.11995768697916667 0.4680159638888889 0.12000604479166667 0.5180615731481482
3 0.13175095729166666 0.5018899657407407 0.13177110625000002 0.5000085518518519 0.12132379583333333 0.4999857472222222 0.12133387083333333 0.5010404787037037 0.13104573854166668 0.5009777648148148 0.13104573854166668 0.5018614592592592 0.13175095729166666 0.5018899657407407
3 0.13102961927083331 0.5189139111111111 0.13177715104166668 0.5189139111111111 0.13178521041666666 0.5089652222222223 0.13103969375 0.5089652222222223 0.13102961927083331 0.5189139111111111
3 0.12132782604166666 0.46807297592592595 0.12131775156249999 0.46981185833333333 0.12696554479166666 0.4697919046296296 0.12695748541666668 0.46803876851851856 0.12132782604166666 0.46807297592592595
3 0.1364094296875 0.46803306759259256 0.13639935520833332 0.4698004564814815 0.14043925052083334 0.46977195 0.14043925052083334 0.46803306759259256 0.1364094296875 0.46803306759259256
3 0.14043925052083334 0.46977195 0.13909933489583332 0.4697833527777778 0.13909933489583332 0.4811003416666666 0.14042917604166666 0.48108608888888893 0.14043925052083334 0.46977195
3 0.13904493229166667 0.49515678425925924 0.13721136406249998 0.4951396805555556 0.13721942395833334 0.5011431018518518 0.13903284322916667 0.5011830101851852 0.13904493229166667 0.49515678425925924
3 0.13819464010416666 0.5165393388888889 0.13896433593750002 0.5165820981481481 0.13896433593750002 0.5092331814814816 0.13820874479166667 0.5092531361111111 0.13819464010416666 0.5165393388888889
3 0.13896433593750002 0.5092331814814816 0.13896030625 0.5103249712962963 0.15422123697916668 0.510276511111111 0.15422123697916668 0.5092360314814814 0.13896433593750002 0.5092331814814816
3 0.13894015729166667 0.523187000925926 0.13893008281250002 0.5227736601851852 0.13820471510416665 0.5227708092592593 0.13821478958333333 0.5242388824074075 0.15420914791666668 0.5242759407407408 0.15420108802083332 0.5231898518518519 0.13894015729166667 0.523187000925926
3 0.15230707239583333 0.588526225925926 0.15230707239583333 0.5902651083333333 0.15749546666666667 0.5902080953703704 0.1574753171875 0.5884977194444444 0.15230707239583333 0.588526225925926
3 0.15422123697916668 0.5780501712962963 0.15559137604166665 0.5780929305555556 0.15557122708333332 0.46981185833333333 0.15423131145833333 0.469826112037037 0.15422123697916668 0.5780501712962963
3 0.1542151921875 0.48104332962962965 0.15420511770833334 0.47913340925925924 0.14939955677083333 0.47916191574074074 0.1493794078125 0.4810575824074074 0.1542151921875 0.48104332962962965
3 0.14944186979166665 0.46806157314814817 0.14939351197916664 0.4697890537037037 0.16037074375000002 0.4698232611111111 0.16039492239583333 0.46806157314814817 0.14944186979166665 0.46806157314814817
3 0.15560548072916666 0.4791932722222222 0.15559540624999998 0.4811003416666666 0.16038081822916667 0.48108608888888893 0.16039089270833334 0.47916191574074074 0.15560548072916666 0.4791932722222222
3 0.1555994359375 0.5092388824074073 0.15561958489583333 0.510282212037037 0.17159379427083332 0.5103078675925925 0.17157364479166667 0.5092388824074073 0.1555994359375 0.5092388824074073
3 0.17159379427083332 0.5103078675925925 0.170854321875 0.5103050166666666 0.17084424739583334 0.51659065 0.17157968958333333 0.5165621435185185 0.17159379427083332 0.5103078675925925
3 0.1708684265625 0.5227708092592593 0.1708502921875 0.5232297601851852 0.15562361458333335 0.523187000925926 0.155603465625 0.5242673888888889 0.1715655854166667 0.5242103759259259 0.171585734375 0.5227708092592593 0.1708684265625 0.5227708092592593
3 0.17065484583333335 0.4697519953703704 0.169312915625 0.46976339814814816 0.169312915625 0.481080387962963 0.17064275625 0.48106898518518515 0.17065484583333335 0.4697519953703704
3 0.169312915625 0.46976339814814816 0.17329236354166666 0.4697548462962963 0.17327221458333333 0.46804446944444444 0.16932299010416668 0.4680872296296296 0.169312915625 0.46976339814814816
3 0.17071730833333335 0.49511117407407407 0.17074551666666665 0.5011431018518518 0.17257505520833333 0.5011031925925926 0.17257505520833333 0.49511117407407407 0.17071730833333335 0.49511117407407407
3 0.17650413072916665 0.5562685287037037 0.17575659895833334 0.5562685287037037 0.17579891197916667 0.5631955527777778 0.17773322604166666 0.5631556444444444 0.17772113645833335 0.5571379703703704 0.17653233906250002 0.5571379703703704 0.17650413072916665 0.5562685287037037
3 0.17845456354166667 0.5468814138888889 0.17577674791666667 0.5468614592592592 0.1757848078125 0.5487656787037036 0.17652025 0.548751425 0.17652025 0.5479247435185185 0.17845456354166667 0.547896237037037 0.17845456354166667 0.5468814138888889
3 0.17737658697916667 0.5468671611111111 0.17814225260416666 0.5468671611111111 0.17811605885416668 0.5339709231481481 0.17739069114583333 0.5339880277777779 0.17737658697916667 0.5468671611111111
3 0.17738867604166667 0.5339908777777778 0.18645980260416667 0.5339652222222223 0.1864356234375 0.5328933861111111 0.1773786015625 0.5329104907407407 0.17738867604166667 0.5339908777777778
3 0.18645980260416667 0.5317360314814814 0.18644569791666665 0.5386830101851852 0.1876788234375 0.5386972629629629 0.18765464427083334 0.5317502851851852 0.18645980260416667 0.5317360314814814
3 0.1943481765625 0.5387685287037037 0.18644569791666665 0.5386830101851852 0.18646987708333332 0.5404931583333333 0.19433810208333335 0.5405216648148149 0.1943481765625 0.5387685287037037
3 0.19101551458333335 0.5405273657407407 0.18967761458333332 0.5405273657407407 0.1896614953125 0.5574686435185185 0.1910437234375 0.5574686435185185 0.19101551458333335 0.5405273657407407
3 0.19105379791666666 0.5555729759259259 0.1910437234375 0.5574686435185185 0.20399959687500002 0.557440137037037 0.20399959687500002 0.5555729759259259 0.19105379791666666 0.5555729759259259
3 0.18965545052083332 0.5479047888888888 0.18965545052083332 0.5468358037037037 0.18284505364583334 0.5468643101851852 0.18284505364583334 0.547890536111111 0.18965545052083332 0.5479047888888888
3 0.20399959687500002 0.557440137037037 0.20535966145833334 0.557440137037037 0.20530928854166666 0.5405074120370371 0.20400967135416667 0.5405359175925926 0.20399959687500002 0.557440137037037
3 0.20070320364583333 0.5387428731481482 0.2006830546875 0.5405245157407408 0.20856135416666666 0.5404703537037037 0.20856135416666666 0.5387314712962963 0.20070320364583333 0.5387428731481482
3 0.20724360260416666 0.5387115166666667 0.20856135416666666 0.5387314712962963 0.20857344322916666 0.5317702398148149 0.20722345364583333 0.5317559861111111 0.20724360260416666 0.5387115166666667
3 0.20859359270833336 0.532896237037037 0.20859359270833336 0.5339367157407408 0.2176083015625 0.5339196120370371 0.2176083015625 0.5329218925925926 0.20859359270833336 0.532896237037037
3 0.2176083015625 0.5339196120370371 0.2168849484375 0.5339367157407408 0.2168849484375 0.5468785629629629 0.21765061458333335 0.5468643101851852 0.2176083015625 0.5339196120370371
3 0.21850292187499998 0.548751425 0.21924843854166667 0.5487799314814815 0.21923030416666667 0.5468985175925926 0.21658875677083333 0.5468985175925926 0.21658875677083333 0.547896237037037 0.21849284687499998 0.5478791333333334 0.21850292187499998 0.548751425
3 0.20535563177083332 0.5468415055555556 0.20533749739583335 0.5479503990740741 0.21205520833333333 0.5479361462962963 0.21206528333333333 0.5468557583333333 0.20535563177083332 0.5468415055555556
3 0.19290953072916667 0.5885062712962963 0.19289744114583335 0.5902793611111111 0.20197461197916666 0.5903221212962964 0.20200685052083334 0.588463512037037 0.19290953072916667 0.5885062712962963
3 0.196564578125 0.5884549601851852 0.19847874270833332 0.588469212962963 0.1984706828125 0.57340935 0.19655651822916667 0.57340935 0.196564578125 0.5884549601851852
3 0.2185412046875 0.5563312425925926 0.21848277239583333 0.5571351194444444 0.21731009479166669 0.5571693268518518 0.2172738265625 0.5631727481481482 0.21919605052083335 0.5631727481481482 0.21918396145833335 0.5563312425925926 0.2185412046875 0.5563312425925926
3 0.1864577875 0.5180530212962963 0.186449728125 0.5199629416666667 0.19829135625 0.5199515388888888 0.19829135625 0.5181043333333334 0.1864577875 0.5180530212962963
3 0.18766471875 0.5199828962962963 0.186449728125 0.5199629416666667 0.18645577291666668 0.5234036490740741 0.18767680833333333 0.5234207527777778 0.18766471875 0.5199828962962963
3 0.186449728125 0.5199629416666667 0.18645980260416667 0.5189424175925926 0.17874269583333333 0.5189709231481482 0.17875277031249998 0.519997149074074 0.186449728125 0.5199629416666667
3 0.17798710468749998 0.5199828962962963 0.17875277031249998 0.519997149074074 0.17871247239583335 0.5089794759259259 0.17799717916666669 0.5089794759259259 0.17798710468749998 0.5199828962962963
3 0.18846463854166667 0.5180330675925926 0.18979447916666667 0.5180216648148148 0.18981462812500002 0.46807297592592595 0.18846463854166667 0.46807297592592595 0.18846463854166667 0.5180330675925926
3 0.17871247239583335 0.5018529074074074 0.17873262135416665 0.5009692129629629 0.188466653125 0.5009977194444445 0.18844650416666667 0.4999429870370371 0.17794680625 0.4999857472222222 0.17797703020833333 0.5018671611111111 0.17871247239583335 0.5018529074074074
3 0.18282893385416665 0.46806442407407406 0.1828591578125 0.4697890537037037 0.1884444890625 0.469826112037037 0.1884444890625 0.46807297592592595 0.18282893385416665 0.46806442407407406
3 0.20644771302083334 0.46804446944444444 0.20517831979166665 0.46804446944444444 0.20521861770833333 0.5180872296296296 0.20642756406249999 0.5180729759259259 0.20644771302083334 0.46804446944444444
3 0.20857545833333332 0.518124287037037 0.2043058635416667 0.5180929305555555 0.20428168437500002 0.5199828962962963 0.20853516041666667 0.5199885972222222 0.20857545833333332 0.518124287037037
3 0.21702599218750002 0.5018671611111111 0.21703606666666667 0.4999857472222222 0.20643562343750002 0.4999714935185185 0.20644569791666667 0.5010262259259259 0.21629055 0.5010262259259259 0.21628047552083332 0.5018671611111111 0.21702599218750002 0.5018671611111111
3 0.20856336875 0.5189424175925926 0.20853516041666667 0.5199885972222222 0.21628047552083332 0.5199686435185186 0.21628047552083332 0.5189566703703704 0.20856336875 0.5189424175925926
3 0.21628047552083332 0.5199686435185186 0.21702599218750002 0.5199828962962963 0.21699576874999998 0.5089794759259259 0.21625025208333334 0.5089652222222223 0.21628047552083332 0.5199686435185186
3 0.20853516041666667 0.5199885972222222 0.20725367708333334 0.519997149074074 0.20722345364583333 0.5233751425925925 0.20855329427083333 0.5233608898148149 0.20853516041666667 0.5199885972222222
3 0.23753576458333334 0.5884977194444444 0.23755792864583333 0.5902508555555556 0.2426052791666667 0.5902508555555556 0.24261535364583334 0.5884834666666666 0.23753576458333334 0.5884977194444444
3 0.23945194427083333 0.5780929305555556 0.2406911140625 0.5780644240740741 0.24065081614583334 0.46981185833333333 0.23948216822916668 0.46981185833333333 0.23945194427083333 0.5780929305555556
3 0.23454563750000001 0.46978050185185183 0.24563771927083333 0.46978050185185183 0.24563771927083333 0.46805872314814817 0.2345557125 0.468070125 0.23454563750000001 0.46978050185185183
3 0.20645778750000002 0.46805872314814817 0.20645778750000002 0.46976909907407405 0.212097521875 0.4697377425925926 0.212097521875 0.468070125 0.20645778750000002 0.46805872314814817
3 0.22163207760416667 0.46805872314814817 0.22165424114583335 0.46979760555555555 0.22435220625 0.46976909907407405 0.22436429583333334 0.46804161944444445 0.22163207760416667 0.46805872314814817
3 0.22436429583333334 0.46804161944444445 0.22435019166666667 0.4810575824074074 0.22557928697916668 0.48107183611111115 0.22557928697916668 0.46807297592592595 0.22436429583333334 0.46804161944444445
3 0.22235945989583333 0.49512542777777774 0.22232722135416666 0.5011545037037036 0.22428369947916668 0.5011545037037036 0.22426355052083335 0.49512542777777774 0.22235945989583333 0.49512542777777774
3 0.239453959375 0.5103306731481481 0.239453959375 0.5092189277777778 0.22416079010416665 0.5092303305555556 0.22417086458333332 0.5102594074074074 0.239453959375 0.5103306731481481
3 0.22416079010416665 0.5092303305555556 0.22344348177083334 0.5092217787037037 0.22343340729166666 0.516533637037037 0.22416884947916668 0.5165478907407407 0.22416079010416665 0.5092303305555556
3 0.22418295364583332 0.5232240592592593 0.22417489427083334 0.5227708092592593 0.2234313921875 0.5227993157407407 0.22346161614583335 0.5242531361111111 0.23944791458333334 0.5242303305555556 0.23946806354166666 0.5232041046296296 0.22418295364583332 0.5232240592592593
3 0.2560024177083333 0.522782212037037 0.25597219427083334 0.5231813 0.24070521875 0.5232126564814814 0.24069514427083333 0.5242388824074075 0.25670763645833333 0.5242075259259259 0.25669756197916666 0.522782212037037 0.2560024177083333 0.522782212037037
3 0.255974209375 0.5165735462962964 0.2567096515625 0.5165478907407407 0.2567156963541667 0.5092559861111111 0.2559802536458333 0.5092559861111111 0.255974209375 0.5165735462962964
3 0.255974209375 0.5102622574074075 0.2559802536458333 0.5092559861111111 0.24071126354166666 0.5092360314814814 0.24068103958333334 0.510276511111111 0.255974209375 0.5102622574074075
3 0.23453757812499998 0.4791989740740741 0.23453757812499998 0.48106613425925926 0.23944388489583332 0.48106613425925926 0.23946201874999998 0.4791761685185185 0.23453757812499998 0.4791989740740741
3 0.2406830546875 0.4791676166666667 0.2406830546875 0.48106613425925926 0.24563973385416665 0.48106613425925926 0.245629659375 0.4791989740740741 0.2406830546875 0.4791676166666667
3 0.25853113020833335 0.4698232611111111 0.2585412046875 0.4680872296296296 0.2545516822916667 0.468070125 0.2545416078125 0.46978050185185183 0.25853113020833335 0.4698232611111111
3 0.2557928671875 0.4697833527777778 0.2545416078125 0.46978050185185183 0.254563771875 0.48107183611111115 0.25580294166666667 0.48108608888888893 0.2557928671875 0.4697833527777778
3 0.25783195625 0.4951453824074074 0.25587749322916664 0.4951168759259259 0.25586943385416666 0.5011316990740741 0.25781382239583334 0.5011602055555555 0.25783195625 0.4951453824074074
3 0.26805964114583336 0.46810433333333334 0.26808986510416666 0.469826112037037 0.2737154947916667 0.469826112037037 0.2737054203125 0.46805872314814817 0.26805964114583336 0.46810433333333334
3 0.27504533541666665 0.46804446944444444 0.2737054203125 0.46807297592592595 0.2736953453125 0.5180302166666666 0.2750554098958334 0.5180302166666666 0.27504533541666665 0.46804446944444444
3 0.26385250833333335 0.5018671611111111 0.26386258333333334 0.5009692129629629 0.2736570625 0.5010062712962963 0.27366512187500003 0.4999572407407407 0.263137215625 0.49999144814814817 0.26316945416666665 0.501875712962963 0.26385250833333335 0.5018671611111111
3 0.27585331458333334 0.5199543898148148 0.27584324010416666 0.5180587231481482 0.271611928125 0.5181014824074075 0.271611928125 0.5199543898148148 0.27585331458333334 0.5199543898148148
3 0.2729095307291667 0.5199543898148148 0.271611928125 0.5199543898148148 0.2716199880208333 0.5234179018518519 0.2728994557291667 0.5234321546296297 0.2729095307291667 0.5199543898148148
3 0.271611928125 0.5199543898148148 0.2716099135416667 0.5189566703703704 0.26386258333333334 0.5189709231481482 0.2638726578125 0.519940137037037 0.271611928125 0.5199543898148148
3 0.26311706614583336 0.5199258833333333 0.2638726578125 0.519940137037037 0.26385250833333335 0.5089794759259259 0.26314729010416665 0.5089794759259259 0.26311706614583336 0.5199258833333333
3 0.27160588333333335 0.5317759407407406 0.2716099135416667 0.5405216648148149 0.2729659479166667 0.5404988601851852 0.2729095307291667 0.531764537962963 0.27160588333333335 0.5317759407407406
3 0.27160588333333335 0.5339253138888889 0.27160588333333335 0.5328677305555556 0.2625448317708333 0.532899087962963 0.2625448317708333 0.5339538194444444 0.27160588333333335 0.5339253138888889
3 0.263268184375 0.5339509694444444 0.2625448317708333 0.5339538194444444 0.26251259322916665 0.5468500574074074 0.2632379609375 0.5468643101851852 0.263268184375 0.5339509694444444
3 0.2616602859375 0.5479019388888889 0.26356437656250004 0.5478876851851852 0.26357042135416664 0.5468643101851852 0.26090469479166667 0.5468899657407408 0.26090469479166667 0.5487713796296296 0.26164013697916666 0.5487428731481481 0.2616602859375 0.5479019388888889
3 0.27296997760416664 0.5387970351851852 0.2729659479166667 0.5404988601851852 0.27959903281250004 0.5404789055555556 0.27960910729166666 0.5387685287037037 0.27296997760416664 0.5387970351851852
3 0.27614144687500003 0.5405245157407408 0.2749123515625 0.5405131129629629 0.27489421718749996 0.5574515388888889 0.2761333869791667 0.5574686435185185 0.27614144687500003 0.5405245157407408
3 0.27489421718749996 0.547890536111111 0.2749042916666667 0.5468215509259259 0.26807979062500004 0.5468500574074074 0.26807979062500004 0.5479047888888888 0.27489421718749996 0.547890536111111
3 0.2616320776041667 0.5562599768518518 0.26088857552083333 0.5562599768518518 0.26092685885416667 0.5631870009259259 0.2628631875 0.5631442416666667 0.2628531130208333 0.5571294185185186 0.26166230104166666 0.5571294185185186 0.2616320776041667 0.5562599768518518
3 0.27614144687500003 0.5555330675925926 0.2761333869791667 0.5574686435185185 0.2891154541666667 0.5574201824074073 0.2891033651041666 0.555567275 0.27614144687500003 0.5555330675925926
3 0.2891154541666667 0.5574201824074073 0.29045939947916666 0.557440137037037 0.2904191015625 0.5405359175925926 0.28909933489583334 0.5405359175925926 0.2891154541666667 0.5574201824074073
3 0.2904714890625 0.5468586092592592 0.2904795484375 0.5479418472222223 0.29731412447916666 0.5479218925925926 0.29732419895833334 0.5468785629629629 0.2904714890625 0.5468586092592592
3 0.285823090625 0.5387599768518518 0.285823090625 0.5405131129629629 0.2937920614583333 0.5405131129629629 0.2937920614583333 0.5387599768518518 0.285823090625 0.5387599768518518
3 0.2924944588541667 0.5387400231481482 0.2937920614583333 0.5387599768518518 0.29381422552083336 0.5317844925925926 0.292484384375 0.5317417333333333 0.2924944588541667 0.5387400231481482
3 0.29384444895833334 0.5328876851851851 0.29381221041666666 0.5339851768518519 0.30209550677083336 0.5339566703703704 0.30209550677083336 0.5328677305555556 0.29384444895833334 0.5328876851851851
3 0.30209550677083336 0.5328677305555556 0.30213580520833333 0.5468500574074074 0.30274027812500004 0.5468358037037037 0.30276042708333334 0.5328677305555556 0.30209550677083336 0.5328677305555556
3 0.3036429578125 0.5487599768518518 0.30436026614583334 0.5487742305555555 0.30436026614583334 0.5468785629629629 0.3018013296875 0.5468643101851852 0.3018013296875 0.5479190425925926 0.3036328833333333 0.5479047888888888 0.3036429578125 0.5487599768518518
3 0.3036570625 0.5562998861111111 0.30368527083333335 0.5571094638888889 0.3025125932291666 0.5571408212962963 0.302476325 0.5631470925925925 0.30439854947916667 0.5631470925925925 0.30438645989583335 0.556305587037037 0.3036570625 0.5562998861111111
3 0.2817549869791666 0.5884549601851852 0.28362885364583335 0.5884549601851852 0.28360870416666667 0.5734749148148148 0.28176304635416666 0.5734720638888889 0.2817549869791666 0.5884549601851852
3 0.28722143854166665 0.588466362962963 0.2781684463541667 0.5884920185185185 0.278158371875 0.5902508555555556 0.28723554322916667 0.5902651083333333 0.28722143854166665 0.588466362962963
3 0.28186580677083334 0.5180986314814815 0.28188595625 0.5199657925925926 0.290378803125 0.519940137037037 0.29036872864583335 0.5180929305555555 0.28186580677083334 0.5180986314814815
3 0.2903485796875 0.46804446944444444 0.290378803125 0.519940137037037 0.29166834583333334 0.5199543898148148 0.29166834583333334 0.46805872314814817 0.2903485796875 0.46804446944444444
3 0.29166834583333334 0.5199543898148148 0.2937638526041667 0.5199543898148148 0.29379407604166663 0.5180729759259259 0.2916985692708333 0.5180872296296296 0.29166834583333334 0.5199543898148148
3 0.2937638526041667 0.5199543898148148 0.2924743098958333 0.5199543898148148 0.29244408645833336 0.5233893953703703 0.29379407604166663 0.5233893953703703 0.2937638526041667 0.5199543898148148
3 0.29380415052083336 0.5189281638888888 0.2937638526041667 0.5199543898148148 0.3015111828125 0.5199543898148148 0.3015111828125 0.5189139111111111 0.29380415052083336 0.5189281638888888
3 0.3015111828125 0.5199543898148148 0.30224662500000005 0.519940137037037 0.30226677395833335 0.5089652222222223 0.3015011083333333 0.5089652222222223 0.3015111828125 0.5199543898148148
3 0.3022849083333333 0.5018443555555555 0.3022969979166667 0.49996294166666666 0.2916965546875 0.49995153888888894 0.2917066291666667 0.5010034203703704 0.30155148072916665 0.5010034203703704 0.30154140625000003 0.5018443555555555 0.3022849083333333 0.5018443555555555
3 0.2916884947916667 0.46807297592592595 0.29166834583333334 0.46979760555555555 0.29731412447916666 0.4697862027777778 0.29732419895833334 0.46807582685185184 0.2916884947916667 0.46807297592592595
3 0.3068527098958333 0.468070125 0.3068527098958333 0.4698232611111111 0.30946201874999996 0.46976909907407405 0.30946201874999996 0.468070125 0.3068527098958333 0.468070125
3 0.30946201874999996 0.468070125 0.30948015312500005 0.48108608888888893 0.31082006875 0.48108608888888893 0.31082006875 0.4680872296296296 0.30946201874999996 0.468070125
3 0.3095043322916667 0.4951225768518519 0.30754986927083333 0.49509407037037034 0.30753979427083333 0.5011088935185185 0.3094821682291667 0.5011374 0.3095043322916667 0.4951225768518519
3 0.3245617567708334 0.5780786768518519 0.3259318958333333 0.5781214370370371 0.3259218213541667 0.46979760555555555 0.32458190625 0.46981185833333333 0.3245617567708334 0.5780786768518519
3 0.32783598645833334 0.588526225925926 0.3226496072916667 0.588469212962963 0.32266774114583335 0.5902651083333333 0.32783598645833334 0.5902223490740741 0.32783598645833334 0.588526225925926
3 0.309286721875 0.523184150925926 0.3092766473958333 0.5227252 0.308537175 0.5227565564814814 0.30856538385416665 0.5242103759259259 0.32455369739583334 0.5241875712962962 0.32457384635416664 0.5231613453703704 0.309286721875 0.523184150925926
3 0.3085613541666667 0.516533637037037 0.30931694531250004 0.5165621435185185 0.30926657239583333 0.5103021666666667 0.30854321979166666 0.5103192703703704 0.3085613541666667 0.516533637037037
3 0.30854321979166666 0.5092360314814814 0.30854321979166666 0.5103192703703704 0.3245617567708334 0.5102480046296297 0.3245718317708333 0.5092217787037037 0.30854321979166666 0.5092360314814814
3 0.3412170057291667 0.522782212037037 0.3412170057291667 0.5232098064814815 0.32594600052083333 0.5232183583333333 0.32595607499999996 0.5243015962962962 0.3419544630208333 0.5242502851851851 0.3419443885416667 0.5227679592592592 0.3412170057291667 0.522782212037037
3 0.3259399557291667 0.5092360314814814 0.3259399557291667 0.5102622574074075 0.3412008864583333 0.5102708092592593 0.3411908119791667 0.5092303305555556 0.3259399557291667 0.5092360314814814
3 0.3411908119791667 0.5092303305555556 0.3412049161458333 0.516533637037037 0.3419605078125 0.5165621435185185 0.34195043333333336 0.5092360314814814 0.3411908119791667 0.5092303305555556
3 0.32457787604166666 0.4810490305555556 0.32457787604166666 0.4791391101851852 0.31975216614583335 0.4791676166666667 0.31976224062499997 0.4810775370370371 0.32457787604166666 0.4810490305555556
3 0.32594801510416666 0.4791533638888889 0.32594801510416666 0.48109178981481476 0.3308946203125 0.48103477777777776 0.3308744708333334 0.4791961231481482 0.32594801510416666 0.4791533638888889
3 0.31976425572916667 0.4697919046296296 0.3308764859375 0.46977765092592594 0.3308684265625 0.4680530212962963 0.31975418072916667 0.4680530212962963 0.31976425572916667 0.4697919046296296
3 0.3437719119791666 0.4698004564814815 0.3437719119791666 0.46806157314814817 0.33969171875 0.4680473203703704 0.33969171875 0.46977195 0.3437719119791666 0.4698004564814815
3 0.3410336489583334 0.4697833527777778 0.33969171875 0.46977195 0.3396836588541667 0.48107183611111115 0.34101349999999997 0.48107183611111115 0.3410336489583334 0.4697833527777778
3 0.34306266354166665 0.4952052453703704 0.3411082005208333 0.4951767388888889 0.34109812604166667 0.501191562037037 0.3430425145833333 0.5012200685185185 0.34306266354166665 0.4952052453703704
3 0.35322587135416667 0.4680530212962963 0.3532560953125 0.46977765092592594 0.35883538177083335 0.46979760555555555 0.35884545625000003 0.46807297592592595 0.35322587135416667 0.4680530212962963
3 0.360185371875 0.46807297592592595 0.3588656057291667 0.46804446944444444 0.3588656057291667 0.5180444694444445 0.36012492447916666 0.5180587231481482 0.360185371875 0.46807297592592595
3 0.3490812010416667 0.501821550925926 0.3490711265625 0.5009777648148148 0.3588434416666667 0.5011088935185185 0.3588434416666667 0.499940137037037 0.34837598229166666 0.4999971490740741 0.3483860567708333 0.5018643101851852 0.3490812010416667 0.501821550925926
3 0.36872859166666666 0.5180615731481482 0.35685069531249997 0.5181014824074075 0.35682853124999997 0.5199686435185186 0.36872859166666666 0.5199857472222222 0.36872859166666666 0.5180615731481482
3 0.35813016302083334 0.5199686435185186 0.35682853124999997 0.5199686435185186 0.35684062083333334 0.5233893953703703 0.35812008854166666 0.5234036490740741 0.35813016302083334 0.5199686435185186
3 0.35682853124999997 0.5199686435185186 0.35685069531249997 0.5189139111111111 0.3491033651041667 0.5189281638888888 0.3490932901041666 0.5199686435185186 0.35682853124999997 0.5199686435185186
3 0.3483679223958333 0.5199543898148148 0.3490932901041666 0.5199686435185186 0.3491033651041667 0.5089509694444445 0.3483578479166667 0.5089794759259259 0.3483679223958333 0.5199543898148148
3 0.34691114270833334 0.5479218925925926 0.3488152328125 0.5479076398148147 0.3488232921875 0.5468842648148148 0.3461555510416667 0.5469099203703705 0.3461555510416667 0.5487913342592593 0.34689099322916667 0.5487628277777777 0.34691114270833334 0.5479218925925926
3 0.34775135989583333 0.5468671611111111 0.3484868020833333 0.5468557583333333 0.3485049364583333 0.5339452675925926 0.34773927083333334 0.5339452675925926 0.34775135989583333 0.5468671611111111
3 0.34774330052083335 0.532896237037037 0.34773927083333334 0.5339452675925926 0.3568003223958333 0.5338939564814814 0.35683054583333335 0.532896237037037 0.34774330052083335 0.532896237037037
3 0.3568224864583333 0.5317559861111111 0.3568224864583333 0.5404760546296297 0.3582429984375 0.5405045611111111 0.3581644166666667 0.5317417333333333 0.3568224864583333 0.5317559861111111
3 0.3582611322916666 0.5387542759259258 0.3582429984375 0.5405045611111111 0.3646886963541667 0.5404931583333333 0.36471891979166665 0.5387400231481482 0.3582611322916666 0.5387542759259258
3 0.36133185572916665 0.540510262037037 0.36004231302083334 0.5404931583333333 0.36004231302083334 0.5555131129629629 0.36138222864583336 0.5555444694444445 0.36133185572916665 0.540510262037037
3 0.36002619374999995 0.5479418472222223 0.36004432812500003 0.5468586092592592 0.35320370729166667 0.5468443555555556 0.3531936328125 0.5479133407407407 0.36002619374999995 0.5479418472222223
3 0.37571025572916666 0.5555729759259259 0.36004231302083334 0.5555131129629629 0.36005440260416666 0.5574543898148149 0.37571025572916666 0.557440137037037 0.37571025572916666 0.5555729759259259
3 0.34688696354166665 0.5562599768518518 0.34614144687500004 0.5562599768518518 0.3461817447916667 0.5631870009259259 0.3481160588541667 0.5631442416666667 0.34810598437499995 0.5571294185185186 0.3469171869791667 0.5571294185185186 0.34688696354166665 0.5562599768518518
3 0.36339512395833334 0.5884834666666666 0.36335885572916665 0.5902366018518518 0.37237557916666664 0.5902651083333333 0.37237960885416665 0.5885148231481482 0.36339512395833334 0.5884834666666666
3 0.36687890364583337 0.5885091222222222 0.36884344166666666 0.5884948685185185 0.36881926249999997 0.5734179018518518 0.3669353213541667 0.5733893953703704 0.36687890364583337 0.5885091222222222
3 0.388837396875 0.556305587037037 0.38886359062500003 0.5571123148148148 0.3876929276041666 0.5571465222222223 0.38765464427083335 0.5631499425925927 0.38957686874999997 0.5631499425925927 0.38956477916666665 0.556308437962963 0.388837396875 0.556305587037037
3 0.38887366510416665 0.5487599768518518 0.3895909734375 0.5487742305555555 0.3895909734375 0.5468785629629629 0.38697360468750003 0.5468785629629629 0.38697360468750003 0.5479190425925926 0.38886359062500003 0.5479047888888888 0.38887366510416665 0.5487599768518518
3 0.3872738265625 0.5468643101851852 0.38798911927083335 0.5468215509259259 0.38797501510416665 0.5329275944444444 0.3872294984375 0.5329389962962963 0.3872738265625 0.5468643101851852
3 0.3872355432291667 0.5339509694444444 0.3872294984375 0.5329389962962963 0.3789240380208333 0.5328677305555556 0.3789139635416667 0.533922462962963 0.3872355432291667 0.5339509694444444
3 0.37436026614583334 0.5555587231481481 0.37571025572916666 0.5555729759259259 0.37571025572916666 0.5405074120370371 0.374370340625 0.5405074120370371 0.37436026614583334 0.5555587231481481
3 0.37105379791666665 0.5405017101851852 0.378952246875 0.5404589509259259 0.3789341125 0.5387970351851852 0.3710235744791667 0.5387770805555555 0.37105379791666665 0.5405017101851852
3 0.37572839010416664 0.5468785629629629 0.37572839010416664 0.5479475481481482 0.38255087656250003 0.547890536111111 0.38255087656250003 0.5468643101851852 0.37572839010416664 0.5468785629629629
3 0.3789341125 0.5387970351851852 0.3788938140625 0.5317559861111111 0.377594196875 0.5317559861111111 0.3776143463541667 0.5387827824074074 0.3789341125 0.5387970351851852
3 0.37890791875 0.5180843787037037 0.3746645171875 0.5180843787037037 0.3746645171875 0.519880274074074 0.37893612708333335 0.5199800453703703 0.37890791875 0.5180843787037037
3 0.37893612708333335 0.5199800453703703 0.377594196875 0.5199828962962963 0.37757404791666666 0.5234321546296297 0.3789441869791667 0.5234179018518519 0.37893612708333335 0.5199800453703703
3 0.37895426145833333 0.5189709231481482 0.37893612708333335 0.5199800453703703 0.3866713682291667 0.5199686435185186 0.38666129374999997 0.5188996583333334 0.37895426145833333 0.5189709231481482
3 0.3866713682291667 0.5199686435185186 0.3873967359375 0.5199828962962963 0.3873967359375 0.5089652222222223 0.38665121927083335 0.5089794759259259 0.3866713682291667 0.5199686435185186
3 0.3755893614583333 0.5180672749999999 0.37690912760416667 0.5181100342592593 0.376899053125 0.46805872314814817 0.37556921197916665 0.46807297592592595 0.3755893614583333 0.5180672749999999
3 0.3873967359375 0.5018529074074074 0.38740681041666664 0.4999714935185185 0.3769131572916667 0.4999857472222222 0.3769232317708333 0.5010376287037037 0.38665121927083335 0.5010262259259259 0.38664114427083335 0.5018671611111111 0.3873967359375 0.5018529074074074
3 0.37692927656249997 0.46807297592592595 0.37690912760416667 0.46979760555555555 0.3825589359375 0.46976339814814816 0.38255087656250003 0.4680530212962963 0.37692927656249997 0.46807297592592595
3 0.3920370744791667 0.46804161944444445 0.39200685052083334 0.46978050185185183 0.3960568203125 0.46972348888888893 0.3960568203125 0.4681128851851852 0.3920370744791667 0.46804161944444445
3 0.3960568203125 0.46972348888888893 0.39471086041666664 0.4697548462962963 0.394731009375 0.4811145953703703 0.39604070104166667 0.48108608888888893 0.3960568203125 0.46972348888888893
3 0.39267781562500004 0.49510832407407407 0.3927181140625 0.501194412962963 0.39462220416666666 0.501194412962963 0.3946504130208333 0.49511117407407407 0.39267781562500004 0.49510832407407407
3 0.40799919427083337 0.5780786768518519 0.40802941770833334 0.5799743444444445 0.41078984479166664 0.5799315851851852 0.41077171041666666 0.5780986314814816 0.40799919427083337 0.5780786768518519
3 0.41076969583333334 0.5902366018518518 0.4120793875 0.5902366018518518 0.4120894619791667 0.536872862037037 0.410739471875 0.5369156212962963 0.41076969583333334 0.5902366018518518
3 0.39452750364583333 0.522787912962963 0.3938021359375 0.522787912962963 0.39381422552083334 0.5242075259259259 0.4107193229166667 0.5242873435185185 0.410739471875 0.5232183583333333 0.3945395932291667 0.5232155074074074 0.39452750364583333 0.522787912962963
3 0.410739471875 0.5301026222222223 0.4120693130208333 0.5301168759259259 0.41205923854166665 0.5102907638888888 0.410739471875 0.5102622574074075 0.410739471875 0.5301026222222223
3 0.41205923854166665 0.5102907638888888 0.4120793875 0.509264537962963 0.39454966770833333 0.5092360314814814 0.39456981666666663 0.5102622574074075 0.41205923854166665 0.5102907638888888
3 0.39454966770833333 0.5092360314814814 0.3938243 0.509264537962963 0.39380415052083334 0.51659065 0.39452951822916665 0.51659065 0.39454966770833333 0.5092360314814814
3 0.41075962135416666 0.5092217787037037 0.4120793875 0.509264537962963 0.41204916406250003 0.46976909907407405 0.41072939739583336 0.46979760555555555 0.41075962135416666 0.5092217787037037
3 0.40498690312499996 0.4697833527777778 0.41204916406250003 0.46976909907407405 0.4120894619791667 0.4680159638888889 0.40498690312499996 0.46800171018518516 0.40498690312499996 0.4697833527777778
3 0.41072939739583336 0.48109178981481476 0.4107193229166667 0.4791562148148148 0.40497682864583334 0.4791818703703704 0.40498690312499996 0.48106613425925926 0.41072939739583336 0.48109178981481476
3 0.06942373541666667 0.5780786768518519 0.06942373541666667 0.5799885972222223 0.07214386458333334 0.580002850925926 0.07213379010416668 0.5780786768518519 0.06942373541666667 0.5780786768518519
3 0.07937940781250001 0.5799543898148148 0.07968164427083332 0.5799543898148148 0.07968164427083332 0.5780729759259259 0.07808180520833334 0.5780729759259259 0.07808180520833334 0.5799857472222222 0.07856538385416667 0.5799857472222222 0.0785855328125 0.5804247435185186 0.07937134791666667 0.5804247435185186 0.07937940781250001 0.5799543898148148
3 0.08029619166666667 0.5884920185185185 0.07677009895833334 0.5885205240740741 0.076758009375 0.5902223490740741 0.0802780578125 0.5902423037037037 0.08029619166666667 0.5884920185185185
3 0.07857344322916666 0.5884920185185185 0.07940963124999999 0.5884920185185185 0.07938948229166667 0.5862229194444445 0.07856538385416667 0.5862115166666666 0.07857344322916666 0.5884920185185185
3 0.09351601875 0.5902708092592592 0.09351601875 0.5884891675925926 0.08924642343750001 0.5884891675925926 0.08925649791666666 0.5902423037037037 0.09351601875 0.5902708092592592
3 0.08924642343750001 0.5884891675925926 0.09045939947916667 0.5884834666666666 0.09046947395833334 0.5780644240740741 0.08921015520833334 0.5781071833333333 0.08924642343750001 0.5884891675925926
3 0.1045859359375 0.4723403648148148 0.1045859359375 0.4742360314814814 0.10987507552083334 0.47420467499999996 0.10991537395833334 0.4723403648148148 0.1045859359375 0.4723403648148148
3 0.11994358229166666 0.4742417333333333 0.11993552291666668 0.47231756018518517 0.11464638333333334 0.47233181296296295 0.11463429375 0.4742417333333333 0.11994358229166666 0.4742417333333333
3 0.13105178333333334 0.5884777648148147 0.13105178333333334 0.590230900925926 0.1341245213541667 0.5902023944444444 0.13413258125 0.5885119722222223 0.13105178333333334 0.5884777648148147
3 0.1341245213541667 0.5902023944444444 0.13540197447916666 0.5902080953703704 0.1353919 0.5780644240740741 0.13410235729166667 0.5780644240740741 0.1341245213541667 0.5902023944444444
3 0.14646584739583332 0.5799572407407407 0.14646584739583332 0.5780758268518519 0.14486600833333335 0.5780758268518519 0.14486600833333335 0.5799885972222223 0.14513399166666666 0.5799600916666666 0.14515414062499998 0.5804019388888889 0.1459601046875 0.5804304444444445 0.14600040312499998 0.5799743444444445 0.14646584739583332 0.5799572407407407
3 0.16459601041666666 0.5799344351851852 0.164898246875 0.5799344351851852 0.164898246875 0.5780530212962963 0.16329840833333334 0.5780530212962963 0.16329840833333334 0.5799629416666666 0.16378198645833333 0.5799629416666666 0.16380213593749998 0.5804047888888889 0.16458795104166668 0.5804047888888889 0.16459601041666666 0.5799344351851852
3 0.15240983281249998 0.5780872296296297 0.15239975833333333 0.5799971490740741 0.15736651197916668 0.5799543898148148 0.15734636302083332 0.5780729759259259 0.15240983281249998 0.5780872296296297
3 0.15559137604166665 0.580002850925926 0.15422123697916668 0.580002850925926 0.15421116250000003 0.5884977194444444 0.15554100364583334 0.5884834666666666 0.15559137604166665 0.580002850925926
3 0.1442776546875 0.5884834666666666 0.14423735625 0.5902394527777778 0.14791456770833333 0.5902080953703704 0.14789441875 0.5885290768518519 0.1442776546875 0.5884834666666666
3 0.14517428958333334 0.5862343212962963 0.14516421510416666 0.5884863166666666 0.14600040312499998 0.5885148231481482 0.14599032864583333 0.586248575 0.14517428958333334 0.5862343212962963
3 0.165410034375 0.5884920185185185 0.16188394114583332 0.5885205240740741 0.1618718515625 0.5902252 0.16538988489583334 0.5902451537037038 0.165410034375 0.5884920185185185
3 0.16379206145833333 0.588472063888889 0.16461817447916666 0.5884977194444444 0.16461817447916666 0.5862343212962963 0.16382228489583334 0.5862172175925926 0.16379206145833333 0.588472063888889
3 0.17438041510416669 0.588526225925926 0.17569010677083333 0.5884977194444444 0.17570018125 0.5780929305555556 0.17439048958333334 0.5780929305555556 0.17438041510416669 0.588526225925926
3 0.17873262135416665 0.5884977194444444 0.17438041510416669 0.588526225925926 0.17436026614583333 0.5901795898148148 0.178722546875 0.5902223490740741 0.17873262135416665 0.5884977194444444
3 0.18982671770833334 0.4723061574074074 0.18982671770833334 0.474258837037037 0.195154140625 0.4742160777777778 0.19513600625 0.4723460657407408 0.18982671770833334 0.4723061574074074
3 0.20519242395833331 0.47424743425925925 0.20517025989583332 0.47229760555555556 0.1998811203125 0.47229760555555556 0.19986097135416667 0.47420467499999996 0.20519242395833331 0.47424743425925925
3 0.21924843854166667 0.5902537055555556 0.22052589166666667 0.5902565564814815 0.22051581718750002 0.5781157351851852 0.21922828958333335 0.5781157351851852 0.21924843854166667 0.5902537055555556
3 0.21924843854166667 0.5902537055555556 0.21924239375000001 0.588469212962963 0.21627040104166667 0.5884977194444444 0.21628047552083332 0.5902651083333333 0.21924843854166667 0.5902537055555556
3 0.2317046140625 0.5799258833333334 0.2317046140625 0.5780444694444445 0.23010477552083333 0.5780444694444445 0.23010477552083333 0.579951538888889 0.23037275833333334 0.5799258833333334 0.23039089270833332 0.5803677305555556 0.23119685677083332 0.580396237037037 0.2312371546875 0.579940137037037 0.2317046140625 0.5799258833333334
3 0.31688091875 0.5799686435185185 0.31688091875 0.5780843787037038 0.3152810802083333 0.5780843787037038 0.3152810802083333 0.5799942990740741 0.31554906302083335 0.5799686435185185 0.31556719739583333 0.5804104907407408 0.31637316145833333 0.5804389962962963 0.3164154744791666 0.5799828962962963 0.31688091875 0.5799686435185185
3 0.4020672979166667 0.5799629416666666 0.4020672979166667 0.5780786768518519 0.400467459375 0.5780786768518519 0.400467459375 0.5799914481481482 0.4007354421875 0.5799629416666666 0.4007535765625 0.5804047888888889 0.401559540625 0.5804332953703704 0.4015998390625 0.5799771953703703 0.4020672979166667 0.5799629416666666
3 0.24975216614583334 0.5799258833333334 0.25005440260416667 0.5799258833333334 0.25005440260416667 0.5780444694444445 0.24845254895833332 0.5780444694444445 0.24845254895833332 0.579951538888889 0.2489341125 0.579951538888889 0.24895627656250002 0.580396237037037 0.2497400765625 0.580396237037037 0.24975216614583334 0.5799258833333334
3 0.33497682864583334 0.5799572407407407 0.33527906510416666 0.5799572407407407 0.33527906510416666 0.5780758268518519 0.33367922604166667 0.5780758268518519 0.33367922604166667 0.5799885972222223 0.33416079010416666 0.5799885972222223 0.33418295364583334 0.5804275944444445 0.33496675416666666 0.5804275944444445 0.33497682864583334 0.5799572407407407
3 0.22948216822916667 0.5884749148148148 0.22949224270833335 0.5902423037037037 0.2330183359375 0.5902423037037037 0.233048559375 0.5885319268518518 0.22948216822916667 0.5884749148148148
3 0.23038887760416668 0.5884464083333333 0.231225065625 0.5884606611111111 0.231225065625 0.5861801592592593 0.23038887760416668 0.5861801592592593 0.23038887760416668 0.5884464083333333
3 0.25067499479166666 0.5902480046296297 0.25067499479166666 0.5884806157407407 0.24710658854166667 0.5884806157407407 0.24713882708333335 0.5902337518518519 0.25067499479166666 0.5902480046296297
3 0.2489200078125 0.5884521092592593 0.2497582109375 0.5884521092592593 0.24973604687499998 0.5861716074074074 0.24894015729166666 0.5861716074074074 0.2489200078125 0.5884521092592593
3 0.23765867395833334 0.5780929305555556 0.23764859947916667 0.5799743444444445 0.24251460833333333 0.5799743444444445 0.24249848906250002 0.5780872296296297 0.23765867395833334 0.5780929305555556
3 0.24070320364583334 0.5799543898148148 0.23944388489583332 0.5799828962962963 0.23946403385416665 0.5884777648148147 0.24069312916666666 0.5884777648148147 0.24070320364583334 0.5799543898148148
3 0.25961515208333336 0.5780729759259259 0.25963731614583335 0.5902137972222222 0.260916784375 0.5902423037037037 0.26094902291666666 0.5780872296296297 0.25961515208333336 0.5780729759259259
3 0.2609308885416667 0.588469212962963 0.260916784375 0.5902423037037037 0.26385250833333335 0.5902508555555556 0.26385250833333335 0.5884549601851852 0.2609308885416667 0.588469212962963
3 0.305770703125 0.5902394527777778 0.305770703125 0.5780815277777778 0.30445093697916664 0.5781128851851851 0.30447713072916666 0.5902137972222222 0.305770703125 0.5902394527777778
3 0.30153133177083336 0.5902651083333333 0.30447713072916666 0.5902137972222222 0.3044630265625 0.588469212962963 0.30153133177083336 0.5884834666666666 0.30153133177083336 0.5902651083333333
3 0.31827322187499996 0.5885034203703704 0.3147370541666667 0.5885034203703704 0.31471489010416664 0.590230900925926 0.31828128125 0.5902565564814815 0.31827322187499996 0.5885034203703704
3 0.3156216 0.5884777648148147 0.3164598026041666 0.5884920185185185 0.316449728125 0.5862400231481482 0.315603465625 0.5862400231481482 0.3156216 0.5884777648148147
3 0.3228772921875 0.5781071833333333 0.32286721718750006 0.5799885972222223 0.32773322604166666 0.5799885972222223 0.3277150916666667 0.5781014824074074 0.3228772921875 0.5781071833333333
3 0.32457787604166666 0.588472063888889 0.32592786614583336 0.5884863166666666 0.325937940625 0.580005700925926 0.32457787604166666 0.5800199546296296 0.32457787604166666 0.588472063888889
3 0.3359016723958333 0.5884578111111112 0.332343340625 0.5884834666666666 0.332343340625 0.5902537055555556 0.3358613739583333 0.5902537055555556 0.3359016723958333 0.5884578111111112
3 0.3341889984375 0.5862029648148148 0.33414870052083334 0.5884578111111112 0.3349949625 0.5884578111111112 0.3349949625 0.5862172175925926 0.3341889984375 0.5862029648148148
3 0.3448317552083333 0.5780786768518519 0.3448317552083333 0.5902508555555556 0.3460608505208333 0.5902508555555556 0.34607092500000003 0.5780929305555556 0.3448317552083333 0.5780786768518519
3 0.34608099947916665 0.588469212962963 0.3460608505208333 0.5902508555555556 0.34911343958333335 0.5902366018518518 0.3491033651041667 0.5885119722222223 0.34608099947916665 0.588469212962963
3 0.39100745520833335 0.5902565564814815 0.39100745520833335 0.5780986314814816 0.3896876890625 0.5781299888888889 0.3897138828125 0.590230900925926 0.39100745520833335 0.5902565564814815
3 0.3897138828125 0.590230900925926 0.38969373385416667 0.5884834666666666 0.3866713682291667 0.5884834666666666 0.38666129374999997 0.5902223490740741 0.3897138828125 0.590230900925926
3 0.403497884375 0.5884920185185185 0.39984888177083333 0.5885347777777779 0.39983880729166665 0.590230900925926 0.4034575859375 0.590230900925926 0.403497884375 0.5884920185185185
3 0.40074551666666663 0.5885062712962963 0.40158371927083336 0.5884777648148147 0.40158371927083336 0.5861972629629629 0.4007777552083333 0.5862400231481482 0.40074551666666663 0.5885062712962963
3 0.41076969583333334 0.5902366018518518 0.41075962135416666 0.588469212962963 0.40791859739583336 0.5884834666666666 0.40791859739583336 0.5902508555555556 0.41076969583333334 0.5902366018518518
3 0.27507152916666666 0.4723033064814815 0.27507152916666666 0.4742702398148148 0.280290146875 0.4742388824074074 0.280290146875 0.4723460657407408 0.27507152916666666 0.4723033064814815
3 0.29033246041666666 0.4742445842592593 0.29033246041666666 0.4723346638888889 0.2850856338541667 0.47236316944444445 0.28509369322916667 0.4742303305555556 0.29033246041666666 0.4742445842592593
3 0.36019947604166663 0.47231756018518517 0.3601894015625 0.4742702398148148 0.3655188395833333 0.4742417333333333 0.3655087651041667 0.4723460657407408 0.36019947604166663 0.47231756018518517
3 0.37555510781249996 0.4742445842592593 0.37555510781249996 0.4723061574074074 0.37024581927083333 0.47232041018518517 0.3702155953125 0.4742445842592593 0.37555510781249996 0.4742445842592593
3 0.5741889984374999 0.5560604333333333 0.5741990729166666 0.5541932722222223 0.5693632885416666 0.5541647666666666 0.569365303125 0.5560775370370371 0.5741889984374999 0.5560604333333333
3 0.5680938947916666 0.5560718361111111 0.5693330645833333 0.5560290768518519 0.5693229901041666 0.5368871148148148 0.5680838203125 0.536872862037037 0.5680938947916666 0.5560718361111111
3 0.569312915625 0.5188255416666667 0.5833467661458334 0.5188283925925926 0.5833266171875 0.5172177879629629 0.5693028411458333 0.5172462944444445 0.569312915625 0.5188255416666667
3 0.5680938947916666 0.5300883694444445 0.5692927666666667 0.5300883694444445 0.5692927666666667 0.4817417333333333 0.5680838203125 0.4817274796296296 0.5680938947916666 0.5300883694444445
3 0.5693028411458333 0.48175028518518515 0.5692826916666667 0.4836088935185185 0.5744509369791667 0.4836374 0.5744408624999999 0.4817417333333333 0.5693028411458333 0.48175028518518515
3 0.5692927666666667 0.5038340935185185 0.5692927666666667 0.5048745722222222 0.5854120489583334 0.5048603194444444 0.5854120489583334 0.5038483462962963 0.5692927666666667 0.5038340935185185
3 0.6011384244791667 0.532896237037037 0.59255490625 0.532896237037037 0.5925569213541666 0.5343443555555556 0.5932722145833333 0.5343586092592593 0.5932923635416666 0.5339595212962963 0.6011303645833334 0.5338882555555556 0.6011384244791667 0.532896237037037
3 0.60112835 0.5200114027777778 0.6011484989583333 0.5404874574074074 0.6024984890624999 0.5405017101851852 0.6024481161458334 0.5200114027777778 0.60112835 0.5200114027777778
3 0.5854120489583334 0.5011687574074074 0.5871247229166666 0.501140250925926 0.5871146484375 0.4999857472222222 0.5854422729166667 0.4999714935185185 0.5854120489583334 0.5011687574074074
3 0.6044932500000001 0.4779076398148148 0.6032440057291667 0.47789338611111115 0.6032440057291667 0.5199828962962963 0.604422728125 0.5199828962962963 0.6044932500000001 0.4779076398148148
3 0.6044529520833334 0.5180587231481482 0.604422728125 0.5199828962962963 0.6053999598958334 0.5199686435185186 0.6053798104166667 0.5181014824074075 0.6044529520833334 0.5180587231481482
3 0.6032440057291667 0.5199828962962963 0.6032339312499999 0.5180729759259259 0.6011384244791667 0.5180872296296296 0.6011182749999999 0.5200114027777778 0.6032440057291667 0.5199828962962963
3 0.6011182749999999 0.5200114027777778 0.6011182749999999 0.5189424175925926 0.5926657265624999 0.5189566703703704 0.5926758010416666 0.519940137037037 0.6011182749999999 0.5200114027777778
3 0.5926657265624999 0.5189566703703704 0.59340116875 0.5189281638888888 0.5933910942708334 0.5076681870370371 0.5926657265624999 0.5076681870370371 0.5926657265624999 0.5189566703703704
3 0.6025287125 0.5387685287037037 0.6024984890624999 0.5405017101851852 0.6089965744791667 0.540450399074074 0.6090066489583333 0.5387257694444445 0.6025287125 0.5387685287037037
3 0.6056840619791667 0.5404817555555556 0.6043542213541666 0.5404988601851852 0.6043239973958333 0.5574714935185185 0.6056961515625 0.5574714935185185 0.6056840619791667 0.5404817555555556
3 0.59255490625 0.5468928166666667 0.59255490625 0.5487742305555555 0.6043421317708333 0.5487884833333333 0.6043501916666667 0.5469241731481481 0.59255490625 0.5468928166666667
3 0.6057122708333333 0.5555872296296297 0.6056961515625 0.5574714935185185 0.6186681442708333 0.5574116305555555 0.6186479953125 0.5555872296296297 0.6057122708333333 0.5555872296296297
3 0.6186379208333334 0.5405359175925926 0.6186681442708333 0.5574116305555555 0.6199979848958334 0.5574116305555555 0.6199879104166667 0.5405216648148149 0.6186379208333334 0.5405359175925926
3 0.62 0.5468500574074074 0.6200080598958333 0.5487742305555555 0.6318053598958334 0.5487599768518518 0.6318053598958334 0.5468785629629629 0.62 0.5468500574074074
3 0.6153596614583333 0.5387656787037037 0.6153677213541666 0.5405302166666667 0.6232178119791667 0.5405159638888889 0.6232258713541667 0.5388055870370371 0.6153596614583333 0.5387656787037037
3 0.6220028208333334 0.5387827824074074 0.6232258713541667 0.538808437962963 0.6232117671875 0.5199686435185186 0.621982671875 0.5199543898148148 0.6220028208333334 0.5387827824074074
3 0.6317952848958334 0.5344013685185185 0.6317650614583333 0.5329104907407407 0.6232419906250001 0.5328591787037037 0.62323393125 0.5339851768518519 0.6310497682291667 0.533916762037037 0.6310699171874999 0.5344013685185185 0.6317952848958334 0.5344013685185185
3 0.6232218416666666 0.5189281638888888 0.6232137817708333 0.5199743444444443 0.631700584375 0.5199372861111111 0.6316764052083333 0.5189139111111111 0.6232218416666666 0.5189281638888888
3 0.6232016927083334 0.5199543898148148 0.6232218416666666 0.5180444694444445 0.6113036468749999 0.5180843787037037 0.6112794682291667 0.5199657925925926 0.6232016927083334 0.5199543898148148
3 0.6199052989583334 0.5180615731481482 0.6211867822916666 0.5180273657407407 0.6211968567708334 0.47786488055555554 0.6198569411458333 0.47789338611111115 0.6199052989583334 0.5180615731481482
3 0.6309288734374999 0.5189139111111111 0.6316764052083333 0.5189139111111111 0.6316844651041666 0.5076966935185184 0.6309590973958333 0.5076824398148149 0.6309288734374999 0.5189139111111111
3 0.6389482166666667 0.4999857472222222 0.6371347973958332 0.4999857472222222 0.637118678125 0.5011431018518518 0.6389320973958333 0.5011830101851852 0.6389482166666667 0.4999857472222222
3 0.6411142453124999 0.5172177879629629 0.6411243197916666 0.5188283925925926 0.6541204916666667 0.5187856324074075 0.6541204916666667 0.5172234888888889 0.6411142453124999 0.5172177879629629
3 0.65548055625 0.5172320407407407 0.6554523473958334 0.5188226907407407 0.6684767276041667 0.5188711518518518 0.6684465041666667 0.5172177879629629 0.65548055625 0.5172320407407407
3 0.6706931291666667 0.4999429870370371 0.6706528307291666 0.5011259981481482 0.6724743098958333 0.5011003416666666 0.6724662499999999 0.4999144814814815 0.6706931291666667 0.4999429870370371
3 0.6777050171875001 0.5468928166666667 0.6784203104166667 0.5469070694444444 0.6784001609375 0.5414481185185185 0.6776848682291666 0.5414623712962963 0.6777050171875001 0.5468928166666667
3 0.686334878125 0.5328933861111111 0.6777150916666667 0.532896237037037 0.6776868828125 0.5343472064814815 0.6784102359375 0.5343500574074075 0.6784001609375 0.5339082101851852 0.6863731614583333 0.5339623712962963 0.686334878125 0.5328933861111111
3 0.6863590567708333 0.5199828962962963 0.6863429375 0.5386830101851852 0.6875780776041667 0.5386972629629629 0.6875780776041667 0.519997149074074 0.6863590567708333 0.5199828962962963
3 0.6942474307291667 0.5387685287037037 0.6863429375 0.5386830101851852 0.6863691317708334 0.5404931583333333 0.6942373562499999 0.5405216648148149 0.6942474307291667 0.5387685287037037
3 0.6909147692708333 0.5405273657407407 0.6895748541666666 0.5405273657407407 0.6895627645833333 0.5574686435185185 0.6909429781249999 0.5574686435185185 0.6909147692708333 0.5405273657407407
3 0.6909530526041666 0.5555729759259259 0.6909429781249999 0.5574686435185185 0.7038988515625 0.557440137037037 0.7038988515625 0.5555729759259259 0.6909530526041666 0.5555729759259259
3 0.6895829135416667 0.5487172175925926 0.6895547046875 0.5468358037037037 0.6776848682291666 0.5469070694444444 0.6777150916666667 0.5487599768518518 0.6895829135416667 0.5487172175925926
3 0.7038988515625 0.557440137037037 0.7052589161458334 0.557440137037037 0.7052085432291667 0.5405074120370371 0.7039089260416667 0.5405359175925926 0.7038988515625 0.557440137037037
3 0.7006024583333333 0.5387428731481482 0.7005823088541666 0.5405245157407408 0.7084606083333332 0.5404703537037037 0.7084606083333332 0.5387314712962963 0.7006024583333333 0.5387428731481482
3 0.7071428572916666 0.5387115166666667 0.7084606083333332 0.5387286203703704 0.7084324 0.5199828962962963 0.7071227078125 0.520054162037037 0.7071428572916666 0.5387115166666667
3 0.7170018135416666 0.5343272518518519 0.7169856942708334 0.5329104907407407 0.7084525489583334 0.532896237037037 0.7084525489583334 0.5339367157407408 0.7162865203125001 0.5339281638888889 0.7162965947916666 0.534315849074074 0.7170018135416666 0.5343272518518519
3 0.7052548859375 0.5468415055555556 0.7052186177083333 0.5487884833333333 0.7170058432291667 0.5487457240740741 0.7170159177083334 0.5468928166666667 0.7052548859375 0.5468415055555556
3 0.6863570421875 0.5180530212962963 0.6863489822916667 0.5199629416666667 0.6981885958333333 0.5199515388888888 0.6981885958333333 0.5181043333333334 0.6863570421875 0.5180530212962963
3 0.6863489822916667 0.5199629416666667 0.6863590567708333 0.5189424175925926 0.6786419505208333 0.5189709231481482 0.678652025 0.519997149074074 0.6863489822916667 0.5199629416666667
3 0.6778863588541667 0.5199828962962963 0.678652025 0.519997149074074 0.6786117265624999 0.5076681870370371 0.6778964338541668 0.5076681870370371 0.6778863588541667 0.5199828962962963
3 0.6883638927083333 0.5180330675925926 0.6896937338541667 0.5180216648148148 0.689673584375 0.47793614629629627 0.6883739671875 0.4779076398148148 0.6883638927083333 0.5180330675925926
3 0.7063368932291667 0.47789338611111115 0.7050775739583333 0.4778791333333333 0.7051178723958333 0.5180872296296296 0.7063268182291667 0.5180729759259259 0.7063368932291667 0.47789338611111115
3 0.7084747130208334 0.518124287037037 0.7042051177083334 0.5180929305555555 0.7041809390625 0.5199828962962963 0.7084364296875 0.5199885972222222 0.7084747130208334 0.518124287037037
3 0.7084626234375 0.5189424175925926 0.7084364296875 0.5199885972222222 0.7161797302083334 0.5199686435185186 0.7161797302083334 0.5189566703703704 0.7084626234375 0.5189424175925926
3 0.7393713479166667 0.5541049027777778 0.7406004432291666 0.554147662037037 0.7405500703125 0.4836659064814815 0.7393511989583333 0.4836516537037037 0.7393713479166667 0.5541049027777778
3 0.722264759375 0.4999714935185185 0.7222264760416667 0.5011573546296296 0.7241809390624999 0.5011573546296296 0.7241688494791667 0.5 0.722264759375 0.4999714935185185
3 0.7262643562500001 0.5172462944444445 0.7262744307291666 0.5188141388888888 0.7393511989583333 0.5188141388888888 0.73935724375 0.517212087037037 0.7262643562500001 0.5172462944444445
3 0.7405500703125 0.5172177879629629 0.7405641749999999 0.5188226907407407 0.7536772114583333 0.5188283925925926 0.7536570625 0.5172462944444445 0.7405500703125 0.5172177879629629
3 0.7557928671875 0.5048460657407408 0.75576264375 0.5038483462962963 0.7405601453125 0.503805587037037 0.7405782791666666 0.5048660203703704 0.7557928671875 0.5048460657407408
3 0.7577070322916666 0.5000285064814816 0.7557928671875 0.5000142527777778 0.7557686885416667 0.5011316990740741 0.7577110619791667 0.5011602055555555 0.7577070322916666 0.5000285064814816
3 0.7749445901041666 0.47789338611111115 0.7735945999999999 0.47789338611111115 0.7735945999999999 0.5180302166666666 0.7749546645833333 0.5180302166666666 0.7749445901041666 0.47789338611111115
3 0.7757525692708334 0.5199543898148148 0.7757424942708333 0.5180587231481482 0.7715111828125 0.5181014824074075 0.7715111828125 0.5199543898148148 0.7757525692708334 0.5199543898148148
3 0.7715111828125 0.5199543898148148 0.7715091677083333 0.5189566703703704 0.7637618375 0.5189709231481482 0.7637719119791666 0.519940137037037 0.7715111828125 0.5199543898148148
3 0.7630163208333334 0.5199258833333333 0.7637719119791666 0.519940137037037 0.7637618375 0.5076966935185184 0.7630364697916666 0.5077109462962963 0.7630163208333334 0.5199258833333333
3 0.7715192421875 0.5199686435185186 0.7715091677083333 0.5405216648148149 0.7728652026041666 0.5404988601851852 0.7728087848958333 0.519940137037037 0.7715192421875 0.5199686435185186
3 0.7636308682291666 0.5343215509259259 0.7636328833333333 0.5338939564814814 0.7715051380208333 0.5339253138888889 0.7715051380208333 0.5328677305555556 0.7629457989583333 0.5329389962962963 0.7629558734375 0.5343215509259259 0.7636308682291666 0.5343215509259259
3 0.7636510177083333 0.541476625 0.76292565 0.5414908777777778 0.7628954260416666 0.5468500574074074 0.7636409432291666 0.5468643101851852 0.7636510177083333 0.541476625
3 0.7728692322916667 0.5387970351851852 0.7728652026041666 0.5404988601851852 0.7794982874999999 0.5404789055555556 0.7795083619791666 0.5387685287037037 0.7728692322916667 0.5387970351851852
3 0.7760407010416667 0.5405245157407408 0.7748116057291666 0.5405131129629629 0.774793471875 0.5574515388888889 0.7760326416666667 0.5574686435185185 0.7760407010416667 0.5405245157407408
3 0.774793471875 0.5487742305555555 0.7748035463541666 0.5468215509259259 0.7628954260416666 0.5468643101851852 0.7629055005208334 0.5487742305555555 0.774793471875 0.5487742305555555
3 0.7760407010416667 0.5555330675925926 0.7760326416666667 0.5574686435185185 0.7890147088541667 0.5574201824074073 0.7890026192708334 0.555567275 0.7760407010416667 0.5555330675925926
3 0.7890147088541667 0.5574201824074073 0.7903586541666667 0.557440137037037 0.7903183557291666 0.5405359175925926 0.7889985895833332 0.5405359175925926 0.7890147088541667 0.5574201824074073
3 0.7903385046875001 0.5468500574074074 0.7903485796874999 0.5487599768518518 0.8022667739583333 0.5487599768518518 0.8022566994791667 0.5469070694444444 0.7903385046875001 0.5468500574074074
3 0.7857203302083333 0.5387599768518518 0.7857203302083333 0.5405131129629629 0.7936913156250001 0.5405131129629629 0.7936913156250001 0.5387599768518518 0.7857203302083333 0.5387599768518518
3 0.7923937135416667 0.5387400231481482 0.7936913156250001 0.5387599768518518 0.7936731817708333 0.5199686435185186 0.7923634895833334 0.519940137037037 0.7923937135416667 0.5387400231481482
3 0.8022305057291667 0.5343529074074074 0.802246625 0.5329247435185185 0.7937034052083334 0.532896237037037 0.7937295989583333 0.5339965796296297 0.8014870036458334 0.5338968074074074 0.8014950635416667 0.5343529074074074 0.8022305057291667 0.5343529074074074
3 0.8015212572916667 0.5414481185185185 0.8015514807291667 0.5468928166666667 0.8022566994791667 0.5469355759259259 0.8022566994791667 0.541476625 0.8015212572916667 0.5414481185185185
3 0.7817650614583334 0.5180986314814815 0.7817852104166667 0.5199657925925926 0.7902780578125 0.519940137037037 0.7902679833333334 0.5180929305555555 0.7817650614583334 0.5180986314814815
3 0.7902478338541666 0.4779076398148148 0.7902780578125 0.519940137037037 0.7915676 0.5199543898148148 0.791577675 0.4779076398148148 0.7902478338541666 0.4779076398148148
3 0.7915676 0.5199543898148148 0.7936631067708333 0.5199543898148148 0.7936933307291666 0.5180729759259259 0.7915978239583333 0.5180872296296296 0.7915676 0.5199543898148148
3 0.7937034052083334 0.5189281638888888 0.7936631067708333 0.5199543898148148 0.8014104369791667 0.5199543898148148 0.8014104369791667 0.5189139111111111 0.7937034052083334 0.5189281638888888
3 0.8014104369791667 0.5199543898148148 0.8021458796875 0.519940137037037 0.8021559541666666 0.5076396805555555 0.8014305864583334 0.5076539342592593 0.8014104369791667 0.5199543898148148
3 0.8092081401041666 0.5 0.8074551682291666 0.5 0.8074390489583333 0.5011088935185185 0.8092182145833333 0.501140250925926 0.8092081401041666 0.5
3 0.8244811604166667 0.5541334092592592 0.8258512994791667 0.5541334092592592 0.825841225 0.4836374 0.8244610114583334 0.4836374 0.8244811604166667 0.5541334092592592
3 0.8427362484375001 0.5 0.8410135000000001 0.5 0.8409973807291667 0.501191562037037 0.8427261734375 0.5011545037037036 0.8427362484375001 0.5
3 0.86011485 0.4778791333333333 0.8587447109375 0.47786488055555554 0.8587648598958334 0.5180444694444445 0.8600241791666666 0.5180587231481482 0.86011485 0.4778791333333333
3 0.8686278458333334 0.5180615731481482 0.8567499494791666 0.5181014824074075 0.8567277854166666 0.5199686435185186 0.8686278458333334 0.5199857472222222 0.8686278458333334 0.5180615731481482
3 0.8567277854166666 0.5199686435185186 0.8567499494791666 0.5189139111111111 0.8490026192708334 0.5189281638888888 0.8489925447916666 0.5199686435185186 0.8567277854166666 0.5199686435185186
3 0.8482671770833333 0.5199543898148148 0.8489925447916666 0.5199686435185186 0.84901269375 0.5076966935185184 0.8482772515625 0.5076824398148149 0.8482671770833333 0.5199543898148148
3 0.8476425546875 0.532896237037037 0.847638525 0.5339452675925926 0.8566995770833333 0.5338939564814814 0.8567298005208334 0.532896237037037 0.8476425546875 0.532896237037037
3 0.8567197260416666 0.519997149074074 0.856721740625 0.5404760546296297 0.8581442677083333 0.5405045611111111 0.8580294177083334 0.5199828962962963 0.8567197260416666 0.519997149074074
3 0.8581603869791666 0.5387542759259258 0.8581442677083333 0.5405045611111111 0.8645879510416666 0.5404931583333333 0.8646181744791667 0.5387400231481482 0.8581603869791666 0.5387542759259258
3 0.8612311104166667 0.540510262037037 0.8599415677083333 0.5404931583333333 0.8599415677083333 0.5555131129629629 0.8612814828124999 0.5555444694444445 0.8612311104166667 0.540510262037037
3 0.8599335078125 0.5487314712962963 0.8599435822916667 0.5468586092592592 0.8481362078125 0.5468785629629629 0.8481865807291666 0.5487599768518518 0.8599335078125 0.5487314712962963
3 0.8756095104166667 0.5555729759259259 0.8599415677083333 0.5555131129629629 0.8599536572916667 0.5574543898148149 0.8756095104166667 0.557440137037037 0.8756095104166667 0.5555729759259259
3 0.8871347973958332 0.5339509694444444 0.8871287526041667 0.5329389962962963 0.8788232921875 0.5328677305555556 0.8788132177083334 0.533922462962963 0.8871347973958332 0.5339509694444444
3 0.8742595203125 0.5555587231481481 0.8756095104166667 0.5555729759259259 0.8756095104166667 0.5405074120370371 0.8742695947916667 0.5405074120370371 0.8742595203125 0.5555587231481481
3 0.8709530526041667 0.5405017101851852 0.8788515010416666 0.5404589509259259 0.8788333666666667 0.5387970351851852 0.8709228291666666 0.5387770805555555 0.8709530526041667 0.5405017101851852
3 0.8756276447916667 0.5468785629629629 0.8756195848958334 0.5487742305555555 0.8873765869791667 0.5487314712962963 0.8873765869791667 0.5469213231481481 0.8756276447916667 0.5468785629629629
3 0.8788333666666667 0.5387970351851852 0.8788132177083334 0.5199828962962963 0.8774430786458333 0.5199828962962963 0.8775136005208334 0.5387827824074074 0.8788333666666667 0.5387970351851852
3 0.8788071729166667 0.5180843787037037 0.8745657869791666 0.5180843787037037 0.8745657869791666 0.519880274074074 0.8788353817708334 0.5199800453703703 0.8788071729166667 0.5180843787037037
3 0.8788535161458333 0.5189709231481482 0.8788353817708334 0.5199800453703703 0.8865706223958333 0.5199686435185186 0.8865605479166666 0.5188996583333334 0.8788535161458333 0.5189709231481482
3 0.8865706223958333 0.5199686435185186 0.8872959901041667 0.5199828962962963 0.8873060651041667 0.5076824398148149 0.8865605479166666 0.5076539342592593 0.8865706223958333 0.5199686435185186
3 0.875488615625 0.5180672749999999 0.8768083817708334 0.5181100342592593 0.87682853125 0.47786488055555554 0.8754986901041666 0.47783637407407403 0.875488615625 0.5180672749999999
3 0.8928168447916666 0.4999857472222222 0.8928067703125 0.5011545037037036 0.8945214588541667 0.501194412962963 0.8945395932291667 0.5 0.8928168447916666 0.4999857472222222
3 0.9106387265625 0.5301026222222223 0.9119685671875001 0.5301168759259259 0.9119584927083333 0.5102907638888888 0.9106387265625 0.5102622574074075 0.9106387265625 0.5301026222222223
3 0.9106588755208332 0.5092217787037037 0.9119786421874999 0.509264537962963 0.9119584927083333 0.4817274796296296 0.9106286520833333 0.48175598611111115 0.9106588755208332 0.5092217787037037
3 0.5934616161458333 0.5560148231481481 0.5934857947916666 0.554141961111111 0.5883155348958333 0.5541790194444444 0.58831755 0.5560319268518519 0.5934616161458333 0.5560148231481481
3 0.6045013098958333 0.4779047888888889 0.6045013098958333 0.47979760555555556 0.6097904494791667 0.47976909907407406 0.6098307473958333 0.4779047888888889 0.6045013098958333 0.4779047888888889
3 0.6198589562500001 0.4797633981481481 0.6198488817708333 0.47783922500000003 0.6145597421875001 0.4778563287037037 0.6145496677083333 0.4797633981481481 0.6198589562500001 0.4797633981481481
3 0.6309812614583333 0.5541220064814815 0.6309812614583333 0.5560091222222222 0.6360487609375001 0.5560091222222222 0.6360286119791667 0.554141961111111 0.6309812614583333 0.5541220064814815
3 0.6502921619791666 0.5541590648148148 0.6502820875 0.5559834666666666 0.6592887364583333 0.556026225925926 0.6592786619791667 0.5541305583333334 0.6502921619791666 0.5541590648148148
3 0.6896937338541667 0.4778705814814815 0.6896937338541667 0.47982326111111107 0.6950231713541667 0.4797805018518519 0.6950030223958333 0.4779104907407407 0.6896937338541667 0.4778705814814815
3 0.7050816036458334 0.47982326111111107 0.7050614546875 0.4778705814814815 0.6997723151041666 0.4778705814814815 0.6997501510416666 0.4797805018518519 0.7050816036458334 0.47982326111111107
3 0.7353818255208334 0.554198974074074 0.7353697359375 0.5561003416666667 0.7444872052083333 0.5561288481481481 0.7444469072916667 0.5542616879629629 0.7353818255208334 0.554198974074074
3 0.8206306671875 0.5541875712962963 0.8206145473958333 0.5560632842592593 0.8297622406249999 0.5560632842592593 0.8297420916666667 0.5541818703703704 0.8206306671875 0.5541875712962963
3 0.774960709375 0.4779161916666667 0.774960709375 0.4798831240740741 0.7801793270833334 0.47985746851851857 0.7801793270833334 0.4779589509259259 0.774960709375 0.4779161916666667
3 0.7902317145833333 0.4798033064814815 0.7902317145833333 0.47789338611111115 0.7849848880208333 0.47792189259259266 0.7849929479166666 0.4797890537037037 0.7902317145833333 0.4798033064814815
3 0.8601349989583333 0.4778791333333333 0.8601249244791667 0.4797605472222222 0.8654543625 0.4798033064814815 0.8654745114583334 0.47789338611111115 0.8601349989583333 0.4778791333333333
3 0.8754946604166667 0.47986031944444446 0.8754946604166667 0.47792189259259266 0.8701390286458334 0.4779076398148148 0.8701551479166666 0.47986031944444446 0.8754946604166667 0.47986031944444446
3 0.9106185776041666 0.5560290768518519 0.9119484182291667 0.5560433296296297 0.9119887166666667 0.536872862037037 0.9106387265625 0.5369156212962963 0.9106185776041666 0.5560290768518519
3 0.5862482369791666 0.5011830101851852 0.5854120489583334 0.5011687574074074 0.5854120489583334 0.504831812962963 0.5862381625 0.5048460657407408 0.5862482369791666 0.5011830101851852
3 0.6389320973958333 0.5011830101851852 0.6380918796875 0.5011687574074074 0.6381523270833332 0.504831812962963 0.6389482166666667 0.5048745722222222 0.6389320973958333 0.5011830101851852
3 0.59255490625 0.5468928166666667 0.5933004229166666 0.5468643101851852 0.5932903484375001 0.541476625 0.5925649807291666 0.5415051314814815 0.59255490625 0.5468928166666667
3 0.5934515416666667 0.5560290768518519 0.5947209348958334 0.5560575824074074 0.5947108604166667 0.5487827824074074 0.5934817651041667 0.5488027370370371 0.5934515416666667 0.5560290768518519
3 0.6310598427083334 0.5468500574074074 0.6318053598958334 0.5468785629629629 0.6317751359375 0.5414481185185185 0.6310497682291667 0.541476625 0.6310598427083334 0.5468500574074074
3 0.6389582911458334 0.5038483462962963 0.6389482166666667 0.5049030787037038 0.6541204916666667 0.5048603194444444 0.6541204916666667 0.5038198407407408 0.6389582911458334 0.5038483462962963
3 0.6541104171875 0.554147662037037 0.6554503322916666 0.554147662037037 0.6554704817708333 0.4836231472222222 0.6540902682291667 0.483580387962963 0.6541104171875 0.554147662037037
3 0.6554684666666667 0.5038226907407407 0.6554704817708333 0.504888825925926 0.6706024583333333 0.5048745722222222 0.6706226072916667 0.5038340935185185 0.6554684666666667 0.5038226907407407
3 0.7161797302083334 0.5199686435185186 0.716925246875 0.5199828962962963 0.7168950229166666 0.5076681870370371 0.7161696552083333 0.5076966935185184 0.7161797302083334 0.5199686435185186
3 0.6296494057291666 0.5560005703703704 0.6309590973958333 0.5560005703703704 0.6309752166666667 0.5487656787037036 0.6296494057291666 0.5487742305555555 0.6296494057291666 0.5560005703703704
3 0.6714789442708333 0.5011117444444445 0.6706528307291666 0.5011259981481482 0.6706226072916667 0.5048745722222222 0.6714789442708333 0.5048603194444444 0.6714789442708333 0.5011117444444445
3 0.7557686885416667 0.5011316990740741 0.7557827927083333 0.5048745722222222 0.7566089057291666 0.504888825925926 0.75659883125 0.5011545037037036 0.7557686885416667 0.5011316990740741
3 0.7393673182291667 0.5049201824074074 0.7393673182291667 0.5038226907407407 0.7241688494791667 0.5038625999999999 0.7241487005208334 0.504831812962963 0.7393673182291667 0.5049201824074074
3 0.7241587749999999 0.5048745722222222 0.7241809390624999 0.5011573546296296 0.7233427364583334 0.501140250925926 0.7233427364583334 0.5048460657407408 0.7241587749999999 0.5048745722222222
3 0.8091779166666666 0.5048745722222222 0.8092182145833333 0.501140250925926 0.8084726979166666 0.501140250925926 0.8085029218750001 0.5048603194444444 0.8091779166666666 0.5048745722222222
3 0.8244811604166667 0.5188426453703704 0.8244630265624999 0.517214937037037 0.8114849890625 0.5172462944444445 0.8115172276041667 0.5187998861111112 0.8244811604166667 0.5188426453703704
3 0.8244630265624999 0.5048717222222223 0.8244630265624999 0.503802737037037 0.8092081401041666 0.5038483462962963 0.8091980656250001 0.5048460657407408 0.8244630265624999 0.5048717222222223
3 0.8258452546875 0.5172434435185186 0.8258553296875 0.5188939564814815 0.8388112031249999 0.5188226907407407 0.8388212776041667 0.517212087037037 0.8258452546875 0.5172434435185186
3 0.8258492848958333 0.5038198407407408 0.825841225 0.5049030787037038 0.8409832760416667 0.5048460657407408 0.8410135000000001 0.5038340935185185 0.8258492848958333 0.5038198407407408
3 0.8409973807291667 0.501191562037037 0.8410034255208333 0.5048745722222222 0.8418698369791666 0.5048460657407408 0.8418194640625 0.501197262962963 0.8409973807291667 0.501191562037037
3 0.8481362078125 0.5468785629629629 0.8489119484375001 0.5468928166666667 0.8488917994791667 0.5414481185185185 0.8481664317708333 0.5414908777777778 0.8481362078125 0.5468785629629629
3 0.8866713682291666 0.5468928166666667 0.8873765869791667 0.5469213231481481 0.8873665119791667 0.5414481185185185 0.8866814427083334 0.5414623712962963 0.8866713682291666 0.5468928166666667
3 0.8945214588541667 0.501194412962963 0.89368325625 0.5012400231481482 0.8937134796875 0.5049030787037038 0.8945395932291667 0.5049030787037038 0.8945214588541667 0.501194412962963
3 0.9106387265625 0.5048517675925926 0.9106387265625 0.5038141388888889 0.8945295182291667 0.5038198407407408 0.8945698166666667 0.5049173314814814 0.9106387265625 0.5048517675925926
3 0.9106367114583332 0.5188283925925926 0.9106266369791667 0.517214937037037 0.8967136812500001 0.5172320407407407 0.8967338302083333 0.5188141388888888 0.9106367114583332 0.5188283925925926
3 0.7163006244791668 0.5468643101851852 0.7170159177083334 0.5468928166666667 0.7170159177083334 0.5414908777777778 0.7163106989583333 0.541476625 0.7163006244791668 0.5468643101851852
3 0.6032339312499999 0.49970068425925923 0.6032339312499999 0.4978477768518519 0.5934918395833333 0.49783352314814816 0.5934918395833333 0.49968643055555556 0.6032339312499999 0.49970068425925923
3 0.5925750552083334 0.5013968074074074 0.5933104979166667 0.5014253138888889 0.5932903484375001 0.4996721777777777 0.5934918395833333 0.49968643055555556 0.593471690625 0.4986602055555556 0.5925851302083333 0.4986744583333333 0.5925750552083334 0.5013968074074074
3 0.5934918395833333 0.49783352314814816 0.5946907114583334 0.49783352314814816 0.5946806364583334 0.49228905370370374 0.5934515416666667 0.49231756018518513 0.5934918395833333 0.49783352314814816
3 0.6212049161458334 0.4978192703703704 0.6212049161458334 0.49971493703703707 0.6309772317708333 0.49971493703703707 0.6309772317708333 0.4978477768518519 0.6212049161458334 0.4978192703703704
3 0.6317751359375 0.49868871111111107 0.6309893208333333 0.49868871111111107 0.6309772317708333 0.49971493703703707 0.6310497682291667 0.49971493703703707 0.6310396937499999 0.5014253138888889 0.6317852104166667 0.5014253138888889 0.6317751359375 0.49868871111111107
3 0.6296494057291666 0.4978192703703704 0.6309772317708333 0.4978477768518519 0.630969171875 0.49228905370370374 0.62963933125 0.4923033064814815 0.6296494057291666 0.4978192703703704
3 0.5886399354166667 0.48175028518518515 0.5886641145833333 0.4836145953703704 0.5946725770833333 0.4836145953703704 0.5946846666666666 0.48175028518518515 0.5886399354166667 0.48175028518518515
3 0.5946927260416667 0.48519384259259263 0.5946725770833333 0.4836145953703704 0.593471690625 0.4836202962962963 0.593471690625 0.48519384259259263 0.5946927260416667 0.48519384259259263
3 0.6296413458333333 0.48362884814814816 0.6357062260416666 0.4836431018518519 0.6357163005208334 0.48174743425925926 0.629621196875 0.48174743425925926 0.6296413458333333 0.48362884814814816
3 0.6296413458333333 0.48362884814814816 0.62962925625 0.4851624861111112 0.6309792463541667 0.4851624861111112 0.6309590973958333 0.4836231472222222 0.6296413458333333 0.48362884814814816
3 0.65 0.48357468611111115 0.6595889583333334 0.4836145953703704 0.6595808984375 0.48175028518518515 0.6500100744791666 0.48172177870370364 0.65 0.48357468611111115
3 0.6883659078125 0.49973204074074073 0.6883659078125 0.49787913333333333 0.6786238161458333 0.49786488055555556 0.6786238161458333 0.49971778796296296 0.6883659078125 0.49973204074074073
3 0.6777009875 0.5014338657407408 0.6784364296875 0.5014623712962962 0.6784162807291667 0.4997092361111111 0.6786177713541667 0.4997234888888889 0.6785976223958333 0.4986972629629629 0.6777110619791666 0.49871151666666663 0.6777009875 0.5014338657407408
3 0.6786620994791667 0.4978762824074074 0.6798609713541667 0.4978762824074074 0.679850896875 0.4923318129629629 0.6786218015625 0.4923603194444444 0.6786620994791667 0.4978762824074074
3 0.6738666130208333 0.48172462962962964 0.6738787026041667 0.4836488027777777 0.6799536572916666 0.48363455000000005 0.6799335078125 0.48175313611111115 0.6738666130208333 0.48172462962962964
3 0.6799536572916666 0.48363455000000005 0.6785613541666666 0.4836516537037037 0.6785915776041667 0.4851624861111112 0.6799617166666666 0.4851909916666666 0.6799536572916666 0.48363455000000005
3 0.679929478125 0.5487713796296296 0.6785895630208334 0.5487856324074074 0.6785895630208334 0.5560404787037038 0.6799395526041666 0.5560119722222222 0.679929478125 0.5487713796296296
3 0.6785895630208334 0.5560404787037038 0.6785915776041667 0.5541049027777778 0.6735643765624999 0.5541334092592592 0.6735643765624999 0.5560148231481481 0.6785895630208334 0.5560404787037038
3 0.7161374166666667 0.5487970351851852 0.7147954864583334 0.5487799314814815 0.7147833973958334 0.5560319268518519 0.7161615958333333 0.5560319268518519 0.7161374166666667 0.5487970351851852
3 0.7161918192708333 0.5541391101851851 0.7161615958333333 0.5560319268518519 0.7211484989583333 0.5560547324074074 0.7211484989583333 0.5541391101851851 0.7161918192708333 0.5541391101851851
3 0.7063509973958334 0.4978249712962963 0.7063389078125 0.49976339814814813 0.7161333869791666 0.4996778787037037 0.7161636109375 0.4978677305555555 0.7063509973958334 0.4978249712962963
3 0.7170159177083334 0.4986744583333333 0.7161696552083333 0.4987029648148148 0.7161333869791666 0.4996778787037037 0.71629055 0.49971493703703707 0.7163006244791668 0.5014680731481481 0.7170259921875 0.5014395666666667 0.7170159177083334 0.4986744583333333
3 0.7147592182291667 0.49780501666666666 0.7161636109375 0.4978677305555555 0.7161192828124999 0.49228905370370374 0.7147995166666666 0.4922748 0.7147592182291667 0.49780501666666666
3 0.7208664114583333 0.48363455000000005 0.7208462625000001 0.4817388824074074 0.7147612333333334 0.4817388824074074 0.7147592182291667 0.483580387962963 0.7208664114583333 0.48363455000000005
3 0.7147592182291667 0.483580387962963 0.7147612333333334 0.48517388796296296 0.7161212973958333 0.4851596351851852 0.7161011484375001 0.48360604351851855 0.7147592182291667 0.483580387962963
3 0.7351198869791666 0.48364595185185183 0.7448116057291667 0.48363169907407405 0.7448236953124999 0.48175028518518515 0.7351521255208334 0.48176738888888887 0.7351198869791666 0.48364595185185183
3 0.7651763046875 0.5560319268518519 0.7651400364583334 0.5487799314814815 0.7638706427083334 0.5487799314814815 0.7638343744791667 0.5560319268518519 0.7651763046875 0.5560319268518519
3 0.7588192625 0.5560376287037037 0.7638343744791667 0.5560319268518519 0.7638243 0.5541562148148148 0.7588071729166667 0.5541220064814815 0.7588192625 0.5560376287037037
3 0.7735905703125 0.49974344351851857 0.7735905703125 0.49782212129629627 0.7638585531250001 0.49789338611111117 0.7638827322916666 0.49971493703703707 0.7735905703125 0.49974344351851857
3 0.7629457989583333 0.5014823259259259 0.7636006447916667 0.5014538194444444 0.7636409432291666 0.49975769629629624 0.7638827322916666 0.49971493703703707 0.7638424338541667 0.4987172175925926 0.762915575 0.49868871111111107 0.7629457989583333 0.5014823259259259
3 0.7638585531250001 0.49789338611111117 0.7651521255208333 0.49783352314814816 0.7651521255208333 0.49226054722222223 0.7637719119791666 0.49228905370370374 0.7638585531250001 0.49789338611111117
3 0.7638323593749999 0.4836659064814815 0.7638323593749999 0.48521949814814813 0.7651622005208334 0.48517673888888885 0.7651622005208334 0.4836516537037037 0.7638323593749999 0.4836659064814815
3 0.7591073947916667 0.4836088935185185 0.7651622005208334 0.4836516537037037 0.7651521255208333 0.4817417333333333 0.7591073947916667 0.48175598611111115 0.7591073947916667 0.4836088935185185
3 0.7915917791666666 0.49781356944444444 0.7915998390625 0.4997206388888889 0.8013640942708334 0.4996949833333333 0.8013842432291667 0.4977993157407407 0.7915917791666666 0.49781356944444444
3 0.8022264760416667 0.4987172175925926 0.8013802135416667 0.49868871111111107 0.8013640942708334 0.4996949833333333 0.8015414062499999 0.49968643055555556 0.8015514807291667 0.5014538194444444 0.8022667739583333 0.5014395666666667 0.8022264760416667 0.4987172175925926
3 0.8000141041666667 0.4977708092592593 0.8013842432291667 0.4977993157407407 0.80132178125 0.49229190462962963 0.8000523875 0.49229190462962963 0.8000141041666667 0.4977708092592593
3 0.8000302234375 0.48520524537037035 0.8013258109375 0.4851824398148148 0.8013056619791666 0.4836687574074074 0.7999959703125 0.4836687574074074 0.8000302234375 0.48520524537037035
3 0.7999959703125 0.4836687574074074 0.8061051781249999 0.4836374 0.8060951036458334 0.481698974074074 0.7999798510416666 0.48178449259259265 0.7999959703125 0.4836687574074074
3 0.8013640942708334 0.5487770805555556 0.7999939552083333 0.5487742305555555 0.7999899255208334 0.5560718361111111 0.8013640942708334 0.5560319268518519 0.8013640942708334 0.5487770805555556
3 0.8013640942708334 0.5560319268518519 0.8063973401041667 0.5560433296296297 0.8063771911458333 0.5541191564814815 0.8013802135416667 0.5541191564814815 0.8013640942708334 0.5560319268518519
3 0.8203586541666666 0.48363455000000005 0.8299677614583333 0.48360604351851855 0.8299496270833333 0.48175313611111115 0.8203586541666666 0.48175313611111115 0.8203586541666666 0.48363455000000005
3 0.8587547854166666 0.4997263398148148 0.8587568005208334 0.49786202962962967 0.849083215625 0.4978477768518519 0.8491033651041667 0.49974344351851857 0.8587547854166666 0.4997263398148148
3 0.8481664317708333 0.5014253138888889 0.8488917994791667 0.5014395666666667 0.8489320973958333 0.49975769629629624 0.8491033651041667 0.49974344351851857 0.849083215625 0.49868871111111107 0.8481865807291666 0.4987172175925926 0.8481664317708333 0.5014253138888889
3 0.849083215625 0.4978477768518519 0.8503324604166667 0.4978192703703704 0.8503123109375 0.49228905370370374 0.8490529921875001 0.4923318129629629 0.849083215625 0.4978477768518519
3 0.8442675802083334 0.4836374 0.8503223854166666 0.4835946407407407 0.8503123109375 0.4817702398148148 0.8442575057291666 0.4817417333333333 0.8442675802083334 0.4836374
3 0.8503223854166666 0.4835946407407407 0.8490731411458333 0.4836374 0.8490731411458333 0.48517673888888885 0.8503022364583334 0.48520524537037035 0.8503223854166666 0.4835946407407407
3 0.850326415625 0.5487628277777777 0.8490590369791666 0.5487628277777777 0.8490771708333333 0.5560319268518519 0.8503364901041667 0.5560461805555555 0.850326415625 0.5487628277777777
3 0.8490771708333333 0.5560319268518519 0.8490630666666666 0.5541334092592592 0.8439451942708334 0.5541334092592592 0.8439351197916667 0.5560148231481481 0.8490771708333333 0.5560319268518519
3 0.8864618177083333 0.5487685287037037 0.88525085625 0.5487314712962963 0.8852307072916666 0.5560718361111111 0.8864698770833334 0.5560290768518519 0.8864618177083333 0.5487685287037037
3 0.8864900260416667 0.5541191564814815 0.8864698770833334 0.5560290768518519 0.8916179729166667 0.5560433296296297 0.8916280473958333 0.554147662037037 0.8864900260416667 0.5541191564814815
3 0.9106185776041666 0.5560290768518519 0.910608503125 0.5541334092592592 0.9058936125 0.5541334092592592 0.9058936125 0.5560148231481481 0.9106185776041666 0.5560290768518519
3 0.8768345760416667 0.49783352314814816 0.8768224864583334 0.4997263398148148 0.8865162197916666 0.4996721777777777 0.8864960708333334 0.4978762824074074 0.8768345760416667 0.49783352314814816
3 0.8873967359375 0.4987172175925926 0.8865101755208333 0.4987029648148148 0.8865162197916666 0.4996721777777777 0.88666129375 0.4996721777777777 0.8866512192708333 0.5014680731481481 0.8873866614583333 0.5014538194444444 0.8873967359375 0.4987172175925926
3 0.8852307072916666 0.4978477768518519 0.8864960708333334 0.4978762824074074 0.8865101755208333 0.49228905370370374 0.8852710052083334 0.49228905370370374 0.8852307072916666 0.4978477768518519
3 0.8852145880208333 0.48517958981481485 0.8865142052083334 0.48519384259259263 0.88648398125 0.4836402509259259 0.8852246625000001 0.4836117444444445 0.8852145880208333 0.48517958981481485
3 0.8852246625000001 0.4836117444444445 0.8913358854166666 0.4835946407407407 0.8913056619791667 0.4817417333333333 0.8852407817708333 0.48175598611111115 0.8852246625000001 0.4836117444444445
3 0.9106588755208332 0.4835946407407407 0.9106286520833333 0.48175598611111115 0.9055813015624999 0.4817417333333333 0.9055913760416666 0.4835946407407407 0.9106588755208332 0.4835946407407407