1 0 0 0 1 1 1 1 0 0 0
3 0.7090207536458333 0.5877280500000001 0.7074088255208333 0.5876938425925926 0.7073745718750001 0.6494583805555555 0.7089462020833334 0.6494583805555555 0.7090207536458333 0.5877280500000001
3 0.7090509770833333 0.6530587231481481 0.7074390489583333 0.6530245157407407 0.7074551682291667 0.717160775 0.7090469473958334 0.7172177879629629 0.7090509770833333 0.6530587231481481
4 0.801920209375 0.32512257685185186 0.7986076968750001 0.32515393425925926 0.7985895630208333 0.3575826685185185 0.8018134192708334 0.35772519999999997 0.801920209375 0.32512257685185186
4 0.801841628125 0.3905473203703704 0.798529115625 0.3905786768518519 0.7985694135416667 0.42277651111111114 0.801752971875 0.4227480046296296 0.801841628125 0.3905473203703704
4 0.8017952848958333 0.45567844907407407 0.7984827723958333 0.45570980648148146 0.7985230708333333 0.48790763981481483 0.8017066291666667 0.48787913333333327 0.8017952848958333 0.45567844907407407
4 0.8018174489583333 0.5211915620370371 0.7985049364583333 0.5212229194444444 0.7985452348958333 0.5534207527777778 0.8017287932291667 0.5533922462962964 0.8018174489583333 0.5211915620370371
4 0.8017308078125001 0.5865279361111111 0.7984182953125 0.5865564425925925 0.7984585937500001 0.6187571268518519 0.8016421520833333 0.6187286203703704 0.8017308078125001 0.5865279361111111
4 0.6116663307291667 0.32779361481481484 0.6060910739583334 0.327842075 0.6060850291666667 0.3784777648148148 0.611726778125 0.37842075277777776 0.6116663307291667 0.32779361481481484
4 0.6117005843750001 0.39200113981481477 0.6061253276041667 0.39204960092592595 0.6060044328124999 0.44347206388888893 0.6116864802083334 0.4436145953703704 0.6117005843750001 0.39200113981481477
4 0.6116441666666667 0.4570638537037037 0.6060709249999999 0.45711231481481485 0.6060648802083333 0.5088939564814814 0.6116864802083334 0.508922462962963 0.6116441666666667 0.4570638537037037
4 0.6116663307291667 0.5224629416666667 0.6060830140625 0.5224173314814815 0.6060648802083333 0.5744583805555555 0.6116864802083334 0.5743158490740741 0.6116663307291667 0.5224629416666667
4 0.6116784203125001 0.5877594074074074 0.6061031635416666 0.5878050166666667 0.6060044328124999 0.6395667046296296 0.6116643161458334 0.639372862037037 0.6116784203125001 0.5877594074074074
4 0.6116542411458333 0.6530872296296296 0.606078984375 0.6531328388888888 0.6059842838541667 0.7049030787037037 0.6116260328125 0.7048460657407407 0.6116542411458333 0.6530872296296296
2 0.8018738666666666 0.6608323833333334 0.8000805963541667 0.6608608898148148 0.80014104375 0.7135119722222223 0.8019141645833333 0.7135119722222223 0.8018738666666666 0.6608323833333334
3 0.6143945192708333 0.7207639685185185 0.6062260729166666 0.7208380842592592 0.6061495062500001 0.7776510833333333 0.6142736249999999 0.7776852907407408 0.6143945192708333 0.7207639685185185
3 0.6060930890624999 0.7606670462962962 0.6062361473958333 0.7520866592592593 0.5410417088541667 0.7521892814814815 0.5410417088541667 0.7605644240740741 0.6060930890624999 0.7606670462962962
3 0.8140822083333333 0.8564908777777778 0.8140822083333333 0.8382525657407407 0.5411243197916666 0.8383124287037037 0.5410598427083334 0.8451938425925926 0.5891960505208333 0.8450484611111111 0.5974813619791667 0.8566220064814815 0.8140822083333333 0.8564908777777778
3 0.8009711869791667 0.838241162962963 0.806695546875 0.8383580388888889 0.8066230104166666 0.7170381981481482 0.7986137416666667 0.7170381981481482 0.7985593390625 0.7475456101851852 0.8011061859375 0.7476624861111112 0.8009711869791667 0.838241162962963
3 0.7565524885416667 0.7170153935185185 0.7523413260416666 0.717100912037037 0.7524622203125 0.8383095777777777 0.7564920411458333 0.8382240592592592 0.7565524885416667 0.7170153935185185
3 0.71385049375 0.8382012546296296 0.7180294177083333 0.8382497148148148 0.7179931494791667 0.7207240592592592 0.7098811203125001 0.7207383120370371 0.7099476125 0.7361402509259259 0.7138928067708333 0.7363027370370371 0.71385049375 0.8382012546296296
3 0.696361071875 0.720795325 0.6921821479166667 0.720795325 0.6921720734375001 0.8382668185185186 0.696282490625 0.8383352333333334 0.696361071875 0.720795325
3 0.6749647390625 0.7207810722222223 0.6665021156250001 0.7208152796296297 0.6665867416666666 0.7362115166666666 0.6749143661458333 0.736254275925926 0.6749647390625 0.7207810722222223
3 0.8005460406249999 0.7476567842592593 0.7989260526041666 0.7475883694444444 0.7988917994791667 0.7757981759259259 0.8004996979166666 0.7758352333333334 0.8005460406249999 0.7476567842592593
3 0.8004191015625001 0.7792331814814815 0.7987991135416667 0.7791647666666667 0.7989723958333333 0.8348061574074074 0.8004835786458333 0.8348346638888889 0.8004191015625001 0.7792331814814815
3 0.7565585333333333 0.7756556444444443 0.7565383838541667 0.7793329537037037 0.8010074552083334 0.7791904222222222 0.8010276041666666 0.7757981759259259 0.7565585333333333 0.7756556444444443
2 0.6853334677083333 0.3358608898148148 0.6732077375000001 0.33580387685185187 0.673330646875 0.384261687962963 0.6854160791666666 0.384261687962963 0.6853334677083333 0.3358608898148148
2 0.6854221239583332 0.401416762037037 0.6732943786458333 0.4013568981481481 0.6734172880208333 0.44981470925925926 0.6855047348958333 0.44981470925925926 0.6854221239583332 0.401416762037037
2 0.685436228125 0.4668158490740741 0.6733084828125 0.466758837037037 0.6734313921874999 0.5152166472222223 0.6855168244791667 0.5152166472222223 0.685436228125 0.4668158490740741
2 0.6854342130208334 0.5318814138888889 0.6733064677083332 0.5318215509259259 0.6734293776041667 0.5802793611111111 0.6855168244791667 0.5802793611111111 0.6854342130208334 0.5318814138888889
2 0.6854060046875 0.5970153935185185 0.6732802739583333 0.5969555305555555 0.6734031833333333 0.6454133407407407 0.685488615625 0.6454133407407407 0.6854060046875 0.5970153935185185
2 0.6852609307291666 0.6624059296296296 0.6731331854166667 0.6623460657407407 0.6732560953125 0.7108067277777778 0.6853415270833333 0.7108067277777778 0.6852609307291666 0.6624059296296296
3 0.7240983276041667 0.2750855185185185 0.7243401166666666 0.3182155074074074 0.7275438244791667 0.3183580388888889 0.7276445697916666 0.27297605462962965 0.70378803125 0.25838084351851853 0.6059842838541667 0.3182440138888889 0.60604473125 0.32779361481481484 0.6093290348958333 0.3278221212962963 0.6092685875 0.3203249712962963 0.7039895223958333 0.26257126574074074 0.7240983276041667 0.2750855185185185
3 0.7564960708333334 0.2541676166666667 0.7531916182291667 0.2540250851851852 0.7531916182291667 0.2674059296296296 0.75654644375 0.2674059296296296 0.7564960708333334 0.2541676166666667
3 0.756475921875 0.2585176740740741 0.75652025 0.2626852907407407 0.7985412046874999 0.26258836944444447 0.7985150109375 0.25854903055555556 0.756475921875 0.2585176740740741
3 0.798492846875 0.2540678453703704 0.798492846875 0.26689566666666664 0.8018053598958333 0.2668643101851852 0.8018537177083334 0.25403648796296296 0.798492846875 0.2540678453703704
3 0.8018960307291666 0.29010547314814816 0.7984122505208333 0.2900171037037037 0.7984626234375 0.32511402500000003 0.8018879708333333 0.32511402500000003 0.8018960307291666 0.29010547314814816
3 0.7180334473958333 0.39050741203703704 0.8018940156250001 0.39059293055555555 0.801752971875 0.3576966935185185 0.7984888171875001 0.3576111740740741 0.7985089661458333 0.38694412777777776 0.7146081 0.3870581527777778 0.7146483979166667 0.3883409351851852 0.6722748338541666 0.3883979472222222 0.6722345354166667 0.3869156212962963 0.6093088859375 0.3869156212962963 0.6092685875 0.3784777648148148 0.6060648802083333 0.3784492592592592 0.6060850291666667 0.39193272500000004 0.7180334473958333 0.39184720648148147 0.7180334473958333 0.39050741203703704
3 0.7179367317708334 0.4555216648148148 0.8017932703124999 0.45578677314814814 0.8018134192708334 0.42277651111111114 0.7985492645833333 0.42283352314814815 0.7984686682291666 0.45219498333333336 0.714511384375 0.45207240555555556 0.7144872052083334 0.45367730925925925 0.6721740880208333 0.4536202962962963 0.6721740880208333 0.4522519953703704 0.6092121703125 0.45192987500000004 0.609171871875 0.44349201851851855 0.6059681645833332 0.44346351203703704 0.6059883135416667 0.4569469787037037 0.7179367317708334 0.45686145925925925 0.7179367317708334 0.4555216648148148
3 0.7177815838541667 0.5209264537037036 0.8018738666666666 0.5211516537037038 0.8018537177083334 0.4879418472222223 0.7985089661458333 0.4879703537037037 0.798529115625 0.5175313564814814 0.7144267578125 0.517445837962963 0.7144066088541667 0.5190136833333333 0.6722345354166667 0.5190421888888889 0.6722345354166667 0.5176168759259259 0.6092282895833333 0.5174173314814814 0.6092282895833333 0.5088939564814814 0.6060245817708334 0.5089509694444445 0.60604473125 0.5224344351851852 0.7177815838541667 0.5222662481481481 0.7177815838541667 0.5209264537037036
3 0.7177936734375 0.5863825537037036 0.8016502114583334 0.586647662037037 0.8018940156250001 0.5534207527777778 0.7984283697916666 0.5534777648148148 0.7983256093750001 0.5830558722222222 0.7144388473958333 0.5829019388888889 0.7144469072916666 0.5841220064814815 0.672246625 0.5844982898148148 0.672246625 0.5830729759259259 0.6092403786458332 0.5828734324074074 0.6092403786458332 0.5743500574074074 0.6060366713541666 0.5744070694444444 0.6060568203125 0.5878905361111111 0.7177936734375 0.5877223490740741 0.7177936734375 0.5863825537037036
3 0.7180737458333333 0.6515963509259259 0.7984203104166667 0.6518272518518519 0.7984203104166667 0.6537656787037036 0.8018255088541667 0.6537941842592593 0.8018456578125 0.6517987453703703 0.8017731213541667 0.6187001138888888 0.7984082208333334 0.6187571268518519 0.7984888171875001 0.6482041046296296 0.7144066088541667 0.6480330675925926 0.7144267578125 0.649429875 0.67215796875 0.6496351194444444 0.67215796875 0.6482098064814815 0.6091517229166666 0.648010262037037 0.6091517229166666 0.639486887037037 0.60604473125 0.639538198148148 0.6059681645833332 0.6530273657407407 0.7180938947916666 0.6530501712962963 0.7180737458333333 0.6515963509259259
3 0.7179931494791667 0.7169612314814815 0.8253274229166667 0.7171322694444444 0.8253072739583334 0.7135404787037037 0.71446705625 0.7133409351851853 0.7143824302083334 0.7171721777777779 0.6721821479166666 0.7170581527777778 0.6722143864583334 0.715567275 0.6091073947916666 0.7155359175925925 0.6090670963541667 0.7048460657407407 0.6059943583333334 0.7049002277777777 0.6062260729166666 0.7208380842592592 0.7179931494791667 0.7207240592592592 0.7179931494791667 0.7169612314814815
3 0.8367116661458333 0.6528221212962964 0.8366713682291667 0.6237457240740741 0.8338504937500001 0.623802737037037 0.8338303447916666 0.6378848342592592 0.8018134192708334 0.6376282777777779 0.8018134192708334 0.641476625 0.8324803546874999 0.6415051314814815 0.8325609510416666 0.6527936148148148 0.8367116661458333 0.6528221212962964
3 0.8018255088541667 0.6537941842592593 0.8000201489583334 0.6537628277777777 0.8000805963541667 0.6608608898148148 0.8018738666666666 0.6608323833333334 0.8018255088541667 0.6537941842592593
3 0.756554503125 0.6517417333333333 0.7531090067708334 0.6516590648148148 0.7531472901041667 0.6618614592592593 0.7565343541666666 0.6619498287037037 0.756554503125 0.6517417333333333
2 0.75654644375 0.2674059296296296 0.7531916182291667 0.2674059296296296 0.7531533348958334 0.3136259981481481 0.7565383838541667 0.3136259981481481 0.75654644375 0.2674059296296296
4 0.8018053598958333 0.2668643101851852 0.798492846875 0.26689566666666664 0.7984122505208333 0.2900171037037037 0.8018960307291666 0.29010547314814816 0.8018053598958333 0.2668643101851852
3 0.7074148697916667 0.3183323833333333 0.7074733026041666 0.3216590648148148 0.798440459375 0.32187001111111113 0.7983981463541666 0.3181927027777778 0.7074148697916667 0.3183323833333333
3 0.7565383838541667 0.3136259981481481 0.7531533348958334 0.3136259981481481 0.7531936328125001 0.3182155074074074 0.7565182348958334 0.3182725203703704 0.7565383838541667 0.3136259981481481
3 0.7565746526041667 0.3218443555555556 0.7531291557291666 0.3218158490740741 0.7531150515624999 0.3321066138888889 0.7565001005208334 0.3321066138888889 0.7565746526041667 0.3218443555555556
3 0.7180636713541666 0.3216961231481481 0.7144368328125 0.3216961231481481 0.7146081 0.3870581527777778 0.71808785 0.38697833518518515 0.7180636713541666 0.3216961231481481
3 0.7180394921875001 0.3919498287037037 0.7144126536458334 0.3919498287037037 0.7144872052083334 0.4520809574074074 0.7180334473958333 0.4521379703703704 0.7180394921875001 0.3919498287037037
3 0.7179991942708334 0.456875712962963 0.7143723552083333 0.456875712962963 0.7144469072916666 0.5174173314814814 0.7179931494791667 0.517502850925926 0.7179991942708334 0.456875712962963
3 0.7180737458333333 0.5222919046296296 0.7144469072916666 0.5223204101851852 0.7144469072916666 0.5828677305555556 0.7180737458333333 0.5829247435185185 0.7180737458333333 0.5222919046296296
3 0.7180777755208333 0.5877252 0.7144509369791667 0.5877252 0.7145254885416666 0.6482668185185185 0.7180717307291666 0.6483523379629629 0.7180777755208333 0.5877252
3 0.71817650625 0.6530786768518518 0.7145496677083333 0.6530786768518518 0.7144872052083334 0.7133124287037037 0.718053596875 0.7133124287037037 0.71817650625 0.6530786768518518
3 0.7277251661458333 0.32591220092592593 0.7259318958333334 0.3259407074074074 0.7259520453125 0.38697263425925926 0.7277251661458333 0.38697263425925926 0.7277251661458333 0.32591220092592593
3 0.7277312109375 0.3905501712962963 0.725937940625 0.3905786768518519 0.7259923432291667 0.4520524518518519 0.7277654645833334 0.4521379703703704 0.7277312109375 0.3905501712962963
3 0.7278057625 0.4555872296296296 0.7259520453125 0.4555872296296296 0.7259520453125 0.517445837962963 0.7278259119791667 0.5174743444444445 0.7278057625 0.4555872296296296
3 0.7277856135416666 0.5209806157407408 0.7259520453125 0.5209521092592593 0.7259258510416667 0.5829190425925925 0.7277997177083333 0.5829475481481481 0.7277856135416666 0.5209806157407408
3 0.7277412854166666 0.5863169898148148 0.7258875682291667 0.5863169898148148 0.7259923432291667 0.6480330675925926 0.7277453151041667 0.6480900796296296 0.7277412854166666 0.5863169898148148
3 0.72772718125 0.6515935009259259 0.7258734635416667 0.6515935009259259 0.7259762239583334 0.7133067277777778 0.7277291958333334 0.7133637398148147 0.72772718125 0.6515935009259259
3 0.7566129359375 0.3905473203703704 0.7531674390624999 0.39051881388888887 0.7531533348958334 0.40080957777777776 0.7565383838541667 0.40080957777777776 0.7566129359375 0.3905473203703704
3 0.75659883125 0.4556727481481482 0.7531533348958334 0.45564424166666667 0.7531392302083333 0.46593500555555556 0.7565242796875 0.46593500555555556 0.75659883125 0.4556727481481482
3 0.7566471890625 0.5210518814814815 0.7532016927083334 0.521023375 0.7531875880208333 0.5313141388888889 0.7565726375 0.5313141388888889 0.7566471890625 0.5210518814814815
3 0.7566310697916666 0.5864965796296296 0.7531855734375 0.5864652222222222 0.7531714687500001 0.596758837037037 0.7565565182291666 0.596758837037037 0.7566310697916666 0.5864965796296296
3 0.6723514005208333 0.28191562129629627 0.6691315734375001 0.2838854046296296 0.6691879911458333 0.38691847222222225 0.6722345354166667 0.3869156212962963 0.6723514005208333 0.28191562129629627
3 0.6724561755208334 0.391875712962963 0.6691517229166667 0.39190421851851853 0.6691920208333334 0.4522519953703704 0.6721740880208333 0.4522519953703704 0.6724561755208334 0.391875712962963
3 0.672476325 0.4568415055555555 0.6692182145833333 0.4568415055555555 0.6691335885416667 0.5176083240740741 0.6722345354166667 0.5176168759259259 0.672476325 0.4568415055555555
3 0.6723655046875 0.5223460657407407 0.6691214989583333 0.5223175601851853 0.6692101552083333 0.583010262037037 0.672246625 0.5830729759259259 0.6723655046875 0.5223460657407407
3 0.6723796088541667 0.5878050166666667 0.6690932901041666 0.5878050166666667 0.6691315734375001 0.6481556444444445 0.67215796875 0.6482098064814815 0.6723796088541667 0.5878050166666667
3 0.672202296875 0.6531755990740741 0.6691940359374999 0.6530900796296296 0.6692585130208334 0.7156356898148147 0.6722143864583334 0.715567275 0.672202296875 0.6531755990740741
3 0.709083215625 0.3216932722222222 0.7074733026041666 0.3216590648148148 0.7073725567708333 0.3883152796296296 0.7090267984375 0.388355187962963 0.709083215625 0.3216932722222222
3 0.7091073947916667 0.39199258796296294 0.70749748125 0.39195838055555554 0.7074148697916667 0.45364880277777775 0.7090066489583333 0.4536202962962963 0.7091073947916667 0.39199258796296294
3 0.7090348578125 0.4571835805555555 0.7074249447916666 0.45714937314814813 0.7073423333333333 0.5188397944444445 0.7089341124999999 0.5188112888888889 0.7090348578125 0.4571835805555555
3 0.7090509770833333 0.5223973777777777 0.7074390489583333 0.5223631694444445 0.7073342734375 0.5842360314814815 0.7090267984375 0.584207525925926 0.7090509770833333 0.5223973777777777