2 0.5815958088541666 0.39684435555555553 0.5957344348958333 0.39713511944444446 0.5958311505208334 0.37601767407407405 0.5815474510416667 0.3760518814814815 0.5815595406249999 0.39369156203703704 0.5815958088541666 0.39684435555555553
3 0.7063006244791666 0.48972633981481484 0.7437215395833333 0.48962371759259266 0.7436973604166667 0.49123432129629624 0.7468930083333334 0.491251425 0.7469050979166667 0.48859464074074077 0.7454281682291667 0.488577537037037 0.7454281682291667 0.4870039907407407 0.70808785 0.4871949833333333 0.707983075 0.4204446981481481 0.7078259119791667 0.3505501712962963 0.6916159583333333 0.35044469814814816 0.69160386875 0.3542303305555556 0.7061918192708333 0.35414481203703707 0.7063006244791666 0.48972633981481484
4 0.5746463833333333 0.6007981759259259 0.5735200484374999 0.6008323833333333 0.5736409432291667 0.6479646518518518 0.5746101151041666 0.6478107185185186 0.5746463833333333 0.6007981759259259
3 0.687541809375 0.6582297601851852 0.6480334473958334 0.6582069555555555 0.6480576265625 0.66045325 0.6876284505208333 0.6604988601851851 0.687541809375 0.6582297601851852
4 0.7264698770833333 0.34691562129629633 0.7115494661458333 0.3468529074074074 0.7115917791666667 0.34955245185185185 0.7265142052083333 0.34961516574074075 0.7264698770833333 0.34691562129629633
4 0.7917811807291667 0.3469184722222222 0.7733628854166666 0.3468529074074074 0.7734051984375 0.34961516574074075 0.7917570015625 0.34958950925925925 0.7917811807291667 0.3469184722222222
4 0.5780596411458333 0.38720068425925924 0.5779246421875001 0.36112029629629633 0.5746101151041666 0.3611516537037037 0.5697904494791667 0.36104903055555554 0.5699738062499999 0.38738882592592594 0.5745617567708333 0.38732041018518515 0.5780596411458333 0.38720068425925924
4 0.5746463833333333 0.4125655648148148 0.5734898244791666 0.4123175601851852 0.5736167640625 0.4595125425925926 0.5746101151041666 0.4594270240740741 0.5746463833333333 0.4125655648148148
4 0.5745859359375001 0.48734606574074074 0.5735180333333333 0.4874287342592593 0.5734132583333333 0.5732383120370371 0.5745839208333333 0.5730872296296297 0.5745859359375001 0.48734606574074074
4 0.7648136208333334 0.6726026222222222 0.7648136208333334 0.6752023944444444 0.7795547046875 0.6751995435185185 0.7795426151041667 0.6725769666666667 0.7648136208333334 0.6726026222222222
2 0.6302921619791667 0.4469612314814815 0.6301349989583334 0.4707497148148148 0.6491356036458333 0.47107468611111114 0.6493088859375 0.44715507407407407 0.6459419708333333 0.44715507407407407 0.6302921619791667 0.4469612314814815
2 0.6474652427083334 0.6129076398148148 0.6490731411458334 0.6127508555555556 0.6491839614583333 0.5893586092592592 0.6300846260416667 0.5896835805555555 0.6302498489583334 0.612494299074074 0.6457082411458334 0.6128905361111111 0.6474652427083334 0.6129076398148148
2 0.6910961114583334 0.6052508555555556 0.7086741890624999 0.6048745722222222 0.7087608302083334 0.5792987453703704 0.6894116463541666 0.5788740018518519 0.6877775536458334 0.5788426453703703 0.6876808380208334 0.6051995435185185 0.6910961114583334 0.6052508555555556
4 0.7587568005208334 0.6470239453703703 0.7588172473958333 0.5952651083333333 0.7550876484375001 0.5952137972222222 0.7551239171875 0.6470239453703703 0.7587568005208334 0.6470239453703703
3 0.7599335078125 0.5361060435185184 0.7599335078125 0.5568187 0.7605601453124999 0.5566932722222222 0.7605480557291667 0.5361060435185184 0.7599335078125 0.5361060435185184
3 0.7605601453124999 0.5719555305555555 0.7599194036458333 0.5719726342592593 0.7599194036458333 0.5748147092592593 0.7605802942708333 0.5748090083333334 0.7605601453124999 0.5719555305555555
2 0.7605601453124999 0.5719555305555555 0.7714930484375 0.5719897379629629 0.7713721541666666 0.5566590648148148 0.7606085031250001 0.5566590648148148 0.7599335078125 0.5568187 0.7599194036458333 0.5719726342592593 0.7605601453124999 0.5719555305555555
3 0.7356276447916666 0.5745267962962962 0.73370945 0.5745581527777778 0.7337457182291666 0.5758095777777777 0.7345194437499999 0.5758437851851852 0.735577271875 0.575912200925926 0.7356276447916666 0.5745267962962962
2 0.7332238567708332 0.5744726342592592 0.7356276447916666 0.5745267962962962 0.7493673182291667 0.573976625 0.749312915625 0.5551539342592592 0.7355974208333333 0.5548603194444445 0.7344348177083333 0.5548774231481481 0.7333205723958333 0.5549116305555556 0.7332238567708332 0.5744726342592592
2 0.7057928671875 0.48998289629629627 0.7057807776041667 0.5300769666666666 0.7077171067708333 0.5300940703703704 0.7077171067708333 0.4899657925925926 0.7057928671875 0.48998289629629627
2 0.7683921015624999 0.5201282777777777 0.7682188192708334 0.4913626 0.7468930083333334 0.491251425 0.7471166635416666 0.5203164194444444 0.7489240380208333 0.5201881416666666 0.7683921015624999 0.5201282777777777
2 0.7956921218749999 0.4643101481481482 0.7957102557291668 0.4353848342592593 0.7918557322916667 0.4356043333333333 0.7745154140625 0.43549600925925924 0.7747854119791667 0.46399942962962964 0.7918758817708333 0.4643842648148148 0.7956921218749999 0.4643101481481482
2 0.793638928125 0.4060889398148148 0.793638928125 0.3854675027777778 0.7918920010416667 0.3854190425925926 0.7822063265625 0.3854874574074074 0.7818738666666667 0.4061602055555556 0.7917932703125 0.406194412962963 0.793638928125 0.4060889398148148
2 0.7917590166666667 0.36086373981481484 0.7821337901041667 0.36089509722222224 0.7821458796874999 0.38192702407407403 0.7918920010416667 0.3821493731481481 0.7936590770833334 0.38204675000000005 0.7937416885416667 0.3610176740740741 0.7917590166666667 0.36086373981481484
2 0.6631170661458333 0.6140706953703704 0.6490670963541666 0.6139965796296296 0.6491033651041668 0.6159891675925926 0.6491114244791666 0.6369697833333333 0.6630928875 0.636764537962963 0.6631352005208334 0.6158580388888889 0.6631170661458333 0.6140706953703704
3 0.6491476927083333 0.4759549601851851 0.6491356036458333 0.47107468611111114 0.5780112833333334 0.47104047870370375 0.5780233729166666 0.4594099203703704 0.5746101151041666 0.4594270240740741 0.5745859359375001 0.48734606574074074 0.5779750151041667 0.4873973777777778 0.5779750151041667 0.4759207527777778 0.6491476927083333 0.4759549601851851
3 0.5962744307291667 0.3502594074074074 0.6077312109374999 0.350342075 0.6077674791666666 0.34553021666666667 0.5746222041666668 0.3455986314814815 0.5746101151041666 0.3611516537037037 0.5779246421875001 0.36112029629629633 0.577938746875 0.3502565564814815 0.5962744307291667 0.3502594074074074
3 0.6470521859375 0.3502736601851852 0.6640983276041666 0.3502907638888889 0.6640862380208333 0.34551311296296294 0.6354624218749999 0.3455900796296296 0.6354180937499999 0.35020524537037034 0.64480153125 0.3502907638888889 0.6470521859375 0.3502736601851852
3 0.7115434213541667 0.35073831203703704 0.7114910338541667 0.3457297601851852 0.6917106588541666 0.3456556444444444 0.6917106588541666 0.35014823240740744 0.7080556114583333 0.3503677305555556 0.7115434213541667 0.35073831203703704
3 0.7732903484375 0.34569270277777775 0.7265665927083333 0.34569270277777775 0.7266915171875 0.3508181296296296 0.7734152729166667 0.3506442416666667 0.7732903484375 0.34569270277777775
3 0.7956316744791666 0.35084093518518517 0.811497078125 0.3506157351851852 0.8150110817708334 0.35024800462962963 0.8386943380208333 0.3501254277777778 0.8387386661458333 0.34558437870370373 0.7917932703125 0.34551311296296294 0.7917590166666667 0.36086373981481484 0.7956679427083333 0.3609464083333333 0.7956316744791666 0.35084093518518517
3 0.8086943380208333 0.5624486888888889 0.7956316744791666 0.5623289620370371 0.7918194640625 0.5620381981481481 0.781779165625 0.5621892814814815 0.7818799114583334 0.5951624861111111 0.7852327223958333 0.5950940703703703 0.7851964536458333 0.5672263398148149 0.8087185171875 0.5671579250000001 0.8086943380208333 0.5624486888888889
3 0.8387688895833333 0.5625085518518519 0.8086943380208333 0.5624486888888889 0.8087185171875 0.5671579250000001 0.8388212776041667 0.5671493731481482 0.8387688895833333 0.5625085518518519
3 0.8088877692708334 0.5332639685185185 0.8088515010416667 0.5276966935185184 0.7957424942708333 0.5276311287037038 0.7957404796875001 0.5253164194444444 0.7917852104166666 0.5253420750000001 0.7488797098958333 0.5252137972222223 0.7490227682291667 0.5306955527777778 0.7918758817708333 0.5303050166666666 0.7918194640625 0.5620381981481481 0.7956316744791666 0.5623289620370371 0.7957424942708333 0.5332326111111111 0.8088877692708334 0.5332639685185185
3 0.7956921218749999 0.4643101481481482 0.7918758817708333 0.4643842648148148 0.7917852104166666 0.5253420750000001 0.7957404796875001 0.5253164194444444 0.7956538385416666 0.4689652222222222 0.7956921218749999 0.4643101481481482
3 0.832228490625 0.464258837037037 0.7956921218749999 0.4643101481481482 0.7956538385416666 0.4689652222222222 0.8322526697916667 0.46908779907407405 0.832228490625 0.464258837037037
3 0.7957767479166667 0.4199657925925926 0.8114305864583333 0.4199828962962963 0.811418496875 0.41453819814814813 0.7956195848958333 0.41458950925925925 0.7956437640625 0.4062998861111111 0.7917932703125 0.406194412962963 0.7918557322916667 0.4356043333333333 0.7957102557291668 0.4353848342592593 0.7957767479166667 0.4199657925925926
3 0.8113822286458333 0.3820610037037037 0.7918920010416667 0.3821493731481481 0.7918920010416667 0.3854190425925926 0.8113822286458333 0.38515393425925926 0.8113822286458333 0.3820610037037037
3 0.8114305864583333 0.4199828962962963 0.81132178125 0.42214082129629626 0.8324360265624999 0.42250570092592593 0.8320471489583333 0.41939281666666667 0.8152206328125 0.4194526796296296 0.8150110817708334 0.35024800462962963 0.811497078125 0.3506157351851852 0.8113822286458333 0.3820610037037037 0.8113822286458333 0.38515393425925926 0.811418496875 0.41453819814814813 0.8114305864583333 0.4199828962962963
3 0.8184283697916667 0.3633779935185185 0.8388152328125 0.36332668148148145 0.8387668749999999 0.36078962407407406 0.8166109208333334 0.3607212083333334 0.8165625630208333 0.4194184722222222 0.8184041911458333 0.4194184722222222 0.8184283697916667 0.3633779935185185
3 0.6384263552083334 0.3661887111111111 0.6384203104166667 0.3502736601851852 0.6365565182291667 0.3502565564814815 0.6365565182291667 0.36868586111111107 0.6448740682291666 0.3686516537037037 0.6448619786458334 0.3662371722222222 0.6384263552083334 0.3661887111111111
3 0.6448740682291666 0.3686516537037037 0.6449445901041667 0.37266533611111113 0.6470280072916667 0.3726054731481481 0.6470521859375 0.3502736601851852 0.64480153125 0.3502907638888889 0.6448619786458334 0.3662371722222222 0.6448740682291666 0.3686516537037037
3 0.7116401369791666 0.42047890555555556 0.7116401369791666 0.4178249712962963 0.7115434213541667 0.35073831203703704 0.7080556114583333 0.3503677305555556 0.7080173281250001 0.39291049074074075 0.7079951640625001 0.39778506296296295 0.707983075 0.4204446981481481 0.7116401369791666 0.42047890555555556
3 0.745206528125 0.42315279351851853 0.7452810802083333 0.44022805000000004 0.7489542614583333 0.44022805000000004 0.7490832156249999 0.42315279351851853 0.7691920208333334 0.42311858611111114 0.7692162 0.4178249712962963 0.7116401369791666 0.4178249712962963 0.7116401369791666 0.42047890555555556 0.7116522265624999 0.4230501712962963 0.745206528125 0.42315279351851853
3 0.7454160791666666 0.5228164194444445 0.7468567401041667 0.5228506268518518 0.7468567401041667 0.5204703537037036 0.7437578078125 0.5204019388888889 0.7437578078125 0.5305245157407408 0.7454281682291667 0.5304732037037038 0.7454160791666666 0.5228164194444445
3 0.7344348177083333 0.5548774231481481 0.7355974208333333 0.5548603194444445 0.7355974208333333 0.5350627138888889 0.7490227682291667 0.5350798175925926 0.7490227682291667 0.5308665907407407 0.7488797098958333 0.5252137972222223 0.7489240380208333 0.5201881416666666 0.7471166635416666 0.5203164194444444 0.7470864395833333 0.5328192703703704 0.7343864598958334 0.5327337518518518 0.7344348177083333 0.5548774231481481
3 0.7769131572916667 0.5758979472222222 0.7788535161458333 0.5758608898148148 0.7788535161458333 0.5350969212962963 0.7918557322916667 0.5350798175925926 0.7918436427083333 0.5326995435185186 0.7489925447916667 0.5327736601851851 0.7490227682291667 0.5350798175925926 0.7769756197916667 0.5350684148148148 0.7769131572916667 0.5758979472222222
3 0.7818194640624999 0.5789595212962964 0.7818073744791667 0.5772462944444445 0.7580415072916666 0.5773489166666667 0.7581261333333333 0.5952651083333333 0.7604271609375 0.5952309009259259 0.7604412651041667 0.5790136833333334 0.7818194640624999 0.5789595212962964
3 0.7580415072916666 0.5773489166666667 0.7345436229166666 0.5772633981481482 0.7345194437499999 0.5758437851851852 0.7332963932291666 0.5758095777777777 0.7332963932291666 0.5790279361111111 0.7581241182291667 0.5788454962962963 0.7580415072916666 0.5773489166666667
3 0.7343864598958334 0.5327337518518518 0.7368003223958334 0.5325199546296295 0.7368889786458334 0.5298460657407408 0.6874168848958334 0.5302280500000001 0.6877775536458334 0.5788426453703703 0.6894116463541666 0.5788740018518519 0.6893955270833333 0.5325199546296295 0.7343864598958334 0.5327337518518518
1 0 0 0 1 1 1 1 0 0 0
3 0.5815958088541666 0.39684435555555553 0.5815595406249999 0.39369156203703704 0.5779871046875 0.39365735462962964 0.5780596411458333 0.38720068425925924 0.5745617567708333 0.38732041018518515 0.5746463833333333 0.4125655648148148 0.5779750151041667 0.4125655648148148 0.5779750151041667 0.39691277037037037 0.5815958088541666 0.39684435555555553
4 0.4114648395833333 0.32348631666666666 0.39673181562500004 0.32343500555555554 0.39673181562500004 0.3262770805555556 0.41145275052083335 0.3261602055555555 0.4114648395833333 0.32348631666666666
4 0.34839814635416666 0.32349771944444444 0.32991940364583333 0.32344925925925927 0.32991940364583333 0.3261630555555556 0.34843240000000003 0.32618586111111114 0.34839814635416666 0.32349771944444444
4 0.22387467239583334 0.32671322685185183 0.25703203697916666 0.3267987453703704 0.2569453958333333 0.3241220064814815 0.22383840416666667 0.3241220064814815 0.22387467239583334 0.32671322685185183
4 0.20833568385416665 0.34496579259259263 0.17534555729166668 0.3450171037037037 0.17533346770833333 0.34619726296296294 0.17530928854166666 0.3503078675925926 0.2083598630208333 0.3503249712962963 0.20836187812499998 0.346083237962963 0.20833568385416665 0.34496579259259263
4 0.16270602447916668 0.341419612037037 0.16270602447916668 0.33482611203703705 0.14422123697916664 0.3349629416666667 0.1442514609375 0.34146522222222225 0.14431795260416666 0.346248575 0.16265766666666667 0.3461459518518519 0.16270602447916668 0.341419612037037
4 0.19122909531249999 0.596927024074074 0.19126536354166665 0.5959321546296296 0.19130163229166666 0.5915478907407408 0.15435422135416665 0.5913768527777777 0.15441466874999998 0.5959834666666667 0.15441466874999998 0.5969127703703704 0.19122909531249999 0.596927024074074
2 0.2054060046875 0.5246835805555555 0.2054543625 0.49840935000000003 0.20206326822916668 0.49844355740740737 0.184589965625 0.4986602055555556 0.1845456375 0.524427024074074 0.20191819479166667 0.5247519953703704 0.2054060046875 0.5246835805555555
2 0.16055208541666666 0.49402508518518523 0.17424340104166666 0.4939566703703704 0.17409832760416669 0.4743272518518518 0.16050372760416665 0.4743272518518518 0.15822687864583335 0.4743272518518518 0.15857948802083335 0.4940079814814815 0.16055208541666666 0.49402508518518523
3 0.18544831770833334 0.4697947546296296 0.184845859375 0.4697605472222222 0.18487406822916666 0.4763312425925926 0.18544227291666668 0.47634834629629635 0.18544831770833334 0.4697947546296296
3 0.18547854114583334 0.4915079814814815 0.18487406822916666 0.49151653333333334 0.18487406822916666 0.49425313611111116 0.18546645156250002 0.49428164166666666 0.18547854114583334 0.4915079814814815
2 0.18547854114583334 0.4915079814814815 0.19618778958333336 0.49161345462962963 0.19615152135416666 0.47657639722222217 0.18544227291666668 0.47634834629629635 0.18487406822916666 0.4763312425925926 0.18487406822916666 0.49151653333333334 0.18547854114583334 0.4915079814814815
3 0.18729397552083332 0.4663483462962963 0.18729397552083332 0.4544783351851852 0.1855994359375 0.45451254259259255 0.18566592812500002 0.4688483462962963 0.20186983697916666 0.46889965833333336 0.20185976249999998 0.46624002314814816 0.18729397552083332 0.4663483462962963
3 0.27485190416666666 0.3267502851851852 0.2730284104166667 0.3268244009259259 0.2730284104166667 0.3571664768518519 0.2749022770833333 0.3571664768518519 0.27485190416666666 0.3267502851851852
3 0.221507153125 0.326758837037037 0.22155551093749998 0.3571949833333333 0.22327422916666664 0.35726339814814817 0.22327422916666664 0.32674173333333334 0.221507153125 0.326758837037037
3 0.3469272619791666 0.4402451537037037 0.32074148697916666 0.4402622574074074 0.32074148697916666 0.44135689814814816 0.3469030828125 0.44130558703703704 0.3469272619791666 0.4402451537037037
2 0.315075559375 0.4937343212962963 0.2856518234375 0.4936773092592593 0.28560951041666666 0.4962542759259259 0.3151057828125 0.4964994296296296 0.315075559375 0.4937343212962963
2 0.31745919791666666 0.5276795898148148 0.33106991718749995 0.5276767388888889 0.33101752968750003 0.5081613453703704 0.316334878125 0.508070125 0.31508764843750003 0.508121437037037 0.3151964536458333 0.5276966935185184 0.31745919791666666 0.5276795898148148
3 0.37960910729166664 0.4560547324074074 0.3796614953125 0.5063911064814814 0.3808361880208333 0.5064082101851852 0.38071529322916664 0.4561060435185185 0.37960910729166664 0.4560547324074074
2 0.3804735041666667 0.5276567842592592 0.3808361880208333 0.5064082101851852 0.3796614953125 0.5063911064814814 0.3639351197916667 0.5063568981481481 0.3638625833333334 0.5270809574074075 0.37855732395833336 0.5276368305555555 0.3804735041666667 0.5276567842592592
2 0.3879548661458333 0.5560091222222222 0.40460004010416667 0.5561459518518518 0.40498690312499996 0.528742873148148 0.3880515817708333 0.5288968074074074 0.38808785 0.5336060435185185 0.3879548661458333 0.5560091222222222
2 0.30778762864583337 0.5287941842592593 0.2911908119791667 0.528742873148148 0.2911666333333333 0.5558836944444444 0.30747330260416667 0.5555815277777778 0.30775135989583335 0.5335547324074074 0.30778762864583337 0.5287941842592593
2 0.21656659270833334 0.42621721759259257 0.20096312708333333 0.42635404814814815 0.20095909739583334 0.44942132314814814 0.21670562135416666 0.450054162037037 0.21988112031249998 0.4499800453703704 0.219981865625 0.4261488027777778 0.21656659270833334 0.42621721759259257
4 0.2530646786458333 0.3640792472222222 0.2529941567708333 0.3605159638888889 0.2528410234375 0.35940992037037034 0.2236469875 0.35940992037037034 0.22360064479166666 0.36043044444444444 0.22360467447916665 0.3649344351851852 0.2529699776041667 0.36487172222222225 0.2530646786458333 0.3640792472222222
2 0.14317952864583333 0.38401938425925924 0.15797098541666665 0.38408209814814814 0.15799717916666667 0.37971778796296296 0.15799717916666667 0.3765136833333333 0.157973 0.3595410490740741 0.14317952864583333 0.35945553055555557 0.14323997604166666 0.37973489166666663 0.14317952864583333 0.38401938425925924
2 0.28750957083333334 0.4430017101851852 0.30770300208333334 0.4429161916666667 0.3076707635416666 0.4403107185185185 0.30742494479166665 0.4131499425925926 0.287630465625 0.4129960092592592 0.2875216604166667 0.4402451537037037 0.28750957083333334 0.4430017101851852
2 0.4083941166666667 0.4453591787037037 0.40845053385416663 0.4429846064814815 0.408414265625 0.4402451537037037 0.4083779973958333 0.416026225925926 0.3880153135416667 0.41636830092592597 0.3880697161458333 0.4404076398148148 0.388017328125 0.4432041046296296 0.38830546041666664 0.4457611175925926 0.4083941166666667 0.4453591787037037
3 0.37508563385416666 0.4403306731481481 0.3489119484375 0.4402451537037037 0.348889784375 0.4412770805555556 0.37508563385416666 0.44139395648148144 0.37508563385416666 0.4403306731481481
3 0.2785512796875 0.6344355759259259 0.30193229895833334 0.6343956666666667 0.3018799114583333 0.6296066138888889 0.2909389484375 0.6297491444444445 0.2911908119791667 0.528742873148148 0.2876526296875 0.528922462962963 0.28777956875000005 0.6295695555555555 0.2785875479166667 0.6297434435185185 0.2785512796875 0.6344355759259259
3 0.335268990625 0.634096350925926 0.36075156145833337 0.634264537962963 0.36070320364583336 0.6295724055555556 0.34969776354166665 0.6294526796296296 0.3496937338541667 0.5335376287037037 0.346115253125 0.5335376287037037 0.34622002812499997 0.6296265675925926 0.33516220052083334 0.6297748 0.335268990625 0.634096350925926
3 0.3938988515625 0.6343329537037038 0.4172637515625 0.6343671611111111 0.4172274833333333 0.6292274796296297 0.4082329234375 0.6292274796296297 0.4082087447916667 0.5287257694444444 0.40498690312499996 0.528742873148148 0.40474914375 0.6292274796296297 0.3938625833333333 0.629486887037037 0.3938988515625 0.6343329537037038
3 0.3496937338541667 0.5335376287037037 0.38808785 0.5336060435185185 0.3880515817708333 0.5288968074074074 0.30778762864583337 0.5287941842592593 0.30775135989583335 0.5335547324074074 0.346115253125 0.5335376287037037 0.3496937338541667 0.5335376287037037
3 0.31745919791666666 0.5276795898148148 0.3154704817708333 0.5276909916666667 0.3154866010416667 0.5287770805555556 0.3174229296875 0.5287941842592593 0.31745919791666666 0.5276795898148148
3 0.3804735041666667 0.5276567842592592 0.37855732395833336 0.5276368305555555 0.3785412046875 0.528868300925926 0.3804735041666667 0.5288882555555555 0.3804735041666667 0.5276567842592592
3 0.20345557135416667 0.5990678453703704 0.20522466250000002 0.5989994296296297 0.2054060046875 0.5246835805555555 0.20191819479166667 0.5247519953703704 0.20217207343750002 0.5958979472222222 0.19126536354166665 0.5959321546296296 0.191277453125 0.5992217787037037 0.20109611145833334 0.599153363888889 0.201084021875 0.629486887037037 0.19851702604166668 0.6295381981481482 0.19855329427083335 0.6342816416666667 0.21440056406250002 0.6343329537037038 0.2144247432291667 0.6295381981481482 0.20340721354166666 0.6294184722222221 0.20345557135416667 0.5990678453703704
3 0.15802740260416667 0.6295068416666667 0.14978037500000002 0.629595211111111 0.14984283697916664 0.6341904222222222 0.1580576265625 0.6342474342592592 0.15802740260416667 0.6295068416666667
3 0.13497078385416666 0.6295039907407408 0.13068506927083334 0.6294355759259259 0.13063671145833333 0.5992901935185185 0.1544630265625 0.5990165333333334 0.15441466874999998 0.5959834666666667 0.130431190625 0.5958979472222222 0.1268849484375 0.5959321546296296 0.11054201093749999 0.5959492592592592 0.11050574270833334 0.5992901935185185 0.12686076979166666 0.5992559861111111 0.12681241197916665 0.6295039907407408 0.122369534375 0.6295210944444445 0.12239371354166666 0.634315849074074 0.13500705208333336 0.6343329537037038 0.13497078385416666 0.6295039907407408
3 0.15419907291666668 0.6200940703703703 0.1523916984375 0.6200940703703703 0.1524279671875 0.6295381981481482 0.15423332656250002 0.6295210944444445 0.15419907291666668 0.6200940703703703
3 0.08671569635416666 0.6295381981481482 0.07929478125 0.629486887037037 0.0793088859375 0.599429875 0.096669353125 0.5991761685185185 0.096669353125 0.5958665907407408 0.07553092864583334 0.5956755990740741 0.07553092864583334 0.6343500574074075 0.08664315937499999 0.6344013685185185 0.08671569635416666 0.6295381981481482
3 0.126872859375 0.3765877990740741 0.11430586354166666 0.37656499444444447 0.11431795260416666 0.37975199537037035 0.12699375364583335 0.3798033064814815 0.13040701197916665 0.3798033064814815 0.14323997604166666 0.37973489166666663 0.143215796875 0.37654789074074074 0.130660890625 0.3765136833333333 0.13069917395833333 0.3462827824074074 0.14431795260416666 0.346248575 0.1442514609375 0.34146522222222225 0.113163409375 0.34146522222222225 0.1131674390625 0.346248575 0.126836590625 0.34618015925925927 0.126872859375 0.3765877990740741
3 0.15799717916666667 0.37971778796296296 0.16394116458333335 0.3797690990740741 0.1669796494791667 0.37975199537037035 0.16683457604166665 0.3765136833333333 0.16523675208333335 0.3764965796296296 0.16511182760416665 0.3462628277777778 0.17533346770833333 0.34619726296296294 0.17529719947916667 0.341419612037037 0.16270602447916668 0.341419612037037 0.16266975625000002 0.3765136833333333 0.15799717916666667 0.3765136833333333 0.15799717916666667 0.37971778796296296
3 0.21999395520833334 0.34607753703703703 0.2199697765625 0.32671322685185183 0.22387467239583334 0.32671322685185183 0.22382228489583333 0.3222149370370371 0.21663912968750001 0.3221493731481481 0.21663912968750001 0.34136830092592596 0.20836187812499998 0.3416647666666667 0.20836187812499998 0.346083237962963 0.2165343541666667 0.346083237962963 0.21999395520833334 0.34607753703703703
3 0.27389683645833335 0.32213226944444445 0.2571065885416667 0.32223774259259264 0.25703203697916666 0.3267987453703704 0.27389683645833335 0.32690421851851853 0.27389683645833335 0.32213226944444445
3 0.2805843239583333 0.3571949833333333 0.2529941567708333 0.35726339814814817 0.2529941567708333 0.3605159638888889 0.2738424338541667 0.3603620296296296 0.2805601453125 0.3604475481481481 0.28246020572916664 0.36046465185185184 0.28255692135416666 0.32208380833333333 0.27389683645833335 0.32213226944444445 0.27389683645833335 0.32690421851851853 0.28063268177083334 0.32682725185185185 0.2805843239583333 0.3571949833333333
3 0.2844106385416667 0.3802993157407407 0.29224259531249996 0.38031641944444444 0.29225468489583334 0.3750057009259259 0.2843622807291667 0.3749201824074074 0.2843743703125 0.3273574685185185 0.3263328630208333 0.3273574685185185 0.329929478125 0.3272890537037037 0.329929478125 0.3220496009259259 0.28255692135416666 0.32208380833333333 0.2824964739583333 0.36039623703703705 0.28238766875 0.38028221203703705 0.2844106385416667 0.3802993157407407
3 0.33002619375000003 0.3801396805555556 0.329929478125 0.3272890537037037 0.3263328630208333 0.3273574685185185 0.32642756406249995 0.3750513111111111 0.31401370156249997 0.37517673888888886 0.3141950432291667 0.3801396805555556 0.33002619375000003 0.3801396805555556
3 0.3966068911458333 0.32213226944444445 0.348440459375 0.32213511944444445 0.34844650416666667 0.32734891666666666 0.3966068911458333 0.3274372861111111 0.3966068911458333 0.32213226944444445
3 0.4115736447916667 0.3944697833333333 0.35445698177083335 0.3943415055555555 0.35445698177083335 0.39981470925925927 0.4115736447916667 0.3996864305555555 0.4115736447916667 0.3944697833333333
3 0.2873524078125 0.4479703537037037 0.2873524078125 0.44337799351851853 0.2855490630208333 0.4433437851851852 0.2855127947916667 0.44562428703703705 0.28065686093750003 0.44548460648148147 0.2805601453125 0.3604475481481481 0.2529941567708333 0.3605159638888889 0.2530646786458333 0.3640792472222222 0.27853919010416667 0.3640792472222222 0.2785754583333333 0.448124287037037 0.2873524078125 0.4479703537037037
3 0.31527100520833334 0.45599771944444445 0.31714487187499996 0.45592360277777777 0.31709248437500004 0.4457611175925926 0.3094942572916667 0.44553876851851854 0.3094942572916667 0.44332953240740736 0.3077755390625 0.4434036490740741 0.30781180729166663 0.44795325 0.31537578072916667 0.4481185861111111 0.31527100520833334 0.45599771944444445
3 0.31885150104166665 0.4430188138888889 0.31885754583333337 0.45850057037037034 0.34789441875 0.45840079814814816 0.3479306869791667 0.45598631666666667 0.3207374572916667 0.45599771944444445 0.3207374572916667 0.4430359175925926 0.32072939739583334 0.4404161916666667 0.3076707635416666 0.4403107185185185 0.30770300208333334 0.4429161916666667 0.30954261510416664 0.44289908796296296 0.31885150104166665 0.4430188138888889
3 0.3768768890625 0.4431328388888889 0.388017328125 0.4432041046296296 0.3880697161458333 0.4404076398148148 0.3751098125 0.4403306731481481 0.37500302239583333 0.4557981759259259 0.3479306869791667 0.45598631666666667 0.34789441875 0.45840079814814816 0.37699778385416666 0.4585547324074074 0.3768768890625 0.4431328388888889
3 0.3804614145833333 0.44801881388888887 0.38828531145833334 0.44801881388888887 0.38830546041666664 0.4457611175925926 0.3788091880208333 0.4456813 0.3787890390625 0.4560689851851852 0.3804614145833333 0.45601197222222223 0.3804614145833333 0.44801881388888887
3 0.41731412447916666 0.3643386546296296 0.43905299218750005 0.3639139111111111 0.438978440625 0.360627137962963 0.4152911546875 0.360627137962963 0.4152911546875 0.44525370555555555 0.4083941166666667 0.4453591787037037 0.4084021760416666 0.4480045611111111 0.41731412447916666 0.44801026203703703 0.41731412447916666 0.3643386546296296
3 0.4115736447916667 0.4402793611111111 0.408414265625 0.4402451537037037 0.40845053385416663 0.4429846064814815 0.4135341526041667 0.4428819842592593 0.4135281078125 0.32225199537037036 0.41147692916666667 0.32210091203703706 0.4115736447916667 0.3944697833333333 0.4115736447916667 0.3996864305555555 0.4115736447916667 0.4402793611111111
3 0.34613943177083334 0.45843500555555555 0.34598025364583335 0.5286402509259259 0.34943381041666666 0.5286402509259259 0.3498569411458333 0.45846921296296295 0.34613943177083334 0.45843500555555555
3 0.37859560729166664 0.47025085555555557 0.34979649427083337 0.4702337518518519 0.34979649427083337 0.47277080925925924 0.378607696875 0.47275370555555557 0.37859560729166664 0.47025085555555557
3 0.16050372760416665 0.4743272518518518 0.1605399958333333 0.45466647685185185 0.2017932703125 0.45433295370370375 0.20136207916666665 0.44974914444444447 0.16707636510416668 0.4497348916666667 0.1669796494791667 0.37975199537037035 0.16394116458333335 0.3797690990740741 0.16362683854166665 0.4497690990740741 0.15819061041666668 0.44970068425925924 0.15822687864583335 0.4743272518518518 0.16050372760416665 0.4743272518518518
3 0.2054543625 0.49840935000000003 0.205514809375 0.45491448148148145 0.21988112031249998 0.45476624814814814 0.21988112031249998 0.4499800453703704 0.21670562135416666 0.450054162037037 0.20136207916666665 0.44974914444444447 0.2017932703125 0.45433295370370375 0.20206326822916668 0.49844355740740737 0.2054543625 0.49840935000000003
3 0.20201491041666667 0.4951909916666667 0.16052790625 0.4952252 0.16055208541666666 0.49402508518518523 0.15857948802083335 0.4940079814814815 0.15859157760416667 0.49527651111111115 0.15823896822916667 0.49527651111111115 0.15822687864583335 0.4985290768518518 0.20206326822916668 0.4984264537037037 0.20201491041666667 0.4951909916666667
3 0.219981865625 0.4261488027777778 0.21989723958333332 0.3605159638888889 0.22360064479166666 0.36043044444444444 0.22358855520833334 0.35731470925925923 0.21999395520833334 0.3571778787037037 0.21999395520833334 0.34607753703703703 0.2165343541666667 0.346083237962963 0.21656659270833334 0.42621721759259257 0.219981865625 0.4261488027777778
3 0.2875216604166667 0.4402451537037037 0.2843743703125 0.44022805000000004 0.2844106385416667 0.3802993157407407 0.28238766875 0.38028221203703705 0.28239975833333336 0.4429846064814815 0.2856699578125 0.4430017101851852 0.28750957083333334 0.4430017101851852 0.2875216604166667 0.4402451537037037
3 0.34887568020833337 0.4407582666666667 0.3471247229166667 0.44072976018518517 0.34708442500000003 0.4559521092592592 0.3488998588541667 0.45593500555555555 0.34887568020833337 0.4407582666666667
3 0.346115253125 0.4702337518518519 0.31735442291666666 0.47011687592592594 0.31735442291666666 0.47269384259259256 0.34607898437499995 0.4727194981481482 0.346115253125 0.4702337518518519
3 0.31885754583333337 0.45850057037037034 0.31885150104166665 0.4430188138888889 0.3094942572916667 0.44332953240740736 0.3094942572916667 0.44553876851851854 0.31709248437500004 0.4457611175925926 0.31714487187499996 0.45592360277777777 0.31527100520833334 0.45599771944444445 0.31508764843750003 0.508121437037037 0.316334878125 0.508070125 0.316334878125 0.4585376287037037 0.31885754583333337 0.45850057037037034
3 0.12699375364583335 0.3798033064814815 0.1268849484375 0.5959321546296296 0.130431190625 0.5958979472222222 0.13040701197916665 0.3798033064814815 0.12699375364583335 0.3798033064814815
4 0.2785875479166667 0.6297434435185185 0.278633890625 0.6249629416666667 0.2144710859375 0.6247519953703704 0.2144247432291667 0.6295381981481482 0.21447310104166667 0.6303762824074074 0.27856336875000004 0.6305473203703703 0.2785875479166667 0.6297434435185185
4 0.2785512796875 0.6344355759259259 0.21440056406250002 0.6343329537037038 0.2144247432291667 0.6354104907407407 0.27853919010416667 0.6355644240740741 0.2785512796875 0.6344355759259259
4 0.19851702604166668 0.6295381981481482 0.15802740260416667 0.6295068416666667 0.1581019546875 0.632326112037037 0.19851702604166668 0.6323631694444445 0.19851702604166668 0.6295381981481482
4 0.19855329427083335 0.6342816416666667 0.1580576265625 0.6342474342592592 0.15801531354166667 0.6353734324074074 0.19860971197916666 0.6353734324074074 0.19855329427083335 0.6342816416666667
4 0.14977835989583335 0.6305644240740741 0.1349949625 0.630513112962963 0.134986903125 0.6332668185185185 0.14983880729166668 0.6332354620370371 0.14977835989583335 0.6305644240740741
4 0.122246625 0.6302480046296297 0.110378803125 0.6302480046296297 0.11044126510416666 0.6328107185185184 0.12218416302083333 0.6327223490740741 0.122246625 0.6302480046296297
4 0.33516220052083334 0.6297748 0.33517428958333334 0.6250228046296297 0.301815434375 0.6249600916666667 0.3018799114583333 0.6296066138888889 0.30190409010416663 0.6304275944444444 0.3351843640625 0.6304104907407407 0.33516220052083334 0.6297748
4 0.30193229895833334 0.6343956666666667 0.3019242395833333 0.6354760546296296 0.3352206328125 0.6355302166666666 0.335268990625 0.634096350925926 0.30193229895833334 0.6343956666666667
4 0.3938625833333333 0.629486887037037 0.3938222848958333 0.6250028509259259 0.36070521875 0.6250313564814814 0.36070320364583336 0.6295724055555556 0.3607152932291667 0.6303933861111111 0.3938625833333333 0.6304104907407407 0.3938625833333333 0.629486887037037
4 0.36075156145833337 0.634264537962963 0.36062865208333333 0.6354760546296296 0.3939955671875 0.6355273657407408 0.3938988515625 0.6343329537037038 0.36075156145833337 0.634264537962963
4 0.4390550072916667 0.6250826685185186 0.41721942395833334 0.6250342074074073 0.4172274833333333 0.6292274796296297 0.41721539375 0.6303591787037037 0.43908321562499997 0.6301596351851851 0.4390550072916667 0.6250826685185186
4 0.4389945598958333 0.6342132268518519 0.4172637515625 0.6343671611111111 0.4172718114583333 0.6354190425925926 0.4390187385416667 0.6355473203703704 0.4389945598958333 0.6342132268518519
3 0.6490267984375 0.3937257694444445 0.6457203302083333 0.3938112888888889 0.6459419708333333 0.44715507407407407 0.6493088859375 0.44715507407407407 0.64907515625 0.3978363740740741 0.6490267984375 0.3937257694444445
3 0.5973443479166666 0.396878562962963 0.5988736651041666 0.3968529074074074 0.6023937135416666 0.39684435555555553 0.6456961515625 0.3969640824074074 0.6457203302083333 0.3938112888888889 0.598652025 0.39365735462962964 0.5985432197916667 0.3503078675925926 0.5973685270833333 0.3502736601851852 0.5973443479166666 0.396878562962963
3 0.7795667942708333 0.6766362601851852 0.7852448114583334 0.6766875712962963 0.7852569010416667 0.6473318129629629 0.7818799114583334 0.6472805018518518 0.7818194640624999 0.6712941842592592 0.7795667942708333 0.6713112888888889 0.7795667942708333 0.6766362601851852
3 0.6910961114583334 0.6052508555555556 0.6876808380208334 0.6051995435185185 0.6876808380208334 0.6641163055555556 0.6876445697916667 0.6688797037037038 0.6877171067708333 0.6766704675925926 0.7647975015624999 0.6766704675925926 0.7647854119791667 0.6713454962962963 0.7604755187500001 0.6712770805555556 0.7603183557291667 0.6473090083333334 0.7580697161458333 0.6472035351851853 0.7581744911458334 0.6712428731481482 0.6909893208333333 0.6712542759259259 0.6910961114583334 0.6052508555555556
3 0.6480818052083334 0.6637229194444444 0.6474652427083334 0.6129076398148148 0.6457082411458334 0.6128905361111111 0.6457948822916666 0.6636031925925926 0.5780596411458333 0.6635176740740741 0.5779871046875 0.6477936148148149 0.5746101151041666 0.6478107185185186 0.5745859359375001 0.6690507407407408 0.6876445697916667 0.6688797037037038 0.6876808380208334 0.6641163055555556 0.6480818052083334 0.6637229194444444
3 0.6723514005208333 0.6069070694444445 0.6876445697916667 0.6069070694444445 0.6876808380208334 0.6051995435185185 0.6711968567708334 0.605168187037037 0.671233125 0.6142189277777778 0.6631352005208334 0.6143215509259259 0.6631352005208334 0.6158580388888889 0.6723796088541667 0.6158694416666667 0.6723514005208333 0.6069070694444445
3 0.687656659375 0.6149629416666667 0.6733951239583333 0.6149629416666667 0.673383034375 0.617497149074074 0.6876808380208334 0.6175826685185185 0.687656659375 0.6149629416666667
3 0.6491839614583333 0.5893586092592592 0.6491839614583333 0.5845153935185184 0.5780475520833334 0.5843044472222222 0.5779931494791666 0.5730872296296297 0.5745839208333333 0.5730872296296297 0.5746463833333333 0.6007981759259259 0.5779508359375 0.6009179018518519 0.5779548661458332 0.5894355759259259 0.6491839614583333 0.5893586092592592
3 0.6917106588541666 0.3456556444444444 0.6640862380208333 0.34551311296296294 0.6640983276041666 0.3502907638888889 0.6917106588541666 0.35014823240740744 0.6917106588541666 0.3456556444444444
4 0.6640741489583333 0.34422747962962963 0.6640862380208333 0.34551311296296294 0.6917106588541666 0.3456556444444444 0.6917368526041667 0.34429874537037036 0.6640741489583333 0.34422747962962963
4 0.6353173484375 0.3476311287037037 0.6077231515625 0.34746009166666664 0.6077312109374999 0.350342075 0.6354180937499999 0.35020524537037034 0.6353173484375 0.3476311287037037
4 0.5780233729166666 0.4594099203703704 0.581047753125 0.45925883703703707 0.5811001411458334 0.4126425314814815 0.5779750151041667 0.4125655648148148 0.5772476322916666 0.4127907638888889 0.5773000203124999 0.4590393388888889 0.5780233729166666 0.4594099203703704
4 0.5779931494791666 0.5730872296296297 0.5811223052083334 0.5732725203703704 0.5810739473958333 0.4873973777777778 0.5779750151041667 0.4873973777777778 0.5771650213541667 0.4872919046296296 0.5771267380208334 0.5732212083333333 0.5779931494791666 0.5730872296296297
4 0.5779871046875 0.6477936148148149 0.5811827526041667 0.647673887962963 0.5811464838541667 0.6010547324074074 0.5779508359375 0.6009179018518519 0.5772496473958333 0.6009692129629629 0.5772738265625 0.6477594074074073 0.5779871046875 0.6477936148148149
4 0.7862079385416667 0.5953762824074075 0.7852327223958333 0.5950940703703703 0.7852569010416667 0.6473318129629629 0.7860809994791667 0.6473660203703704 0.7862079385416667 0.5953762824074075
4 0.7837799718749999 0.5952480046296296 0.7818799114583334 0.5951624861111111 0.7818799114583334 0.6472805018518518 0.7839008666666667 0.6473318129629629 0.7837799718749999 0.5952480046296296
3 0.7818859562499999 0.5810917898148148 0.7604573848958334 0.5811545037037037 0.7603284302083334 0.5835490305555555 0.7818859562499999 0.5836088935185185 0.7818859562499999 0.5810917898148148
3 0.781867821875 0.6494042185185185 0.7751601854166666 0.6494042185185185 0.7751843640625 0.6519213231481481 0.7818799114583334 0.6518529074074074 0.781867821875 0.6494042185185185
2 0.7751843640625 0.6519213231481481 0.7751601854166666 0.6494042185185185 0.7752569010416667 0.62909065 0.760634696875 0.6290992018518519 0.7605097723958333 0.6520752564814815 0.7751843640625 0.6519213231481481
2 0.6490267984375 0.3937257694444445 0.6489905296875 0.3726938425925926 0.6449445901041667 0.37266533611111113 0.631339915625 0.3728819842592592 0.6311948416666666 0.3934606611111111 0.6457203302083333 0.3938112888888889 0.6490267984375 0.3937257694444445