1 0 0 0 1 1 1 1 0 0 0
2 0.7091698567708333 0.4627137972222222 0.707541809375 0.4627451537037037 0.7075518838541667 0.5003905361111112 0.7091174692708333 0.5003648805555556 0.7091698567708333 0.4627137972222222
2 0.7713379005208334 0.5889253138888889 0.775013096875 0.5887998861111111 0.7749788432291667 0.5854988601851852 0.7759016723958333 0.5855501712962963 0.7760286119791666 0.5559036490740741 0.7647471286458334 0.5558437851851852 0.7647773526041667 0.5920980611111111 0.7714628250000001 0.5921493731481482 0.7713379005208334 0.5889253138888889
3 0.6869151723958333 0.45863740000000003 0.6856820473958333 0.4585917898148148 0.6856840619791666 0.45758266851851853 0.6766572635416667 0.4576111740740741 0.6766451744791666 0.4602394527777778 0.6869836791666667 0.4602907638888889 0.6869151723958333 0.45863740000000003
2 0.774140640625 0.542782212037037 0.7759661494791666 0.5427309009259259 0.775964134375 0.5099087796296297 0.7647531734374999 0.5098831240740741 0.7647692927083334 0.5461088935185185 0.7742695947916667 0.5461488027777778 0.774140640625 0.542782212037037
2 0.7623675197916667 0.46426453796296296 0.7513640942708334 0.46426453796296296 0.7513862583333334 0.500399087962963 0.7622828932291666 0.500399087962963 0.7623675197916667 0.46426453796296296
2 0.7742675802083333 0.49713797037037033 0.7759218213541667 0.49712371759259255 0.7759278661458333 0.4643044472222222 0.7648478744791666 0.46423318148148146 0.7647511583333333 0.5004418472222223 0.7742776546875 0.5005074120370371 0.7742675802083333 0.49713797037037033
2 0.8209349182291666 0.4227907638888889 0.8117247630208334 0.42276510833333336 0.8116965546875 0.4545324972222222 0.8209550677083333 0.4545267962962963 0.8209349182291666 0.4227907638888889
3 0.6857505541666666 0.4553107185185185 0.6857505541666666 0.4585433296296296 0.7771307677083333 0.45840935 0.7771509166666667 0.45555872314814816 0.6857505541666666 0.4553107185185185
4 0.823241990625 0.46946978333333333 0.8213983479166667 0.46944127685185183 0.8213882734375001 0.5010547324074074 0.8231815432291667 0.5010547324074074 0.823241990625 0.46946978333333333
4 0.7817106588541667 0.46483181296296294 0.7852468265625 0.46483181296296294 0.7852830947916666 0.4682069555555556 0.7889502317708333 0.46809293055555556 0.7890086640625 0.4713996583333333 0.7926475921875 0.4713854046296296 0.79261736875 0.47469213240740743 0.7962341328125 0.4746493731481481 0.7962361473958333 0.4776254277777778 0.8089441869791667 0.47764538240740745 0.8089945598958334 0.4387343212962963 0.7780515817708333 0.4384948685185185 0.7780818052083334 0.46154218888888887 0.781648196875 0.4615564425925926 0.7817106588541667 0.46483181296296294
4 0.7615635703125 0.4132725203703704 0.7597138828125 0.41330672777777777 0.7597017932291668 0.45478335277777776 0.7615252869791667 0.4547605472222222 0.7615635703125 0.4132725203703704
2 0.7047813822916668 0.553982325925926 0.70317146875 0.5540022805555556 0.7031855734375 0.5931841509259259 0.704845859375 0.5931584944444445 0.7047813822916668 0.553982325925926
3 0.7424037880208334 0.4080245157407407 0.7423514005208334 0.4132582666666667 0.791779165625 0.41334093518518517 0.7917489421875 0.4079332953703703 0.7424037880208334 0.4080245157407407
3 0.8105742494791667 0.40781641944444447 0.8105097723958333 0.41337229166666667 0.8230868427083333 0.4132839222222222 0.8230445296875 0.40790478888888887 0.8105742494791667 0.40781641944444447
3 0.8237759421875 0.4368329537037037 0.8213741687499999 0.4368329537037037 0.8214003625 0.4693643101851852 0.823806165625 0.4693700111111111 0.8237759421875 0.4368329537037037
3 0.8112552890625 0.45533637407407407 0.8112532744791667 0.4532354620370371 0.8095406005208333 0.4532354620370371 0.8095607494791667 0.4629988601851852 0.8213580494791667 0.4629275944444444 0.8213459598958334 0.45543329537037036 0.8112552890625 0.45533637407407407
3 0.8113076765625 0.501140250925926 0.8113137213541666 0.49891676203703705 0.8094700786458334 0.49891676203703705 0.8095305260416666 0.5079817555555556 0.8237154947916667 0.5077252 0.8237154947916667 0.501140250925926 0.8113076765625 0.501140250925926
3 0.7423735645833334 0.40699828981481484 0.738555309375 0.40695553055555556 0.7385835182291667 0.41044754814814816 0.7354644369791666 0.41053021666666667 0.7354644369791666 0.4138968074074074 0.7323574453125 0.4138968074074074 0.7322849083333334 0.417445837962963 0.72738263125 0.417445837962963 0.72738263125 0.421023375 0.7229417692708334 0.4210604333333333 0.722959903125 0.42434435555555555 0.7347713078125 0.4242331814814815 0.7347713078125 0.4210062712962963 0.7423111020833333 0.4133865453703704 0.7423735645833334 0.40699828981481484
2 0.7138928067708333 0.37046750277777774 0.7124481161458333 0.3705159638888889 0.7123715494791667 0.4069127703703704 0.7138746723958334 0.40689566666666666 0.7138928067708333 0.37046750277777774
2 0.7453536166666667 0.4133352333333334 0.7446886963541667 0.4133352333333334 0.7446645171875 0.4541989740740741 0.7453455572916667 0.4542189277777778 0.7453536166666667 0.4133352333333334
2 0.7439955671875 0.3665193842592593 0.7423634895833333 0.3665193842592593 0.742369534375 0.4038255416666666 0.7440459401041667 0.40381984074074073 0.7439955671875 0.3665193842592593
4 0.6962240578125001 0.41484036481481484 0.6940983276041667 0.4129646518518518 0.6864396536458333 0.43342360277777775 0.6888978442708333 0.4345638537037037 0.6962240578125001 0.41484036481481484
4 0.6744710859374999 0.5152508555555555 0.6726677411458333 0.5152394527777778 0.6726475921875 0.5295610037037037 0.6745013098958333 0.5295752564814815 0.6744710859374999 0.5152508555555555
4 0.67485391875 0.5531214370370371 0.6730707234375 0.5531214370370371 0.6730807979166666 0.5662913342592593 0.6748942171875 0.5662913342592593 0.67485391875 0.5531214370370371
4 0.8231110213541667 0.4133181296296296 0.8212834979166667 0.4133181296296296 0.8214084223958333 0.43675883703703705 0.8231210963541666 0.43674458425925927 0.8231110213541667 0.4133181296296296
2 0.2712472296875 0.4632696694444444 0.2601954463541667 0.4632839222222222 0.2600523875 0.4997748 0.27116663333333335 0.4998432157407408 0.2712472296875 0.4632696694444444
2 0.28512593177083334 0.4172405925925926 0.2738787026041667 0.41718928148148143 0.27381019531249995 0.45420752592592595 0.28505540989583333 0.4541590648148148 0.28512593177083334 0.4172405925925926
4 0.31624017708333335 0.5152508555555555 0.31443683281249996 0.5152223490740742 0.3144267578125 0.529489737962963 0.31624017708333335 0.5294754842592593 0.31624017708333335 0.5152508555555555
4 0.31634092291666666 0.5520667046296296 0.3145174291666667 0.5520524518518518 0.3145275036458333 0.5662058157407408 0.31637114635416663 0.5661773092592592 0.31634092291666666 0.5520667046296296
4 0.18175498697916667 0.5528791333333334 0.18001410416666666 0.5529076398148148 0.18003223854166667 0.5661630555555556 0.1818456578125 0.5661773092592592 0.18175498697916667 0.5528791333333334
4 0.1818456578125 0.5153933861111112 0.18003223854166667 0.5154076398148149 0.18002619374999998 0.5293757129629629 0.18185573229166666 0.5293899657407408 0.1818456578125 0.5153933861111112
4 0.16894418697916666 0.4608152796296296 0.1673020348958333 0.4608010259259259 0.16722748333333334 0.4839196120370371 0.1690610515625 0.48393671574074076 0.16894418697916666 0.4608152796296296
4 0.18154342135416668 0.4124486888888889 0.17909127552083334 0.41246864351851853 0.179004634375 0.4547890537037037 0.18152730208333334 0.4547919046296296 0.18154342135416668 0.4124486888888889
4 0.27013902864583333 0.36914481203703703 0.2683860567708333 0.36919612314814815 0.26801329843750005 0.40305017129629633 0.27022969999999996 0.4030359175925926 0.27013902864583333 0.36914481203703703
4 0.2818275234375 0.37099486851851854 0.27964134583333333 0.3728563287037037 0.30224460989583335 0.4340820981481482 0.30441265364583336 0.4325826685185185 0.2818275234375 0.37099486851851854
3 0.2785794880208333 0.5496550740740741 0.27664517447916664 0.5496379703703704 0.27663711458333334 0.5562571268518519 0.2785512796875 0.5562571268518519 0.2785794880208333 0.5496550740740741
3 0.24189200104166667 0.5496465222222222 0.2390388880208333 0.5496322694444444 0.2390529921875 0.5943358037037036 0.2419141645833333 0.5943358037037036 0.24189200104166667 0.5496465222222222
3 0.2418738666666667 0.504036487962963 0.2390731411458333 0.504036487962963 0.2390610515625 0.5465678453703704 0.24189200104166667 0.5465678453703704 0.2418738666666667 0.504036487962963
3 0.27858351822916666 0.504036487962963 0.2766471890625 0.504036487962963 0.2766391296875 0.5090250851851852 0.2785512796875 0.5090222351851852 0.27858351822916666 0.504036487962963
3 0.2730344552083333 0.46344355740740745 0.2730546041666667 0.4583979472222222 0.27112029010416666 0.4583979472222222 0.271110215625 0.4632297601851852 0.271277453125 0.4632269101851852 0.2712996171875 0.4634891675925926 0.2730344552083333 0.46344355740740745
3 0.2281724765625 0.4584321546296296 0.22537779583333334 0.4584378564814815 0.22539391510416668 0.5009834666666667 0.2281885958333333 0.5009549601851851 0.2281724765625 0.4584321546296296
3 0.1670259921875 0.503976625 0.16703606666666668 0.5077252 0.16825508749999998 0.5077252 0.16825508749999998 0.503976625 0.1670259921875 0.503976625
3 0.1818275234375 0.5068586092592592 0.17905903697916664 0.506932725 0.17905500729166668 0.5153506268518518 0.18187588177083333 0.5152936148148148 0.1818275234375 0.5068586092592592
3 0.1690610515625 0.48399372870370366 0.1670259921875 0.4839509694444445 0.16701591770833335 0.5009749148148148 0.16905097708333333 0.5009749148148148 0.1690610515625 0.48399372870370366
2 0.27838605677083333 0.5562941842592593 0.2768043520833333 0.5562941842592593 0.27684465052083335 0.5928905361111111 0.27834374375 0.5929047888888889 0.27838605677083333 0.5562941842592593
2 0.2783699375 0.5090706953703703 0.27682853124999995 0.5090849490740741 0.27683457604166667 0.5457440138888889 0.27835583333333336 0.5457297601851852 0.2783699375 0.5090706953703703
2 0.27279871041666665 0.46346921296296295 0.2712996171875 0.4634891675925926 0.2712029015625 0.5001254277777777 0.272818859375 0.5001425314814816 0.27279871041666665 0.46346921296296295
3 0.31723755781249996 0.5530074120370371 0.31715091666666667 0.5496949833333333 0.31572033020833334 0.5496778787037037 0.315770703125 0.5520182444444445 0.3164054 0.5520182444444445 0.3163953255208333 0.5530017101851852 0.31723755781249996 0.5530074120370371
3 0.31713681250000003 0.5295182444444444 0.31552689895833336 0.5295182444444444 0.31554503333333334 0.5465649944444445 0.3171549463541667 0.5465763972222222 0.31713681250000003 0.5295182444444444
3 0.3131170661458333 0.4605245157407407 0.31161797291666665 0.4605786768518519 0.3116502114583334 0.49976339814814813 0.3131170661458333 0.49975769629629624 0.3131170661458333 0.4605245157407407
3 0.304845859375 0.4576824398148148 0.3048257104166667 0.4583665907407407 0.30361676406250004 0.45840935 0.30362079375 0.4604789055555556 0.3131170661458333 0.4605245157407407 0.3131170661458333 0.457673887962963 0.304845859375 0.4576824398148148
3 0.315726375 0.5040763972222222 0.3156860770833333 0.5151938425925926 0.31714487187499996 0.5152166472222223 0.31715696145833333 0.5040763972222222 0.315726375 0.5040763972222222
3 0.18185573229166666 0.5294184722222222 0.17902881302083334 0.5293928166666666 0.17904493229166668 0.5465792472222222 0.1818456578125 0.5465649944444445 0.18185573229166666 0.5294184722222222
3 0.18345557135416665 0.5978990879629629 0.312933709375 0.5979104907407408 0.312933709375 0.600510262037037 0.31824098333333334 0.6005444694444445 0.31829135625 0.5662371722222223 0.3151883942708333 0.5662371722222223 0.3151480958333333 0.594372862037037 0.1812109609375 0.5943643101851852 0.18117066302083332 0.5663169898148148 0.17819464010416666 0.5662115166666666 0.17812613333333335 0.6005216648148148 0.18342534739583333 0.6004503990740742 0.18345557135416665 0.5978990879629629
3 0.17902478333333333 0.5466077537037037 0.1790348578125 0.5495866592592592 0.3172577072916667 0.5496436712962963 0.3172677817708333 0.5465992018518518 0.17902478333333333 0.5466077537037037
3 0.1669353213541667 0.5009977194444445 0.16690509791666666 0.5039481185185185 0.31728793072916667 0.5040193842592592 0.31729800520833334 0.5010119722222223 0.1669353213541667 0.5009977194444445
3 0.16802337291666666 0.40641391111111114 0.166502115625 0.40642816388888886 0.166502115625 0.42237742314814813 0.16802337291666666 0.42236316944444446 0.16802337291666666 0.40641391111111114
3 0.2670803947916667 0.40309578148148145 0.2670803947916667 0.4039509694444444 0.16867821875000003 0.403919612037037 0.16868829322916667 0.40634264537037035 0.2703929072916667 0.4063112888888889 0.270404996875 0.4030615731481481 0.2670803947916667 0.40309578148148145
3 0.16864598020833332 0.3956014824074074 0.1665061453125 0.395567275 0.1665061453125 0.4063597490740741 0.16865806979166667 0.40634264537037035 0.16864598020833332 0.3956014824074074
3 0.3048257104166667 0.4583665907407407 0.3048660083333333 0.4552594074074074 0.16671368125 0.45523090092592594 0.16673383020833335 0.4583950972222222 0.3048257104166667 0.4583665907407407
3 0.30447310104166664 0.4325969212962963 0.303163409375 0.43349486851851854 0.3031331854166667 0.45520239444444444 0.30447310104166664 0.4552166472222222 0.30447310104166664 0.4325969212962963
3 0.2690872458333333 0.36911060462962964 0.27013902864583333 0.36914481203703703 0.27015917812499995 0.3697263398148148 0.27838404166666664 0.3696921324074074 0.27964134583333333 0.3728563287037037 0.28164819687500003 0.371077537037037 0.27944791458333335 0.36480045648148146 0.2611021557291667 0.3648375138888889 0.26107193229166664 0.3680159638888889 0.26909127552083334 0.3680159638888889 0.2690872458333333 0.36911060462962964
2 0.1786298609375 0.42277080925925925 0.16935321354166666 0.42279931574074076 0.16937336302083333 0.4543643101851852 0.17858754791666664 0.4543643101851852 0.1786298609375 0.42277080925925925
2 0.22550675 0.5568301027777778 0.21445496666666666 0.5568443555555556 0.21441063854166667 0.5925712657407407 0.22565786822916667 0.5925228046296296 0.22550675 0.5568301027777778
2 0.20147894427083332 0.5559834666666666 0.19015514791666668 0.5560404787037038 0.19026193854166668 0.5925370583333334 0.20150916770833333 0.5924857472222221 0.20147894427083332 0.5559834666666666
2 0.26585331458333333 0.5559834666666666 0.2545295182291667 0.5560404787037038 0.2546383234375 0.5925370583333334 0.26588353802083337 0.5924857472222221 0.26585331458333333 0.5559834666666666
2 0.26587749322916665 0.5089424175925926 0.25455369739583333 0.5089994296296296 0.2546604875 0.5454960092592592 0.2659077171875 0.5454475481481481 0.26587749322916665 0.5089424175925926
2 0.22553898854166665 0.5095638537037037 0.21448720520833334 0.5095781074074074 0.21444287708333334 0.5453078675925926 0.22569010677083332 0.5452565564814814 0.22553898854166665 0.5095638537037037
3 0.7347652630208333 0.4243044472222222 0.7323070723958334 0.42434435555555555 0.7323493854166667 0.4553848342592593 0.7347269796875 0.45541334074074075 0.7347652630208333 0.4243044472222222
3 0.72283699375 0.4134207527777778 0.7208502921875 0.4134207527777778 0.7208422322916667 0.42435575833333333 0.7229095307291666 0.42433010277777783 0.72283699375 0.4134207527777778
3 0.6991517229166667 0.406878562962963 0.6967700989583334 0.41332098055555555 0.7227785614583334 0.4133808435185185 0.722818859375 0.40696693240740744 0.6991517229166667 0.406878562962963
3 0.7513862583333334 0.5496978333333333 0.7484485192708333 0.5497320407407408 0.74845859375 0.5942844925925926 0.7513640942708334 0.5942702398148149 0.7513862583333334 0.5496978333333333
3 0.7513741687500001 0.5040079814814815 0.7485331453125 0.5040193842592592 0.7484686682291667 0.5466647666666667 0.7513499901041667 0.5466647666666667 0.7513741687500001 0.5040079814814815
3 0.7513439453125 0.4585148231481482 0.748466653125 0.4584806157407407 0.7484686682291667 0.501083237962963 0.7513499901041667 0.501083237962963 0.7513439453125 0.4585148231481482
3 0.7054100343749999 0.41338369444444445 0.7025186380208334 0.41338369444444445 0.7024904291666666 0.45531641944444445 0.7054321984374999 0.4552907638888889 0.7054100343749999 0.41338369444444445
4 0.7781946401041666 0.3672833527777778 0.7764537578125 0.36730045648148146 0.7766310697916666 0.4042075259259259 0.7782591177083333 0.404204675 0.7781946401041666 0.3672833527777778
3 0.7771206932291667 0.36465222314814816 0.7771509166666667 0.3671750287037037 0.7787426958333333 0.36720353518518517 0.7787729197916666 0.36469498333333333 0.7771206932291667 0.36465222314814816
3 0.7776546442708334 0.362842075 0.7776909125 0.36127137962962963 0.7424058031249999 0.36213511944444443 0.7273141244791667 0.36435290740740744 0.7272939755208333 0.36557867685185186 0.7287044125000001 0.3656071833333333 0.7426355026041667 0.36339794722222224 0.7776546442708334 0.362842075
3 0.7115655854166667 0.3655957814814815 0.7122990125 0.3675513111111111 0.7287023979166667 0.36737457222222225 0.7287023979166667 0.3656356898148148 0.7115655854166667 0.3655957814814815
3 0.6941265364583333 0.4128563287037037 0.6952649609375 0.4138540481481482 0.7122103567708333 0.3675313564814815 0.7115353614583333 0.36566419629629626 0.6941265364583333 0.4128563287037037
3 0.6888515010416667 0.4347006842592593 0.6863590567708333 0.4335518814814815 0.6864094296875 0.45524515370370366 0.68887165 0.4552765111111111 0.6888515010416667 0.4347006842592593
3 0.8091980656250001 0.5674743444444444 0.8091335885416666 0.5943301027777779 0.8072818859375 0.5943500574074074 0.8073100947916667 0.6005900796296296 0.812228490625 0.6005900796296296 0.8121740880208334 0.5674315851851851 0.8091980656250001 0.5674743444444444
3 0.6773886760416666 0.5943329537037038 0.6773383036458333 0.597896237037037 0.8072738265625 0.5979618018518519 0.8072436026041667 0.5943557583333333 0.6773886760416666 0.5943329537037038
3 0.677312109375 0.5943700111111111 0.6759097317708334 0.5943956666666667 0.6758714489583333 0.5663340935185185 0.6721035661458333 0.5663340935185185 0.6720793875 0.6004903074074074 0.6773020348958333 0.6004275944444445 0.677312109375 0.5943700111111111
3 0.6726919203125 0.5466533638888889 0.6728067703125 0.5500028509259259 0.7739673583333333 0.5495581527777778 0.7739190005208333 0.5467160777777778 0.6726919203125 0.5466533638888889
3 0.6729901270833333 0.5296465222222222 0.6729417692708334 0.5465792472222222 0.6745214588541667 0.546647662037037 0.6745214588541667 0.529660775 0.6729901270833333 0.5296465222222222
3 0.6730344552083333 0.507385975 0.6729981864583333 0.515168187037037 0.6744791458333333 0.5151938425925926 0.6745315333333333 0.507385975 0.6730344552083333 0.507385975
3 0.6727684869791666 0.5011687574074074 0.6726979651041667 0.5040478907407407 0.7738867619791667 0.5038768527777778 0.7738766874999999 0.5011259981481482 0.6727684869791666 0.5011687574074074
3 0.6793008260416666 0.4603107185185185 0.6767277854166667 0.4602765111111111 0.6767277854166667 0.5011117444444445 0.6794056015625001 0.5011060435185185 0.6793008260416666 0.4603107185185185
2 0.20149103385416664 0.5087941842592593 0.1901672375 0.5087656787037037 0.19023977447916665 0.5451311287037037 0.20148700364583333 0.5450798175925926 0.20149103385416664 0.5087941842592593
2 0.19159782395833333 0.4631984037037037 0.18027402760416666 0.46325541574074075 0.1803828328125 0.4997519953703704 0.19162804739583333 0.49970068425925923 0.19159782395833333 0.4631984037037037
2 0.22530727395833333 0.46399657962962965 0.21446504114583334 0.4639794759259259 0.21431593802083335 0.49990022777777776 0.22533749739583334 0.49981470925925925 0.22530727395833333 0.46399657962962965
2 0.8121096109375 0.5258266814814815 0.8103868630208333 0.5257839222222223 0.8104070119791668 0.565507412037037 0.8120995364583333 0.5654846064814815 0.8121096109375 0.5258266814814815
2 0.70480153125 0.5077337518518519 0.7031432598958334 0.5077679592592593 0.7031976624999999 0.5459407074074074 0.7048095911458333 0.5459977194444444 0.70480153125 0.5077337518518519